0 17 342 199 258 105 281 880 59 520 571 285
1 85 467 189 62 216 448 446 140 541 155 512
2 55 5 520 138 63 132 6 665 87 87 222
3 137 298 473 408 516 192 102 3 601 160 107
4 107 256 83 106 495 329 469 89 88 369 304
5 283 371 13 900 183 303 551 189 473 667 387
6 5 581 450 705 232 707 525 499 246 298 160
7 420 29 30 36 82 62 811 340 79 6 458
8 856 913 506 452 141 754 661 506 362 518 62
9 332 498 358 530 11 44 672 8 9 754 569
10 366 83 450 167 936 822 936 350 342 219 121
11 555 466 649 121 432 217 49 433 233 63 57
12 430 141 306 538 777 134 554 340 105 84 727
13 170 337 136 337 13 771 105 249 377 147 644
14 776 198 434 81 549 190 160 146 615 84 62
15 62 708 100 820 280 83 255 300 173 494 229
16 249 490 377 377 231 342 199 918 167 491 695
17 73 707 499 913 856 62 98 64 733 733 538
18 301 273 447 164 929 269 617 448 446 46 271
19 549 778 971 324 466 86 84 235 96 881 96
20 137 546 518 132 532 285 562 714 425 256 152
21 695 106 607 249 18 74 74 62 333 114 208
22 301 244 234 114 307 114 340 142 508 81 161
23 166 69 418 68 282 372 433 405 108 183 160
24 953 301 730 160 201 160 821 163 160 251 86
25 438 361 533 155 495 114 81 114 326 87 448
26 35 13 19 366 404 896 404 154 333 166 314
27 82 279 5 738 55 252 154 533 265 525 967
28 254 393 62 203 284 232 284 133 280 486 245
29 331 74 227 695 365 258 282 662 185 618 618
30 546 129 992 992 992 992 129 121 301 28 35
31 261 261 30 337 155 101 353 828 356 356 301
32 32 23 83 404 896 303 909 546 422 513 147
33 165 119 980 367 427 474 110 375 154 393 166
34 36 914 251 437 47 160 426 65 129 63 412
35 588 27 121 172 169 129 106 86 264 19 249
36 75 494 212 364 21 72 259 92 105 161 570
37 123 115 914 900 978 900 5 252 812 971 9
38 39 116 135 116 533 226 14 563 706 86 10
39 28 375 121 828 16 295 398 295 86 620 620
40 170 471 256 14 289 482 165 314 184 81 121
41 199 128 254 1 979 1 250 182 602 525 500
42 163 546 252 281 59 586 285 142 285 211 412
43 358 161 667 118 301 690 20 82 81 20 10
44 213 358 805 358 823 8 510 466 5 351 250
45 933 592 160 68 550 106 641 1 142 133 971
46 322 322 447 579 83 494 504 501 176 200 434
47 38 48 114 371 828 612 58 597 651 427 105
48 333 531 405 226 275 542 401 562 493 142 820
49 83 594 121 127 613 613 288 654 66 338 114
50 162 195 533 242 234 366 134 372 366 173 160
51 141 494 420 210 355 82 404 121 215 313 223
52 1 641 301 93 301 298 536 298 551 69 160
53 820 443 85 310 317 485 443 455 443 251 96
54 481 373 311 72 259 73 223 313 560 336 96
55 950 145 771 64 172 204 350 351 28 306 141
56 286 4 57 131 604 131 101 97 100 371 768
57 56 286 520 3 137 137 665 4 430 4 158
58 212 172 121 828 169 261 438 30 23 32 372
59 3 859 121 80 62 279 106 932 186 254 462
60 420 351 495 405 303 665 87 256 412 991 812
61 52 61 301 655 13 281 412 305 738 54 738
62 83 42 495 460 537 405 274 272 309 228 74
63 366 121 223 256 121 174 15 16 362 7 222
64 172 212 70 86 306 215 103 179 157 397 53
65 515 813 434 812 448 334 139 45 404 17 405
66 211 255 471 671 106 695 249 602 700 957 265
67 108 108 111 110 108 110 474 41 47 444 245
68 509 710 498 411 2 63 82 165 31 23 30
69 467 86 166 48 166 141 504 506 141 51 82
70 494 70 186 121 105 64 142 153 115 363 296
71 71 84 615 84 555 7 506 362 421 460 663
72 524 72 311 248 366 82 427 434 269 254 165
73 73 248 311 678 48 486 426 87 155 593 94
74 218 94 95 94 206 793 748 564 640 99 371
75 261 96 302 64 168 284 277 149 655 482 172
76 119 261 30 29 5 346 172 82 544 607 421
77 105 255 210 129 232 426 245 210 271 256 184
78 114 444 971 2 803 2 546 105 355 329 355
79 162 107 541 764 377 384 495 222 80 747 142
80 96 100 100 107 375 90 220 128 80 375 480
81 671 589 365 440 460 473 963 58 654 355 513
82 367 361 261 32 28 166 150 393 166 453 254
83 113 442 84 555 324 10 409 447 461 140 166
84 422 147 105 495 671 551 671 68 92 96 20
85 310 105 667 6 880 80 299 700 264 358 505
86 421 488 529 499 503 213 359 360 430 360 951
87 303 329 38 417 183 172 129 329 63 473 333
88 54 63 812 880 6 323 192 192 826 812 217
89 64 149 148 0 65 664 166 820 107 45 892
90 474 110 108 111 375 368 86 686 263 113 444
91 90 66 258 249 615 142 355 160 105 358 569
92 520 160 183 223 225 459 390 526 390 390 321
93 116 725 486 183 168 494 12 420 404 473 87
94 917 593 196 231 936 563 822 936 822 572 936
95 201 62 129 129 121 41 30 13 78 77 166
96 91 758 91 477 91 758 120 0 313 309 268
97 125 371 363 236 234 926 64 238 236 235 209
98 64 733 923 723 173 129 473 150 387 379 386
99 434 408 412 481 137 982 137 303 166 210 282
100 301 375 6 408 193 859 58 234 366 84 134
101 98 101 100 125 323 271 211 582 549 667 409
102 743 517 517 5 269 211 138 921 412 194 405
103 52 1 450 214 343 107 856 166 86 233 474
104 288 105 282 434 106 117 100 142 393 390 396
105 393 83 209 599 931 930 927 926 927 926 64
106 256 153 154 492 154 783 420 79 482 228 172
107 295 434 419 252 740 971 566 666 666 452 608
108 357 105 314 82 856 615 459 390 384 363 154
109 62 159 931 238 64 300 300 303 533 359 7
110 108 290 584 86 366 190 296 379 283 405 896
111 108 357 568 133 232 18 17 0 101 323 2
112 896 368 320 389 61 381 149 148 468 342 511
113 367 531 183 531 106 405 490 546 80 121 66
114 547 114 333 96 123 180 301 150 215 1 225
115 486 106 356 549 661 247 7 856 421 607 548
116 135 860 900 411 408 586 83 812 102 2 481
117 5 411 400 336 560 518 363 518 63 208 408
118 300 662 86 368 146 316 793 613 163 546 272
119 427 145 20 366 217 71 209 546 87 283 295
120 74 222 537 1 215 495 250 0 120 218 73
121 427 86 74 268 218 297 17 341 389 61 157
122 231 262 148 148 148 148 434 404 100 125 283
123 180 149 656 380 160 194 412 64 434 229 115
124 892 128 355 333 261 333 404 100 424 304 564
125 618 404 145 249 543 478 183 900 40 816 491
126 635 520 285 63 128 526 199 83 252 233 612
127 166 374 466 488 498 197 198 94 776 199 526
128 165 340 251 340 254 371 548 170 914 169 115
129 490 518 490 518 145 300 12 266 13 164 424
130 157 389 393 384 80 137 298 299 509 62 249
131 949 59 412 820 231 730 64 523 543 87 484
132 62 82 747 83 236 105 492 144 546 615 493
133 5 520 832 586 62 448 494 24 169 363 128
134 6 275 276 295 268 494 27 27 361 31 37
135 31 254 345 180 107 493 221 316 6 644 296
136 165 115 96 443 47 5 230 82 279 107 597
137 255 222 249 424 139 166 485 417 86 415 86
138 252 854 63 812 845 193 192 3 1001 3 249
139 446 13 900 13 506 765 498 7 498 525 359
140 541 162 15 461 13 238 700 332 836 523 493
141 107 115 421 332 971 216 216 15 183 303 244
142 77 282 480 69 958 69 105 145 518 351 5
143 121 362 473 642 82 572 434 211 371 256 106
144 145 147 342 450 543 291 458 121 473 201 232
145 115 282 218 308 83 430 360 570 267 570 700
146 66 121 107 164 379 377 296 434 34 438 96
147 695 129 161 12 266 141 431 160 490 80 299
148 160 896 169 300 10 777 134 521 823 566 451
149 284 255 62 170 123 900 953 28 113 547 547
150 82 594 84 558 451 487 496 5 120 133 134
151 470 455 375 368 181 378 181 296 385 376 388
152 154 518 519 786 519 106 82 131 131 62 70
153 58 56 408 58 234 366 820 424 147 142 80
154 183 301 183 4 1001 990 194 586 83 105 255
155 420 149 655 149 490 377 128 734 351 1 368
156 342 907 936 350 681 178 440 533 15 446 448
157 214 176 94 776 95 167 257 568 82 31 282
158 166 74 188 424 15 541 82 854 63 13 420
159 242 132 132 142 19 549 80 160 882 166 145
160 303 170 256 748 932 269 859 826 193 2 408
161 11 362 488 496 496 459 107 65 177 74 215
162 249 530 533 19 504 293 506 529 332 487 466
163 72 20 271 210 169 494 86 601 536 229 143
164 139 209 319 158 235 244 303 106 828 371 533
165 107 166 146 120 380 393 397 60 389 391 295
166 399 526 813 714 93 261 367 363 174 58 303
167 918 95 200 776 391 426 285 131 252 84 18
168 543 523 168 64 171 590 35 878 33 37 655
169 128 290 892 896 356 290 706 694 664 93 493
170 151 34 5 690 107 591 145 546 82 410 486
171 409 776 342 277 82 142 340 86 263 274 15
172 256 145 249 820 908 199 204 776 206 593 342
173 154 954 87 543 121 353 708 99 420 363 208
174 379 321 947 377 214 160 156 907 851 342 179
175 288 233 209 282 311 189 519 160 279 333 36
176 478 442 48 333 442 423 482 679 189 255 105
177 601 86 105 233 82 647 21 346 511 284 734
178 178 575 232 5 374 166 818 62 856 249 160
179 157 130 82 531 256 355 152 431 50 50 49
180 347 460 41 387 395 393 421 9 499 9 573
181 150 376 390 182 250 174 815 63 58 812 62
182 60 320 157 376 389 53 922 14 206 232 562
183 211 661 9 661 510 525 265 570 661 252 333
184 106 187 222 341 560 282 290 169 533 230 333
185 618 523 618 185 800 549 190 87 147 546 422
186 345 345 351 180 156 191 149 160 351 351 231
187 549 184 188 222 218 596 218 228 695 259 728
188 495 342 178 350 851 352 351 87 13 211 87
189 966 21 256 490 254 115 107 434 233 546 859
190 329 128 751 206 277 284 681 343 278 106 226
191 282 139 445 518 282 290 572 167 515 664 93
192 408 411 900 753 914 135 23 160 138 921 930
193 2 408 4 826 812 845 3 59 6 346 294
194 865 194 193 6 232 483 113 13 349 402 148
195 194 305 604 96 285 520 5 417 547 981 245
196 207 160 281 208 305 174 59 193 412 102 743
197 172 440 434 405 115 17 154 820 654 252 194
198 204 776 41 129 46 15 62 450 5 423 438
199 301 504 569 661 267 267 264 856 374 441 466
200 581 51 124 335 45 932 165 438 436 438 482
201 420 450 82 420 209 244 84 555 720 707 499
202 623 450 464 611 160 573 566 8 11 602 358
203 83 278 621 180 419 18 419 79 420 18 420
204 93 367 263 47 370 135 27 38 116 338 439
205 41 165 409 27 40 27 33 13 337 339 361
206 149 167 820 249 258 105 166 430 401 294 232
207 183 105 546 820 115 422 533 165 51 201 918
208 930 963 86 377 398 157 284 284 377 179 295
209 282 494 506 494 212 114 464 338 860 337 860
210 494 173 859 121 78 419 652 329 255 421 820
211 66 108 375 110 108 375 183 91 108 90 409
212 393 947 60 388 388 295 397 378 378 103 741
213 499 182 150 397 378 181 104 390 389 585 585
214 301 180 160 892 45 300 107 81 301 68 21
215 248 142 404 422 393 103 368 160 308 21 187
216 579 46 334 446 45 445 518 559 283 160 717
217 643 393 380 377 160 250 394 179 150 157 182
218 133 401 365 245 424 106 353 97 618 97 5
219 172 526 257 167 468 167 200 204 350 351 130
220 23 878 27 32 27 170 255 545 165 482 423
221 224 218 199 53 14 562 533 84 582 533 204
222 16 128 197 27 437 96 46 16 64 405 42
223 142 280 526 128 303 371 87 371 494 308 160
224 309 64 419 5 619 89 56 63 239 238 931
225 148 344 148 150 473 35 129 909 493 153 427
226 166 129 275 65 291 65 874 65 107 96 408
227 74 309 42 81 896 4 826 195 738 131 859
228 74 225 215 222 188 74 220 23 367 36 23
229 183 504 430 420 188 42 422 333 76 5 261
230 898 230 282 393 473 187 671 747 166 296 295
231 440 149 150 60 380 14 562 200 95 450 105
232 321 392 104 393 376 342 776 198 258 90 375
233 234 587 237 234 828 121 163 170 367 367 283
234 5 379 104 377 352 351 371 226 309 341 309
235 240 158 105 142 493 434 144 546 187 105 281
236 142 483 533 422 166 159 237 243 240 159 158
237 932 283 5 828 45 405 253 80 28 28 93
238 62 480 221 459 21 280 575 149 150 60 385
239 234 637 234 235 971 401 434 106 295 150 376
240 240 236 154 87 62 74 215 20 187 155 183
241 499 407 566 11 569 362 480 23 128 23 25
242 234 159 209 234 96 80 303 236 160 205 955
243 963 615 820 171 361 971 672 141 674 558 674
244 210 107 19 510 358 247 267 661 518 492 333
245 40 442 981 976 925 423 482 89 54 174 377
246 421 481 698 271 411 243 63 233 62 434 258
247 525 141 913 951 141 264 7 213 155 393 533
248 268 311 678 69 68 86 30 13 129 909 493
249 296 182 381 180 87 509 260 728 259 777 554
250 351 575 280 440 440 438 470 753 900 455 318
251 860 437 860 336 400 222 64 108 66 66 146
252 115 86 450 340 554 134 523 387 295 103 389
253 84 305 210 211 249 154 424 188 20 287 106
254 46 273 448 269 434 368 537 232 608 754 510
255 314 161 358 466 8 498 86 215 188 21 581
256 81 21 230 375 679 187 166 742 742 614 613
257 291 133 134 74 260 10 160 353 99 353 770
258 211 340 17 494 539 178 177 309 226 366 387
259 74 231 537 486 714 486 94 95 908 593 142
260 173 21 518 107 249 489 157 182 389 341 218
261 986 411 683 683 683 211 924 88 183 518 163
262 179 376 985 376 393 320 349 907 180 156 381
263 897 263 438 54 411 864 411 261 119 96 136
264 265 608 213 487 9 499 498 9 754 11 530
265 525 913 922 822 292 14 14 206 201 420 511
266 9 558 856 87 77 333 252 162 288 571 137
267 700 7 700 956 426 87 438 438 333 419 642
268 311 309 222 64 318 283 271 210 238 0 380
269 16 153 160 59 586 58 142 828 46 812 434
270 493 457 401 425 513 546 154 86 706 373 420
271 333 165 329 83 82 385 181 283 366 311 225
272 563 563 464 136 93 306 400 971 777 554 777
273 274 272 164 735 269 929 429 335 335 140 15
274 448 424 448 16 489 408 305 210 160 482 64
275 129 173 21 174 175 3 434 509 299 6 57
276 168 122 351 181 869 181 295 150 388 283 932
277 296 129 183 168 829 523 292 206 793 748 46
278 201 107 258 18 314 215 331 74 317 17 160
279 118 20 92 259 127 82 371 174 80 20 932
280 424 170 280 430 360 11 161 11 661 700 299
281 859 474 96 173 82 153 115 373 373 812 4
282 74 268 295 471 472 610 255 210 212 365 249
283 81 137 286 211 238 457 421 249 546 17 62
284 749 167 198 199 820 123 411 405 891 892 45
285 209 82 304 271 3 859 880 282 221 160 441
286 129 342 851 180 148 402 258 198 196 231 122
287 160 417 423 547 443 226 222 282 106 494 93
288 121 856 546 233 404 269 933 933 269 139 166
289 231 841 376 182 394 295 16 362 44 401 148
290 340 367 107 597 651 427 31 51 261 470 96
291 65 135 26 27 361 48 367 531 333 173 306
292 232 320 616 1 84 48 38 170 411 58 162
293 530 161 707 570 661 161 371 300 160 424 738
294 232 95 776 94 918 908 206 14 312 62 367
295 317 309 5 349 13 53 13 581 420 180 179
296 254 371 353 828 234 926 159 166 128 340 303
297 0 178 344 177 533 285 812 252 83 820 283
298 549 298 549 818 533 361 40 409 36 121 441
299 298 551 189 81 16 132 859 520 21 254 81
300 355 424 160 641 106 11 498 11 91 357 404
301 276 295 521 86 563 6 426 263 438 405 541
302 96 427 333 601 422 84 243 926 242 121 423
303 82 468 419 221 16 105 856 498 359 265 359
304 302 252 137 6 54 304 405 16 63 738 424
305 516 743 516 408 685 92 538 530 533 461 461
306 62 125 142 597 651 2 2 57 285 107 568
307 696 307 218 248 311 295 368 366 229 721 30
308 295 490 42 83 484 448 617 448 847 40 590
309 95 196 282 880 949 552 82 30 417 116 73
310 107 704 704 704 107 86 205 198 199 419 419
311 295 384 377 147 342 257 450 438 365 672 359
312 53 199 301 153 984 66 121 147 460 170 40
313 295 61 390 379 283 518 166 513 655 367 932
314 222 316 519 227 253 259 173 333 62 173 87
315 222 341 316 121 405 10 340 548 531 914 135
316 409 90 106 365 564 164 62 117 613 117 211
317 116 27 34 33 28 424 240 57 84 160 748
318 443 226 86 458 377 163 459 187 87 115 64
319 209 158 639 639 65 64 249 820 83 282 65
320 60 215 541 15 533 84 288 506 498 359 213
321 103 320 181 296 284 6 126 126 552 208 698
322 46 283 174 305 252 740 82 546 812 4 571
323 5 232 515 515 14 12 739 155 541 420 209
324 666 420 783 669 783 142 151 48 38 258 66
325 260 260 331 328 327 486 292 167 94 206 440
326 183 568 426 160 717 717 788 788 717 215 363
327 328 143 413 178 681 12 564 876 564 183 290
328 66 661 754 950 820 779 549 418 142 589 365
329 62 141 161 160 40 847 113 426 87 545 30
330 74 513 422 115 404 86 14 498 503 265 359
331 856 282 82 555 266 232 576 932 296 277 284
332 498 14 18 533 163 20 80 384 495 329 137
333 485 976 47 107 280 53 822 922 340 301 89
334 929 335 334 429 446 498 707 661 8 856 366
335 461 428 322 933 592 140 446 166 377 61 872
336 13 199 95 206 160 262 278 722 38 165 367
337 860 816 165 314 309 341 309 64 140 216 269
338 37 123 450 142 88 63 533 461 140 617 448
339 437 547 339 336 419 828 145 46 254 255 284
340 46 371 640 564 258 198 258 87 154 820 974
341 74 424 147 145 142 81 146 147 62 151 367
342 348 191 64 786 519 160 223 166 84 268 316
343 160 212 549 184 129 210 212 393 308 160 139
344 148 179 122 122 468 377 483 255 366 443 261
345 351 371 548 106 549 184 5 235 236 63 896
346 6 183 820 115 123 170 28 820 114 361 62
347 179 284 179 820 749 167 203 41 171 5 141
348 191 346 105 169 734 320 393 473 550 473 855
349 262 907 179 342 257 180 468 221 83 223 183
350 191 682 511 411 282 424 18 104 82 568 256
351 420 654 17 427 473 269 334 274 678 92 127
352 350 681 178 200 160 252 210 13 63 518 533
353 129 285 411 215 114 107 303 63 174 57 5
354 64 224 1 74 419 255 210 420 115 83 180
355 333 486 285 303 59 192 323 99 185 52 719
356 69 187 142 187 189 627 971 114 81 4 625
357 249 950 303 159 215 255 300 434 199 83 405
358 569 739 82 295 397 182 321 810 511 215 316
359 754 293 754 971 4 59 59 619 5 279 5
360 4 138 252 924 845 281 64 318 976 485 198
361 160 107 152 258 258 66 328 86 87 329 143
362 362 141 957 9 720 466 267 161 265 264 267
363 664 694 549 508 710 299 508 212 162 512 155
364 152 271 737 737 271 4 826 812 87 393 379
365 765 912 466 406 264 61 166 453 160 726 152
366 188 155 211 212 211 64 601 180 422 950 474
367 531 79 581 533 63 281 56 89 619 613 288
368 320 379 368 121 93 473 3 283 211 48 47
369 88 142 212 249 278 257 342 343 820 172 130
370 318 981 443 437 135 160 278 621 149 150 122
371 236 5 417 183 12 674 754 804 754 661 66
372 373 706 373 420 115 492 48 976 171 417 107
373 508 212 70 152 255 63 114 106 253 87 249
374 466 266 440 275 232 95 143 197 205 206 593
375 62 445 424 139 420 121 357 301 502 505 661
376 632 719 376 376 389 321 380 376 869 181 386
377 129 611 493 256 705 401 600 65 172 228 342
378 128 955 128 256 366 44 359 44 419 91 64
379 391 60 60 376 122 191 179 295 389 157 719
380 397 393 386 295 86 706 694 549 779 146 0
381 342 94 201 533 800 287 69 13 730 5 134
382 379 377 231 797 14 47 135 31 33 878 27
383 181 320 628 389 283 17 160 663 679 533 406
384 157 397 537 460 183 168 494 438 33 28 96
385 377 292 176 450 280 351 180 145 170 282 420
386 17 872 314 307 17 221 223 142 615 747 663
387 849 849 57 138 408 859 845 59 5 285 812
388 377 163 166 453 283 62 211 807 211 604 96
389 252 281 131 373 282 355 62 201 207 116 443
390 181 379 150 181 133 450 228 519 405 280 291
391 368 390 393 295 16 249 388 378 128 3 252
392 390 61 377 167 453 115 147 233 17 163 212
393 212 355 333 36 36 301 624 13 336 84 71
394 537 74 468 148 179 231 176 238 525 602 183
395 61 483 214 419 68 62 238 242 879 242 241
396 377 947 393 104 61 393 394 321 396 60 172
397 394 537 405 434 280 290 366 163 107 65 493
398 295 172 231 692 130 568 357 589 142 577 333
399 542 256 115 420 627 667 409 357 21 82 4
400 400 325 10 173 82 546 812 57 126 723 923
401 148 225 74 424 115 121 88 533 320 391 381
402 349 122 351 363 17 313 223 218 73 166 529
403 542 275 168 198 95 123 31 338 199 198 485
404 371 662 404 586 738 58 129 64 234 166 882
405 278 280 556 556 14 918 377 392 295 288 405
406 466 912 526 86 261 35 588 28 25 23 96
407 466 265 19 525 913 141 951 44 892 314 434
408 89 3 599 708 708 599 132 152 458 172 86
409 421 481 586 826 160 318 256 51 65 483 362
410 82 327 160 132 46 579 321 283 752 283 321
411 683 683 57 552 515 275 123 302 160 160 856
412 408 685 4 282 234 244 244 233 173 405 5
413 183 63 5 374 5 184 551 663 551 663 188
414 916 414 449 414 415 414 443 590 32 93 29
415 852 415 414 415 852 852 18 182 499 7 5
416 327 301 474 121 468 122 656 377 872 232 14
417 113 220 218 249 5 279 62 44 506 44 672
418 299 146 177 61 123 302 809 13 58 424 153
419 18 74 282 509 287 494 12 419 129 35 32
420 105 601 233 474 153 654 340 274 216 509 325
421 452 360 170 229 28 23 13 94 955 593 482
422 474 469 91 143 201 202 201 352 483 61 280
423 171 40 29 28 303 367 151 367 142 577 142
424 28 121 492 162 412 211 489 13 306 550 106
425 705 425 90 220 177 546 453 107 736 333 820
426 87 545 255 256 371 185 618 618 98 768 98
427 460 328 108 290 206 575 167 133 30 121 726
428 322 735 461 428 409 421 258 249 363 434 495
429 216 272 322 334 579 273 428 160 349 644 820
430 183 210 371 105 121 83 308 880 166 1000 14
431 152 440 320 60 232 918 776 94 200 199 167
432 288 296 395 295 450 450 214 377 283 115 816
433 84 115 155 589 400 971 506 407 506 19 12
434 253 227 495 300 160 512 512 162 549 288 269
435 316 316 537 315 695 971 196 908 200 176 576
436 437 48 165 361 333 107 285 532 4 273 819
437 170 40 547 370 116 860 339 14 426 121 130
438 444 417 895 333 256 145 422 163 420 269 16
439 96 340 375 142 493 486 188 222 256 142 355
440 515 94 65 285 57 924 845 685 4 54 55
441 87 233 239 63 28 23 427 370 116 135 170
442 478 121 433 288 654 217 132 489 105 269 5
443 251 160 104 18 18 120 380 680 380 381 515
444 971 729 525 510 674 12 264 441 333 153 366
445 64 523 280 909 280 128 355 472 295 82 211
446 498 247 213 141 161 107 230 375 96 867 340
447 269 64 87 453 212 642 300 44 300 269 17
448 16 80 96 115 212 58 814 52 133 419 473
449 414 603 414 697 414 645 231 249 531 107 87
450 14 270 11 502 141 602 213 608 266 608 267
451 558 487 421 393 394 179 157 191 528 392 182
452 573 44 254 366 105 58 56 738 132 243 234
453 121 15 820 62 419 591 591 62 256 345 681
454 160 589 459 490 473 963 237 237 241 440 426
455 261 133 373 282 586 195 211 64 140 541 533
456 64 140 446 164 107 222 365 187 256 460 74
457 457 285 54 208 63 685 194 859 105 83 210
458 604 305 815 208 329 46 16 209 490 513 226
459 565 754 720 608 213 499 8 856 264 707 264
460 249 141 913 183 371 641 212 211 329 333 932
461 118 84 115 96 173 173 121 649 84 372 83
462 408 215 295 60 275 160 541 150 820 83 249
463 463 463 463 462 249 19 441 213 503 44 128
464 444 485 444 76 485 442 245 976 76 443 84
465 53 215 295 62 190 13 87 152 395 396 379
466 266 533 121 212 726 189 21 74 62 8 301
467 21 253 121 432 71 152 116 28 151 34 27
468 82 74 215 347 122 95 93 62 154 163 434
469 143 548 160 140 160 726 62 172 219 17 83
470 86 458 152 74 227 226 513 425 567 290 210
471 434 320 160 69 477 90 160 641 748 932 586
472 255 87 518 187 663 68 142 458 458 714 426
473 549 268 74 134 64 141 602 141 699 11 608
474 258 256 462 254 445 419 714 143 18 201 917
475 300 263 160 441 160 150 149 149 349 160 168
476 375 96 591 591 83 612 309 612 131 949 552
477 474 23 30 337 135 160 611 292 953 26 29
478 474 84 107 954 518 166 308 211 764 168 820
479 177 413 840 440 266 12 441 266 407 93 576
480 329 10 400 81 508 473 465 786 64 615 465
481 132 89 89 520 971 710 498 44 565 12 560
482 79 290 294 377 347 61 296 395 396 61 368
483 226 282 665 4 81 83 243 243 80 671 480
484 292 295 717 717 271 301 171 820 196 198 167
485 48 261 339 26 437 170 26 25 459 329 459
486 129 909 280 113 41 932 129 64 89 215 820
487 805 971 403 473 495 227 127 92 434 474 89
488 496 496 359 265 407 506 674 7 570 12 267
489 300 121 405 63 162 195 195 192 3 932 83
490 419 143 329 121 51 399 542 399 133 83 654
491 753 548 497 562 413 65 380 377 734 0 226
492 950 820 856 407 93 27 722 27 121 612 859
493 464 377 907 180 284 203 168 133 51 917 200
494 529 558 674 267 661 440 24 590 409 151 438
495 227 495 169 255 255 105 152 345 160 464 129
496 451 558 856 166 41 493 399 129 95 199 258
497 562 562 714 458 62 367 367 980 261 165 337
498 593 198 776 200 593 974 593 917 199 301 314
499 488 922 7 422 145 163 20 366 180 231 440
500 374 502 504 421 404 82 203 548 531 116 73
501 358 12 996 12 823 265 359 452 161 7 666
502 506 462 106 160 162 492 615 252 195 516 517
503 374 506 499 500 498 232 450 623 450 172 424
504 441 12 419 268 513 655 980 655 458 183 63
505 406 498 58 210 932 671 106 473 213 466 912
506 498 241 233 235 159 210 405 143 83 143 820
507 298 137 22 520 552 137 6 252 809 826 63
508 142 210 233 546 427 443 48 114 340 96 66
509 356 69 671 357 80 299 80 815 64 926 927
510 84 142 597 756 73 756 118 549 371 100 51
511 306 550 69 777 10 133 39 31 31 612 71
512 366 229 169 283 210 371 210 533 440 226 74
513 513 627 678 274 429 46 933 933 446 269 16
514 91 328 560 12 569 9 358 566 570 265 266
515 434 11 441 324 43 499 505 374 501 452 7
516 516 6 89 619 56 305 59 303 610 296 397
517 411 859 137 138 286 174 212 282 33 33 34
518 283 295 379 395 86 666 823 674 9 502 504
519 160 96 234 209 11 266 804 11 441 160 233
520 971 973 971 569 570 360 265 407 43 498 765
521 482 331 177 214 681 157 214 419 652 333 165
522 493 14 85 18 177 232 141 44 638 896 114
523 134 523 618 97 434 152 615 412 281 990 408
524 72 92 498 487 498 44 141 166 74 221 485
525 951 913 499 602 141 500 264 232 60 392 61
526 401 434 607 249 327 82 325 327 894 327 416
527 547 339 725 245 160 45 404 98 768 100 424
528 528 489 13 588 392 60 385 393 157 296 390
529 533 529 374 293 11 555 84 110 478 652 478
530 246 141 951 141 44 19 142 81 473 249 434
531 79 78 405 278 28 811 77 78 77 557 205
532 308 434 152 154 58 145 832 412 303 211 455
533 177 177 562 533 88 211 89 57 281 64 171
534 450 534 544 84 546 184 969 509 306 426 206
535 10 324 7 546 533 20 259 728 5 255 610
536 287 106 480 62 811 84 654 153 252 169 251
537 157 734 280 336 485 455 437 290 83 41 203
538 92 260 336 260 260 248 282 17 493 256 291
539 78 405 4 738 552 809 301 504 674 430 19
540 184 536 287 81 569 504 912 765 44 121 473
541 162 212 364 165 223 177 409 667 550 160 466
542 413 160 828 45 269 105 115 128 197 409 278
543 82 180 145 393 932 31 30 37 31 28 128
544 817 544 434 296 377 167 207 908 592 429 6
545 23 31 82 41 199 83 366 62 237 932 186
546 970 440 24 31 33 27 417 115 492 166 301
547 87 187 546 206 346 342 468 121 166 127 613
548 340 598 521 598 482 218 36 86 627 420 155
549 118 21 83 163 932 115 38 370 33 27 128
550 68 86 180 468 180 644 269 533 562 232 275
551 69 259 818 166 84 83 168 198 689 543 294
552 208 57 195 859 153 115 114 366 255 607 128
553 84 601 238 242 927 237 158 58 54 54 812
554 419 367 263 686 564 4 194 192 807 303 412
555 84 254 303 212 424 170 116 464 169 828 64
556 14 562 232 526 912 504 293 374 441 107 356
557 51 13 96 5 496 560 42 492 83 145 405
558 569 430 183 820 336 41 280 168 113 40 725
559 559 160 290 584 86 201 280 82 594 84 752
560 313 268 340 531 420 301 502 141 62 90 220
561 462 460 518 404 121 29 339 34 29 160 375
562 562 714 450 526 103 394 393 155 106 367 757
563 572 515 526 121 27 170 485 387 157 181 381
564 564 340 535 164 412 2 859 520 3 208 434
565 44 699 441 282 153 256 371 371 160 326 473
566 971 113 426 318 245 160 467 459 42 296 295
567 82 333 421 7 420 296 420 340 513 271 211
568 420 166 140 446 46 548 371 533 252 195 211
569 570 823 566 608 608 7 112 373 253 283 14
570 19 510 86 304 58 886 273 209 13 980 5
571 137 6 859 303 263 232 14 593 974 918 200
572 493 405 212 329 357 424 404 162 31 229 366
573 566 573 141 141 62 310 272 651 511 420 63
574 65 358 9 699 699 9 971 321 378 61 213
575 149 284 6 563 584 272 310 533 204 94 593
576 295 182 377 546 362 546 803 990 65 990 194
577 578 577 142 283 282 20 28 367 16 281 59
578 577 249 695 189 460 427 86 485 455 96 135
579 334 592 241 209 242 132 54 738 63 128 218
580 580 580 580 580 580 580 580 580 580 580 580
581 301 248 341 218 314 507 507 298 551 434 607
582 473 113 932 326 420 63 83 586 233 115 439
583 521 823 19 362 280 83 513 87 255 170 229
584 290 65 450 93 513 218 314 892 160 726 121
585 544 542 403 813 413 160 681 178 483 113 339
586 59 812 272 183 42 387 321 560 222 7 856
587 587 194 160 149 277 130 155 213 951 957 213
588 392 528 6 685 685 252 412 81 544 434 58
589 434 551 733 420 15 160 428 429 6 191 83
590 28 424 316 73 313 73 73 317 313 17 146
591 107 531 106 295 61 61 465 189 418 710 508
592 760 335 45 932 142 355 256 106 44 331 482
593 776 776 936 167 51 172 65 53 486 318 48
594 372 62 736 160 56 305 683 211 389 321 104
595 52 185 662 371 121 355 356 183 356 112 896
596 597 107 531 932 420 654 233 441 666 19 293
597 810 180 130 122 150 191 212 128 932 252 338
598 86 295 107 427 17 546 41 464 494 747 508
599 208 685 285 812 217 886 2 896 368 301 357
600 813 172 420 351 365 222 85 443 40 533 115
601 166 366 131 62 749 776 201 95 60 396 295
602 61 347 166 441 566 8 498 602 699 953 23
603 414 603 414 415 852 415 697 414 415 852 851
604 211 661 264 232 52 820 618 124 99 290 282
605 414 414 645 645 697 5 738 809 211 469 478
606 495 121 29 34 34 54 58 183 417 151 136
607 434 607 421 487 498 44 129 65 435 920 435
608 11 530 538 173 134 133 844 133 14 64 445
609 30 62 554 62 518 121 80 82 183 493 600
610 610 255 419 5 557 5 527 976 847 165 254
611 623 129 303 256 278 82 128 283 103 283 115
612 211 340 10 324 43 569 441 649 44 63 552
613 127 37 32 116 533 404 768 323 2 665 137
614 614 106 480 23 165 119 427 145 533 350 593
615 243 132 121 152 333 288 83 211 240 235 303
616 602 441 264 141 107 453 283 142 166 404 87
617 448 139 76 89 3 599 708 62 812 601 422
618 404 532 285 302 88 304 211 460 256 534 544
619 96 439 115 437 38 27 36 75 437 438 115
620 620 290 121 395 181 526 168 526 294 160 551
621 180 820 5 230 898 230 898 230 282 371 98
622 238 194 208 371 87 208 599 132 82 190 106
623 202 201 18 424 738 58 283 393 84 422 163
624 491 167 13 423 981 442 370 455 48 75 437
625 4 430 246 421 409 207 95 776 41 85 1
626 87 607 128 206 232 275 479 479 177 113 40
627 549 221 537 14 339 179 60 495 748 495 283
628 394 368 275 835 425 403 493 820 153 142 46
629 316 409 177 64 211 301 113 51 172 87 404
630 630 369 89 285 96 83 186 62 17 424 526
631 159 241 209 235 242 160 355 169 106 155 470
632 719 395 104 250 150 381 156 122 103 86 184
633 633 633 633 633 633 633 633 633 633 633 633
634 635 286 481 138 286 3 408 2 208 236 233
635 208 305 63 586 233 84 323 323 124 638 355
636 636 211 305 366 518 954 87 353 249 252 117
637 637 234 926 926 159 160 336 438 151 261 261
638 210 926 926 234 58 411 986 261 367 32 372
639 158 3 859 162 252 249 255 712 4 131 481
640 564 263 121 16 115 644 180 17 215 225 223
641 301 930 927 926 64 644 269 282 280 93 473
642 212 365 513 340 491 490 106 46 21 314 82
643 404 173 932 46 828 796 353 249 541 541 15
644 644 528 373 372 282 217 340 254 296 494 544
645 645 697 5 35 62 163 62 445 424 121 367
646 211 255 256 355 254 121 212 493 572 64 926
647 434 300 323 98 640 185 662 366 226 79 165
648 648 648 648 648 648 648 648 648 648 648 648
649 121 23 333 142 147 342 280 440 129 401 276
650 215 459 189 818 65 664 65 65 172 207 172
651 118 21 114 171 160 376 380 377 181 155 512
652 329 46 495 278 257 450 105 121 263 82 44
653 653 653 653 653 653 653 653 653 653 653 653
654 420 494 252 303 924 88 209 631 209 303 355
655 419 14 482 134 84 71 84 623 84 664 486
656 352 178 53 167 196 167 201 94 351 345 483
657 269 424 21 550 667 187 80 679 971 2 58
658 658 658 658 658 658 658 658 658 658 658 658
659 659 377 228 309 95 450 183 430 486 261 437
660 660 660 660 660 660 660 660 660 660 660 660
661 856 956 933 335 461 448 273 271 283 494 371
662 166 82 740 82 226 223 223 86 2 89 809
663 81 544 62 495 62 206 426 65 435 942 435
664 515 664 401 44 19 856 820 87 280 526 407
665 812 298 184 173 147 513 83 41 207 199 434
666 86 86 707 700 661 141 504 510 9 529 496
667 6 290 254 58 738 4 239 158 159 240 237
668 157 376 181 155 19 570 452 466 754 266 11
669 641 946 641 282 35 160 285 812 886 601 209
670 670 670 670 670 670 670 670 670 670 670 670
671 495 316 468 121 15 362 303 57 137 121 130
672 44 142 147 189 62 89 136 169 123 820 644
673 495 309 511 949 252 233 254 345 160 159 105
674 9 213 466 213 558 84 443 547 133 337 16
675 675 675 675 675 675 675 675 675 675 675 675
676 447 690 222 331 615 963 209 155 877 160 480
677 199 198 419 655 458 82 601 64 140 15 447
678 480 971 812 272 290 356 405 3 102 2 57
679 187 62 365 83 106 353 768 708 708 748 424
680 380 61 213 360 359 498 459 253 222 310 249
681 284 174 195 194 132 82 230 107 285 160 96
682 511 118 511 810 88 252 96 242 927 241 241
683 412 63 859 971 480 106 607 87 495 169 450
684 684 684 684 684 684 684 684 684 684 684 684
685 58 42 166 166 93 205 593 128 179 13 78
686 381 380 295 321 379 391 320 616 602 238 963
687 404 709 404 643 50 153 427 82 495 215 227
688 543 82 191 160 137 21 548 405 329 190 366
689 689 689 689 689 543 424 375 91 90 183 12
690 189 786 465 316 537 307 696 226 365 607 365
691 691 691 691 691 691 691 691 691 691 691 691
692 231 316 465 615 253 259 297 177 275 479 479
693 83 81 129 543 291 129 95 86 274 424 147
694 549 690 222 121 161 570 707 602 533 67 86
695 147 612 434 236 211 103 182 167 207 908 41
696 248 260 259 508 68 212 268 934 340 473 427
697 414 697 645 156 645 231 624 84 71 71 432
698 285 6 738 54 88 411 252 611 292 1000 232
699 602 61 181 104 103 181 395 182 395 174 363
700 7 856 466 488 487 332 971 336 338 135 116
701 462 272 448 847 333 36 93 204 196 282 269
702 107 642 642 16 304 455 361 971 799 549 694
703 703 703 703 703 703 703 703 703 703 703 703
704 107 333 601 163 162 103 211 87 828 892 438
705 183 133 377 764 74 116 27 997 24 32 32
706 936 86 736 160 452 700 823 566 569 12 957
707 213 602 496 141 365 87 434 258 559 769 559
708 107 375 282 184 249 329 187 20 326 183 146
709 353 323 84 282 218 513 124 429 160 308 183
710 971 188 663 549 508 473 333 165 136 27 62
711 711 711 711 711 711 711 711 711 711 711 711
712 995 712 995 712 4 62 189 536 83 21 221
713 509 68 306 373 84 77 539 380 53 61 53
714 562 493 41 107 222 256 28 424 160 339 427
715 84 318 976 263 919 263 121 36 30 590 533
716 5 980 119 427 333 58 845 865 845 183 338
717 459 589 400 260 10 327 11 566 499 86 41
718 305 420 143 484 232 275 511 541 162 468 167
719 296 390 181 383 383 377 283 405 489 87 643
720 498 967 504 409 785 545 30 36 127 613 243
721 30 35 28 256 51 445 917 776 41 776 167
722 38 417 176 275 440 493 282 84 715 21 115
723 733 538 326 533 188 80 129 211 142 333 361
724 338 251 116 23 128 917 94 94 41 87 41
725 165 27 29 420 305 685 160 494 82 130 180
726 282 464 444 113 176 344 180 349 148 191 379
727 83 83 594 121 255 170 471 607 365 129 343
728 96 83 17 950 533 362 956 183 210 84 166
729 525 573 160 66 64 438 82 80 287 494 328
730 82 612 248 260 10 134 554 777 482 777 21
731 731 731 731 731 731 731 731 731 731 731 731
732 732 732 732 732 732 732 732 732 732 732 732
733 777 733 551 69 64 57 302 303 105 87 506
734 172 434 338 464 116 151 121 651 506 249 84
735 322 269 371 100 937 353 618 100 92 137 665
736 86 218 297 248 17 378 61 64 124 429 15
737 271 58 826 59 990 193 59 865 59 192 516
738 498 213 466 407 856 374 407 499 264 500 699
739 300 62 666 452 265 407 856 956 213 9 9
740 252 166 77 105 288 758 143 820 62 280 106
741 150 820 94 196 200 206 232 820 776 130 13
742 546 963 159 166 301 138 921 58 431 50 433
743 743 743 102 300 300 434 166 424 78 340 143
744 744 744 744 744 744 744 744 744 744 744 744
745 377 572 936 86 222 227 227 377 133 291 543
746 746 746 746 746 746 746 746 746 746 746 746
747 424 738 208 54 54 174 211 402 262 262 180
748 405 126 209 371 13 444 333 171 417 486 329
749 776 342 342 167 182 394 397 719 376 182 602
750 88 806 285 55 520 56 859 4 832 587 412
751 820 776 917 95 123 420 211 411 261 455 113
752 65 525 951 141 500 569 602 362 560 66 215
753 165 27 33 39 116 74 549 19 441 160 468
754 441 720 754 359 7 421 471 671 549 1 146
755 211 44 820 343 129 160 481 211 599 931 158
756 223 758 283 104 376 342 450 295 321 385 182
757 757 757 367 107 541 107 509 671 68 509 400
758 283 254 531 482 64 511 262 62 128 160 380
759 459 1 84 115 107 544 84 111 108 420 661
760 546 129 292 450 542 291 542 543 543 401 426
761 393 387 366 368 434 226 256 222 400 589 106
762 516 516 762 516 195 305 271 20 188 486 270
763 763 5 76 423 925 205 593 494 747 86 229
764 377 391 380 60 214 180 348 191 282 531 405
765 249 145 145 366 271 304 87 856 498 488 499
766 766 521 823 213 9 487 805 487 558 9 573
767 803 4 282 68 671 106 133 971 700 661 19
768 125 354 185 97 618 100 185 640 125 618 523
769 559 518 513 272 461 322 447 335 164 412 305
770 353 770 353 828 142 366 147 644 166 756 390
771 64 815 64 685 647 458 789 5 375 230 333
772 772 772 772 772 772 772 772 772 772 772 772
773 405 493 473 269 513 462 272 665 174 283 434
774 285 457 840 129 362 496 602 466 649 121 173
775 560 336 41 166 18 143 196 280 526 403 813
776 130 277 14 270 280 231 278 611 278 347 278
777 538 306 256 705 211 96 75 372 62 295 377
778 160 736 160 450 128 15 15 183 343 342 149
779 549 173 404 950 856 720 332 499 765 856 765
780 84 317 17 308 405 133 261 361 981 76 5
781 537 486 176 65 282 191 5 572 533 146 146
782 82 163 373 508 549 215 440 435 65 176 318
783 654 404 16 642 87 210 546 163 533 435 435
784 411 987 338 107 45 640 937 99 768 99 424
785 23 27 82 493 615 252 661 502 11 7 506
786 407 249 427 121 129 41 128 211 62 375 230
787 21 533 498 241 244 301 278 363 249 21 230
788 788 717 788 717 131 809 131 411 373 163 613
789 93 116 82 367 155 105 327 82 362 498 602
790 544 932 474 409 338 160 337 133 114 495 360
791 623 84 654 154 412 271 552 57 5 990 826
792 121 117 170 607 548 283 601 84 73 756 311
793 206 95 450 464 211 87 296 549 465 83 131
794 335 929 164 269 269 152 492 64 484 160 56
795 417 423 417 114 283 142 83 373 180 932 17
796 121 31 198 258 410 258 564 63 89 260 10
797 231 74 480 357 671 21 520 208 115 114 4
798 798 798 798 798 798 798 798 798 798 798 798
799 549 316 435 160 212 58 212 550 306 69 188
800 409 624 231 526 498 593 494 90 474 478 476
801 41 136 151 170 81 184 19 166 492 107 361
802 258 108 91 110 84 366 820 52 133 333 533
803 58 373 706 936 231 172 292 1000 918 128 420
804 971 448 271 333 76 976 455 437 135 116 170
805 971 504 441 473 340 766 521 217 366 58 13
806 809 195 193 408 586 59 285 774 285 271 400
807 132 142 747 282 687 86 28 183 400 96 591
808 808 808 808 808 808 808 808 808 808 808 808
809 304 405 42 372 115 405 498 64 411 859 685
810 511 511 262 656 380 177 177 440 13 420 191
811 28 62 129 62 113 338 62 190 409 371 132
812 102 64 329 469 411 867 134 64 106 353 828
813 543 294 203 128 143 405 21 686 564 281 3
814 344 814 58 2 208 520 281 195 57 604 96
815 57 96 123 338 142 453 932 253 75 655 37
816 914 531 548 371 249 12 739 300 748 173 549
817 493 290 426 160 130 122 168 484 168 484 822
818 533 230 82 549 627 189 799 715 69 187 671
819 461 446 428 164 428 651 427 165 338 437 38
820 908 95 207 196 199 526 167 53 167 284 681
821 163 282 218 218 282 268 215 81 568 130 65
822 900 128 303 5 437 417 114 971 566 43 502
823 570 359 707 674 661 211 859 803 859 56 63
824 191 150 215 262 342 181 61 377 150 61 182
825 723 923 825 306 426 6 571 211 654 32 35
826 193 859 63 718 281 718 56 57 211 56 252
827 506 956 213 707 247 700 823 707 12 161 12
828 45 892 45 933 46 114 254 255 421 457 86
829 290 231 178 166 168 484 13 211 107 429 461
830 452 359 466 213 8 499 505 249 210 420 311
831 258 152 105 347 278 347 347 352 656 178 440
832 3 46 434 116 411 516 6 252 932 393 181
833 5 990 1001 194 826 56 412 89 89 114 892
834 107 127 128 44 729 358 502 506 956 7 246
835 425 426 426 270 278 201 280 263 455 304 96
836 332 608 804 266 0 5 97 618 185 99 64
837 837 107 329 333 212 81 46 828 419 652 108
838 45 371 363 17 654 562 129 343 971 63 486
839 377 494 375 111 108 514 474 142 483 305 809
840 562 426 621 781 537 243 242 166 218 316 379
841 841 376 166 950 243 236 83 465 155 58 233
842 96 173 546 2 195 6 0 17 615 518 254
843 290 329 424 316 905 309 221 73 221 434 551
844 165 486 172 27 494 340 554 777 259 20 971
845 408 832 57 520 13 10 271 283 314 726 1
846 605 846 846 846 605 797 342 493 563 464 93
847 165 128 371 409 457 440 226 160 550 81 189
848 419 460 129 333 256 152 83 812 845 412 845
849 63 88 58 194 859 845 58 615 33 24 5
850 546 859 254 114 495 300 121 856 8 293 661
851 342 201 593 572 939 232 115 113 367 155 213
852 206 284 296 215 306 28 486 303 145 87 963
853 82 172 440 970 128 205 206 575 351 191 207
854 82 77 82 283 548 256 221 283 392 528 644
855 549 212 233 124 662 323 124 335 45 211 462
856 212 165 23 24 654 404 640 64 549 934 549
857 166 48 654 87 412 64 0 313 309 316 316
858 306 10 326 318 318 615 58 89 63 175 532
859 412 865 412 552 58 303 106 303 304 87 249
860 816 491 548 106 355 473 483 464 339 455 263
861 350 345 160 162 83 243 166 253 418 473 403
862 777 862 777 419 221 16 107 233 58 3 411
863 57 285 285 854 82 249 363 63 845 3 1001
864 411 506 11 661 420 520 54 208 114 87 211
865 305 137 420 116 420 19 155 249 211 582 508
866 80 230 74 231 277 180 83 557 445 254 283
867 134 6 429 107 662 366 19 434 393 250 181
868 5 96 89 933 335 446 447 579 579 447 690
869 179 339 165 229 115 531 300 475 375 405 245
870 425 84 442 170 38 27 560 386 393 155 114
871 231 820 15 533 18 201 199 198 229 165 249
872 307 310 932 173 327 306 858 306 549 1 616
873 401 65 257 568 130 936 129 291 14 41 165
874 425 714 526 526 53 486 394 61 283 215 177
875 170 816 40 409 128 11 529 699 441 8 525
876 564 174 815 520 810 296 434 515 94 294 301
877 812 990 685 286 2 587 238 525 700 525 332
878 33 27 172 342 352 41 197 197 93 813 817
879 242 5 438 249 249 115 123 129 329 283 60
880 815 815 63 355 170 607 434 460 256 420 60
881 96 23 494 282 509 958 962 958 69 64 456
882 166 150 181 231 157 668 157 60 368 394 320
883 116 123 37 39 27 37 261 75 84 485 444
884 412 832 586 481 845 809 285 698 211 611 464
885 21 375 329 210 927 234 234 209 209 494 932
886 601 494 281 333 441 374 506 441 86 20 10
887 885 728 535 173 233 147 83 536 166 559 258
888 412 55 552 132 249 42 387 104 288 71 50
889 405 15 125 640 97 434 161 160 117 121 20
890 121 363 129 426 263 263 301 140 274 86 318
891 892 44 754 161 44 114 2 826 812 126 812
892 124 640 124 335 446 301 169 450 176 423 482
893 466 406 466 213 525 407 213 951 360 452 213
894 327 107 163 435 533 906 513 271 859 411 84
895 333 517 195 63 89 438 367 363 351 157 681
896 300 329 165 82 495 278 377 782 82 104 250
897 263 290 145 163 131 249 747 82 201 249 546
898 230 121 345 191 148 402 402 258 90 469 375
899 2 506 856 922 280 83 105 914 115 443 133
900 753 86 206 128 495 314 184 162 81 169 914
901 137 88 411 163 615 521 615 87 810 471 472
902 5 242 241 238 622 238 234 242 927 930 238
903 262 814 262 179 869 397 122 656 177 220 68
904 321 592 100 300 102 323 64 62 736 333 230
905 316 465 519 259 248 215 220 47 79 62 666
906 533 321 157 398 377 776 65 257 526 199 94
907 936 546 256 355 255 365 495 367 303 46 300
908 592 353 768 97 125 354 404 434 114 212 210
909 87 258 27 588 545 24 367 107 417 86 106
910 65 291 420 115 338 424 527 976 485 76 5
911 189 941 189 80 80 271 481 2 193 4 481
912 765 498 332 504 161 160 426 403 53 403 425
913 922 205 581 13 444 48 171 133 309 313 85
914 135 338 337 860 330 556 113 250 387 182 213
915 38 592 335 269 592 273 269 234 240 210 405
916 414 479 414 603 414 370 26 25 28 24 39
917 207 13 302 419 296 142 44 441 466 608 406
918 776 918 95 167 41 180 162 129 165 249 404
919 976 76 113 176 417 442 35 25 27 197 172
920 230 20 173 41 115 333 96 54 34 27 370
921 58 880 59 859 82 133 5 243 64 914 531
922 956 362 51 141 430 856 62 404 86 177 601
923 923 326 306 326 473 473 642 21 537 231 231
924 845 58 256 81 357 112 373 184 508 747 508
925 113 318 256 212 252 419 932 70 212 64 232
926 927 963 236 63 355 105 550 549 418 183 822
927 237 238 2 651 427 107 856 44 638 169 438
928 211 101 768 371 81 146 21 671 253 184 253
929 429 273 216 45 216 301 271 589 671 187 546
930 243 411 308 880 174 121 168 275 123 450 568
931 159 160 446 272 63 87 86 69 362 356 290
932 237 210 271 243 158 62 285 89 91 356 549
933 334 140 592 617 140 447 269 147 435 533 529
934 163 42 612 747 550 107 531 437 170 249 172
935 125 640 185 354 125 86 297 260 89 412 552
936 86 172 205 167 181 526 526 419 336 160 369
937 100 592 241 252 107 671 747 710 272 271 256
938 611 160 342 352 546 83 296 390 387 250 394
939 350 572 939 232 537 486 426 62 295 628 394
940 128 955 955 205 172 403 971 452 264 510 754
941 189 189 726 212 255 137 107 107 113 950 173
942 435 440 238 930 926 927 159 183 655 223 226
943 295 389 320 394 537 178 344 177 734 377 133
944 748 564 640 185 98 323 97 434 81 300 283
945 409 65 294 160 478 113 83 557 581 308 880
946 641 166 105 215 225 283 191 365 303 340 13
947 377 250 150 103 86 128 6 389 66 108 474
948 381 397 379 384 321 947 947 295 181 628 628
949 132 405 411 400 69 141 601 886 812 273 271
950 812 448 933 46 300 314 226 223 64 820 128
951 525 86 353 160 552 57 6 571 373 404 62
952 69 747 105 82 209 271 142 1 1 495 495
953 26 588 588 392 86 152 223 223 0 368 392
954 546 30 33 438 135 75 655 114 444 423 5
955 205 955 593 974 128 6 949 271 809 301 108
956 922 908 918 377 961 377 149 160 428 273 812
957 700 699 971 20 118 300 107 856 452 358 105
958 69 747 106 533 147 269 254 433 162 820 85
959 377 262 231 871 231 575 167 165 220 113 494
960 377 103 390 387 388 280 183 270 84 493 611
961 377 526 419 184 19 365 18 221 224 148 434
962 325 325 260 400 74 537 85 778 971 26 23
963 86 720 86 10 96 816 860 135 370 33 28
964 23 229 29 554 535 777 200 201 160 717 160
965 936 546 803 252 333 516 743 516 305 949 252
966 21 28 30 29 964 29 169 251 900 13 137
967 525 856 142 282 184 365 283 378 378 378 17
968 968 184 64 405 695 189 695 491 167 231 122
969 509 546 597 596 366 44 833 44 499 529 506
970 546 121 371 114 531 290 546 422 248 311 72
971 47 76 76 139 46 137 158 209 64 69 325
972 913 951 957 19 247 7 265 661 549 274 428
973 971 695 228 342 231 537 221 223 612 791 493
974 128 212 340 226 282 401 365 303 544 607 253
975 971 251 251 32 417 423 160 591 160 138 56
976 442 443 590 299 710 952 81 362 65 840 168
977 977 209 319 237 174 237 107 216 579 447 429
978 165 160 730 107 284 130 776 14 922 141 672
979 106 80 546 212 357 184 969 184 877 549 212
980 470 119 753 548 129 13 371 549 465 83 856
981 417 423 527 6 552 424 318 256 338 434 128
982 137 169 42 44 407 7 856 661 211 103 390
983 333 455 89 136 169 33 113 36 86 508 747
984 333 17 473 201 205 86 17 147 612 105 329
985 376 719 52 377 393 950 17 283 210 283 129
986 261 443 847 172 280 263 263 29 40 339 340
987 116 987 914 531 173 404 282 256 405 333 171
988 411 63 2 899 2 195 174 59 132 252 87
989 91 96 339 75 135 13 33 282 83 518 519
990 4 305 408 434 421 434 401 874 425 873 401
991 520 281 845 4 323 2 571 281 54 208 194
992 992 129 35 151 27 25 339 136 170 115 494
993 408 137 877 81 160 292 176 593 820 196 971
994 6 379 150 390 60 157 301 245 171 533 264
995 712 995 712 401 160 136 151 370 39 560 459
996 12 510 7 823 521 366 215 747 105 543 672
997 24 953 28 81 287 69 329 405 107 174 366
998 65 562 493 457 197 198 41 460 189 80 474
999 145 771 106 747 249 642 16 363 87 223 366
1000 166 79 116 655 13 446 448 971 188 160 548
1001 990 812 447 45 282 140 274 272 269 404 618
1002 560 810 321 388 157 734 128 129 413 160 445
1003 258 143 484 83 214 232 525 19 86 708 748
1004 55 126 6 275 65 457 568 457 232 557 395
0 17 342 199 258
1 85 17 226 223
2 208 371 409 338
3 63 518 405 19
4 239 234 158 639
5 76 444 263 527
6 56 13 483 214
7 265 213 141 602
8 499 358 105 226
9 358 505 407 499
10 339 339 96 302
11 300 460 233 88
12 121 253 80 96
13 461 592 760 546
14 280 114 426 440
15 274 424 16 828
16 211 56 532 57
17 310 309 615 404
18 17 467 418 710
19 166 405 115 18
20 695 183 218 120
21 230 20 81 121
22 92 887 885 887
23 165 34 5 455
24 964 373 166 308
25 27 27 26 30
26 29 93 513 83
27 36 86 215 347
28 23 37 655 438
29 590 23 588 307
30 366 83 450 167
31 932 237 240 235
32 372 84 254 165
33 409 448 617 269
34 165 314 872 74
35 409 316 17 83
36 121 174 199 526
37 667 409 33 29
38 245 82 84 727
39 37 86 215 311
40 25 339 96 481
41 197 207 95 908
42 612 145 533 81
43 505 249 602 525
44 283 726 17 74
45 87 665 107 769
46 303 209 166 426
47 48 252 494 229
48 245 444 442 370
49 84 493 275 168
50 49 71 431 431
51 30 590 40 953
52 397 6 58 162
53 389 537 405 226
54 438 251 370 40
55 1004 55 2 158
56 211 420 69 353
57 619 613 793 316
58 371 129 127 92
59 138 54 949 57
60 215 459 496 160
61 503 44 7 700
62 361 251 86 114
63 845 6 611 166
64 21 160 4 183
65 307 310 82 218
66 513 222 189 82
67 160 279 107 222
68 494 506 83 154
69 329 64 329 66
70 186 363 128 218
71 121 118 183 160
72 524 72 524 72
73 221 317 221 225
74 227 227 253 106
75 470 494 544 129
76 444 13 413 172
77 282 311 184 434
78 114 13 19 366
79 445 160 319 236
80 663 460 211 371
81 188 282 62 597
82 84 549 299 700
83 318 318 417 981
84 366 368 14 231
85 317 17 467 85
86 681 278 493 333
87 405 105 255 472
88 302 438 26 545
89 925 318 411 683
90 477 90 494 510
91 478 66 252 845
92 723 723 126 54
93 473 418 68 424
94 205 204 218 82
95 205 206 280 228
96 100 62 152 355
97 708 185 125 768
98 323 353 708 98
99 353 124 908 206
100 640 98 185 354
101 124 214 280 148
102 102 832 194 698
103 103 14 465 316
104 155 87 64 400
105 601 86 203 179
106 211 138 59 4
107 284 232 52 157
108 155 520 155 326
109 51 346 294 203
110 474 111 108 478
111 375 96 866 411
112 478 62 494 229
113 925 976 976 48
114 160 339 113 183
115 531 420 108 514
116 261 470 116 27
117 66 478 113 981
118 20 74 73 358
119 470 96 527 444
120 120 309 218 1
121 263 333 423 361
122 156 180 123 103
123 180 160 343 13
124 908 278 179 121
125 768 708 353 365
126 131 604 211 355
127 37 721 721 229
128 83 296 280 340
129 161 121 726 106
130 280 214 460 518
131 63 59 3 2
132 158 209 812 208
133 600 450 542 440
134 10 11 421 430
135 914 816 151 29
136 438 87 155 133
137 88 121 147 932
138 409 171 370 417
139 129 546 812 448
140 446 139 139 420
141 14 231 191 351
142 932 282 62 41
143 326 389 317 84
144 254 458 458 377
145 252 66 252 145
146 187 405 102 812
147 146 601 180 148
148 468 316 495 107
149 440 168 424 114
150 376 296 395 201
151 121 395 424 249
152 92 480 160 224
153 180 347 347 191
154 493 440 53 231
155 145 187 365 249
156 13 767 114 82
157 351 181 388 179
158 132 489 13 95
159 927 930 235 243
160 445 518 434 165
161 11 525 406 332
162 417 370 251 30
163 473 581 301 171
164 535 728 327 21
165 883 93 664 166
166 160 159 244 84
167 296 61 387 296
168 403 14 51 112
169 419 777 862 777
170 249 115 361 976
171 38 171 470 75
172 130 388 249 137
173 326 326 10 105
174 210 208 121 828
175 137 679 971 307
176 656 122 122 377
177 5 763 5 89
178 53 380 295 150
179 133 165 171 533
180 851 605 851 681
181 368 150 390 320
182 213 533 950 366
183 13 65 325 549
184 13 190 106 560
185 640 638 46 533
186 83 42 495 460
187 533 18 107 269
188 671 329 249 46
189 508 86 223 256
190 86 459 44 365
191 347 347 61 160
192 132 210 84 115
193 252 615 747 184
194 160 181 394 60
195 520 971 360 971
196 218 288 288 70
197 908 278 21 459
198 198 199 593 917
199 105 166 664 166
200 777 862 777 482
201 167 167 197 197
202 198 202 206 196
203 249 58 586 86
204 593 917 205 201
205 14 797 605 851
206 440 24 5 64
207 206 201 167 53
208 155 215 283 209
209 240 160 81 114
210 546 77 212 86
211 89 158 235 84
212 131 107 342 348
213 182 295 490 82
214 419 714 121 345
215 331 340 434 593
216 579 335 592 321
217 521 615 146 533
218 309 248 282 188
219 18 166 331 764
220 17 654 66 91
221 166 145 771 13
222 218 94 95 94
223 218 420 235 252
224 218 482 129 440
225 225 218 268 84
226 166 115 753 119
227 87 820 615 243
228 253 227 87 74
229 23 545 438 113
230 920 435 647 420
231 191 277 206 168
232 265 12 856 666
233 434 356 329 137
234 233 434 572 5
235 610 610 56 738
236 5 375 368 376
237 236 121 533 906
238 506 462 272 461
239 158 82 740 82
240 159 209 121 160
241 244 84 62 18
242 209 96 361 444
243 926 931 301 446
244 303 924 845 412
245 686 531 473 533
246 499 506 434 89
247 12 420 654 333
248 142 143 419 296
249 128 363 121 513
250 376 719 395 121
251 47 423 160 180
252 302 115 96 469
253 615 146 67 86
254 445 77 87 42
255 295 276 568 1
256 647 458 86 90
257 291 168 291 291
258 375 474 424 316
259 297 218 86 765
260 331 328 331 764
261 165 338 32 361
262 342 147 513 365
263 423 62 418 253
264 12 121 601 536
265 12 661 8 86
266 11 700 707 441
267 161 141 51 27
268 106 340 371 490
269 140 140 6 859
270 515 172 114 133
271 323 84 160 410
272 546 282 87 459
273 45 124 335 335
274 549 459 616 435
275 413 143 328 474
276 549 287 82 227
277 232 368 0 148
278 345 214 345 186
279 82 612 859 193
280 168 183 410 82
281 107 434 404 101
282 662 371 124 513
283 932 642 642 419
284 280 434 333 847
285 301 28 63 126
286 59 96 235 360
287 509 105 82 214
288 162 654 50 612
289 231 440 440 499
290 936 822 593 342
291 183 371 363 236
292 295 276 549 678
293 525 359 504 246
294 129 695 971 190
295 128 116 115 914
296 60 387 379 386
297 341 311 297 260
298 287 509 87 74
299 287 92 259 400
300 209 303 5 405
301 180 84 31 151
302 238 498 64 131
303 96 123 116 151
304 303 80 253 121
305 366 372 404 412
306 723 723 923 326
307 226 160 164 107
308 74 309 218 300
309 17 17 427 160
310 314 226 228 253
311 297 49 87 543
312 228 160 294 425
313 74 468 82 567
314 62 405 362 529
315 519 21 210 494
316 905 297 309 311
317 74 366 310 17
318 256 153 154 492
319 234 234 237 210
320 380 391 376 160
321 381 394 389 296
322 794 335 446 15
323 618 618 523 618
324 555 82 303 63
325 971 332 720 441
326 245 367 249 154
327 82 170 900 170
328 86 129 329 424
329 184 540 509 13
330 74 230 533 105
331 340 254 180 284
332 44 213 608 971
333 155 326 549 189
334 334 272 13 147
335 140 164 428 15
336 971 627 549 473
337 23 964 23 41
338 564 748 495 460
339 245 547 171 547
340 83 83 615 87
341 316 73 166 64
342 575 178 351 122
343 180 345 186 856
344 149 277 14 284
345 350 191 344 381
346 345 61 166 296
347 105 310 533 602
348 191 857 301 276
349 320 60 215 177
350 13 114 24 261
351 1 284 277 296
352 546 299 509 69
353 87 62 188 424
354 125 768 99 290
355 142 269 174 880
356 256 128 419 256
357 301 180 70 288
358 407 506 913 951
359 499 86 280 284
360 169 172 493 14
361 135 30 93 576
362 283 160 369 88
363 364 152 83 285
364 165 547 443 370
365 489 528 6 128
366 249 221 42 23
367 32 30 86 714
368 375 81 211 340
369 252 121 828 892
370 47 333 976 48
371 365 430 280 199
372 494 141 502 500
373 239 158 927 927
374 506 498 452 666
375 477 375 110 121
376 395 201 420 278
377 468 107 662 353
378 390 392 376 104
379 164 13 179 321
380 53 221 222 695
381 377 391 379 378
382 377 347 180 820
383 157 396 308 434
384 295 386 295 389
385 296 473 441 160
386 377 918 201 133
387 392 528 489 644
388 157 398 157 386
389 390 157 214 342
390 268 421 488 498
391 157 174 4 58
392 387 385 82 255
393 810 222 309 495
394 377 392 182 393
395 379 384 80 459
396 157 149 655 37
397 320 321 390 380
398 157 668 157 389
399 51 409 590 438
400 74 366 229 30
401 121 333 441 105
402 133 169 249 187
403 221 222 312 311
404 115 422 23 41
405 87 474 375 143
406 43 452 506 452
407 7 11 611 270
408 281 105 114 473
409 33 39 86 218
410 107 280 263 547
411 373 239 158 300
412 162 249 327 325
413 168 129 401 160
414 449 414 370 442
415 852 852 852 852
416 327 945 325 325
417 444 47 981 48
418 508 582 189 287
419 607 420 409 177
420 490 254 23 474
421 9 765 498 8
422 404 896 114 326
423 113 96 370 92
424 758 405 856 362
425 574 280 289 277
426 92 326 420 69
427 980 980 655 482
428 651 597 546 17
429 160 379 385 394
430 19 11 466 441
431 431 212 283 103
432 84 166 373 481
433 431 105 346 294
434 69 550 107 393
435 160 300 160 397
436 115 173 416 327
437 436 437 361 438
438 82 169 89 158
439 115 152 333 282
440 238 62 582 184
441 720 213 264 12
442 170 987 411 460
443 41 443 33 113
444 113 983 114 290
445 5 492 64 644
446 592 929 429 272
447 429 274 45 216
448 164 379 64 98
449 414 443 590 533
450 62 582 184 540
451 452 43 43 407
452 569 81 329 121
453 607 420 325 400
454 106 147 249 355
455 48 427 170 437
456 405 495 459 616
457 562 6 281 685
458 254 147 82 78
459 29 24 261 30
460 256 282 255 371
461 335 269 160 87
462 249 340 211 3
463 463 462 546 333
464 129 142 85 222
465 667 128 918 167
466 608 441 142 367
467 459 549 1 368
468 221 745 979 170
469 469 112 84 209
470 367 16 367 419
471 256 165 30 437
472 284 278 257 231
473 473 42 21 513
474 145 82 180 348
475 300 102 3 193
476 474 66 64 419
477 329 91 110 110
478 62 419 143 290
479 177 905 311 190
480 252 169 252 924
481 949 252 237 319
482 437 165 25 301
483 41 200 562 425
484 515 373 508 260
485 444 113 64 172
486 263 527 547 38
487 498 407 498 765
488 466 231 231 280
489 13 13 325 260
490 170 135 337 337
491 378 397 377 292
492 107 201 278 83
493 342 107 671 17
494 407 856 506 765
495 128 152 121 199
496 560 1 495 208
497 409 448 484 87
498 500 504 967 913
499 86 234 86 297
500 264 264 65 409
501 569 44 367 470
502 499 9 707 12
503 506 407 141 6
504 533 493 153 50
505 358 560 142 17
506 499 499 407 786
507 243 271 949 949
508 509 418 480 356
509 10 508 142 483
510 86 85 1 548
511 275 789 278 343
512 162 58 434 531
513 372 513 272 309
514 13 87 132 142
515 280 256 226 14
516 333 129 291 542
517 743 517 516 333
518 252 272 563 493
519 227 932 20 520
520 54 285 13 343
521 823 674 569 362
522 563 484 936 572
523 292 14 918 917
524 72 311 189 188
525 525 359 452 502
526 419 290 494 395
527 318 282 856 19
528 489 419 87 283
529 506 466 608 141
530 161 300 160 129
531 581 77 87 223
532 17 671 509 190
533 234 931 240 931
534 440 629 178 0
535 482 78 531 116
536 86 936 231 196
537 178 157 103 392
538 498 608 358 530
539 160 61 157 64
540 509 671 17 424
541 541 140 428 322
542 450 280 41 336
543 113 367 405 114
544 121 308 133 403
545 24 26 590 27
546 44 367 62 329
547 437 337 136 820
548 121 190 296 420
549 287 549 44 529
550 306 69 325 509
551 303 434 183 357
552 82 169 256 366
553 598 482 14 181
554 535 728 259 327
555 324 555 466 359
556 556 14 141 957
557 129 139 461 447
558 487 498 700 358
559 166 249 215 222
560 316 420 453 189
561 462 145 180 262
562 285 160 562 401
563 493 932 253 607
564 365 371 125 323
565 804 608 441 160
566 570 7 406 160
567 843 290 263 531
568 276 401 172 87
569 249 258 490 546
570 566 407 566 700
571 252 235 252 408
572 377 387 104 182
573 166 133 402 402
574 401 285 57 195
575 280 458 655 149
576 329 290 706 585
577 578 577 377 220
578 577 249 765 912
579 13 326 20 695
580 580 580 580 580
581 204 65 377 394
582 971 452 360 19
583 521 482 64 89
584 86 417 847 113
585 295 381 394 104
586 233 82 453 607
587 58 698 949 57
588 206 196 201 200
589 357 212 544 183
590 26 339 38 579
591 107 454 160 431
592 164 140 160 445
593 350 861 350 343
594 121 533 23 86
595 52 61 707 700
596 218 1 316 435
597 597 695 491 695
598 340 405 493 17
599 208 249 255 312
600 588 25 37 48
601 41 198 485 166
602 238 506 913 956
603 414 645 156 377
604 211 209 909 493
605 797 797 605 846
606 495 256 412 832
607 243 63 278 180
608 359 44 649 246
609 24 96 655 149
610 420 450 600 129
611 160 450 14 593
612 49 153 282 35
613 614 106 548 340
614 756 227 377 546
615 33 35 338 35
616 320 396 321 380
617 269 335 461 461
618 100 107 747 424
619 59 971 406 504
620 86 326 121 168
621 277 167 749 820
622 238 602 466 266
623 623 86 353 937
624 651 950 55 305
625 408 586 404 152
626 87 493 172 292
627 627 678 627 627
628 320 349 320 391
629 178 629 178 656
630 630 369 630 303
631 159 166 73 330
632 632 632 719 841
633 633 633 633 633
634 634 635 208 738
635 126 63 81 473
636 636 636 211 513
637 637 233 86 453
638 589 400 68 932
639 234 132 62 546
640 323 662 300 444
641 669 669 930 926
642 284 179 157 880
643 48 171 114 252
644 147 233 86 30
645 414 414 605 846
646 411 338 183 542
647 458 420 78 121
648 648 648 648 648
649 44 161 107 172
650 215 296 190 549
651 624 461 429 322
652 163 934 163 82
653 653 653 653 653
654 66 478 160 261
655 419 198 329 495
656 178 537 1 0
657 269 617 272 21
658 658 658 658 658
659 659 659 659 377
660 660 660 660 660
661 13 114 129 562
662 282 357 424 303
663 189 311 218 74
664 58 210 271 323
665 212 508 509 299
666 11 106 268 1
667 509 513 229 48
668 157 60 381 150
669 420 285 698 55
670 670 670 670 670
671 356 509 424 147
672 506 62 419 5
673 673 495 128 303
674 9 498 525 951
675 675 675 675 675
676 447 446 592 929
677 199 434 106 486
678 184 114 229 29
679 188 420 174 107
680 380 65 172 434
681 5 351 94 120
682 681 191 214 21
683 305 698 59 886
684 684 684 684 684
685 137 301 281 82
686 301 375 62 41
687 282 546 290 340
688 543 450 280 820
689 198 64 2 252
690 671 21 300 314
691 691 691 691 691
692 231 206 290 282
693 283 87 105 16
694 610 459 695 607
695 316 74 482 79
696 226 317 74 513
697 414 443 919 333
698 208 481 54 438
699 506 651 506 362
700 913 922 529 359
701 462 424 393 380
702 107 356 106 419
703 703 703 703 703
704 107 355 472 453
705 256 62 93 93
706 694 484 572 280
707 498 241 232 291
708 99 424 497 491
709 353 86 33 165
710 508 299 145 86
711 711 711 711 711
712 4 82 145 591
713 509 62 29 37
714 65 568 276 560
715 20 215 114 976
716 716 5 2 571
717 411 698 411 243
718 305 516 2 158
719 841 397 122 342
720 555 265 265 19
721 27 23 116 655
722 28 142 173 166
723 923 733 825 306
724 338 338 169 438
725 40 119 40 25
726 152 107 133 172
727 83 186 62 233
728 327 160 205 955
729 971 695 734 172
730 231 434 509 183
731 731 731 731 731
732 732 732 732 732
733 538 326 143 10
734 351 345 345 343
735 140 446 933 933
736 736 62 662 124
737 737 271 210 300
738 271 408 685 286
739 495 278 292 389
740 51 29 420 282
741 250 104 395 393
742 166 355 105 303
743 516 6 486 430
744 744 744 744 744
745 74 107 295 383
746 746 746 746 746
747 366 153 283 169
748 62 133 120 218
749 62 245 976 485
750 88 924 252 533
751 167 483 424 196
752 121 601 238 242
753 914 470 980 261
754 555 856 58 115
755 211 21 28 115
756 118 84 454 160
757 980 5 82 404
758 366 174 56 698
759 121 252 209 210
760 335 760 592 38
761 393 17 311 222
762 516 333 492 121
763 763 763 5 41
764 377 621 518 371
765 499 238 242 235
766 134 366 445 581
767 121 180 62 546
768 98 13 242 303
769 559 518 121 796
770 353 687 185 101
771 105 121 163 106
772 772 772 772 772
773 773 405 355 546
774 285 303 13 550
775 560 341 316 420
776 199 204 377 458
777 86 261 437 531
778 971 59 412 615
779 820 801 820 86
780 84 37 370 40
781 537 459 221 0
782 82 393 379 160
783 669 641 641 946
784 784 784 411 411
785 545 37 545 30
786 160 484 936 206
787 21 480 418 81
788 788 717 160 458
789 835 275 493 154
790 544 494 822 908
791 493 292 168 275
792 121 494 93 337
793 206 1000 166 93
794 335 794 322 533
795 417 895 417 437
796 353 100 323 2
797 231 214 419 495
798 798 798 798 798
799 160 466 754 441
800 615 404 654 105
801 820 5 681 682
802 256 450 14 563
803 826 412 520 832
804 498 488 487 84
805 487 451 466 9
806 88 210 13 552
807 5 135 96 31
808 808 808 808 808
809 698 54 812 434
810 520 408 281 281
811 84 494 404 233
812 3 859 212 427
813 543 222 310 82
814 52 1 215 434
815 64 400 306 160
816 816 548 203 128
817 515 552 412 411
818 92 678 509 678
819 273 269 152 548
820 142 812 126 552
821 160 256 121 35
822 922 499 602 61
823 707 19 533 616
824 191 179 365 63
825 306 113 28 113
826 192 193 252 244
827 506 366 17 73
828 16 121 411 243
829 523 706 563 290
830 452 573 166 1000
831 258 105 183 168
832 859 845 481 208
833 5 697 697 5
834 107 113 263 16
835 493 515 177 459
836 813 543 82 150
837 837 107 114 220
838 45 322 164 272
839 377 157 16 820
840 440 238 239 238
841 397 380 393 368
842 211 730 468 160
843 567 567 290 256
844 133 120 79 282
845 812 461 819 139
846 605 846 605 851
847 448 579 46 139
848 340 256 355 210
849 57 96 336 170
850 199 593 918 128
851 377 593 41 41
852 852 206 199 200
853 82 107 481 132
854 174 932 490 81
855 299 81 356 301
856 8 7 332 487
857 166 184 183 413
858 306 326 932 63
859 121 30 35 38
860 123 129 425 86
861 350 572 533 530
862 777 482 14 450
863 57 84 510 12
864 411 987 438 136
865 412 809 59 990
866 80 142 100 124
867 134 867 134 133
868 320 94 486 430
869 397 103 296 107
870 401 457 231 655
871 231 280 256 86
872 377 391 426 87
873 401 148 148 149
874 425 457 840 440
875 170 303 183 309
876 564 281 845 3
877 81 137 6 520
878 27 301 29 39
879 242 158 950 422
880 685 193 55 271
881 96 160 424 738
882 160 96 599 3
883 883 93 62 467
884 412 408 59 610
885 106 405 15 353
886 3 832 587 587
887 92 434 183 184
888 412 625 408 859
889 405 480 184 422
890 890 121 372 107
891 405 210 240 210
892 828 233 234 927
893 971 113 981 444
894 327 173 513 655
895 417 258 424 82
896 173 86 285 520
897 263 547 171 40
898 230 333 245 423
899 2 62 238 92
900 822 900 169 588
901 137 81 301 321
902 5 106 419 462
903 262 231 692 130
904 321 179 180 352
905 177 380 385 393
906 160 478 328 494
907 903 191 262 656
908 908 205 94 483
909 129 486 458 291
910 65 282 340 405
911 222 226 128 179
912 504 441 142 23
913 44 951 913 972
914 900 13 552 424
915 38 592 216 273
916 414 479 414 449
917 918 908 776 572
918 94 176 275 789
919 847 922 822 900
920 435 440 176 515
921 880 880 160 318
922 529 359 504 510
923 326 160 859 193
924 211 698 2 89
925 847 47 417 93
926 158 930 158 638
927 210 233 404 963
928 211 402 133 165
929 15 448 269 107
930 236 533 461 533
931 243 963 238 62
932 186 254 441 529
933 429 334 335 139
934 340 303 255 610
935 100 424 738 211
936 130 257 425 257
937 937 125 618 124
938 611 450 167 122
939 350 94 440 365
940 93 306 128 168
941 189 818 301 931
942 95 214 351 181
943 295 314 309 224
944 748 62 173 87
945 327 328 474 83
946 641 82 93 13
947 60 396 395 157
948 381 178 180 346
949 809 411 537 189
950 80 880 4 425
951 359 7 222 218
952 69 212 424 183
953 40 33 32 590
954 546 221 52 397
955 205 581 0 222
956 498 74 106 80
957 19 184 549 679
958 69 311 188 80
959 377 133 256 80
960 377 215 541 15
961 377 395 424 543
962 958 962 325 64
963 83 285 105 269
964 29 588 494 151
965 936 822 484 694
966 21 314 215 314
967 504 421 765 856
968 299 710 69 509
969 184 187 473 483
970 51 141 204 820
971 430 569 570 267
972 913 707 950 963
973 971 514 329 187
974 820 41 207 94
975 971 448 448 409
976 361 151 29 27
977 977 209 234 404
978 753 914 531 142
979 979 170 491 390
980 655 183 184 434
981 455 131 586 126
982 137 13 771 106
983 333 173 147 254
984 66 661 754 950
985 376 378 283 389
986 261 75 560 328
987 116 118 118 128
988 24 36 10 509
989 989 91 477 91
990 59 859 474 105
991 812 845 924 612
992 992 992 129 212
993 408 211 83 557
994 6 21 459 222
995 712 401 365 365
996 12 13 15 820
997 24 988 24 27
998 65 910 65 275
999 145 856 8 141
1000 232 320 157 157
1001 826 160 284 133
1002 560 224 160 356
1003 258 107 410 329
1004 55 3 880 174
