0 65 285 88 411 988 24 440 426 568 562 380
1 189 459 560 12 249 41 751 820 107 74 366
2 162 404 333 340 268 390 13 305 305 949 305
3 62 230 920 230 533 679 663 187 121 828 434
4 665 121 425 705 211 560 283 380 60 380 387
5 5 496 359 264 358 106 480 160 150 368 181
6 132 405 17 173 651 118 597 282 139 269 334
7 44 360 170 987 338 142 233 17 42 492 510
8 856 956 213 452 264 510 504 421 362 141 510
9 8 293 661 510 12 12 661 11 129 82 4
10 142 153 142 77 581 51 256 705 211 430 401
11 555 44 246 44 249 82 353 185 354 125 142
12 12 62 509 13 445 77 497 419 337 438 141
13 94 776 409 10 777 69 306 51 201 203 829
14 440 160 139 140 174 126 300 183 168 413 515
15 405 308 396 157 178 537 537 459 548 753 40
16 63 28 424 495 495 154 546 355 121 99 100
17 121 453 107 589 282 366 233 160 152 254 255
18 74 259 127 318 615 163 612 211 455 304 88
19 129 303 486 232 95 198 485 417 455 443 226
20 142 106 356 108 111 84 649 649 441 161 441
21 274 216 446 46 355 255 312 160 672 506 504
22 686 21 896 81 371 65 275 835 425 543 209
23 135 370 96 23 39 114 363 212 427 119 261
24 24 367 892 828 356 91 419 526 576 482 74
25 10 329 82 153 86 425 401 282 252 854 420
26 135 47 409 338 229 37 27 48 560 518 154
27 135 361 113 426 290 184 667 549 465 465 14
28 896 405 78 13 40 151 753 914 36 169 280
29 37 84 243 237 424 405 212 91 108 375 328
30 764 541 420 458 440 5 619 5 303 300 255
31 282 210 494 539 79 86 90 90 13 39 34
32 339 75 165 329 638 329 21 420 283 169 306
33 169 6 308 376 104 283 748 129 114 215 189
34 36 367 655 513 268 84 18 160 4 58 155
35 62 158 243 64 165 160 189 671 17 309 42
36 25 13 38 437 170 533 290 568 168 83 259
37 28 26 30 337 96 86 83 329 989 329 10
38 321 380 200 198 64 815 5 125 99 434 651
39 883 337 82 963 926 926 243 305 208 2 273
40 251 900 40 26 28 338 932 212 546 212 233
41 776 160 367 81 108 405 102 300 531 497 562
42 83 166 156 381 686 86 35 40 27 121 647
43 452 502 506 87 545 30 40 725 114 280 820
44 9 9 661 141 327 20 690 20 188 106 128
45 428 429 929 929 322 447 269 83 186 856 145
46 114 356 434 142 282 311 297 316 435 65 199
47 168 900 987 914 860 900 464 338 245 40 151
48 654 83 13 29 113 367 165 28 41 14 141
49 83 142 211 698 271 272 6 458 542 168 543
50 153 82 490 87 859 269 932 531 121 647 256
51 121 533 242 166 290 892 28 721 28 151 35
52 61 296 320 380 60 122 168 93 172 351 183
53 820 165 171 23 17 212 269 173 173 300 489
54 132 371 51 82 420 143 95 93 464 900 860
55 54 685 520 174 286 59 305 809 138 252 654
56 13 21 128 204 350 351 130 408 138 412 138
57 412 738 132 217 288 571 211 106 717 160 210
58 371 170 251 860 900 338 464 136 170 434 812
59 174 473 188 473 465 61 267 674 7 360 360
60 342 495 114 411 208 495 228 172 802 256 258
61 61 608 529 141 6 286 520 89 183 249 153
62 505 661 700 499 19 183 531 445 86 318 370
63 625 63 665 54 58 194 815 286 137 54 55
64 105 355 82 290 484 484 694 484 515 280 179
65 377 546 210 212 44 550 165 847 922 340 535
66 328 66 258 831 258 831 258 183 351 350 178
67 533 190 106 253 418 183 272 462 145 144 283
68 400 21 254 137 4 158 927 159 820 208 281
69 183 417 976 981 981 48 486 327 96 481 421
70 212 509 189 253 222 215 60 172 197 196 218
71 288 433 180 366 282 357 82 747 473 493 403
72 92 20 81 569 441 333 77 79 128 64 90
73 223 152 86 963 615 180 621 130 172 23 546
74 225 311 218 223 160 454 189 222 255 329 69
75 655 149 157 393 368 301 423 301 655 980 757
76 48 560 142 216 160 226 107 284 133 531 186
77 107 214 851 342 349 349 13 47 114 609 114
78 405 375 62 666 362 107 280 367 375 480 142
79 482 423 5 0 64 290 121 222 309 272 45
80 160 217 521 766 766 521 295 295 210 810 87
81 420 79 13 581 473 116 165 820 801 820 200
82 128 105 60 157 377 133 44 7 62 747 86
83 252 210 244 615 269 142 184 68 69 356 509
84 494 310 221 317 312 14 776 41 601 160 786
85 146 166 243 373 134 867 340 114 210 63 56
86 81 62 548 459 17 434 550 508 550 13 210
87 441 754 62 109 62 518 173 651 301 278 405
88 411 114 423 245 405 142 356 424 249 278 495
89 160 381 548 381 61 345 157 379 296 380 295
90 329 10 509 418 69 282 35 34 37 33 443
91 514 514 66 329 4 1001 826 54 665 175 685
92 723 777 498 200 128 105 478 357 290 282 115
93 543 170 114 485 485 336 13 506 411 400 92
94 13 375 108 290 62 89 260 21 6 157 104
95 143 143 328 460 115 387 198 129 367 434 190
96 92 336 260 260 74 0 313 223 480 480 160
97 618 820 249 212 172 205 908 922 53 397 232
98 185 98 62 180 365 121 78 79 47 455 333
99 101 98 100 662 300 642 87 17 146 177 200
100 99 101 353 129 922 496 11 10 160 826 160
101 155 236 587 587 238 92 137 129 198 387 198
102 832 612 50 50 162 195 58 431 83 128 434
103 352 345 130 284 107 601 405 362 666 324 555
104 181 869 376 82 420 452 649 441 62 169 409
105 44 573 160 377 257 180 351 155 739 495 105
106 614 106 253 62 159 820 615 168 122 60 61
107 367 417 29 361 976 245 339 443 263 426 231
108 66 111 110 121 282 174 174 164 13 339 165
109 51 362 666 161 129 139 45 419 154 155 269
110 91 478 543 430 421 856 366 30 128 36 438
111 474 62 509 467 460 333 105 165 13 2 564
112 108 375 107 115 373 83 288 162 217 886 812
113 51 200 275 493 172 121 160 504 160 717 717
114 133 52 103 390 368 301 301 393 378 321 810
115 152 726 212 494 39 229 30 151 367 473 141
116 470 96 599 481 63 13 458 440 457 197 93
117 66 146 85 872 232 292 278 13 446 140 819
118 300 263 527 5 900 168 399 84 244 236 243
119 261 160 242 210 243 237 244 233 147 460 411
120 0 268 282 494 588 27 494 108 473 531 497
121 132 86 366 19 459 560 856 12 739 12 7
122 60 368 387 667 37 38 915 38 847 205 557
123 420 312 309 183 29 113 40 547 339 443 444
124 335 140 64 466 525 44 526 546 17 215 747
125 15 760 592 735 164 272 269 474 128 86 138
126 131 121 160 57 683 211 55 481 412 211 269
127 169 129 280 340 531 539 79 420 474 84 166
128 367 424 356 362 121 714 615 145 180 421 23
129 128 199 197 601 58 859 815 92 100 92 685
130 65 430 401 256 282 280 270 515 664 401 542
131 282 357 68 679 663 460 549 540 121 161 160
132 411 308 308 376 392 392 528 271 5 163 107
133 544 568 168 198 229 434 28 121 366 163 643
134 133 307 17 312 366 596 282 665 54 949 252
135 438 436 438 141 166 132 160 234 114 283 201
136 338 27 588 36 37 655 151 30 82 494 268
137 92 160 282 258 90 106 117 189 301 8 950
138 252 131 163 601 86 306 160 496 487 487 487
139 269 365 513 173 462 82 50 84 243 57 160
140 461 812 115 820 143 51 141 451 487 805 971
141 452 11 5 117 66 478 486 333 577 363 187
142 41 142 46 495 83 612 2 803 54 249 231
143 18 420 83 366 105 233 404 145 188 106 221
144 283 225 226 314 307 317 17 253 434 198 41
145 187 184 6 473 340 105 434 189 663 189 537
146 85 310 218 310 309 905 311 248 215 589 564
147 233 82 184 80 142 85 695 459 20 259 777
148 160 216 273 322 429 446 446 15 183 473 141
149 191 907 936 167 172 212 121 249 859 87 166
150 387 849 57 63 233 244 233 244 234 533 290
151 28 405 495 495 129 694 290 168 568 450 377
152 494 377 577 578 577 578 577 283 548 78 107
153 252 6 157 392 368 394 283 363 210 300 355
154 163 160 152 116 531 445 557 5 191 149 656
155 541 405 114 254 427 47 409 785 23 107 420
156 179 339 339 32 113 976 442 40 442 981 847
157 389 61 267 247 700 566 971 321 368 387 380
158 300 460 215 81 254 63 738 5 325 409 65
159 105 184 184 287 418 287 896 404 101 300 460
160 278 621 342 179 121 661 823 12 707 913 700
161 267 661 252 175 174 58 131 949 281 571 520
162 654 83 747 86 573 566 141 264 12 12 300
163 82 132 210 83 86 238 242 132 2 886 859
164 269 16 222 253 419 64 455 116 261 333 423
165 455 361 13 336 337 136 116 123 180 346 291
166 132 809 698 305 271 63 533 310 307 696 18
167 201 215 411 283 210 245 47 113 971 466 499
168 544 84 513 268 494 509 69 81 225 226 283
169 450 534 440 159 236 238 252 169 106 614 106
170 979 979 979 106 128 249 179 191 645 697 415
171 48 427 160 275 542 256 518 426 450 133 171
172 60 381 393 212 172 114 361 318 417 263 847
173 301 189 627 678 274 269 643 162 90 375 475
174 195 832 412 845 2 249 286 571 286 4 360
175 288 212 129 542 526 401 712 401 121 329 143
176 93 399 183 356 62 426 458 568 544 813 544
177 297 311 678 747 82 1 979 1 142 83 269
178 65 440 168 399 450 426 526 420 155 137 20
179 907 156 645 156 180 601 64 172 205 41 142
180 419 12 11 566 43 505 971 799 160 573 12
181 390 396 320 179 284 472 471 810 180 347 61
182 181 61 53 820 544 129 572 282 74 142 493
183 486 48 370 339 47 41 203 294 280 51 375
184 329 28 142 44 419 848 445 820 208 132 62
185 708 124 405 183 526 440 280 183 504 699 359
186 433 144 283 83 19 19 61 499 649 452 360
187 366 662 185 52 814 344 349 342 345 350 191
188 363 577 377 562 515 275 840 5 252 169 318
189 121 423 847 113 547 48 84 210 303 212 518
190 69 467 69 551 303 363 236 363 105 434 187
191 180 907 851 214 483 172 231 343 183 107 4
192 408 3 1001 990 138 2 520 22 520 6 845
193 826 192 411 511 651 121 223 117 66 338 28
194 195 63 896 828 896 81 569 8 823 19 569
195 211 405 124 124 405 121 131 107 137 155 208
196 204 172 256 546 651 511 275 232 575 178 214
197 196 200 95 198 207 95 199 200 196 143 326
198 329 419 129 186 283 362 533 310 222 268 0
199 41 167 575 351 182 368 60 214 536 86 19
200 196 64 80 243 83 372 106 80 62 361 47
201 202 201 169 115 422 404 422 473 545 438 114
202 623 813 280 201 86 90 474 105 310 314 215
203 82 86 366 311 424 401 533 582 533 23 950
204 6 140 274 216 62 133 136 41 546 233 460
205 925 976 263 455 438 38 29 229 198 206 133
206 284 681 342 129 210 927 930 158 4 323 192
207 128 908 592 38 339 27 31 23 480 107 153
208 2 271 303 255 471 256 46 82 782 377 365
209 13 302 57 240 235 233 62 132 481 107 99
210 58 59 803 58 404 662 662 107 671 932 21
211 62 184 188 183 518 509 253 405 78 77 142
212 641 495 315 218 73 485 73 358 44 360 19
213 44 21 777 259 260 259 74 18 219 60 495
214 124 405 303 87 654 50 49 49 83 256 184
215 121 288 571 63 208 809 252 302 304 303 281
216 69 400 336 92 72 524 72 106 365 18 133
217 404 353 100 429 139 446 592 216 509 325 971
218 228 82 169 371 351 28 29 33 29 301 641
219 82 641 495 105 281 305 64 786 52 1 225
220 177 307 206 197 128 183 6 880 4 170 27
221 459 225 756 223 365 607 419 12 161 314 21
222 7 555 466 5 291 420 78 366 440 320 391
223 317 226 86 81 638 564 640 638 896 114 220
224 160 78 79 557 129 403 291 403 172 214 450
225 311 184 373 481 481 96 54 59 809 2 516
226 443 455 119 753 40 25 361 93 373 420 296
227 695 597 411 646 646 211 137 355 46 932 489
228 314 165 420 810 321 379 181 379 381 380 387
229 338 411 64 170 543 170 371 828 353 97 100
230 420 666 62 754 324 720 707 9 971 179 214
231 537 231 157 483 255 712 255 355 329 20 259
232 498 178 200 176 478 258 38 33 40 160 35
233 210 434 121 338 211 434 295 947 393 301 502
234 145 303 909 280 655 28 26 590 33 37 338
235 360 533 520 738 54 160 336 883 93 280 440
236 249 54 57 252 63 83 162 160 498 856 331
237 107 154 58 158 2 6 376 397 150 301 818
238 235 244 235 84 13 336 133 168 263 925 263
239 158 3 880 4 430 504 504 971 304 252 2
240 235 96 236 371 288 218 5 496 560 1002 560
241 440 6 949 285 89 96 116 40 39 165 82
242 977 977 209 42 209 15 933 929 592 46 129
243 58 5 495 20 83 133 82 445 301 27 438
244 159 434 283 321 320 628 394 394 947 321 389
245 116 753 900 13 748 708 97 434 69 679 663
246 499 922 487 487 922 847 464 128 363 211 365
247 213 529 166 493 93 16 106 419 932 113 438
248 696 218 17 494 593 86 42 81 533 170 26
249 353 87 661 12 569 141 473 121 401 874 401
250 157 386 393 947 394 181 133 443 38 339 427
251 338 82 533 236 319 209 812 601 166 573 86
252 685 481 55 211 3 412 281 164 446 447 428
253 80 299 418 188 282 288 613 756 390 380 283
254 21 183 3 102 412 271 273 273 15 533 210
255 545 28 160 338 199 288 613 127 169 434 450
256 142 152 249 106 726 5 411 243 238 158 105
257 183 909 183 329 105 153 121 131 305 481 96
258 27 261 93 39 40 23 135 170 135 96 400
259 818 301 226 459 62 748 283 137 13 297 248
260 89 474 17 295 16 222 17 872 377 621 149
261 133 27 722 27 39 28 545 30 25 30 38
262 215 220 177 331 166 17 363 351 303 3 473
263 976 76 96 369 252 854 420 783 669 641 946
264 500 569 8 573 573 573 566 700 267 498 12
265 957 707 264 823 12 265 804 754 661 267 674
266 264 7 833 856 856 932 44 21 671 21 424
267 161 300 892 300 11 621 160 377 347 262 347
268 74 227 226 114 438 340 375 21 480 86 681
269 152 62 114 333 438 655 223 220 90 91 469
270 160 486 537 394 60 342 776 41 82 486 51
271 738 211 924 252 2 138 3 192 271 152 518
272 186 363 154 252 4 55 166 143 480 356 434
273 447 446 446 335 929 140 447 409 667 473 17
274 139 420 627 707 332 7 5 117 613 793 206
275 176 417 725 443 333 736 736 107 361 93 108
276 426 14 312 232 178 575 342 280 820 114 154
277 342 483 128 63 971 679 13 748 748 107 91
278 63 812 859 107 430 19 700 525 729 525 602
279 160 230 21 106 885 887 885 728 400 74 5
280 249 172 212 106 298 42 245 301 641 371 129
281 738 252 269 657 269 301 157 321 390 61 19
282 132 305 194 6 544 494 515 413 160 189 215
283 393 394 250 295 521 615 244 159 233 173 366
284 160 346 157 155 105 533 155 213 12 265 359
285 425 526 399 493 401 434 269 254 1 1 121
286 59 59 132 252 6 552 252 282 820 412 238
287 896 375 478 108 329 450 568 357 615 747 424
288 152 121 28 261 655 172 115 318 96 469 329
289 231 292 515 122 122 351 167 232 201 196 196
290 198 165 107 327 105 215 717 215 225 494 450
291 493 270 84 582 106 756 142 68 121 210 269
292 953 28 533 63 5 135 116 207 409 357 105
293 420 254 210 107 255 1 221 129 80 114 245
294 65 290 231 342 726 1 128 11 11 420 541
295 62 216 45 446 140 461 272 15 820 421 9
296 284 174 420 115 145 81 564 4 256 165 409
297 17 342 157 382 393 152 160 446 429 579 46
298 184 188 129 363 188 170 133 337 123 41 30
299 590 24 25 40 545 27 251 438 545 462 419
300 255 546 121 142 152 62 255 13 10 509 306
301 284 167 130 13 242 234 239 243 375 143 108
302 333 417 32 26 442 36 93 820 249 3 405
303 564 208 305 6 89 474 81 460 215 60 381
304 806 809 2 489 105 367 655 116 123 820 128
305 685 845 183 108 111 474 234 159 820 918 197
306 728 306 733 728 885 887 887 887 887 20 187
307 301 173 518 771 13 361 136 417 27 545 40
308 218 228 519 228 172 181 395 60 296 288 105
309 310 105 121 531 165 483 362 356 896 4 131
310 86 87 243 83 601 180 820 970 440 438 263
311 366 366 254 41 205 925 981 361 560 810 520
312 228 301 216 64 489 21 367 419 351 420 201
313 313 0 1 255 255 471 473 174 363 329 989
314 420 29 24 25 588 26 47 444 981 547 455
315 519 85 537 20 86 275 440 438 308 376 654
316 215 155 153 115 460 427 249 255 295 947 320
317 221 405 263 280 42 199 82 546 404 145 183
318 442 478 13 949 55 533 252 84 492 678 68
319 209 243 63 355 169 409 555 82 256 58 282
320 60 495 405 548 337 27 361 437 165 434 828
321 296 388 393 615 153 83 62 281 685 949 809
322 272 140 409 93 14 277 342 262 215 440 365
323 271 272 429 216 428 409 590 545 37 86 521
324 555 19 11 566 7 502 9 573 12 161 264
325 509 678 400 222 189 222 255 5 492 42 145
326 327 894 327 11 498 500 699 845 58 281 412
327 6 562 14 18 146 183 531 419 121 180 179
328 478 514 329 190 564 303 909 303 369 252 654
329 21 671 589 83 282 82 233 166 601 160 429
330 74 188 486 106 226 314 434 473 551 679 971
331 215 183 89 63 175 3 137 80 107 671 582
332 498 44 754 608 720 700 452 570 661 505 971
333 13 238 525 7 661 518 152 21 214 278 149
334 322 140 322 676 428 592 429 579 446 335 429
335 429 447 273 269 211 121 345 186 256 3 685
336 337 511 64 492 212 490 513 490 460 427 980
337 419 214 231 176 423 976 443 29 51 165 438
338 96 91 91 160 218 309 0 223 366 758 424
339 438 339 860 438 30 172 87 129 403 403 291
340 342 277 277 284 971 400 306 825 306 169 80
341 218 160 83 513 513 74 340 179 347 166 818
342 257 180 148 262 347 180 468 495 739 82 255
343 180 157 394 60 150 295 459 25 459 215 541
344 148 402 377 214 206 277 377 199 41 917 27
345 350 191 348 349 348 180 130 13 191 122 156
346 133 531 363 63 41 820 256 3 599 158 405
347 278 168 399 450 440 176 65 358 12 166 181
348 180 366 443 84 84 244 963 131 422 513 627
349 402 420 408 59 63 3 63 13 126 271 126
350 377 0 221 309 221 745 453 212 23 251 900
351 214 345 61 390 376 389 317 314 218 1 82
352 60 167 515 817 817 813 275 60 60 122 515
353 768 323 654 50 84 288 121 96 340 78 121
354 100 820 366 758 424 74 20 537 607 560 459
355 183 418 747 121 615 828 145 83 433 393 719
356 480 62 342 147 145 86 840 232 61 321 395
357 91 478 282 83 173 549 160 882 166 160 418
358 11 270 14 128 94 94 199 820 95 61 321
359 533 458 655 655 183 210 46 249 18 177 74
360 105 210 87 828 106 377 741 741 179 103 393
361 96 47 79 6 58 411 126 4 431 4 114
362 5 237 319 160 214 94 483 345 483 65 562
363 188 189 106 279 5 191 347 307 226 114 129
364 165 27 338 464 280 160 41 282 188 679 189
365 249 303 58 586 233 174 84 209 160 286 160
366 115 114 215 41 94 955 94 294 232 939 232
367 142 271 408 58 159 159 62 151 151 339 987
368 393 104 250 150 103 368 376 368 379 628 295
369 303 137 285 89 405 356 357 62 132 258 105
370 245 113 168 419 493 426 280 533 515 526 250
371 424 240 242 234 114 105 121 145 533 242 105
372 366 311 312 300 739 569 161 707 950 812 932
373 84 624 231 214 128 107 859 809 271 303 355
374 166 820 207 343 342 129 211 215 42 5 261
375 90 143 143 143 329 478 107 597 597 932 296
376 18 219 82 233 62 99 404 82 450 133 464
377 378 296 719 379 377 379 61 14 556 14 221
378 377 959 377 546 508 10 339 251 30 82 179
379 164 520 571 2 89 132 208 546 44 805 44
380 182 53 129 430 128 155 333 114 41 169 753
381 548 434 531 539 380 166 222 459 311 190 296
382 295 181 368 392 296 419 419 63 6 168 936
383 379 719 121 693 366 68 62 306 733 723 923
384 295 377 377 129 840 275 542 183 35 338 409
385 389 341 218 696 74 690 549 509 82 303 209
386 377 277 621 401 493 791 401 65 176 214 177
387 366 596 301 199 105 252 434 509 494 187 473
388 377 526 232 264 232 177 94 483 214 352 789
389 6 2 481 3 210 238 233 159 249 203 183
390 491 695 607 420 474 42 86 328 108 329 129
391 389 6 376 388 160 2 281 56 58 546 7
392 379 719 393 250 379 295 84 254 518 577 283
393 396 393 155 22 301 249 221 106 268 340 160
394 388 157 301 27 883 115 443 165 223 173 147
395 321 397 378 103 162 654 153 856 282 252 55
396 393 181 172 207 201 199 288 58 211 375 478
397 397 394 320 160 435 533 360 359 141 699 358
398 379 719 64 397 181 380 60 172 212 83 308
399 168 35 183 212 434 533 188 671 480 107 35
400 68 306 64 11 611 450 172 64 376 157 393
401 133 403 971 108 143 31 367 212 665 303 271
402 420 174 107 828 145 114 892 124 214 536 86
403 971 108 143 197 196 167 13 177 546 173 538
404 950 387 377 389 377 546 2 599 304 57 138
405 184 434 300 11 92 513 269 422 115 318 367
406 44 293 504 529 525 421 607 170 123 681 851
407 358 141 573 141 430 64 528 644 528 392 377
408 533 508 212 256 278 128 198 168 533 194 832
409 10 173 342 262 100 404 640 125 15 45 371
410 258 1003 258 110 258 356 480 494 168 278 301
411 211 705 232 312 309 311 74 310 170 434 275
412 238 601 191 149 191 351 346 168 542 172 251
413 129 802 365 495 74 310 18 310 218 86 18
414 414 697 645 231 289 231 289 14 562 6 206
415 852 206 292 62 106 424 99 640 97 97 99
416 971 570 452 830 452 502 374 7 324 63 272
417 76 417 494 210 249 654 83 63 137 812 859
418 710 952 710 272 461 15 272 563 373 131 142
419 105 166 174 269 615 820 482 48 338 367 318
420 363 236 319 236 107 478 160 133 309 221 403
421 362 303 551 733 733 728 260 21 367 212 147
422 7 421 7 62 518 771 518 17 74 231 871
423 455 304 54 698 481 96 89 455 443 40 28
424 747 106 300 161 19 707 957 12 452 466 487
425 86 39 151 113 115 860 116 115 405 160 340
426 413 450 932 173 124 82 151 261 486 245 47
427 23 220 47 220 74 121 30 84 471 607 695
428 272 462 411 84 612 31 135 40 560 211 5
429 155 877 812 3 55 533 94 494 27 23 62
430 543 523 64 223 316 420 337 23 82 295 62
431 105 165 33 590 165 258 253 405 221 223 331
432 433 254 283 329 80 28 409 2 140 735 322
433 70 372 433 433 71 217 84 474 560 276 275
434 184 127 82 854 82 550 21 211 101 65 176
435 160 445 419 101 99 124 101 185 124 708 404
436 115 153 16 281 411 24 997 24 261 29 121
437 338 987 169 21 13 581 78 548 340 249 87
438 30 93 168 494 506 496 451 466 53 61 499
439 115 280 351 363 249 173 249 212 115 370 96
440 733 326 64 492 84 70 233 84 250 351 28
441 166 173 269 428 651 511 64 527 96 252 63
442 40 953 24 32 533 310 313 85 53 380 60
443 414 370 96 336 860 135 914 455 547 443 981
444 113 426 121 759 121 531 79 539 531 445 424
445 581 133 568 493 291 129 294 425 256 424 82
446 448 164 160 484 87 45 812 217 432 84 272
447 676 160 352 352 351 129 113 29 121 329 143
448 579 13 255 363 664 694 129 351 364 21 6
449 414 479 177 86 714 426 183 413 526 129 426
450 83 420 139 282 248 218 128 51 498 205 955
451 365 293 504 765 506 2 412 286 486 28 424
452 700 19 247 246 856 186 420 647 434 113 914
453 167 593 955 955 936 935 768 935 100 102 3
454 258 22 686 381 295 179 180 810 420 64 417
455 89 215 73 313 17 315 222 7 358 43 406
456 405 891 892 44 83 318 96 655 155 213 487
457 399 129 47 96 242 238 0 64 42 21 96
458 515 280 14 129 254 174 208 129 422 131 54
459 340 371 106 1 1 17 366 387 387 849 859
460 74 330 438 436 115 58 83 160 484 292 295
461 461 446 140 46 334 65 870 425 289 425 84
462 145 950 651 624 409 38 23 30 44 765 421
463 462 5 102 300 489 13 39 409 69 189 519
464 114 971 284 160 42 143 229 29 545 36 442
465 615 253 21 105 355 518 771 106 551 679 69
466 504 409 800 615 269 810 222 253 607 170 26
467 434 533 88 88 209 494 151 251 170 494 62
468 148 262 215 313 223 366 443 444 114 51 970
469 66 112 476 329 469 90 108 971 4 131 366
470 116 340 434 245 116 420 541 162 654 340 310
471 473 32 32 372 248 301 100 185 404 105 748
472 295 521 482 41 5 102 300 355 46 355 513
473 419 143 201 395 390 320 380 166 158 242 533
474 121 373 86 94 201 201 183 282 124 892 128
475 300 748 160 236 319 209 494 151 438 337 437
476 478 105 190 42 495 526 546 2 859 183 417
477 329 208 520 303 142 10 86 103 18 155 104
478 121 693 121 280 458 486 261 171 23 62 29
479 177 380 391 389 611 623 611 166 473 408 5
480 223 83 308 2 738 586 932 227 227 253 184
481 58 256 366 758 366 306 728 400 215 316 424
482 576 176 344 176 238 2 102 323 618 124 592
483 377 249 115 62 27 258 66 513 422 145 83
484 484 563 272 584 272 15 446 160 548 377 378
485 263 411 102 102 300 748 106 74 85 872 581
486 410 490 129 53 183 69 107 662 124 173 327
487 421 498 238 236 249 81 549 19 142 86 145
488 499 700 7 666 86 151 35 34 36 30 116
489 408 533 190 366 184 418 467 166 662 185 768
490 87 304 564 10 971 360 141 699 358 506 374
491 753 261 165 365 211 481 411 102 98 64 223
492 212 408 252 87 547 444 318 423 485 442 96
493 419 101 233 494 593 176 611 211 730 301 13
494 395 64 498 533 515 172 166 429 592 100 768
495 367 892 226 14 181 176 113 160 809 302 333
496 529 494 480 160 103 378 296 107 282 69 671
497 79 226 221 526 86 35 261 35 86 533 84
498 411 949 880 305 16 15 579 428 160 338 251
499 913 856 956 7 569 674 506 9 525 358 232
500 501 374 358 503 374 504 500 265 232 120 333
501 452 161 105 518 223 331 482 41 483 255 546
502 43 44 213 141 502 8 498 11 502 43 43
503 502 43 505 502 503 498 265 452 264 7 112
504 699 602 441 754 565 324 971 723 173 366 217
505 525 406 699 845 2 126 408 6 440 280 515
506 498 501 504 529 359 267 247 570 359 699 700
507 507 243 210 105 203 495 129 401 493 424 115
508 62 708 99 121 427 105 153 121 480 21 885
509 87 424 401 257 450 705 232 129 232 320 349
510 86 822 350 342 533 170 4 160 150 321 157
511 682 191 365 419 68 420 316 297 0 73 0
512 162 654 24 988 411 498 14 526 425 457 421
513 19 700 213 44 892 124 99 101 99 640 371
514 971 804 720 324 65 430 856 44 502 500 406
515 6 323 708 98 100 708 99 62 521 340 10
516 192 59 96 338 160 417 361 434 64 420 311
517 192 59 63 271 809 59 685 815 880 59 305
518 21 314 301 930 930 927 159 440 5 357 112
519 459 42 41 249 441 533 25 165 443 33 33
520 195 4 273 886 601 82 859 193 685 56 63
521 598 482 521 553 86 362 6 379 378 103 162
522 523 522 523 543 543 688 543 817 817 817 813
523 522 523 332 971 277 14 130 14 167 277 377
524 72 106 371 283 44 638 638 46 283 494 81
525 421 268 84 235 210 238 440 65 493 160 104
526 407 566 421 820 203 168 129 160 285 486 263
527 6 305 552 373 563 129 13 191 278 160 312
528 6 587 58 814 347 349 13 322 434 191 142
529 602 182 103 61 232 484 86 166 283 434 159
530 533 25 24 494 407 503 358 266 525 510 7
531 116 883 339 40 847 172 231 74 227 227 127
532 63 832 520 3 208 363 249 363 508 260 248
533 667 550 81 105 473 188 420 304 303 302 64
534 256 338 165 13 13 236 236 252 174 3 408
535 728 400 306 28 329 254 216 274 429 461 624
536 473 105 355 249 577 249 107 249 236 434 180
537 460 117 170 473 6 89 5 97 124 139 334
538 733 723 546 58 520 281 271 10 260 728 260
539 178 231 385 103 250 61 421 180 301 404 185
540 121 18 222 86 521 217 288 212 365 451 7
541 160 641 541 215 150 149 656 149 656 176 232
542 543 813 534 813 280 53 820 282 234 82 326
543 129 438 455 370 38 26 40 31 135 455 135
544 607 490 932 68 142 74 231 621 377 149 440
545 165 438 417 370 48 361 438 121 234 238 233
546 80 395 376 392 392 368 377 389 6 826 54
547 114 44 82 190 62 142 68 419 371 210 105
548 46 932 269 428 428 107 164 140 2 211 469
549 855 155 655 28 811 77 333 460 57 59 137
550 480 107 405 548 371 255 363 208 174 58 698
551 679 663 747 62 129 695 227 254 495 739 495
552 195 803 59 4 812 160 140 644 820 208 208
553 84 544 105 543 105 366 512 160 820 16 164
554 134 523 14 486 367 340 450 14 141 555 466
555 754 720 466 64 74 221 419 371 283 351 371
556 483 464 450 128 464 459 421 434 145 46 169
557 5 931 599 209 121 137 160 426 621 278 365
558 529 441 529 374 374 505 249 351 1 316 222
559 142 254 41 41 128 3 194 192 192 517 517
560 19 142 81 896 368 390 409 36 301 36 301
561 462 460 169 28 34 36 25 533 473 25 473
562 232 129 623 611 419 101 97 125 353 353 86
563 584 290 493 483 232 113 116 361 27 121 520
564 480 329 290 107 78 366 20 72 259 86 184
565 44 820 412 55 305 59 990 812 160 717 411
566 569 602 238 963 234 366 820 212 63 89 845
567 843 567 290 82 82 163 518 405 541 641 946
568 458 533 15 428 812 126 4 142 152 79 282
569 430 64 281 271 411 784 411 375 114 495 170
570 12 7 546 211 254 63 371 495 371 494 466
571 4 665 175 58 54 411 338 48 47 116 79
572 563 822 908 51 82 377 960 377 839 377 174
573 358 406 504 967 504 406 498 593 820 654 340
574 425 562 202 562 533 408 215 64 282 531 79
575 351 352 103 181 250 368 387 388 390 368 841
576 295 17 366 285 6 527 6 516 743 517 516
577 578 577 166 666 166 133 168 526 493 425 574
578 577 518 518 16 132 301 199 13 461 140 644
579 429 100 937 64 840 65 133 493 835 493 278
580 580 580 580 580 580 580 580 580 580 580 580
581 450 64 211 695 607 589 83 269 45 274 405
582 508 212 48 245 183 53 103 64 719 719 397
583 521 823 8 107 283 560 39 151 170 437 89
584 86 234 234 239 4 4 89 405 102 300 108
585 84 546 533 434 427 160 130 388 181 377 122
586 131 160 427 42 145 303 362 133 420 137 137
587 238 252 138 211 46 210 87 107 21 364 165
588 307 696 226 696 17 424 405 278 83 393 84
589 365 106 671 107 207 200 200 380 387 104 376
590 24 28 896 114 419 371 28 249 128 355 107
591 160 169 338 336 84 166 54 96 173 366 180
592 447 273 252 175 288 233 239 234 6 486 367
593 936 936 231 278 405 367 546 221 560 142 665
594 283 87 137 520 59 192 411 54 57 211 308
595 52 197 143 340 340 79 482 553 134 523 522
596 366 58 159 233 252 249 161 249 543 458 64
597 756 227 254 180 621 130 776 776 167 277 971
598 134 74 307 301 473 509 710 299 473 115 437
599 3 3 137 272 272 15 362 365 695 315 222
600 600 401 971 114 338 245 76 47 437 336 485
601 64 105 81 287 298 301 155 333 77 87 87
602 602 525 729 525 293 856 405 296 250 379 191
603 414 443 13 461 322 434 19 420 172 251 160
604 131 121 492 256 333 438 28 30 38 329 13
605 851 191 494 75 470 971 324 10 20 495 360
606 495 222 188 495 222 810 87 106 21 42 300
607 249 81 549 316 215 309 120 17 228 121 719
608 359 608 359 499 498 73 316 147 173 538 306
609 609 24 29 588 36 35 409 590 26 24 64
610 57 698 949 131 552 87 393 396 60 392 390
611 938 611 938 611 623 623 791 65 177 905 222
612 31 121 130 130 277 289 14 289 231 466 362
613 243 58 234 474 183 257 426 275 176 93 513
614 613 163 652 478 107 69 13 579 579 579 428
615 309 311 756 288 434 63 301 307 301 140 140
616 1 74 311 69 549 306 723 92 538 530 246
617 269 513 462 462 5 115 753 40 725 165 753
618 820 486 426 172 333 48 84 615 87 269 147
619 89 238 700 359 608 406 506 107 69 81 87
620 620 620 290 210 245 367 129 93 64 66 67
621 518 954 107 812 685 826 809 685 252 195 59
622 238 457 526 399 183 154 363 63 158 237 424
623 84 211 411 784 784 784 411 55 160 490 434
624 420 222 249 169 36 23 417 136 455 113 426
625 285 533 127 184 190 473 447 15 82 269 252
626 87 161 105 69 306 426 450 420 188 170 169
627 627 707 499 504 510 754 161 555 161 161 11
628 628 628 181 280 296 105 21 371 371 82 303
629 440 661 666 367 655 261 443 171 339 336 437
630 369 304 304 54 126 126 208 174 199 419 114
631 631 631 159 209 543 523 829 168 434 460 440
632 397 377 392 379 377 95 86 707 720 754 360
633 633 633 633 633 633 633 633 633 633 633 633
634 634 635 2 174 564 638 210 249 533 88 63
635 4 533 61 758 223 166 234 238 210 105 518
636 636 636 636 211 4 114 86 23 212 333 145
637 233 147 142 85 41 197 601 86 39 13 785
638 356 509 424 45 300 268 316 222 268 311 612
639 638 300 114 82 422 533 562 440 440 200 94
640 97 768 323 2 58 408 571 552 698 809 627
641 748 641 160 498 777 777 498 700 570 360 235
642 473 296 212 589 459 225 331 707 7 374 500
643 217 142 180 301 216 140 541 181 384 387 392
644 147 62 109 366 84 70 288 432 217 50 153
645 231 730 468 224 256 748 129 714 458 526 424
646 646 646 411 263 168 822 533 65 440 458 486
647 435 440 440 450 623 791 623 450 482 340 535
648 648 648 648 648 648 648 648 648 648 648 648
649 246 856 293 44 331 74 341 311 248 309 17
650 215 155 520 252 5 157 308 16 45 892 44
651 254 170 160 290 198 31 142 859 366 131 285
652 478 328 258 132 210 129 342 179 149 167 908
653 653 653 653 653 653 653 653 653 653 653 653
654 163 249 165 545 438 562 183 258 347 166 180
655 96 37 31 33 615 820 445 256 21 280 405
656 122 397 379 393 396 320 157 681 5 868 320
657 269 272 334 164 446 579 46 142 83 49 50
658 658 658 658 658 658 658 658 658 658 658 658
659 377 150 389 211 194 4 434 459 20 533 440
660 660 660 660 660 660 660 660 660 660 660 660
661 141 922 487 84 113 494 450 932 129 342 103
662 97 662 100 820 21 6 272 461 322 334 46
663 551 549 710 299 184 667 160 137 81 607 560
664 694 290 82 63 363 351 351 5 308 393 719
665 812 4 137 155 31 23 41 133 547 976 443
666 420 610 56 209 5 285 426 391 426 450 419
667 69 473 537 222 424 4 301 262 301 248 612
668 157 278 621 426 86 121 74 1 254 173 342
669 420 143 86 444 438 135 251 26 443 820 751
670 670 670 670 670 670 670 670 670 670 670 670
671 81 679 188 222 513 66 514 478 543 291 142
672 365 62 708 185 323 353 404 371 360 498 238
673 673 495 214 352 65 133 162 654 211 928 211
674 823 264 161 19 324 555 84 86 275 176 515
675 675 675 675 675 675 675 675 675 675 675 675
676 160 490 410 356 114 35 409 27 339 26 40
677 434 314 107 100 424 21 367 36 36 10 300
678 627 971 554 777 69 715 20 253 84 37 26
679 549 118 667 473 403 426 413 515 440 629 177
680 380 101 101 419 611 160 217 404 473 187 546
681 82 228 312 85 309 312 309 219 17 162 389
682 511 275 178 380 296 105 199 41 197 143 51
683 683 305 286 59 305 174 420 249 505 406 407
684 684 684 684 684 684 684 684 684 684 684 684
685 647 154 114 686 21 221 74 340 892 891 405
686 114 87 269 533 105 165 256 82 203 201 232
687 185 323 124 282 31 361 29 361 976 411 434
688 543 291 203 129 533 266 555 82 20 271 46
689 689 543 450 168 568 81 424 747 550 288 71
690 107 179 347 105 506 699 699 44 555 409 197
691 691 691 691 691 691 691 691 691 691 691 691
692 130 14 368 121 495 82 555 324 121 81 211
693 121 44 160 367 23 590 23 434 295 394 947
694 129 285 305 516 195 520 832 1001 3 2 193
695 459 560 1002 560 211 117 223 314 340 331 482
696 297 0 222 82 58 82 533 242 926 927 930
697 697 645 697 645 156 181 166 178 380 283 290
698 949 305 174 57 604 211 462 58 154 269 422
699 971 554 971 504 407 332 500 466 160 776 572
700 238 0 309 612 424 269 301 171 370 113 96
701 462 546 30 62 597 597 695 249 407 44 254
702 932 333 355 638 55 160 306 160 318 76 89
703 703 703 703 703 703 703 703 703 703 703 703
704 107 216 140 15 139 209 235 238 2 516 5
705 425 791 623 450 420 363 577 333 405 256 212
706 14 35 39 35 14 486 820 205 557 581 5
707 950 77 531 811 62 423 245 365 183 695 85
708 124 768 99 640 124 638 210 963 930 234 639
709 353 160 329 568 183 133 681 214 214 419 129
710 418 142 100 117 211 754 950 145 303 256 306
711 711 711 711 711 711 711 711 711 711 711 711
712 995 712 401 874 401 256 160 452 420 464 23
713 509 13 305 6 234 243 238 700 602 182 150
714 65 526 129 694 549 215 60 150 820 482 777
715 21 80 187 62 253 283 379 157 391 182 602
716 716 5 464 459 616 1 82 368 146 1 17
717 459 695 491 117 86 753 978 115 405 45 828
718 63 481 59 886 217 433 393 86 304 420 520
719 296 719 182 872 182 18 167 593 494 601 523
720 529 11 213 951 666 161 351 161 351 377 149
721 27 34 29 417 116 860 753 75 753 860 337
722 28 486 94 176 576 176 204 41 801 820 168
723 733 723 777 777 554 134 133 545 28 26 30
724 338 434 361 31 427 40 339 455 5 55 718
725 116 417 114 533 165 443 361 367 366 512 512
726 62 754 9 720 7 246 499 913 700 11 106
727 483 377 659 377 388 388 164 281 271 448 164
728 885 20 118 667 582 106 90 108 476 108 478
729 358 406 503 502 358 856 301 27 33 27 721
730 160 298 549 778 569 362 69 260 336 169 360
731 731 731 731 731 731 731 731 731 731 731 731
732 732 732 732 732 732 732 732 732 732 732 732
733 733 420 355 249 64 80 459 616 435 920 230
734 211 58 373 133 107 401 282 64 224 148 280
735 592 164 579 83 243 930 236 238 525 498 500
736 86 328 327 105 550 69 549 19 549 69 166
737 737 271 126 552 208 809 285 2 54 54 271
738 498 441 754 510 7 672 406 608 359 9 510
739 569 12 365 210 236 107 249 231 14 196 199
740 51 498 246 246 266 0 146 183 107 295 288
741 179 60 392 104 61 64 395 174 212 114 486
742 546 80 395 376 390 62 44 21 44 573 525
743 516 5 489 5 420 81 215 189 434 10 508
744 744 744 744 744 744 744 744 744 744 744 744
745 282 588 438 86 666 7 922 498 360 359 360
746 746 746 746 746 746 746 746 746 746 746 746
747 513 474 419 300 108 357 328 357 356 638 355
748 16 170 163 20 183 564 356 434 147 83 143
749 167 468 122 377 172 207 41 212 249 41 336
750 88 285 57 305 13 207 196 280 494 918 974
751 820 100 5 318 121 759 121 154 106 748 106
752 65 169 409 244 244 238 587 3 971 417 165
753 816 491 170 4 211 809 465 53 486 21 13
754 7 661 420 494 39 480 143 758 61 264 264
755 211 215 23 121 767 803 767 473 93 940 128
756 375 357 357 143 326 21 187 494 165 816 151
757 757 367 23 27 116 411 411 283 263 300 300
758 120 146 17 215 440 178 232 1000 166 300 892
759 121 427 142 269 64 771 489 300 638 44 114
760 592 735 592 100 62 180 393 150 820 342 345
761 393 342 277 206 51 197 207 95 820 47 318
762 516 192 193 59 192 193 859 195 520 137 812
763 763 5 517 516 192 59 971 400 259 297 696
764 483 917 94 95 280 303 142 100 142 152 467
765 720 11 324 121 324 10 777 498 406 264 533
766 766 521 598 84 118 607 460 419 371 236 208
767 13 255 471 421 434 417 30 82 228 17 434
768 404 474 89 859 174 166 431 71 393 810 296
769 107 207 214 277 377 127 130 342 907 936 231
770 353 434 89 260 20 537 53 922 496 11 441
771 145 155 465 549 190 418 480 667 508 299 146
772 772 772 772 772 772 772 772 772 772 772 772
773 773 773 773 773 405 17 155 19 44 9 765
774 285 126 286 532 17 308 2 832 58 126 126
775 560 295 157 396 61 368 283 211 66 328 90
776 204 172 464 116 263 245 113 106 454 106 83
777 200 204 6 126 138 285 82 234 236 235 303
778 549 218 513 425 84 71 162 393 86 129 909
779 820 208 809 845 953 40 160 210 931 599 132
780 84 268 934 163 42 17 341 560 21 188 160
781 537 53 61 52 61 421 487 451 161 121 209
782 377 231 936 955 128 3 880 137 880 308 121
783 669 930 930 238 963 546 546 87 363 210 16
784 411 597 107 856 105 424 80 866 411 193 812
785 545 28 40 171 13 84 811 62 333 41 114
786 206 203 280 42 309 17 252 82 576 142 610
787 21 333 895 417 443 133 143 420 283 366 142
788 788 717 106 259 89 252 281 990 285 625 285
789 129 489 405 212 172 542 401 430 401 425 568
790 544 257 401 493 563 86 484 160 190 329 211
791 493 474 160 506 249 129 464 331 223 223 756
792 121 432 162 492 510 466 804 266 266 267 498
793 316 435 160 310 313 73 317 310 86 152 548
794 322 273 461 533 820 206 202 206 95 86 553
795 417 176 501 406 504 358 213 441 430 565 804
796 121 174 285 586 285 155 223 183 133 120 218
797 342 350 861 350 157 103 53 231 457 568 107
798 798 798 798 798 798 798 798 798 798 798 798
799 447 676 447 690 690 447 440 366 115 340 17
800 185 768 125 97 640 185 708 99 124 768 323
801 820 654 420 81 607 256 367 417 795 417 133
802 802 172 128 168 399 543 672 672 430 4 162
803 826 803 58 84 338 136 820 327 301 820 94
804 971 729 141 213 823 12 441 699 359 359 9
805 971 971 360 169 113 23 96 285 401 282 255
806 89 56 271 949 411 84 73 17 315 495 62
807 5 868 320 321 904 321 104 388 280 543 689
808 808 808 808 808 808 808 808 808 808 808 808
809 58 244 58 212 86 714 425 65 307 65 135
810 180 932 255 453 607 222 690 107 371 549 582
811 497 77 105 166 73 218 308 133 106 222 424
812 160 237 932 114 47 129 270 515 562 232 707
813 129 162 169 5 445 51 85 85 314 295 386
814 262 347 105 474 356 424 255 424 318 170 816
815 5 192 102 405 531 932 283 81 467 107 601
816 816 336 84 58 271 152 71 288 218 420 106
817 813 515 277 280 51 165 932 115 41 200 198
818 160 310 494 282 77 79 419 133 44 501 499
819 461 15 424 295 82 318 169 115 31 38 38
820 62 423 444 444 47 443 725 443 437 96 469
821 163 459 498 525 498 804 232 206 918 206 342
822 533 679 81 569 365 495 365 172 207 197 41
823 213 951 957 19 707 674 7 421 365 377 494
824 191 160 318 417 423 485 338 434 433 152 271
825 733 728 173 306 69 409 421 359 699 922 908
826 6 204 350 851 377 179 351 351 182 150 160
827 506 366 166 249 258 91 183 504 359 525 247
828 106 44 183 42 427 932 154 434 303 56 4
829 523 836 332 720 466 971 403 813 168 291 129
830 452 573 573 566 421 115 363 365 421 213 602
831 258 112 258 111 375 756 533 529 374 166 404
832 3 587 209 11 529 160 410 490 410 82 337
833 249 211 546 597 596 301 655 980 367 256 183
834 107 400 325 143 172 142 125 62 366 443 333
835 401 791 493 142 166 17 316 468 730 468 221
836 706 563 290 340 179 13 661 66 389 391 389
837 107 84 77 87 533 20 971 29 36 13 809
838 124 353 98 371 549 509 710 299 549 818 301
839 191 420 311 420 18 376 368 321 320 213 473
840 232 129 515 172 403 403 493 399 450 526 86
841 368 392 387 229 229 165 105 154 87 243 84
842 96 23 254 329 283 495 170 5 76 245 40
843 290 168 93 820 62 44 498 293 360 452 499
844 971 448 334 592 592 272 272 546 321 181 947
845 183 542 172 142 493 835 401 399 199 203 168
846 846 605 797 797 231 624 231 377 947 947 60
847 171 361 245 417 417 455 423 981 443 171 171
848 445 557 51 306 327 325 65 543 405 424 212
849 252 411 282 726 107 98 932 211 48 50 612
850 199 206 51 197 95 776 199 917 974 917 51
851 907 377 128 16 340 491 491 490 160 376 376
852 415 697 415 86 438 135 135 136 338 564 748
853 82 357 356 256 115 232 129 294 232 231 290
854 174 4 55 252 121 172 464 409 28 82 4
855 473 495 228 495 316 147 13 130 172 13 177
856 498 238 234 5 261 151 37 545 93 426 426
857 301 271 126 58 498 710 299 968 299 546 282
858 306 21 642 212 191 351 419 302 285 921 859
859 195 194 211 89 89 925 455 333 355 160 96
860 860 816 116 443 590 23 142 783 424 283 932
861 350 572 776 200 908 197 93 280 13 69 189
862 777 419 270 611 160 430 498 765 720 7 765
863 57 138 3 63 46 473 483 47 925 245 370
864 411 717 160 128 179 149 490 87 828 612 492
865 865 63 812 886 217 433 434 314 165 816 987
866 80 663 679 482 134 535 164 322 164 446 498
867 340 342 296 387 393 212 420 69 86 326 318
868 320 333 473 190 549 316 231 343 681 214 172
869 397 103 393 71 393 719 379 383 383 295 388
870 425 285 366 440 733 733 777 200 380 200 776
871 231 122 411 183 88 924 88 137 155 154 282
872 218 196 197 198 94 486 115 493 256 249 490
873 401 183 338 82 576 232 204 199 95 214 172
874 65 264 510 492 950 243 57 96 326 318 375
875 170 27 82 531 263 897 263 169 129 231 841
876 564 114 30 51 409 138 420 186 490 128 533
877 28 303 619 613 747 249 356 355 249 179 365
878 33 370 547 38 409 357 13 239 13 272 5
879 242 879 242 242 238 602 529 488 498 956 430
880 281 64 389 341 295 104 295 398 379 398 377
881 96 339 123 170 86 753 548 405 274 429 140
882 160 278 789 93 424 58 58 212 269 282 290
883 339 25 361 47 847 417 113 232 156 345 152
884 884 412 89 474 254 427 261 367 30 128 495
885 20 118 121 154 518 58 880 80 121 31 29
886 217 142 58 738 2 411 665 812 137 4 273
887 20 728 327 486 353 160 427 438 64 405 158
888 412 195 4 239 145 160 209 365 451 7 141
889 375 107 284 472 284 191 231 284 6 237 174
890 121 318 76 5 198 168 62 106 73 73 166
891 892 405 128 917 27 37 36 107 23 86 553
892 290 256 492 152 458 494 280 336 84 250 394
893 971 179 214 593 822 464 727 83 252 304 809
894 327 96 211 552 87 665 272 592 447 334 933
895 333 950 23 785 13 58 244 963 319 236 240
896 28 86 415 852 852 206 751 128 81 249 388
897 263 301 153 107 494 280 206 575 149 150 387
898 898 481 373 83 591 142 191 349 348 349 320
899 2 494 24 654 252 154 147 152 366 758 120
900 411 469 211 845 921 859 932 493 419 367 81
901 137 412 826 803 252 2 1001 2 612 434 159
902 5 450 5 644 64 980 261 115 17 424 308
903 907 851 681 342 199 82 245 339 33 169 548
904 321 157 386 379 150 393 105 859 971 505 62
905 74 173 416 173 87 50 71 50 71 612 306
906 513 507 85 218 133 64 149 490 377 782 526
907 179 60 232 141 365 531 79 77 581 473 201
908 592 334 274 448 446 335 533 282 107 896 300
909 209 242 121 427 86 714 450 65 324 7 499
910 65 910 65 352 346 133 135 27 370 85 370
911 222 695 147 424 429 139 448 971 554 777 554
912 526 782 82 227 227 253 80 459 390 397 381
913 856 62 419 270 426 290 272 45 404 366 253
914 251 123 115 87 543 291 493 154 83 434 356
915 38 35 655 114 419 490 490 170 165 280 13
916 414 449 414 603 414 603 414 605 797 18 115
917 51 133 27 32 533 320 321 533 121 373 253
918 377 577 363 256 226 106 372 48 423 547 417
919 847 925 114 2 271 256 224 64 68 418 189
920 230 424 258 22 127 128 343 128 607 453 170
921 930 235 236 932 174 211 480 375 368 250 379
922 908 820 206 207 128 405 128 14 12 560 73
923 825 923 923 326 82 401 130 13 121 856 555
924 89 301 581 13 65 94 351 210 58 271 183
925 89 96 113 47 165 39 29 40 171 981 847
926 210 533 83 212 268 419 172 228 342 214 460
927 963 301 690 316 341 248 221 14 86 38 592
928 211 532 211 56 859 174 63 272 446 334 929
929 15 760 592 124 100 592 272 310 307 206 793
930 931 5 272 84 162 412 164 579 592 139 429
931 238 412 81 299 184 373 563 484 13 840 275
932 131 646 211 949 6 286 738 498 488 362 69
933 335 334 15 13 272 140 461 592 164 412 685
934 549 82 10 306 5 58 132 599 304 96 89
935 768 371 99 424 87 160 552 252 273 273 209
936 204 908 205 483 727 83 963 546 252 480 221
937 937 99 404 494 311 73 485 336 280 142 121
938 611 464 172 169 29 261 40 113 250 0 103
939 572 822 86 33 24 261 655 167 203 376 841
940 128 118 128 327 160 685 55 126 57 863 57
941 189 62 424 405 367 932 114 107 152 212 106
942 95 917 51 27 133 362 496 506 466 506 86
943 295 376 841 231 176 344 262 62 152 128 300
944 748 424 316 1 147 435 793 748 222 607 453
945 409 93 116 816 437 531 405 187 69 663 69
946 641 82 474 110 121 96 728 259 96 113 106
947 295 379 296 60 231 203 351 365 490 128 220
948 381 393 388 283 210 533 81 20 560 222 424
949 281 718 63 4 169 96 100 494 340 143 41
950 80 253 419 290 567 425 791 425 835 789 5
951 913 950 74 480 357 256 278 129 460 607 106
952 81 509 282 107 591 591 62 256 152 186 62
953 301 28 46 211 11 466 53 13 113 444 245
954 154 86 138 86 706 836 332 44 43 452 358
955 955 593 342 129 430 411 193 408 5 35 169
956 856 82 509 952 952 69 105 243 236 236 434
957 707 856 430 5 105 21 409 151 116 434 198
958 962 325 260 325 420 28 282 589 459 268 282
959 377 204 199 258 1003 258 402 148 180 533 616
960 377 312 314 222 0 222 107 174 16 280 115
961 377 961 377 376 262 344 176 611 66 91 478
962 958 69 551 106 154 493 107 163 612 71 209
963 612 424 78 420 81 62 114 82 368 366 44
964 24 38 438 74 228 121 226 254 282 856 661
965 936 350 13 156 342 149 440 460 256 802 365
966 21 20 188 155 183 128 970 546 518 62 245
967 913 922 340 766 521 583 521 62 132 87 329
968 968 968 299 287 81 145 326 82 285 921 56
969 184 508 82 222 911 222 221 419 300 145 234
970 440 13 489 434 81 418 508 105 159 105 183
971 812 174 137 57 304 971 196 94 204 167 284
972 913 44 407 505 332 523 543 576 166 160 296
973 971 9 141 569 8 265 407 525 499 232 275
974 87 300 434 361 417 847 165 978 753 470 590
975 971 554 971 216 273 252 924 88 533 173 513
976 333 89 809 627 678 747 121 326 733 923 723
977 209 131 949 685 809 88 411 866 411 6 921
978 753 115 420 78 548 116 27 82 104 155 236
979 106 372 64 440 275 60 393 212 183 401 365
980 13 30 37 26 38 245 423 303 610 610 96
981 925 981 114 152 70 84 338 638 124 706 836
982 137 20 118 420 373 163 934 340 483 65 380
983 113 473 81 679 187 363 152 187 550 13 445
984 153 820 172 14 14 394 181 383 181 377 284
985 376 18 215 366 163 20 28 86 753 151 170
986 411 498 499 407 566 608 440 160 57 815 520
987 115 115 58 88 96 211 129 329 328 86 180
988 411 537 268 494 918 94 955 820 142 356 549
989 989 989 329 66 480 74 316 379 376 392 61
990 194 826 54 57 126 55 63 236 252 174 286
991 520 815 880 281 564 258 365 421 496 141 431
992 992 129 36 86 573 452 264 441 87 909 303
993 408 411 6 949 880 137 88 233 240 234 283
994 6 362 483 473 473 509 68 550 480 375 367
995 712 995 712 995 712 255 254 256 10 339 165
996 12 638 44 506 494 466 5 115 31 28 34
997 953 26 370 116 470 986 261 93 95 41 908
998 65 910 65 133 162 433 372 121 404 153 160
999 145 283 174 286 2 59 286 138 481 211 560
1000 918 206 86 229 183 88 210 434 320 628 295
1001 4 162 427 145 17 82 419 296 342 296 526
1002 560 276 568 425 543 222 519 259 73 0 238
1003 258 375 318 171 263 485 76 89 515 290 83
1004 55 194 586 86 611 623 458 160 117 491 167
0 65 285 88 411
1 979 979 106 72
2 62 591 591 107
3 192 271 528 5
4 170 367 82 143
5 177 113 47 427
6 184 419 270 280
7 407 504 141 661
8 9 502 661 452
9 213 407 856 265
10 535 340 134 521
11 92 100 937 404
12 674 504 510 510
13 69 678 549 509
14 537 20 366 372
15 13 474 154 106
16 258 477 69 551
17 434 137 272 271
18 86 508 62 153
19 661 569 500 374
20 173 115 249 362
21 36 113 115 987
22 127 318 375 756
23 220 23 545 442
24 964 373 163 333
25 34 165 978 900
26 170 229 114 420
27 23 113 543 493
28 40 32 37 721
29 361 93 40 13
30 86 163 131 63
31 338 48 925 47
32 361 93 413 413
33 370 41 143 41
34 33 165 437 860
35 165 226 282 226
36 21 72 311 16
37 229 84 210 58
38 245 367 470 367
39 31 338 367 21
40 919 976 76 5
41 482 419 280 909
42 372 70 86 141
43 406 506 2 114
44 501 358 501 499
45 424 318 424 100
46 129 80 356 160
47 280 483 851 157
48 38 24 588 494
49 612 83 506 411
50 50 71 71 83
51 79 445 79 557
52 232 413 13 352
53 403 168 399 401
54 56 281 183 478
55 809 845 303 434
56 520 420 269 155
57 88 233 441 324
58 86 285 425 285
59 610 459 495 218
60 219 74 307 85
61 182 60 378 103
62 362 331 215 316
63 256 172 440 65
64 400 133 165 25
65 65 791 612 427
66 661 8 971 188
67 160 736 62 333
68 932 371 288 175
69 287 509 260 20
70 86 93 64 149
71 217 433 144 212
72 20 327 945 945
73 311 297 218 459
74 18 419 419 74
75 36 169 80 128
76 76 114 28 28
77 62 253 615 747
78 340 129 418 299
79 166 818 92 520
80 160 592 735 164
81 256 424 142 366
82 304 285 457 231
83 81 400 183 13
84 729 649 84 37
85 41 128 362 128
86 2 13 371 249
87 160 326 121 219
88 533 679 508 663
89 62 135 336 336
90 494 932 419 482
91 328 91 143 482
92 105 283 303 286
93 494 209 599 708
94 201 204 6 489
95 61 52 53 128
96 361 113 171 339
97 708 599 132 411
98 323 271 137 271
99 353 69 325 340
100 97 124 892 405
101 185 100 185 323
102 102 517 517 517
103 295 317 84 1
104 18 0 17 173
105 212 153 393 86
106 187 671 106 495
107 68 16 295 84
108 81 42 42 434
109 108 357 256 62
110 478 112 51 196
111 84 48 113 442
112 84 662 404 145
113 48 981 423 5
114 340 329 169 137
115 64 937 353 709
116 261 40 560 913
117 613 747 107 963
118 607 81 494 39
119 40 116 23 153
120 133 568 81 46
121 114 417 160 200
122 103 397 295 321
123 860 169 333 115
124 101 581 200 95
125 5 716 716 716
126 56 138 126 411
127 533 350 94 515
128 168 62 201 593
129 282 340 612 82
130 426 14 47 443
131 366 147 249 856
132 5 24 494 142
133 167 572 5 557
134 554 482 129 116
135 337 338 900 953
136 136 30 165 256
137 679 187 671 81
138 58 404 494 141
139 334 15 62 450
140 166 351 5 163
141 332 971 973 971
142 571 4 281 718
143 10 271 4 239
144 546 147 1 21
145 187 473 129 936
146 779 146 0 101
147 145 142 211 698
148 262 160 187 105
149 377 491 127 318
150 301 81 508 80
151 753 40 116 114
152 249 131 832 193
153 155 518 254 152
154 375 142 83 118
155 104 160 255 105
156 160 258 282 340
157 60 232 820 204
158 166 191 347 191
159 931 238 237 6
160 17 226 74 17
161 754 293 420 526
162 180 393 83 118
163 473 3 3 195
164 428 448 971 710
165 40 560 358 459
166 351 130 425 835
167 351 180 256 492
168 62 19 161 314
169 364 21 129 283
170 105 160 394 179
171 370 417 133 201
172 219 18 696 248
173 99 708 98 101
174 285 172 212 576
175 665 63 738 809
176 204 205 557 917
177 200 593 200 440
178 413 200 908 593
179 181 14 205 199
180 333 531 121 420
181 181 250 60 133
182 394 628 379 320
183 28 892 438 31
184 6 563 82 853
185 800 409 207 128
186 492 678 678 480
187 21 256 607 253
188 215 183 301 312
189 671 107 518 87
190 82 362 820 618
191 352 180 105 77
192 58 371 62 282
193 803 412 411 305
194 5 464 331 222
195 281 615 243 237
196 41 129 65 543
197 917 918 199 434
198 202 41 198 776
199 167 434 81 333
200 94 350 681 86
201 533 190 106 253
202 623 623 458 542
203 548 116 116 340
204 232 60 283 145
205 14 35 339 818
206 41 601 191 284
207 128 371 768 935
208 820 483 214 178
209 56 63 738 412
210 243 615 147 155
211 256 531 165 914
212 296 254 186 433
213 503 499 407 504
214 280 486 356 91
215 74 308 430 360
216 140 5 102 743
217 340 329 38 590
218 309 219 74 82
219 121 145 87 974
220 218 226 340 554
221 493 270 11 611
222 225 311 218 223
223 160 366 690 549
224 560 276 426 93
225 460 170 107 506
226 275 426 62 820
227 519 607 695 597
228 82 563 272 274
229 114 81 86 392
230 333 87 642 107
231 191 256 802 172
232 473 256 187 82
233 494 168 615 357
234 256 401 129 694
235 243 210 932 63
236 236 244 422 145
237 319 236 3 2
238 89 4 738 131
239 63 324 466 53
240 210 208 552 698
241 592 160 621 301
242 236 121 714 62
243 373 93 25 533
244 409 10 256 419
245 76 976 444 333
246 213 246 44 82
247 506 249 212 408
248 0 17 654 48
249 253 212 288 571
250 250 394 388 130
251 135 30 151 438
252 494 310 221 317
253 366 188 363 211
254 493 611 176 611
255 152 255 282 393
256 169 106 329 10
257 450 228 82 68
258 91 66 560 474
259 21 581 77 497
260 297 316 1 215
261 367 980 64 107
262 191 839 191 83
263 547 245 338 434
264 570 19 513 183
265 503 358 506 500
266 11 358 466 649
267 265 503 506 502
268 1 52 133 181
269 446 269 420 230
270 419 12 700 498
271 55 305 990 211
272 274 273 164 564
273 812 859 64 305
274 15 274 216 62
275 835 493 405 892
276 560 363 278 160
277 149 148 344 148
278 363 280 256 129
279 279 82 131 683
280 572 129 130 426
281 107 283 300 114
282 4 431 80 249
283 17 546 77 212
284 936 14 141 44
285 138 160 369 303
286 13 301 624 409
287 82 353 708 107
288 162 283 255 256
289 180 41 203 548
290 706 836 813 413
291 450 623 458 280
292 231 214 207 917
293 19 42 333 176
294 346 21 29 51
295 391 320 616 533
296 395 64 498 441
297 74 107 154 518
298 301 445 340 638
299 298 160 327 128
300 100 107 450 176
301 930 208 2 546
302 809 174 880 137
303 271 281 859 880
304 405 490 546 936
305 481 131 612 105
306 825 923 326 86
307 314 85 221 224
308 308 166 128 434
309 297 248 74 282
310 62 106 287 299
311 16 748 222 315
312 218 596 366 74
313 309 17 215 560
314 309 64 170 460
315 17 467 142 340
316 253 166 3 832
317 485 976 527 64
318 494 82 218 36
319 209 71 217 84
320 320 166 17 18
321 390 393 71 288
322 933 322 429 933
323 64 244 301 209
324 10 89 165 256
325 326 92 530 358
326 424 17 313 226
327 20 424 747 189
328 143 196 41 142
329 10 121 169 306
330 73 560 922 529
331 358 729 971 321
332 707 441 62 571
333 518 62 509 467
334 592 100 101 185
335 429 6 0 297
336 160 388 160 143
337 337 367 133 171
338 365 255 694 664
339 32 165 256 405
340 143 328 327 105
341 311 106 695 607
342 178 157 155 470
343 191 682 191 149
344 381 377 350 936
345 178 681 284 621
346 6 516 408 685
347 105 419 542 256
348 349 6 644 644
349 149 278 114 609
350 377 396 182 213
351 95 167 201 918
352 345 178 350 593
353 97 533 94 955
354 125 323 618 97
355 896 2 865 412
356 612 162 195 517
357 184 311 225 222
358 500 502 332 406
359 707 265 608 441
360 4 481 138 685
361 547 437 847 423
362 420 450 542 458
363 152 87 333 21
364 212 226 419 497
365 255 546 77 62
366 10 324 558 856
367 32 26 34 165
368 379 628 320 390
369 304 304 411 183
370 27 917 204 201
371 114 252 625 408
372 115 116 64 466
373 420 209 285 65
374 856 8 265 856
375 13 679 551 679
376 179 378 296 380
377 166 158 114 145
378 181 172 143 42
379 390 393 249 303
380 320 391 368 275
381 379 182 376 380
382 379 6 544 534
383 181 389 103 160
384 387 393 389 376
385 182 250 0 64
386 393 254 441 44
387 182 368 181 393
388 104 394 397 869
389 61 179 104 392
390 60 377 379 174
391 379 164 269 15
392 283 601 180 350
393 377 388 130 936
394 486 183 210 169
395 295 210 159 210
396 380 296 321 387
397 397 52 781 621
398 379 16 164 137
399 543 493 249 170
400 325 13 179 295
401 44 498 238 700
402 211 375 6 389
403 542 129 129 562
404 643 49 643 162
405 541 511 810 296
406 358 9 8 823
407 505 62 283 201
408 516 2 809 271
409 135 337 170 255
410 183 172 464 337
411 163 162 236 211
412 59 481 599 63
413 168 284 1 641
414 449 414 449 414
415 86 21 550 667
416 173 333 333 329
417 171 361 444 245
418 473 747 301 473
419 655 167 41 133
420 464 822 290 822
421 255 607 87 353
422 153 366 747 971
423 423 48 27 34
424 78 310 17 282
425 257 543 326 143
426 82 187 42 492
427 82 395 103 104
428 140 46 271 210
429 6 667 69 424
430 44 133 401 130
431 756 223 117 117
432 217 282 271 305
433 288 432 288 104
434 187 546 221 17
435 435 435 65 498
436 437 437 337 116
437 290 531 256 367
438 116 329 190 418
439 115 251 23 427
440 399 129 623 623
441 362 16 190 82
442 114 725 96 333
443 366 44 401 873
444 113 168 426 391
445 256 282 356 290
446 45 216 448 164
447 334 933 956 44
448 160 611 450 813
449 414 916 414 443
450 482 777 21 82
451 365 329 286 252
452 487 451 558 487
453 82 468 377 734
454 84 598 84 598
455 251 438 417 333
456 456 456 456 456
457 231 656 177 221
458 64 685 54 96
459 268 1 142 483
460 419 114 62 233
461 139 269 434 412
462 212 169 114 129
463 463 463 462 546
464 820 143 90 494
465 786 407 249 280
466 529 44 856 498
467 459 177 200 440
468 122 347 347 149
469 143 166 577 757
470 980 470 986 470
471 473 44 249 131
472 610 694 549 287
473 340 268 419 329
474 419 495 208 114
475 300 101 768 353
476 375 328 460 159
477 69 212 169 252
478 424 255 300 173
479 381 160 393 424
480 221 537 316 222
481 55 411 2 89
482 318 494 662 323
483 232 501 374 406
484 292 183 90 91
485 170 303 424 552
486 664 93 820 79
487 558 487 421 19
488 141 11 11 300
489 16 153 211 62
490 106 132 371 82
491 127 1 641 748
492 154 17 225 225
493 546 208 4 301
494 212 269 420 340
495 419 336 13 336
496 466 488 421 258
497 409 280 294 377
498 178 656 352 351
499 452 608 267 12
500 264 452 700 247
501 374 500 504 409
502 358 7 608 332
503 406 720 529 504
504 533 86 510 466
505 525 421 268 212
506 466 406 500 466
507 507 507 298 137
508 260 92 238 241
509 82 131 738 55
510 754 971 805 44
511 191 178 483 362
512 162 532 520 286
513 93 413 183 252
514 514 13 497 811
515 593 776 160 258
516 5 440 497 409
517 195 2 300 312
518 559 518 351 420
519 316 231 537 403
520 121 432 288 217
521 340 133 367 419
522 523 836 813 714
523 14 498 538 733
524 72 259 21 325
525 533 172 129 542
526 568 458 515 122
527 263 48 372 84
528 5 379 285 408
529 11 211 518 283
530 365 589 589 434
531 340 497 581 820
532 17 87 121 282
533 44 133 62 258
534 256 356 108 301
535 482 483 178 483
536 473 170 136 30
537 781 52 719 52
538 306 141 293 365
539 160 255 16 196
540 549 1 17 441
541 107 932 453 254
542 543 105 518 145
543 542 526 377 157
544 434 172 205 593
545 25 27 261 5
546 121 21 13 748
547 455 455 919 263
548 1 82 150 389
549 671 68 366 367
550 82 191 180 214
551 86 170 27 437
552 285 13 238 62
553 521 366 78 497
554 553 482 143 82
555 720 498 487 452
556 531 263 438 892
557 128 483 556 232
558 569 264 441 84
559 142 10 564 190
560 84 582 508 189
561 462 561 462 5
562 654 48 427 82
563 494 340 553 86
564 281 932 420 511
565 754 11 21 495
566 700 359 360 441
567 290 437 531 116
568 493 615 269 282
569 19 510 264 700
570 12 560 40 547
571 211 88 183 210
572 350 178 440 238
573 44 932 420 116
574 425 562 426 493
575 377 283 121 10
576 329 10 971 823
577 283 420 128 955
578 577 578 577 757
579 447 322 448 461
580 580 580 580 580
581 308 17 309 17
582 211 114 932 748
583 521 553 84 494
584 86 666 86 586
585 389 377 179 149
586 285 408 285 774
587 209 137 155 208
588 37 33 40 847
589 564 242 209 64
590 86 584 86 196
591 107 226 85 222
592 446 139 124 107
593 198 183 146 183
594 283 387 198 196
595 52 232 204 917
596 282 252 269 5
597 58 210 424 404
598 340 564 126 58
599 211 764 74 17
600 168 93 40 160
601 79 290 183 168
602 182 61 387 118
603 414 443 135 62
604 411 57 194 193
605 851 852 851 350
606 495 673 495 215
607 106 615 521 217
608 565 459 467 86
609 24 27 251 339
610 459 0 248 17
611 11 502 8 950
612 4 131 271 131
613 127 169 261 24
614 756 597 411 671
615 828 889 375 475
616 533 667 142 23
617 592 446 428 140
618 353 770 353 97
619 59 56 281 211
620 290 62 296 320
621 180 820 343 13
622 238 176 129 210
623 623 791 401 276
624 13 255 314 226
625 412 281 411 698
626 87 859 411 333
627 62 281 54 174
628 379 382 393 166
629 177 515 177 94
630 303 58 520 54
631 209 107 642 83
632 397 632 719 52
633 633 633 633 633
634 635 126 209 518
635 2 63 56 160
636 636 636 636 211
637 209 236 963 932
638 338 48 261 29
639 65 86 756 215
640 323 618 100 96
641 333 318 76 981
642 82 366 290 106
643 404 217 340 777
644 950 166 226 186
645 191 342 593 176
646 211 661 264 608
647 256 405 288 288
648 648 648 648 648
649 84 493 42 280
650 215 306 10 121
651 506 430 64 400
652 163 932 856 142
653 653 653 653 653
654 217 70 107 438
655 419 81 108 474
656 377 157 380 440
657 269 657 269 107
658 658 658 658 658
659 659 377 52 232
660 660 660 660 660
661 161 121 66 514
662 282 35 38 25
663 551 299 968 299
664 515 409 138 420
665 4 137 209 15
666 7 555 466 5
667 188 420 21 145
668 157 389 317 310
669 783 154 105 92
670 670 670 670 670
671 187 710 272 274
672 249 63 62 548
673 495 748 932 333
674 267 264 358 700
675 675 675 675 675
676 428 273 819 139
677 434 433 49 217
678 627 678 184 546
679 13 483 128 183
680 380 379 387 380
681 681 350 345 346
682 681 851 605 414
683 57 5 900 860
684 684 684 684 684
685 298 42 83 191
686 381 380 379 385
687 282 420 60 219
688 543 65 307 971
689 543 405 46 106
690 494 662 100 935
691 691 691 691 691
692 130 936 167 206
693 283 215 60 394
694 493 820 421 255
695 164 412 4 301
696 248 218 201 128
697 645 697 645 156
698 54 249 253 21
699 500 525 232 397
700 452 8 141 500
701 462 463 462 506
702 107 371 768 323
703 703 703 703 703
704 107 169 211 552
705 450 482 554 777
706 86 546 77 87
707 950 158 237 319
708 404 84 84 288
709 185 640 125 99
710 508 550 667 161
711 711 711 711 711
712 4 635 137 283
713 69 141 430 765
714 373 306 141 11
715 20 137 183 80
716 5 230 920 230
717 271 4 826 4
718 281 411 252 283
719 157 191 214 13
720 525 44 362 549
721 37 27 417 423
722 278 611 938 611
723 777 10 971 466
724 160 224 148 148
725 318 115 411 122
726 726 342 103 52
727 84 399 168 789
728 5 520 6 140
729 44 9 674 9
730 62 188 533 326
731 731 731 731 731
732 732 732 732 732
733 440 818 440 434
734 172 847 423 438
735 164 695 607 81
736 736 736 333 253
737 271 54 803 859
738 305 949 211 308
739 569 141 608 499
740 971 570 359 504
741 150 379 104 390
742 166 518 621 231
743 102 832 59 685
744 744 744 744 744
745 979 316 268 390
746 746 746 746 746
747 424 68 671 68
748 460 607 519 315
749 284 296 810 244
750 88 303 434 828
751 820 51 205 204
752 283 51 261 437
753 491 167 526 377
754 674 674 565 266
755 211 258 478 113
756 597 597 107 269
757 367 16 379 63
758 283 378 387 376
759 121 316 341 248
760 335 335 164 592
761 393 391 379 308
762 516 195 2 107
763 763 763 5 511
764 168 82 541 162
765 856 142 216 272
766 340 13 30 546
767 473 412 698 552
768 100 117 160 107
769 559 258 454 189
770 353 185 100 98
771 64 937 100 371
772 772 772 772 772
773 405 288 371 129
774 285 379 250 84
775 560 39 35 878
776 409 117 117 223
777 971 520 164 564
778 85 314 256 21
779 146 1 232 312
780 84 544 6 337
781 52 232 41 152
782 526 537 473 80
783 154 62 666 12
784 411 986 470 116
785 545 24 32 31
786 166 201 215 311
787 21 550 121 441
788 717 411 2 571
789 835 65 206 426
790 544 133 5 423
791 612 832 193 1001
792 121 748 13 497
793 748 129 198 128
794 335 269 334 46
795 417 486 115 914
796 121 434 401 65
797 342 493 291 464
798 798 798 798 798
799 971 710 189 69
800 185 768 97 434
801 41 173 932 237
802 129 11 498 197
803 812 282 288 333
804 232 275 178 176
805 971 723 825 733
806 89 455 113 914
807 54 6 139 335
808 808 808 808 808
809 57 160 161 504
810 269 473 582 533
811 28 256 263 361
812 448 87 490 106
813 817 543 813 534
814 52 314 256 345
815 685 285 166 786
816 165 338 115 252
817 493 129 486 188
818 440 542 413 493
819 422 272 461 429
820 820 183 351 106
821 160 776 572 5
822 290 405 601 494
823 358 506 956 44
824 191 907 907 156
825 723 733 825 923
826 252 832 63 239
827 506 494 121 131
828 356 16 290 290
829 203 198 199 128
830 452 856 153 152
831 258 469 89 62
832 1001 193 832 408
833 833 856 153 87
834 107 662 494 113
835 493 568 450 426
836 332 707 570 661
837 837 107 69 166
838 124 101 404 282
839 191 352 103 14
840 275 178 232 129
841 397 393 250 250
842 96 527 423 171
843 567 425 493 615
844 133 107 174 254
845 953 699 44 8
846 605 846 605 414
847 847 114 363 63
848 445 64 168 231
849 849 849 155 209
850 546 321 381 390
851 350 342 203 291
852 206 291 183 91
853 82 165 366 190
854 183 42 169 172
855 473 403 403 493
856 407 374 501 500
857 160 8 7 246
858 306 68 121 324
859 4 434 515 6
860 337 860 455 171
861 350 593 822 290
862 777 482 93 165
863 57 924 699 529
864 411 192 3 281
865 865 2 971 325
866 96 76 455 370
867 134 372 373 115
868 5 815 286 5
869 179 160 230 106
870 401 256 153 283
871 231 181 280 473
872 182 377 907 851
873 425 401 172 486
874 65 840 275 413
875 170 133 167 351
876 564 164 564 63
877 28 41 165 115
878 33 438 361 107
879 242 235 238 158
880 174 175 288 252
881 96 47 96 235
882 160 223 215 295
883 883 337 860 437
884 884 412 412 826
885 20 188 42 427
886 58 153 859 252
887 885 887 885 20
888 412 164 520 56
889 375 66 480 405
890 121 232 176 440
891 405 362 86 438
892 896 710 272 812
893 971 566 707 86
894 327 141 160 355
895 333 281 2 286
896 329 129 47 26
897 263 62 30 116
898 898 230 107 489
899 2 845 845 412
900 437 816 119 96
901 137 169 301 314
902 5 5 697 414
903 262 191 142 17
904 321 104 60 368
905 316 468 167 182
906 533 359 11 20
907 903 262 179 157
908 128 256 4 430
909 493 282 288 70
910 65 133 545 255
911 189 225 74 330
912 765 720 7 525
913 358 499 232 575
914 753 151 494 152
915 38 590 32 30
916 414 605 797 14
917 200 777 971 325
918 974 820 917 483
919 981 485 48 66
920 230 898 230 121
921 285 142 480 971
922 14 51 918 64
923 923 326 473 256
924 211 305 845 252
925 114 443 442 114
926 237 237 237 159
927 926 234 132 489
928 211 195 252 169
929 322 933 15 160
930 236 87 243 83
931 931 240 242 210
932 86 165 361 251
933 448 448 409 25
934 340 86 424 464
935 768 708 748 708
936 484 292 232 95
937 640 564 12 510
938 611 278 611 176
939 572 64 16 304
940 93 261 24 114
941 189 533 404 963
942 435 127 20 42
943 295 60 167 593
944 748 944 748 564
945 409 36 367 31
946 641 166 320 160
947 393 378 377 745
948 381 179 180 149
949 685 812 137 815
950 707 566 971 391
951 359 570 360 293
952 28 87 154 492
953 816 470 170 188
954 546 615 21 932
955 128 115 340 251
956 44 529 699 44
957 19 420 30 172
958 509 713 81 211
959 377 320 103 296
960 377 918 820 751
961 377 388 283 271
962 325 173 462 701
963 209 319 963 931
964 24 545 473 35
965 936 907 936 935
966 21 115 373 133
967 44 365 106 690
968 184 160 501 430
969 509 418 299 287
970 820 200 581 5
971 457 294 342 468
972 913 183 12 666
973 971 277 277 289
974 87 115 128 169
975 971 777 419 296
976 318 183 278 157
977 242 533 23 86
978 860 914 116 39
979 745 377 182 213
980 13 84 336 400
981 48 527 5 11
982 137 420 351 280
983 114 113 160 210
984 333 895 333 253
985 376 150 182 499
986 411 506 452 666
987 115 644 820 13
988 411 209 82 355
989 91 478 160 429
990 59 160 429 139
991 520 991 520 286
992 129 694 664 694
993 408 193 55 56
994 6 21 21 169
995 712 4 809 738
996 12 14 563 572
997 953 26 165 169
998 65 562 457 840
999 145 188 518 11
1000 292 183 909 280
1001 6 272 409 51
1002 560 48 361 443
1003 258 559 160 818
1004 55 552 285 286
