0 103 546 963 107 44 405 173 184 105 48 847
1 142 187 222 189 106 434 220 23 170 28 105
2 738 481 738 5 286 129 346 168 128 155 420
3 481 132 243 615 64 209 283 181 60 157 394
4 301 8 430 420 79 339 170 427 443 981 442
5 283 169 123 122 397 632 397 869 376 283 160
6 949 55 194 56 738 412 404 618 124 124 101
7 913 7 956 362 293 525 913 141 362 498 720
8 107 90 62 17 180 145 13 94 320 182 394
9 500 466 64 69 671 375 183 170 411 212 820
10 36 24 96 725 339 547 547 165 135 170 371
11 611 278 365 569 971 4 586 285 806 304 58
12 569 359 672 365 365 401 430 12 498 141 51
13 32 367 169 828 234 282 318 725 116 165 128
14 450 280 93 563 272 6 316 221 1 568 129
15 446 461 447 447 139 592 617 269 212 283 152
16 196 86 205 498 51 64 16 355 472 295 424
17 459 223 215 408 126 408 192 195 195 3 114
18 280 440 320 321 393 381 182 397 232 103 215
19 666 166 242 241 499 9 421 332 487 451 360
20 420 541 107 356 474 112 91 90 162 492 107
21 129 168 203 14 419 168 6 286 211 481 96
22 22 11 421 409 69 81 550 107 78 93 30
23 82 77 166 191 851 214 95 206 200 344 377
24 26 545 438 655 35 261 655 183 4 195 412
25 38 915 38 258 564 564 174 63 81 280 249
26 28 32 35 409 624 491 168 789 419 253 419
27 133 44 129 932 576 932 163 212 546 760 335
28 301 27 13 214 94 128 128 21 346 346 345
29 151 121 531 86 81 533 371 100 354 124 100
30 588 282 356 107 206 588 169 133 333 23 121
31 198 203 434 203 434 215 297 49 19 550 306
32 338 183 160 859 121 468 377 526 168 183 292
33 35 25 133 51 114 375 243 105 249 388 390
34 5 170 116 221 177 409 21 489 644 140 929
35 29 21 560 12 666 666 86 236 62 269 282
36 442 442 444 13 93 543 543 209 424 45 139
37 590 171 443 409 555 44 419 18 310 340 811
38 35 23 29 486 81 170 40 847 437 75 470
39 37 30 25 29 39 33 28 363 278 363 351
40 24 32 367 23 29 554 553 482 93 169 533
41 280 483 219 18 219 232 214 277 277 191 142
42 215 295 521 217 288 105 771 105 489 6 126
43 324 65 409 118 607 256 405 283 758 758 758
44 7 754 11 441 602 569 141 951 951 44 51
45 812 3 880 281 333 48 50 84 372 372 82
46 145 283 367 256 211 117 100 429 461 429 155
47 168 198 387 390 60 495 82 345 157 53 486
48 443 547 47 251 169 249 153 23 38 409 417
49 50 87 810 301 453 420 18 218 120 758 283
50 152 114 28 278 301 504 499 529 166 426 114
51 206 917 205 483 351 420 244 243 159 243 238
52 157 156 345 160 8 301 686 531 438 336 485
53 380 396 60 280 543 494 448 87 41 160 361
54 174 2 411 55 211 137 255 170 107 129 139
55 685 408 6 379 393 761 393 473 460 495 74
56 809 107 828 889 375 329 187 142 133 399 51
57 195 826 4 812 298 137 126 63 233 637 233
58 859 963 159 183 286 408 286 5 6 3 138
59 859 63 532 520 281 685 2 803 59 132 82
60 60 391 379 160 343 157 668 157 388 61 395
61 758 424 183 366 283 144 254 211 44 324 971
62 164 592 322 140 644 5 105 283 296 166 83
63 6 168 611 232 275 426 562 654 154 256 121
64 305 210 363 283 453 107 174 3 408 832 145
65 486 14 196 282 68 306 128 249 23 474 110
66 121 419 74 42 422 42 495 460 440 321 232
67 549 187 459 331 225 331 19 13 156 157 681
68 69 81 663 663 508 546 7 406 500 504 971
69 952 81 362 430 7 666 62 190 121 87 163
70 932 282 494 458 542 419 714 129 992 992 992
71 162 195 411 123 420 105 347 347 157 156 160
72 311 73 950 474 84 780 84 119 40 33 23
73 313 623 791 65 840 65 0 73 84 729 441
74 309 5 201 207 107 58 129 544 932 333 115
75 135 165 455 114 234 366 78 82 464 280 813
76 114 442 170 339 340 339 170 434 35 121 217
77 142 480 69 329 328 90 183 486 537 389 628
78 539 380 157 537 178 342 726 107 357 568 256
79 107 226 340 142 667 13 730 13 236 105 347
80 174 46 592 429 6 64 282 411 211 462 121
81 58 462 462 424 68 107 395 376 157 60 391
82 180 277 130 257 425 401 835 275 813 440 159
83 163 142 212 303 665 121 145 180 157 250 368
84 425 425 568 568 65 998 65 581 78 310 222
85 221 249 153 422 115 336 160 481 56 619 59
86 19 661 267 12 121 232 939 232 121 719 296
87 412 3 571 286 285 533 83 474 160 512 155
88 303 424 30 172 114 283 212 58 96 170 64
89 6 296 249 252 285 486 389 283 125 424 375
90 183 87 353 618 662 84 433 70 212 7 569
91 212 211 101 233 82 87 208 55 665 55 194
92 100 99 353 124 125 618 323 768 98 124 618
93 482 593 14 706 86 107 36 914 170 548 256
94 86 95 820 249 671 549 710 272 46 96 48
95 198 201 776 409 464 611 86 736 160 818 189
96 170 164 579 429 446 933 139 446 216 971 400
97 640 640 323 447 46 3 281 3 138 815 138
98 640 404 217 162 412 738 271 56 271 152 223
99 139 274 678 627 809 481 5 140 446 166 611
100 937 404 98 404 533 457 533 822 908 278 191
101 768 935 125 424 142 441 504 466 406 332 421
102 100 92 728 306 306 434 856 331 19 506 502
103 201 232 156 160 79 6 89 2 96 113 847
104 390 157 385 387 667 747 166 180 86 572 434
105 360 451 265 265 267 265 452 11 518 371 249
106 142 187 105 859 815 859 56 281 412 57 252
107 748 182 150 393 396 308 411 400 20 366 305
108 478 357 68 473 17 386 377 129 932 820 243
109 51 204 198 183 450 440 280 291 458 172 87
110 110 91 474 375 112 80 222 86 304 285 121
111 108 108 473 367 114 172 333 152 518 559 769
112 258 142 493 172 28 166 142 132 532 17 341
113 176 611 168 167 181 156 122 468 167 167 149
114 82 130 351 320 376 391 393 947 393 84 510
115 84 432 121 199 377 491 378 385 385 82 543
116 169 364 21 624 301 597 282 221 317 310 86
117 86 840 65 160 666 161 82 353 125 404 494
118 13 156 181 628 320 160 148 0 0 560 775
119 165 27 878 27 38 40 443 485 76 75 261
120 758 143 197 373 311 248 459 42 245 96 235
121 316 537 14 231 177 146 316 223 222 160 526
122 156 907 179 296 495 314 221 160 882 166 520
123 420 278 180 907 377 280 430 14 523 493 333
124 404 896 28 340 303 252 138 285 420 210 269
125 97 101 125 124 592 353 618 100 96 252 241
126 638 564 304 256 145 615 129 546 105 121 172
127 1 450 377 262 402 211 56 6 79 539 160
128 295 288 199 207 5 718 63 271 552 252 162
129 585 493 333 438 107 254 142 105 77 87 300
130 692 130 257 544 129 353 124 513 271 252 66
131 366 165 860 438 141 69 184 287 68 282 559
132 54 6 481 2 3 371 125 101 323 98 618
133 166 662 185 709 185 323 99 937 937 937 353
134 523 168 183 207 160 548 82 333 155 114 820
135 455 919 263 333 367 133 18 533 168 515 172
136 135 13 550 81 162 84 754 674 265 707 265
137 210 183 282 20 400 411 434 184 357 454 189
138 59 949 57 243 159 303 424 128 970 440 53
139 273 140 164 269 932 450 291 420 450 611 938
140 274 448 322 269 216 69 13 661 510 661 502
141 160 672 406 11 22 127 318 547 455 442 48
142 494 23 82 549 710 509 418 747 671 249 256
143 229 37 545 25 370 37 112 108 111 108 110
144 492 154 87 190 42 188 518 490 165 13 489
145 87 654 783 82 647 221 21 128 83 147 212
146 166 559 166 799 189 20 81 105 509 513 184
147 859 963 241 209 282 531 914 105 296 607 460
148 262 903 191 839 377 61 177 734 177 440 440
149 150 378 61 60 214 206 776 776 198 200 917
150 388 379 368 440 94 350 178 342 201 143 325
151 27 27 409 35 442 36 31 86 30 29 37
152 364 433 433 393 396 157 389 521 295 295 717
153 154 147 424 695 695 227 756 118 121 278 621
154 647 82 218 308 581 200 198 202 206 852 851
155 284 342 41 171 23 546 509 969 509 747 80
156 320 333 81 170 62 169 531 548 106 486 295
157 395 390 394 377 495 254 282 83 365 83 601
158 158 4 56 921 63 58 183 68 357 256 256
159 237 107 163 612 233 11 569 81 365 329 419
160 426 518 183 20 223 222 222 420 82 123 860
161 405 424 401 160 79 340 16 363 508 260 173
162 654 783 16 305 481 950 249 355 405 280 81
163 105 64 918 199 121 308 462 701 462 21 896
164 269 142 483 727 464 455 547 455 816 165 39
165 186 70 62 708 86 392 86 756 73 259 695
166 742 742 614 613 747 971 4 612 434 34 36
167 820 301 27 128 94 350 204 6 128 203 82
168 764 30 151 34 361 560 229 143 18 852 206
169 434 65 133 399 542 256 263 847 922 487 529
170 424 526 14 434 17 467 85 313 560 40 32
171 114 208 930 158 240 963 58 87 974 820 28
172 130 82 303 302 333 318 367 23 427 431 434
173 546 615 393 392 295 932 187 184 549 288 506
174 395 379 16 281 408 587 408 587 234 637 234
175 685 92 173 124 335 334 592 272 140 819 273
176 417 133 405 226 222 215 717 295 276 568 121
177 321 283 748 495 228 160 400 74 459 496 498
178 191 64 129 425 403 403 377 199 278 231 262
179 340 165 254 493 333 847 976 443 171 41 51
180 349 179 128 430 86 218 218 248 317 312 366
181 6 21 280 706 523 168 533 408 587 2 4
182 296 166 152 355 83 141 306 373 93 27 301
183 301 27 997 27 38 86 41 129 160 242 105
184 82 96 86 47 423 176 593 198 95 155 512
185 768 353 937 64 74 212 253 62 281 281 305
186 450 86 226 82 68 184 106 357 329 245 301
187 533 170 183 271 183 430 308 532 132 166 644
188 533 440 231 231 177 533 408 520 552 131 252
189 710 896 828 612 153 107 256 221 647 121 68
190 311 612 49 87 222 513 183 106 560 282 20
191 379 377 491 163 932 453 42 434 62 457 562
192 102 412 281 698 59 865 305 13 255 42 560
193 408 434 256 210 234 58 192 102 97 371 300
194 586 2 1001 826 6 430 674 430 160 389 385
195 160 385 295 181 395 557 395 181 950 393 250
196 204 93 563 82 546 290 198 387 104 388 394
197 201 103 61 172 346 214 129 418 253 459 215
198 820 445 51 371 105 347 352 201 342 257 450
199 218 482 41 908 822 922 487 451 265 161 160
200 176 486 36 48 115 165 254 58 404 154 474
201 95 205 925 205 160 269 473 329 169 162 181
202 623 313 85 86 21 230 107 418 549 509 420
203 121 121 125 99 107 303 367 420 531 165 31
204 283 4 281 845 845 193 812 272 563 464 611
205 197 918 41 152 366 256 531 249 393 384 60
206 277 180 381 380 380 377 284 621 149 149 278
207 41 167 280 14 918 918 908 128 209 564 638
208 371 82 820 47 220 114 303 909 209 63 212
209 5 619 59 845 3 408 489 771 13 343 42
210 169 333 245 115 153 160 326 96 423 245 42
211 215 717 160 405 889 828 896 300 269 643 404
212 494 438 450 399 199 776 14 226 166 165 545
213 264 12 266 533 249 932 281 301 281 411 116
214 207 409 292 950 180 214 377 321 533 473 249
215 74 537 459 87 607 393 382 377 149 655 301
216 160 130 277 180 615 453 121 82 169 36 24
217 49 50 153 16 281 63 233 105 41 42 190
218 120 377 403 473 280 303 630 303 209 411 738
219 172 87 490 63 635 63 115 129 292 292 82
220 74 366 859 826 252 803 193 192 408 533 266
221 312 841 231 289 401 44 129 600 65 285 457
222 222 80 473 14 270 160 430 674 504 500 7
223 268 74 872 85 86 86 84 87 351 181 172
224 160 287 189 160 279 160 327 105 400 336 93
225 311 222 467 971 216 64 271 285 281 932 252
226 371 708 99 107 54 807 303 665 54 552 520
227 127 377 284 232 115 113 318 86 551 299 287
228 312 317 1 726 160 292 62 405 433 433 144
229 114 171 981 925 423 301 4 698 211 419 828
230 107 212 58 162 186 256 340 482 289 14 291
231 53 434 121 329 355 654 84 333 367 333 329
232 129 909 209 601 209 303 159 160 435 616 459
233 932 210 252 273 461 216 164 322 140 46 82
234 114 78 93 14 12 12 264 510 19 13 13
235 319 236 62 106 68 301 428 164 13 515 275
236 303 15 273 46 21 409 39 86 510 504 161
237 162 4 166 473 367 261 494 252 238 209 131
238 0 64 330 455 89 303 369 303 281 286 2
239 13 255 471 607 42 106 113 116 370 116 34
240 233 433 288 218 183 285 89 423 13 113 48
241 252 63 137 210 269 107 834 107 459 560 358
242 62 87 173 342 681 347 262 533 590 438 365
243 613 537 389 393 154 152 87 909 87 412 138
244 301 147 17 518 355 283 288 252 932 404 269
245 426 285 683 412 921 285 520 174 140 322 164
246 421 258 110 110 108 112 37 39 560 856 573
247 566 608 11 213 182 395 557 51 30 337 160
248 612 356 160 681 191 511 346 345 342 346 206
249 577 142 141 555 754 359 264 498 241 233 87
250 157 734 351 342 219 17 17 459 190 86 197
251 96 437 251 361 116 170 36 35 169 114 892
252 288 252 57 2 211 101 768 125 99 139 334
253 142 173 154 58 665 63 169 210 926 243 615
254 114 133 419 848 340 473 68 68 173 92 530
255 189 81 371 708 708 404 420 116 114 220 90
256 357 671 375 357 454 258 105 424 695 228 312
257 130 280 106 147 105 127 435 435 147 17 467
258 559 142 353 121 365 338 932 489 87 63 83
259 248 142 450 107 154 513 474 950 80 815 57
260 311 225 460 300 748 107 591 591 142 249 607
261 114 303 363 296 526 128 128 3 208 552 126
262 148 401 874 65 169 36 301 199 301 81 169
263 976 411 211 355 46 249 602 498 500 9 358
264 141 420 15 760 592 446 15 429 335 335 447
265 570 264 406 7 504 967 498 51 29 40 339
266 720 498 178 275 176 113 950 963 241 210 233
267 570 12 265 213 441 44 81 3 520 520 195
268 227 222 86 55 665 272 21 114 455 919 443
269 164 428 216 579 46 45 404 937 353 160 162
270 280 494 173 434 548 115 546 742 166 180 83
271 54 807 54 305 54 807 54 411 163 613 243
272 428 140 164 170 339 251 860 169 261 411 305
273 4 625 408 420 624 409 23 422 248 259 253
274 269 107 427 431 71 393 142 357 65 600 401
275 275 413 214 94 533 15 303 371 490 128 327
276 301 298 549 162 643 163 377 395 395 390 150
277 284 6 473 115 170 473 333 84 533 106 268
278 789 835 493 817 543 105 269 301 222 420 434
279 279 279 279 106 459 616 320 333 113 983 333
280 363 367 114 129 515 122 150 295 296 121 540
281 13 285 82 296 473 166 520 635 812 63 4
282 355 472 453 453 607 365 81 145 571 137 571
283 371 101 353 937 640 564 640 64 89 285 88
284 206 160 15 929 334 46 300 269 617 592 461
285 303 210 121 355 128 955 820 366 233 254 290
286 57 460 440 526 655 155 181 166 105 347 166
287 494 371 236 159 209 252 137 21 230 121 223
288 432 84 180 82 261 114 133 142 367 300 889
289 280 249 340 340 251 123 339 167 51 198 196
290 198 258 108 301 314 283 86 295 393 377 389
291 142 187 329 306 326 923 923 825 733 538 498
292 426 93 513 546 393 83 113 932 41 493 562
293 360 570 359 264 264 823 566 421 258 476 474
294 572 484 494 106 531 165 314 256 460 473 249
295 393 421 457 129 533 40 27 29 25 459 226
296 42 667 105 173 340 482 14 562 438 35 31
297 49 83 594 82 190 296 719 376 61 465 667
298 549 747 301 284 734 695 259 260 325 409 118
299 590 299 509 160 152 211 654 211 45 448 446
300 2 164 447 428 216 273 812 272 513 627 549
301 445 139 139 166 756 227 519 809 59 55 5
302 333 211 303 301 27 170 434 813 129 600 600
303 281 195 4 286 252 117 211 411 412 211 924
304 304 86 714 129 748 641 541 82 226 42 74
305 13 12 896 169 360 549 934 340 282 253 932
306 121 345 342 94 120 380 0 215 366 83 372
307 206 200 413 426 568 133 28 31 254 216 971
308 6 859 59 4 431 50 217 282 77 79 128
309 222 301 327 173 87 474 420 189 67 74 460
310 62 357 68 92 520 55 949 56 286 880 815
311 106 462 561 462 506 249 434 64 417 29 133
312 309 612 924 96 107 258 282 163 652 419 68
313 313 560 341 248 372 115 38 37 84 404 17
314 314 52 232 232 52 103 215 223 86 518 426
315 218 268 340 107 450 176 381 60 182 394 377
316 221 546 209 365 489 489 121 748 121 526 93
317 85 317 74 42 453 121 269 45 405 114 371
318 76 5 516 411 212 212 269 173 546 427 17
319 243 83 233 174 411 537 53 128 95 214 681
320 734 284 472 295 393 121 453 615 518 434 10
321 60 397 52 781 537 243 58 303 57 683 281
322 269 82 393 157 395 82 693 82 304 256 473
323 411 195 552 256 41 86 8 9 707 627 707
324 65 791 612 726 85 467 222 87 166 222 810
325 5 82 151 438 470 980 427 86 328 327 96
326 325 420 312 255 303 183 418 13 27 133 443
327 894 327 400 215 434 353 354 64 89 809 59
328 143 172 212 367 531 249 333 84 654 233 252
329 68 121 281 183 80 271 20 253 184 86 105
330 860 330 438 32 26 37 127 105 127 169 127
331 358 573 11 518 445 256 371 137 80 28 261
332 44 672 359 332 44 434 490 121 18 0 222
333 333 133 419 268 340 339 35 23 86 372 372
334 447 334 334 579 164 281 58 5 438 470 119
335 97 5 279 279 82 371 3 138 305 6 426
336 96 442 245 486 169 255 607 533 404 115 245
337 116 79 121 326 932 115 372 86 177 215 255
338 860 339 38 579 216 62 170 165 590 27 35
339 10 21 486 184 420 167 908 200 413 813 172
340 280 820 412 164 285 302 285 59 138 520 6
341 215 89 610 472 610 255 329 459 610 296 256
342 107 165 337 169 340 654 83 329 478 424 304
343 820 751 206 86 458 129 333 21 462 272 6
344 262 62 253 228 218 282 139 269 303 520 6
345 346 191 214 215 255 255 87 509 299 184 81
346 129 188 473 667 582 160 480 86 373 528 271
347 105 404 654 217 288 233 160 368 440 515 373
348 349 160 748 46 121 288 296 320 483 820 13
349 156 232 840 562 65 818 166 424 183 257 401
350 343 343 107 490 82 17 341 560 20 68 663
351 321 162 79 115 232 380 181 389 283 392 376
352 789 419 356 121 230 106 87 212 58 63 826
353 935 125 935 936 563 936 206 751 41 256 474
354 100 124 233 11 434 210 142 153 249 420 79
355 256 271 10 564 81 184 299 6 57 194 300
356 114 160 856 950 333 654 66 469 112 51 109
357 64 6 880 286 411 867 411 303 950 260 69
358 765 525 573 9 358 608 213 61 602 141 9
359 699 971 391 61 177 307 537 53 85 820 533
360 569 566 499 213 707 957 9 754 293 420 520
361 107 355 856 820 243 615 153 393 376 295 378
362 466 804 720 213 12 996 12 466 754 950 249
363 664 401 294 214 60 214 21 624 461 446 46
364 169 16 340 28 306 409 81 86 480 221 226
365 172 143 10 260 89 302 303 242 236 155 541
366 248 282 10 86 553 84 422 820 5 308 169
367 115 283 377 380 166 492 48 455 47 14 430
368 121 490 420 627 189 253 259 72 106 129 30
369 160 504 466 64 438 438 141 7 360 441 569
370 27 417 486 394 250 250 394 387 60 389 379
371 300 312 53 922 499 406 332 141 602 213 360
372 283 320 94 820 654 17 386 560 400 74 438
373 82 333 320 166 165 417 183 756 613 614 742
374 504 141 922 847 976 48 437 165 338 339 438
375 5 690 86 233 174 285 126 552 58 288 432
376 320 182 384 495 283 46 300 45 812 142 338
377 177 166 181 280 231 181 386 181 386 181 368
378 157 181 156 232 368 250 150 377 156 377 127
379 379 6 473 408 126 13 900 914 816 491 127
380 200 593 206 214 280 290 494 12 12 82 255
381 344 200 176 423 318 113 263 47 847 48 338
382 393 282 533 45 838 124 300 218 128 168 122
383 157 350 343 128 200 178 350 533 186 31 186
384 321 157 537 52 786 519 160 776 167 133 400
385 387 950 181 394 14 206 593 498 608 232 557
386 17 107 441 754 19 129 275 479 275 835 275
387 377 62 258 107 366 248 260 93 260 259 259
388 321 351 122 342 257 130 621 518 152 467 62
389 397 53 380 120 79 820 445 366 312 221 82
390 150 191 348 342 191 179 128 210 159 963 241
391 379 63 971 3 107 343 681 352 351 250 321
392 393 157 103 157 397 295 84 549 371 97 335
393 385 296 390 397 232 493 405 490 209 160 562
394 104 60 320 734 284 149 420 932 544 932 81
395 201 283 393 393 71 84 494 100 618 404 154
396 377 179 180 191 494 229 84 134 523 829 168
397 52 377 52 595 52 103 14 51 346 180 149
398 157 380 321 394 295 381 686 531 263 151 23
399 133 62 812 57 460 328 514 66 258 105 77
400 64 87 189 671 253 607 490 63 625 252 3
401 172 450 544 257 183 42 226 146 67 533 61
402 148 344 149 347 460 493 909 129 425 874 425
403 14 18 201 206 160 58 615 163 83 20 28
404 252 4 82 278 278 129 482 93 93 261 35
405 162 252 803 546 651 2 586 412 884 412 665
406 500 7 5 6 440 457 294 214 301 199 338
407 504 674 510 674 506 434 252 369 303 610 420
408 271 137 87 160 393 947 60 219 218 340 290
409 165 256 338 434 458 13 297 73 297 74 85
410 329 169 114 152 288 269 140 322 334 164 428
411 338 409 448 971 973 971 971 4 256 493 440
412 64 496 64 511 5 261 443 919 113 527 976
413 177 229 198 197 409 177 61 498 411 683 57
414 916 414 605 846 605 797 231 624 491 163 459
415 414 603 414 479 479 479 381 321 295 295 60
416 971 778 549 212 83 140 15 823 570 700 913
417 151 655 37 590 409 13 520 4 434 64 116
418 747 189 786 206 277 232 556 113 114 434 183
419 714 419 445 82 783 420 654 50 153 256 290
420 293 856 546 936 86 310 307 226 223 314 221
421 404 101 419 445 310 218 288 233 460 116 74
422 7 249 82 540 189 225 459 90 329 210 405
423 847 455 485 245 210 210 963 82 325 96 599
424 820 62 269 211 333 302 304 809 131 285 458
425 714 129 351 345 186 62 404 434 441 44 434
426 6 191 86 20 409 945 325 13 305 990 138
427 75 36 121 78 419 170 860 337 860 337 165
428 301 184 540 952 81 121 163 249 460 249 356
429 448 87 626 87 856 615 493 401 133 51 486
430 411 308 320 379 378 150 160 59 586 412 162
431 50 431 756 118 651 254 41 133 106 113 28
432 433 405 105 28 82 82 548 143 196 41 482
433 393 433 180 681 851 907 907 377 104 321 385
434 612 340 474 142 357 112 476 375 5 234 6
435 65 169 405 245 370 442 423 482 438 437 436
436 115 812 160 428 579 335 139 6 426 840 168
437 136 464 847 847 919 455 330 64 80 137 301
438 32 251 40 443 13 474 356 290 99 434 97
439 96 56 408 56 2 138 305 880 282 268 0
440 534 450 292 167 204 201 62 338 160 559 166
441 282 17 145 434 533 408 859 886 859 183 212
442 35 953 35 37 34 361 361 40 31 229 29
443 261 96 91 212 726 189 301 404 687 404 532
444 48 66 328 331 764 30 545 588 37 123 82
445 310 86 328 460 537 781 52 397 157 385 394
446 140 160 42 133 362 529 699 506 498 359 360
447 273 140 216 461 812 447 429 124 768 97 125
448 15 139 322 428 429 216 107 393 160 58 286
449 414 916 414 414 370 423 370 547 527 333 154
450 176 177 413 526 426 714 450 129 93 301 132
451 496 141 957 951 141 166 300 312 366 356 356
452 359 558 324 754 7 12 823 700 823 707 86
453 212 144 145 142 233 234 241 241 238 622 238
454 106 420 362 82 256 366 121 215 311 494 108
455 271 55 86 395 379 387 60 295 311 222 696
456 405 166 380 396 295 385 377 486 44 569 365
457 526 93 443 919 40 560 496 213 7 222 312
458 168 276 295 932 702 107 210 300 460 167 201
459 25 38 329 183 338 420 854 183 4 121 174
460 533 335 461 735 164 592 334 140 461 272 15
461 140 819 273 271 411 208 132 192 2 408 137
462 145 326 543 526 65 0 238 302 115 282 223
463 462 463 462 21 128 95 167 172 483 142 280
464 339 114 767 473 213 913 183 300 263 62 203
465 519 21 364 211 271 3 990 4 166 58 86
466 529 362 661 549 160 179 160 168 198 593 776
467 222 82 214 277 284 296 390 296 376 296 387
468 167 426 956 700 19 7 112 373 180 166 857
469 91 89 285 164 533 361 96 91 107 856 186
470 753 170 280 523 601 166 353 86 747 418 473
471 170 987 816 165 258 559 559 160 146 18 155
472 355 107 79 152 256 312 53 157 851 157 389
473 421 141 213 498 73 330 73 313 85 222 160
474 81 80 473 412 286 138 305 520 57 302 64
475 300 87 665 2 333 212 269 216 254 165 13
476 13 667 582 533 457 425 493 568 290 495 739
477 91 306 13 272 579 592 447 676 322 13 90
478 111 258 91 183 210 355 82 31 367 419 493
479 479 275 177 413 426 621 130 425 705 232 6
480 23 107 837 837 837 837 837 107 36 37 35
481 599 3 210 546 803 546 177 629 177 17 163
482 679 69 420 138 409 47 423 114 925 48 36
483 172 251 26 40 25 10 160 552 571 137 80
484 292 611 270 14 450 186 144 283 394 390 60
485 84 252 412 305 990 65 493 434 154 252 832
486 295 490 405 5 117 211 126 55 738 132 249
487 452 7 213 503 265 823 452 499 699 720 9
488 922 141 525 499 359 213 913 506 9 529 525
489 249 222 188 420 490 356 13 483 219 18 86
490 63 718 281 271 5 375 896 356 13 812 45
491 167 133 971 799 715 21 533 19 288 431 105
492 144 434 184 290 434 3 57 460 41 171 114
493 515 14 280 440 970 917 199 908 201 395 494
494 340 215 440 321 321 396 321 397 181 104 376
495 365 802 256 340 405 28 721 27 26 339 34
496 268 106 87 405 296 249 569 739 569 674 754
497 562 65 434 249 388 280 65 285 63 718 55
498 332 506 502 11 566 11 92 86 58 886 2
499 213 503 506 499 505 499 765 9 500 498 500
500 504 504 856 374 293 661 506 407 332 358 504
501 160 150 541 82 453 83 372 75 427 339 25
502 43 324 11 573 11 128 196 424 124 233 828
503 213 332 502 500 525 265 498 293 420 19 331
504 499 505 406 466 358 729 971 777 723 173 333
505 406 500 7 511 342 262 377 280 533 19 420
506 503 406 501 160 826 408 215 255 424 375 64
507 85 778 160 367 212 494 747 106 68 420 210
508 299 473 326 84 441 699 504 765 7 421 61
509 549 173 142 820 346 342 41 115 318 183 486
510 358 141 608 267 359 499 358 12 266 720 765
511 275 434 404 533 185 404 533 461 46 28 588
512 160 127 184 509 81 141 699 845 4 323 640
513 121 161 530 358 700 332 141 529 608 406 971
514 13 33 29 533 190 87 152 434 11 270 419
515 232 608 141 407 499 500 141 161 555 266 267
516 102 2 174 211 106 211 210 212 115 820 333
517 305 211 6 132 282 132 859 193 2 300 107
518 621 426 130 388 378 397 458 121 223 223 316
519 85 218 249 353 160 397 376 307 74 121 88
520 408 832 408 130 290 694 664 664 486 169 80
521 217 404 125 708 125 166 467 85 307 347 61
522 523 464 444 96 329 333 166 314 17 226 142
523 543 478 478 476 108 329 184 253 258 249 327
524 72 259 86 197 95 64 124 371 210 420 83
525 407 213 360 265 359 707 498 922 956 44 141
526 377 250 103 389 182 61 123 61 181 950 243
527 423 13 207 95 13 515 168 542 275 226 340
528 64 354 353 69 409 474 89 96 599 132 131
529 452 823 707 872 377 167 196 204 593 94 86
530 538 733 723 551 21 519 106 353 434 23 25
531 256 234 235 420 293 11 754 466 893 466 406
532 131 366 404 58 856 573 856 153 249 128 430
533 306 327 894 327 486 128 36 127 1 254 28
534 256 129 282 269 810 244 236 86 504 699 500
535 13 337 96 165 40 547 38 116 151 82 152
536 86 362 11 106 114 44 142 291 420 107 284
537 607 393 433 152 142 132 243 158 107 236 244
538 173 22 22 258 256 280 62 113 23 229 338
539 78 82 252 88 63 16 63 63 665 212 252
540 86 536 20 533 128 820 30 32 473 404 124
541 764 331 73 215 295 104 160 84 250 84 615
542 413 493 342 343 214 21 146 13 421 268 419
543 430 425 401 362 434 83 536 189 460 347 681
544 534 813 585 129 568 168 62 15 592 321 483
545 438 444 114 36 165 420 568 457 65 543 65
546 255 17 18 82 548 816 96 604 305 281 174
547 527 527 113 423 114 166 353 768 98 64 611
548 249 160 394 394 53 13 129 168 491 490 254
549 459 163 121 647 82 236 930 930 243 950 644
550 19 362 114 86 498 267 707 9 264 247 19
551 184 409 169 306 62 506 506 529 160 426 231
552 305 990 3 990 812 59 949 285 304 411 281
553 598 598 84 13 785 409 357 282 183 133 28
554 419 91 306 326 107 494 601 197 13 679 663
555 856 87 212 86 368 104 368 366 404 301 314
556 556 556 556 483 61 64 379 392 528 64 611
557 77 84 454 84 585 600 401 257 291 294 129
558 324 266 267 264 499 407 44 114 46 252 153
559 282 533 616 459 248 341 248 260 260 93 545
560 0 734 177 344 149 440 65 53 85 443 13
561 462 5 520 208 57 411 261 339 34 38 115
562 285 82 106 114 919 981 47 423 89 62 100
563 572 86 37 338 464 450 232 201 160 183 329
564 164 216 272 84 77 811 84 71 288 84 336
565 674 430 501 176 450 450 623 611 292 14 203
566 499 566 569 739 495 254 28 932 258 328 90
567 843 290 13 661 823 264 569 19 510 9 358
568 256 471 472 471 473 108 190 69 183 12 249
569 566 7 502 11 133 362 405 183 430 160 240
570 264 823 666 951 913 856 212 489 300 124 233
571 211 738 59 610 160 65 664 363 128 166 74
572 533 168 493 254 290 533 121 540 82 563 484
573 452 499 452 499 502 358 332 971 679 137 2
574 65 664 486 21 364 211 412 809 55 949 685
575 351 178 176 65 791 425 426 133 600 493 473
576 160 256 412 162 17 422 950 292 82 337 883
577 363 186 254 77 546 820 424 526 390 388 182
578 577 333 471 421 525 406 608 441 142 173 115
579 448 429 46 121 121 767 13 27 437 547 171
580 580 580 580 580 580 580 580 580 580 580 580
581 557 256 258 152 153 121 137 82 340 333 443
582 189 190 121 115 62 333 253 258 932 576 295
583 521 217 432 71 50 48 367 169 494 100 640
584 563 584 290 184 509 184 173 256 106 106 255
585 600 401 664 486 6 411 375 514 329 896 828
586 62 84 233 142 82 681 342 495 468 122 191
587 587 408 193 252 949 481 137 56 698 2 880
588 37 39 455 115 442 981 919 919 981 527 48
589 589 142 280 333 493 278 114 229 39 370 414
590 26 32 93 204 167 751 41 94 955 820 820
591 591 62 233 601 859 252 114 62 441 62 450
592 908 822 484 572 533 186 256 132 258 434 856
593 198 64 397 537 170 117 223 316 253 259 536
594 83 173 404 16 80 105 589 400 306 825 923
595 52 781 537 259 127 184 311 190 564 365 530
596 596 282 662 371 255 453 105 771 106 87 129
597 118 597 932 44 42 147 859 366 183 87 84
598 482 593 214 593 200 776 167 572 290 82 353
599 3 160 223 155 147 154 105 249 747 189 671
600 493 270 129 333 486 128 377 961 377 219 483
601 283 351 351 172 61 103 0 221 42 492 42
602 602 61 264 213 320 350 345 262 349 149 160
603 414 443 135 47 847 919 981 527 96 80 508
604 211 211 842 96 58 254 153 23 588 545 30
605 797 605 846 846 846 846 605 797 605 414 414
606 495 218 340 459 390 459 21 256 258 18 182
607 365 486 5 318 424 497 77 557 256 365 486
608 754 360 105 155 145 82 233 654 333 169 123
609 333 577 363 106 300 434 105 820 167 95 198
610 610 142 480 121 752 121 405 174 971 805 487
611 183 513 84 86 404 618 617 272 461 118 409
612 963 235 252 244 301 180 393 62 93 29 25
613 747 105 142 28 38 35 486 245 62 188 473
614 756 73 74 219 82 303 121 494 151 753 170
615 828 46 429 6 552 285 533 800 409 169 340
616 320 160 158 243 64 10 327 728 733 327 128
617 269 173 326 13 47 135 361 34 438 470 590
618 124 662 494 93 493 515 94 176 238 234 639
619 5 198 258 91 474 420 118 549 274 592 15
620 290 160 264 359 672 543 170 470 914 338 116
621 401 257 130 13 30 160 589 105 169 137 679
622 238 241 440 733 825 723 538 733 551 663 375
623 813 515 206 440 226 106 68 21 624 13 21
624 84 754 360 359 707 566 569 362 15 16 80
625 408 434 121 326 538 530 246 141 332 499 374
626 87 252 121 99 404 62 152 21 300 160 42
627 473 249 211 81 63 233 86 707 264 498 922
628 379 391 380 321 61 95 155 19 11 608 441
629 177 297 215 283 191 352 157 214 450 228 495
630 369 252 269 142 180 289 231 278 284 292 389
631 209 183 152 128 105 183 3 812 685 738 424
632 632 376 283 17 393 17 146 368 232 266 266
633 633 633 633 633 633 633 633 633 633 633 633
634 634 635 208 87 252 5 438 38 29 151 438
635 63 233 240 237 210 233 282 196 64 349 347
636 636 211 480 211 283 61 61 345 256 152 115
637 209 58 249 155 137 329 20 80 663 533 498
638 44 332 502 44 526 82 404 154 333 62 310
639 65 0 313 623 611 938 611 450 434 427 282
640 564 480 184 301 215 53 231 820 87 211 363
641 541 155 739 82 124 185 97 708 62 426 275
642 82 752 82 105 612 71 121 642 513 747 663
643 393 810 321 179 278 420 244 810 244 243 931
644 528 528 5 362 661 265 12 14 47 339 860
645 697 645 156 697 5 230 62 135 251 135 860
646 646 646 646 131 163 934 163 115 420 810 269
647 154 474 166 308 169 115 387 394 628 379 382
648 648 648 648 648 648 648 648 648 648 648 648
649 649 441 430 83 118 748 708 99 139 76 455
650 215 18 218 420 458 600 133 25 34 37 27
651 546 453 491 390 60 61 391 61 483 142 589
652 478 356 290 546 970 917 970 917 974 917 908
653 653 653 653 653 653 653 653 653 653 653 653
654 783 82 458 5 495 250 526 655 183 357 184
655 149 206 231 203 296 494 153 283 2 635 63
656 352 350 822 168 172 30 25 438 427 252 4
657 269 617 269 473 63 193 58 183 308 283 295
658 658 658 658 658 658 658 658 658 658 658 658
659 377 94 593 142 295 932 86 236 371 87 253
660 660 660 660 660 660 660 660 660 660 660 660
661 161 267 266 950 533 361 171 133 10 11 21
662 662 97 100 185 100 100 494 226 275 6 327
663 533 25 36 914 251 47 86 7 529 44 565
664 363 210 931 210 271 809 137 4 303 211 15
665 142 128 94 483 305 409 197 143 482 160 406
666 823 12 267 264 265 608 440 265 957 951 141
667 118 132 107 69 551 434 83 308 880 308 405
668 157 156 697 156 342 493 932 283 252 5 96
669 783 654 376 179 214 434 612 31 32 23 24
670 670 670 670 670 670 670 670 670 670 670 670
671 471 160 89 4 81 128 607 249 218 315 495
672 7 823 700 238 622 238 89 301 29 34 27
673 673 495 278 63 195 162 549 678 48 211 286
674 674 754 359 570 823 661 505 358 331 215 23
675 675 675 675 675 675 675 675 675 675 675 675
676 447 579 446 272 46 932 169 160 435 160 162
677 434 371 114 121 35 588 36 218 309 314 764
678 549 81 638 158 238 209 96 46 271 513 210
679 189 127 1 280 165 39 480 678 747 83 180
680 380 539 178 342 511 337 424 230 62 251 455
681 82 371 662 84 134 340 654 288 756 613 288
682 511 511 191 839 191 681 352 342 278 301 263
683 57 924 303 355 856 141 529 720 707 358 247
684 684 684 684 684 684 684 684 684 684 684 684
685 698 56 698 58 812 83 506 362 421 481 13
686 301 209 252 210 363 329 13 25 10 44 358
687 353 353 486 65 65 493 425 256 169 486 28
688 543 405 102 5 346 105 180 157 295 292 822
689 198 387 295 60 380 396 61 503 498 441 362
690 549 68 82 563 373 411 208 208 195 57 57
691 691 691 691 691 691 691 691 691 691 691 691
692 130 342 157 64 16 174 212 153 49 83 21
693 82 81 162 186 272 462 121 87 412 665 665
694 290 62 79 116 113 40 33 615 244 210 132
695 424 160 286 815 520 685 408 286 329 486 362
696 297 309 0 1 127 227 254 169 24 261 37
697 156 697 321 483 165 13 93 135 136 151 370
698 194 698 698 305 949 685 298 106 163 160 298
699 525 65 543 326 145 591 62 474 333 393 810
700 11 452 971 569 754 804 754 141 213 407 502
701 462 308 182 397 458 172 207 95 204 196 908
702 932 28 34 23 422 166 856 666 441 661 13
703 703 703 703 703 703 703 703 703 703 703 703
704 704 704 704 107 80 137 59 586 63 132 738
705 450 64 11 183 210 237 158 209 96 427 153
706 86 115 166 87 253 83 280 93 407 506 87
707 267 466 555 265 451 487 452 160 484 292 183
708 185 708 404 153 166 474 83 296 249 42 493
709 404 17 166 856 331 177 214 294 425 714 714
710 971 444 438 562 562 202 623 86 203 183 357
711 711 711 711 711 711 711 711 711 711 711 711
712 255 314 184 166 285 131 163 643 963 154 963
713 69 108 300 101 354 185 618 125 323 6 58
714 419 642 21 966 189 21 550 21 13 461 322
715 20 86 708 98 404 494 141 451 265 500 501
716 5 308 880 286 56 718 281 3 138 305 408
717 717 106 365 81 254 492 212 41 204 200 200
718 55 698 412 57 89 136 336 169 367 340 121
719 121 71 50 84 433 50 82 130 172 655 114
720 498 804 608 565 12 365 222 219 18 221 317
721 30 34 29 183 223 256 318 176 486 51 44
722 38 165 128 362 129 231 655 13 129 275 413
723 546 210 45 445 419 296 395 719 841 368 60
724 338 16 153 282 311 73 707 358 525 505 43
725 116 896 300 892 128 220 377 312 311 420 28
726 62 184 166 373 282 747 62 79 47 220 90
727 483 464 160 355 405 226 146 189 627 549 508
728 260 92 21 314 62 427 339 251 417 79 445
729 141 62 28 365 421 362 956 213 8 661 700
730 468 377 129 81 365 18 223 18 115 366 217
731 731 731 731 731 731 731 731 731 731 731 731
732 732 732 732 732 732 732 732 732 732 732 732
733 327 107 19 510 661 570 12 430 62 454 82
734 169 338 160 410 490 459 177 74 64 438 417
735 592 429 155 133 60 231 262 342 173 282 474
736 736 333 114 361 434 190 42 434 233 70 233
737 271 698 55 638 44 555 720 525 358 452 570
738 55 63 685 285 426 401 568 426 62 283 820
739 569 430 543 291 294 931 243 820 801 820 207
740 252 305 880 2 64 644 6 191 857 160 809
741 103 0 0 297 905 297 86 593 86 681 347
742 166 209 963 87 424 641 82 555 44 549 459
743 517 516 5 815 208 434 17 314 82 28 24
744 744 744 744 744 744 744 744 744 744 744 744
745 189 671 509 68 183 401 121 249 954 615 412
746 746 746 746 746 746 746 746 746 746 746 746
747 971 444 48 372 404 107 21 221 225 301 45
748 13 19 161 661 505 971 360 105 493 611 938
749 776 391 321 177 562 426 621 11 754 360 235
750 88 271 304 420 7 922 340 116 816 40 33
751 206 307 301 108 91 477 329 211 66 215 589
752 65 101 581 200 434 548 340 303 63 138 408
753 165 333 119 753 900 251 151 655 367 303 252
754 674 265 12 707 570 7 19 661 19 661 506
755 211 153 211 13 458 434 401 434 215 114 640
756 223 160 281 16 44 499 232 936 572 426 425
757 980 64 51 196 776 377 368 112 368 104 155
758 85 820 422 84 71 162 2 2 612 173 134
759 121 367 932 81 222 519 227 405 132 62 666
760 335 45 107 44 212 21 424 401 971 778 569
761 393 157 397 390 381 182 499 500 699 359 332
762 516 411 516 516 2 809 54 520 532 233 145
763 763 763 763 763 763 763 5 105 258 18 85
764 168 403 473 855 473 483 362 82 261 23 171
765 9 406 533 128 46 638 300 828 889 405 19
766 134 6 587 587 4 208 194 166 253 228 74
767 82 290 405 773 773 405 695 459 358 729 441
768 708 124 300 44 359 502 506 44 951 44 661
769 107 174 2 281 2 96 92 238 62 361 981
770 353 371 351 1 0 309 224 1 215 331 615
771 489 932 671 106 351 106 129 343 160 347 612
772 772 772 772 772 772 772 772 772 772 772 772
773 773 773 773 405 828 46 933 15 209 587 234
774 285 552 305 420 210 434 105 441 333 485 387
775 560 316 905 316 215 188 667 582 106 106 255
776 167 483 61 53 178 380 166 48 423 121 473
777 173 535 10 143 160 256 495 460 80 174 137
778 160 401 835 493 166 128 607 106 280 533 508
779 820 150 473 150 741 103 320 295 16 405 161
780 84 441 504 430 83 107 249 388 394 160 592
781 537 222 911 189 155 371 640 99 139 46 932
782 82 550 434 210 45 446 46 121 828 107 255
783 669 669 615 121 221 468 730 468 107 468 82
784 784 411 88 57 683 411 211 932 253 405 424
785 545 785 23 932 254 355 356 258 108 108 69
786 465 189 508 10 160 153 256 184 747 184 190
787 21 160 748 106 295 341 316 253 237 233 115
788 717 788 717 295 320 250 103 86 662 371 62
789 278 130 284 642 513 183 272 563 493 166 147
790 544 932 154 5 271 717 295 103 150 301 810
791 493 422 404 932 269 546 615 84 317 218 219
792 121 661 452 161 570 247 358 141 249 23 35
793 206 231 203 342 468 160 892 423 443 409 51
794 335 322 929 429 272 422 393 342 377 960 377
795 417 133 283 303 807 211 87 208 371 3 208
796 828 87 106 133 82 549 678 509 306 51 593
797 231 621 277 214 13 444 976 527 64 615 281
798 798 798 798 798 798 798 798 798 798 798 798
799 971 520 991 412 698 57 3 210 62 859 366
800 287 92 498 593 572 82 46 3 832 3 571
801 820 283 594 283 300 97 125 98 618 820 167
802 802 802 802 256 405 162 333 105 601 84 77
803 546 377 458 254 84 317 389 611 129 611 623
804 232 320 616 602 707 61 177 312 5 184 282
805 487 529 720 266 61 465 155 739 569 249 356
806 285 285 586 481 83 285 211 89 809 285 562
807 192 195 160 245 121 116 79 47 482 655 116
808 808 808 808 808 808 808 808 808 808 808 808
809 707 73 358 466 893 466 452 501 430 44 129
810 321 396 308 581 450 169 860 339 361 27 258
811 77 445 160 326 318 442 478 107 932 702 932
812 285 426 401 574 280 128 207 191 284 179 339
813 399 84 152 70 84 31 31 338 27 883 165
814 347 122 60 377 403 425 568 458 62 300 323
815 194 208 126 300 531 438 892 226 340 483 820
816 470 96 655 231 289 277 621 377 296 250 295
817 543 401 129 353 100 98 97 300 748 300 889
818 440 200 65 752 82 131 698 481 55 54 58
819 140 64 64 99 173 282 271 272 309 223 459
820 434 408 59 845 193 192 271 126 564 4 431
821 163 435 316 215 347 157 393 607 544 105 422
822 563 14 178 65 51 740 51 82 526 275 276
823 19 570 569 501 374 441 533 906 546 856 12
824 191 494 12 573 573 44 569 12 141 499 608
825 733 327 259 83 481 131 683 281 195 286 56
826 832 826 2 809 627 473 855 299 855 549 855
827 506 107 280 228 226 62 18 310 313 623 313
828 233 86 93 424 4 281 164 170 136 464 129
829 523 64 280 249 671 495 606 495 419 143 413
830 452 501 504 500 358 73 316 147 546 850 199
831 258 831 258 469 108 143 196 16 269 147 155
832 252 520 859 849 859 366 234 237 62 754 565
833 62 90 329 198 290 65 874 65 457 421 404
834 107 809 107 74 549 160 730 468 495 188 106
835 275 562 413 714 426 401 285 921 412 137 88
836 813 543 493 791 65 714 413 493 107 393 121
837 837 107 269 252 48 84 37 261 367 129 129
838 45 124 185 52 52 314 283 366 254 46 424
839 191 166 380 232 526 498 12 265 7 754 141
840 285 166 355 356 62 505 249 243 271 455 370
841 869 397 321 483 820 44 754 9 754 44 529
842 211 340 325 945 327 13 93 563 464 847 976
843 567 567 82 183 198 41 206 793 435 942 95
844 971 196 820 950 481 281 718 5 195 208 4
845 2 651 597 301 276 549 934 340 114 28 424
846 846 846 605 414 645 156 320 320 434 161 105
847 48 485 387 115 252 880 157 343 183 281 412
848 419 714 373 58 154 333 280 62 467 62 280
849 57 63 718 305 243 239 373 239 243 373 311
850 546 546 173 21 365 256 226 301 285 271 89
851 605 797 231 316 341 218 223 228 121 759 121
852 206 200 434 440 534 450 65 562 177 94 908
853 82 453 86 163 366 255 169 367 361 13 4
854 285 420 143 196 94 974 820 100 935 125 424
855 549 473 183 285 458 168 263 367 39 883 27
856 820 123 338 420 152 494 2 62 114 86 151
857 160 206 546 909 546 173 723 551 733 728 885
858 306 511 411 866 80 299 710 187 550 187 494
859 2 333 367 424 172 526 65 581 0 238 210
860 455 116 118 183 63 195 211 101 323 708 124
861 350 861 350 345 254 329 363 278 257 342 621
862 777 554 134 134 340 445 366 184 419 405 44
863 57 809 738 481 137 208 137 303 665 55 211
864 411 809 59 971 777 134 535 13 304 369 88
865 56 271 55 665 121 490 87 74 314 18 366
866 80 189 184 480 356 82 401 430 504 533 168
867 340 303 56 252 832 193 1001 826 58 233 159
868 5 154 474 333 119 229 64 10 327 82 201
869 376 262 347 122 376 321 483 133 83 533 320
870 401 249 419 249 46 63 366 153 155 181 397
871 231 177 86 498 360 44 360 495 365 211 129
872 218 696 248 330 74 400 309 310 221 537 315
873 425 567 82 269 859 601 333 2 685 58 285
874 425 130 129 542 399 543 113 76 113 168 458
875 170 900 464 464 291 93 526 44 28 212 160
876 564 281 56 13 207 95 309 224 64 926 210
877 137 880 138 56 718 305 489 300 210 927 158
878 27 917 918 64 859 56 55 4 635 2 586
879 242 5 438 74 696 222 7 264 661 452 19
880 157 16 771 145 166 818 62 833 62 21 80
881 96 58 803 803 826 6 438 263 919 981 318
882 160 258 357 568 493 611 66 513 147 612 105
883 39 33 32 27 361 62 68 82 114 307 588
884 884 412 3 412 105 187 155 108 13 339 115
885 20 420 340 212 131 586 83 932 165 883 337
886 217 121 151 748 405 424 747 80 395 107 809
887 92 21 375 105 180 145 234 404 373 552 738
888 412 625 408 516 411 215 211 63 128 11 64
889 405 828 145 21 82 152 518 661 19 506 105
890 121 19 499 264 12 183 900 455 261 119 455
891 405 4 412 812 366 387 283 125 5 232 141
892 28 367 75 339 482 89 57 408 58 665 4
893 971 569 501 160 42 21 624 223 313 309 400
894 327 128 290 356 16 543 813 413 172 133 218
895 417 434 152 74 218 133 143 143 820 342 376
896 107 77 932 249 208 930 963 243 211 481 373
897 263 847 113 36 30 366 218 549 173 160 549
898 481 107 454 258 165 121 158 233 160 379 64
899 2 506 651 420 283 366 387 182 389 377 368
900 464 331 223 18 365 269 46 812 298 685 826
901 137 815 305 483 305 420 29 438 165 254 420
902 5 236 238 963 210 256 548 381 548 143 820
903 191 903 907 851 907 377 490 128 419 591 145
904 321 283 17 115 442 478 424 357 184 422 546
905 905 311 297 49 84 442 478 121 16 290 108
906 156 179 122 262 345 157 385 394 320 440 447
907 936 168 440 818 166 576 129 714 62 190 282
908 820 424 375 476 112 108 13 450 133 820 801
909 183 93 171 444 301 655 75 84 467 21 87
910 65 169 36 121 131 4 283 379 387 394 179
911 222 106 132 86 623 458 86 205 199 419 777
912 526 168 491 340 173 82 36 318 482 598 84
913 44 503 499 533 264 856 249 459 87 665 665
914 816 151 367 338 165 932 106 363 165 86 33
915 38 329 121 300 300 638 495 87 128 83 654
916 414 415 852 851 852 851 377 562 160 187 69
917 974 593 974 87 490 513 74 86 521 554 62
918 206 852 851 180 277 621 781 537 231 178 231
919 919 89 304 806 304 96 474 424 196 231 871
920 230 920 435 127 92 65 380 537 394 368 160
921 63 121 252 56 286 303 630 369 252 494 377
922 340 314 165 547 417 486 537 21 560 496 498
923 733 420 458 129 484 484 572 290 6 181 250
924 209 249 602 499 707 332 487 9 661 211 661
925 455 417 485 981 114 444 333 269 164 164 695
926 210 242 132 252 137 2 64 183 545 93 13
927 931 234 96 64 66 67 86 145 121 665 63
928 211 340 62 355 329 340 325 10 971 809 5
929 933 956 430 421 566 569 19 510 499 7 359
930 927 234 269 404 15 45 301 504 569 249 3
931 931 301 61 53 232 321 157 191 420 280 336
932 748 121 74 1 155 101 102 192 194 132 132
933 45 828 106 145 333 105 550 82 856 506 9
934 549 118 511 420 218 228 482 289 277 149 278
935 353 87 114 411 132 89 437 847 547 40 953
936 167 751 41 51 64 134 372 373 306 69 216
937 353 97 335 164 137 62 833 5 346 409 504
938 611 166 529 699 332 487 421 434 184 166 133
939 232 265 359 466 500 358 501 504 161 405 362
940 128 388 157 398 157 344 191 839 191 214 215
941 189 509 518 434 226 74 282 124 405 255 329
942 435 163 160 400 411 986 470 655 301 473 473
943 295 311 373 508 82 180 254 114 333 340 340
944 748 121 29 554 134 766 340 133 232 501 498
945 325 260 297 13 172 813 413 493 932 237 587
946 641 420 189 155 351 518 552 481 898 481 373
947 394 160 474 17 473 441 87 424 371 21 278
948 381 379 398 379 6 59 252 88 411 2 612
949 481 373 163 612 115 136 30 764 30 160 529
950 913 972 913 950 77 932 859 815 194 587 408
951 666 12 638 81 508 679 68 287 184 546 121
952 540 509 325 478 469 411 318 367 170 164 174
953 292 183 88 369 88 533 508 188 62 730 231
954 546 44 365 11 529 421 255 5 171 40 590
955 593 200 176 486 417 485 84 174 363 87 280
956 922 488 487 452 608 232 6 286 520 305 6
957 700 971 4 612 162 468 82 50 84 549 212
958 69 306 511 191 342 376 61 758 288 283 329
959 377 177 297 49 19 473 32 438 261 367 980
960 377 189 695 259 74 17 146 615 333 950 707
961 377 149 88 369 630 303 520 166 453 121 147
962 325 64 615 129 87 84 478 514 375 478 113
963 159 183 184 971 672 406 502 11 661 502 661
964 40 93 86 340 16 15 404 142 856 145 299
965 936 955 205 94 515 381 380 379 63 411 411
966 189 215 511 511 275 177 656 380 283 380 120
967 525 407 265 266 265 359 264 264 569 11 247
968 299 546 177 656 122 95 60 381 390 376 376
969 184 508 550 82 105 283 201 917 196 205 94
970 128 95 183 531 333 269 933 89 107 489 249
971 627 667 550 667 69 86 467 160 150 387 388
972 913 856 249 258 424 464 211 990 194 3 473
973 971 695 189 17 696 18 852 852 415 86 36
974 917 95 86 7 11 327 10 405 255 365 256
975 971 570 7 212 163 422 153 50 654 84 474
976 527 48 84 112 258 91 477 66 146 18 103
977 977 209 82 234 494 23 212 152 50 152 92
978 900 128 15 823 707 441 12 996 12 7 569
979 979 170 491 490 249 46 3 210 295 382 377
980 427 615 820 365 137 420 526 495 468 74 314
981 423 176 200 440 608 466 5 840 562 6 738
982 137 3 59 865 865 865 63 193 63 195 2
983 114 547 847 47 925 113 115 531 256 647 647
984 153 107 36 442 423 925 245 338 638 126 126
985 376 283 86 506 2 166 252 269 333 107 837
986 411 412 238 210 927 159 237 209 137 139 139
987 115 28 36 128 179 249 107 401 44 661 247
988 24 36 82 549 362 256 290 13 26 438 36
989 91 989 329 371 300 367 318 13 135 93 78
990 3 256 647 458 647 154 152 433 233 494 39
991 520 22 137 271 271 271 142 105 569 566 707
992 992 992 992 129 346 13 461 216 509 424 81
993 408 420 152 82 203 280 464 339 34 34 434
994 6 57 6 826 195 412 303 210 16 308 295
995 712 255 145 299 418 107 47 925 333 609 609
996 12 362 7 452 570 661 754 555 466 12 661
997 953 24 25 30 336 280 333 417 438 89 159
998 65 413 562 654 211 271 13 679 187 155 106
999 145 546 103 390 396 380 101 211 506 365 209
1000 166 473 404 101 353 404 99 98 124 708 125
1001 990 408 59 4 305 718 63 285 840 285 586
1002 560 74 116 23 427 333 438 169 165 443 370
1003 258 831 258 111 84 243 607 419 642 932 165
1004 55 58 193 411 859 845 924 89 160 12 466
0 103 546 963 107
1 21 28 30 261
2 6 132 16 748
3 137 166 242 166
4 102 64 184 418
5 134 372 48 151
6 552 481 738 5
7 451 265 7 566
8 44 106 212 434
9 661 264 440 542
10 21 152 340 314
11 10 13 84 558
12 420 11 324 466
13 65 282 190 459
14 593 776 936 546
15 274 216 140 166
16 405 548 753 170
17 177 232 232 201
18 797 14 277 149
19 560 1 224 160
20 536 166 132 87
21 820 5 980 119
22 127 20 74 18
23 460 256 450 600
24 31 34 24 23
25 35 26 30 133
26 654 233 121 474
27 160 323 64 69
28 533 249 114 166
29 590 299 190 564
30 29 25 160 747
31 170 495 254 63
32 590 33 113 417
33 443 409 428 651
34 590 29 533 164
35 5 807 192 5
36 218 218 341 295
37 123 180 421 525
38 321 390 182 150
39 24 455 261 753
40 171 40 443 115
41 42 160 242 160
42 405 249 107 601
43 406 608 720 700
44 9 9 765 246
45 446 461 447 447
46 96 169 106 495
47 925 245 339 75
48 166 82 215 314
49 49 612 42 163
50 654 404 162 468
51 445 139 216 446
52 128 820 206 133
53 526 290 16 153
54 411 604 211 255
55 520 552 4 166
56 2 193 55 193
57 832 192 195 412
58 654 26 25 36
59 2 194 192 132
60 384 390 104 368
61 395 321 390 321
62 591 142 560 73
63 138 86 154 5
64 379 164 448 448
65 334 322 461 269
66 112 37 96 242
67 86 450 13 147
68 301 81 142 46
69 187 69 287 160
70 494 506 358 358
71 70 152 269 513
72 20 520 532 552
73 17 166 19 473
74 219 17 223 309
75 165 932 820 269
76 976 245 686 263
77 282 82 245 333
78 82 74 219 309
79 601 333 984 153
80 106 434 229 434
81 252 66 112 896
82 563 464 444 444
83 203 495 473 141
84 425 84 13 214
85 41 142 828 64
86 392 377 546 533
87 258 253 434 46
88 88 810 597 932
89 285 305 195 58
90 477 375 357 81
91 160 106 671 495
92 326 318 36 82
93 424 283 426 245
94 776 160 448 735
95 207 5 520 520
96 340 268 221 647
97 101 211 402 420
98 62 115 153 256
99 121 68 300 64
100 107 454 106 188
101 581 200 413 714
102 2 138 63 256
103 201 167 468 162
104 61 533 145 999
105 115 28 588 13
106 546 77 282 170
107 642 21 282 255
108 509 509 540 82
109 51 486 426 457
110 121 458 64 96
111 478 329 375 356
112 476 375 51 199
113 527 444 455 919
114 128 27 28 545
115 107 896 710 747
116 455 330 74 424
117 106 128 15 160
118 128 93 291 256
119 165 314 314 314
120 0 101 353 69
121 51 35 953 24
122 168 128 169 533
123 338 455 170 26
124 335 760 546 850
125 125 323 100 98
126 209 249 607 170
127 129 363 508 473
128 494 504 11 91
129 123 129 351 172
130 426 568 129 254
131 4 990 1001 990
132 2 832 4 411
133 419 106 107 434
134 521 615 58 82
135 438 6 751 167
136 336 251 914 169
137 175 252 434 152
138 126 285 425 493
139 166 168 611 183
140 174 564 281 105
141 332 421 496 498
142 28 419 154 412
143 375 91 64 572
144 434 478 81 303
145 239 145 856 434
146 533 114 411 481
147 85 160 736 160
148 377 402 349 6
149 347 157 880 281
150 215 105 41 206
151 251 455 114 210
152 283 104 387 118
153 333 895 333 417
154 412 971 430 83
155 183 129 362 283
156 191 149 347 166
157 5 520 89 158
158 238 499 502 504
159 243 607 81 252
160 663 533 306 723
161 105 41 160 361
162 217 49 153 49
163 333 81 467 152
164 428 160 152 115
165 490 377 94 342
166 559 166 17 23
167 290 493 523 134
168 585 172 802 802
169 121 4 520 121
170 170 133 399 51
171 171 820 28 721
172 275 200 207 199
173 366 215 747 215
174 859 963 159 183
175 174 254 269 173
176 515 6 3 138
177 546 84 510 661
178 345 82 188 486
179 60 179 150 148
180 17 467 152 107
181 351 350 533 236
182 308 411 24 455
183 900 914 165 362
184 357 357 301 199
185 100 62 211 859
186 162 612 217 84
187 550 165 249 464
188 508 373 121 84
189 17 160 582 418
190 189 818 65 53
191 256 223 221 82
192 271 192 516 408
193 845 59 481 6
194 238 440 629 178
195 517 2 166 430
196 64 98 124 98
197 197 41 482 134
198 183 410 82 46
199 377 380 321 560
200 380 380 296 179
201 908 196 282 300
202 206 291 257 130
203 495 160 81 710
204 94 86 666 666
205 498 956 7 44
206 1000 232 556 556
207 918 199 258 365
208 54 285 174 395
209 924 96 59 138
210 932 282 494 458
211 532 404 586 285
212 820 974 593 936
213 441 266 441 105
214 352 681 347 231
215 494 106 113 51
216 448 46 933 448
217 71 152 364 212
218 495 21 87 45
219 232 939 572 5
220 377 320 379 398
221 280 83 727 464
222 310 17 212 329
223 106 129 563 373
224 160 877 184 106
225 218 248 372 70
226 228 495 118 667
227 215 400 133 681
228 226 390 320 379
229 366 440 232 41
230 898 230 160 249
231 232 537 53 231
232 413 450 399 440
233 239 373 373 964
234 654 333 121 651
235 233 63 243 820
236 241 243 926 237
237 162 212 405 116
238 758 238 62 68
239 3 195 59 481
240 211 48 654 249
241 158 950 963 58
242 564 183 401 172
243 63 481 421 459
244 84 441 473 509
245 301 118 21 533
246 266 324 11 324
247 506 105 210 282
248 330 860 336 96
249 172 166 194 300
250 495 211 137 126
251 172 142 160 368
252 302 160 424 783
253 21 83 518 132
254 147 142 217 340
255 222 268 215 341
256 152 132 271 518
257 183 89 437 136
258 22 520 164 2
259 74 18 107 84
260 311 184 747 189
261 333 13 478 356
262 345 256 58 5
263 444 301 511 64
264 510 510 8 499
265 141 555 266 246
266 720 213 360 44
267 19 331 223 220
268 311 225 459 74
269 139 129 473 459
270 280 86 372 366
271 528 489 21 221
272 428 322 13 445
273 271 210 107 361
274 45 404 354 100
275 440 499 213 421
276 276 276 426 167
277 191 343 214 82
278 82 81 299 549
279 279 279 5 789
280 62 251 170 427
281 333 269 644 269
282 62 107 671 375
283 577 757 980 367
284 277 149 149 148
285 254 227 756 375
286 520 810 321 295
287 896 329 638 300
288 252 174 685 481
289 425 129 458 426
290 484 160 882 160
291 464 820 243 537
292 64 94 955 593
293 44 133 531 256
294 526 515 270 160
295 392 379 628 394
296 83 259 106 290
297 218 224 560 459
298 685 949 54 305
299 700 661 211 705
300 892 423 89 438
301 446 15 216 274
302 13 526 424 164
303 950 856 246 530
304 89 260 89 6
305 138 252 121 168
306 121 63 845 481
307 307 18 0 74
308 430 5 455 438
309 222 316 215 64
310 62 748 283 296
311 248 142 145 612
312 366 107 428 448
313 623 791 401 424
314 317 18 365 310
315 519 405 129 180
316 253 212 363 128
317 295 393 385 377
318 113 176 178 681
319 243 83 812 877
320 160 401 129 282
321 810 296 103 394
322 533 562 377 294
323 160 51 261 171
324 720 608 213 533
325 5 833 249 672
326 82 856 922 499
327 13 329 147 146
328 474 494 448 812
329 28 533 164 64
330 223 73 485 387
331 215 541 140 5
332 213 466 451 265
333 176 178 440 380
334 269 365 489 408
335 933 933 933 933
336 251 116 460 169
337 6 191 682 191
338 16 495 42 329
339 123 900 170 117
340 160 130 157 278
341 316 268 212 87
342 139 129 419 367
343 214 95 197 908
344 656 344 149 420
345 152 288 233 173
346 342 103 123 160
347 61 393 83 518
348 191 351 13 588
349 191 179 249 602
350 572 563 563 129
351 129 922 129 106
352 681 123 339 28
353 404 154 474 422
354 64 157 231 820
355 166 459 616 435
356 82 12 856 833
357 107 21 690 160
358 232 971 416 173
359 141 44 62 255
360 971 324 266 498
361 333 423 171 23
362 105 314 85 226
363 278 405 15 216
364 152 147 155 337
365 607 393 160 526
366 152 726 17 309
367 495 250 103 389
368 275 840 457 533
369 304 285 138 990
370 226 86 506 247
371 285 625 285 254
372 248 612 50 431
373 243 240 373 243
374 506 499 407 502
375 66 108 190 162
376 389 14 291 280
377 160 90 183 258
378 393 397 379 316
379 164 2 195 2
380 61 157 156 181
381 60 388 296 250
382 379 719 182 377
383 295 106 582 189
384 377 220 90 220
385 60 393 254 462
386 295 486 245 171
387 485 317 226 340
388 179 122 123 160
389 283 60 172 275
390 491 167 218 513
391 320 181 160 164
392 588 37 40 29
393 381 180 820 343
394 320 296 380 182
395 321 156 320 483
396 61 60 385 60
397 6 528 271 304
398 379 384 157 394
399 183 568 257 544
400 21 303 88 211
401 714 813 817 544
402 377 150 160 228
403 172 204 6 195
404 217 142 124 838
405 758 758 223 226
406 502 359 141 249
407 503 265 533 147
408 192 2 809 88
409 118 420 278 278
410 82 166 601 107
411 308 169 263 29
412 587 194 6 57
413 168 426 486 362
414 415 852 206 207
415 414 697 5 209
416 327 945 327 10
417 176 200 177 220
418 747 301 271 304
419 302 333 847 981
420 249 533 234 160
421 359 496 268 311
422 601 333 601 252
423 114 725 339 27
424 69 160 80 384
425 401 664 486 63
426 458 6 181 394
427 612 856 82 783
428 676 447 334 322
429 274 86 584 86
430 430 160 539 178
431 434 159 215 128
432 288 218 85 160
433 50 217 121 489
434 411 195 2 665
435 147 615 820 87
436 438 494 197 197
437 39 31 39 86
438 302 438 87 820
439 96 245 455 464
440 64 572 533 185
441 729 971 444 76
442 417 183 859 474
443 33 40 900 753
444 417 895 114 892
445 820 644 147 644
446 140 274 429 335
447 164 428 107 41
448 216 971 47 5
449 414 443 263 925
450 494 470 438 590
451 141 332 504 765
452 160 214 172 292
453 82 50 431 58
454 258 329 80 490
455 925 48 47 114
456 456 456 456 456
457 523 464 820 200
458 62 141 293 856
459 212 129 450 623
460 607 419 128 169
461 461 216 269 735
462 546 83 212 371
463 463 462 460 81
464 338 229 536 298
465 519 465 14 270
466 8 950 17 283
467 85 519 786 52
468 172 212 69 190
469 89 10 508 212
470 427 86 485 336
471 607 519 518 351
472 471 671 495 377
473 474 356 82 642
474 112 7 19 823
475 300 434 221 85
476 108 329 258 249
477 258 66 121 513
478 282 74 248 309
479 414 603 414 645
480 418 509 253 21
481 211 738 131 212
482 554 62 106 726
483 342 381 391 182
484 83 58 366 230
485 485 455 261 114
486 611 623 86 368
487 496 496 560 336
488 922 847 437 38
489 82 50 654 153
490 149 420 373 243
491 695 20 28 952
492 154 114 455 860
493 434 367 106 21
494 68 550 82 81
495 227 82 17 615
496 64 95 207 95
497 13 27 133 531
498 765 720 555 82
499 533 800 615 492
500 358 569 9 499
501 569 501 44 300
502 44 525 359 525
503 358 106 282 41
504 765 44 401 160
505 525 504 421 421
506 529 9 971 190
507 507 85 53 420
508 582 84 510 358
509 69 710 299 590
510 504 699 9 569
511 5 55 56 303
512 162 643 49 50
513 153 173 950 23
514 375 318 318 981
515 280 922 499 9
516 102 3 272 428
517 516 516 333 269
518 82 462 462 586
519 519 519 316 495
520 155 150 376 368
521 366 531 256 462
522 563 563 14 289
523 522 523 292 14
524 72 106 550 212
525 913 499 406 358
526 401 870 401 430
527 6 141 913 560
528 392 283 389 296
529 441 161 300 68
530 358 266 754 44
531 367 107 834 107
532 162 15 405 367
533 4 587 408 552
534 440 14 141 500
535 173 366 20 326
536 20 301 226 225
537 380 166 252 740
538 498 526 450 544
539 531 249 83 81
540 509 287 80 473
541 140 812 803 195
542 399 450 458 604
543 16 63 271 738
544 450 65 435 147
545 255 434 3 3
546 206 167 198 229
547 48 437 115 355
548 203 86 23 254
549 362 15 933 335
550 81 418 190 108
551 303 137 169 62
552 63 82 132 59
553 553 84 217 366
554 340 107 170 494
555 754 466 971 9
556 113 932 17 615
557 51 198 202 562
558 569 19 324 11
559 142 145 326 145
560 40 409 272 273
561 462 212 174 237
562 377 351 575 149
563 936 290 198 593
564 589 434 172 172
565 44 765 421 9
566 608 565 266 324
567 843 567 843 567
568 256 258 183 309
569 359 754 161 81
570 452 823 9 499
571 145 405 115 427
572 377 575 232 14
573 498 441 573 9
574 425 568 568 256
575 342 107 478 478
576 142 434 221 485
577 283 318 423 438
578 577 333 47 820
579 334 429 274 263
580 580 580 580 580
581 820 136 336 338
582 549 6 1001 826
583 521 598 482 79
584 272 269 420 338
585 172 377 228 172
586 826 803 826 192
587 238 963 301 209
588 37 27 590 26
589 589 589 249 607
590 38 26 442 981
591 142 100 96 80
592 429 301 36 35
593 196 204 820 162
594 372 373 93 464
595 52 1 147 85
596 597 695 249 474
597 546 812 4 880
598 553 482 553 482
599 304 88 96 114
600 133 426 86 166
601 107 160 209 963
602 569 501 358 560
603 414 603 414 443
604 131 411 55 54
605 846 605 797 231
606 495 214 166 133
607 81 518 249 154
608 754 804 608 440
609 30 37 31 36
610 142 458 543 280
611 64 528 191 82
612 347 61 321 592
613 747 282 28 367
614 613 747 249 589
615 252 859 5 230
616 533 63 812 102
617 272 446 428 15
618 353 106 480 362
619 96 121 99 97
620 86 65 130 277
621 130 191 284 1
622 238 302 123 95
623 623 450 543 576
624 409 35 878 23
625 252 83 283 355
626 87 208 57 211
627 62 508 212 508
628 181 155 371 63
629 177 60 377 94
630 369 252 210 114
631 159 241 210 83
632 376 390 308 6
633 633 633 633 633
634 635 137 665 58
635 126 285 738 685
636 636 636 636 636
637 233 424 211 62
638 300 124 173 549
639 158 58 193 812
640 125 15 62 151
641 641 371 329 82
642 121 533 280 655
643 87 426 160 369
644 950 651 546 245
645 191 681 350 180
646 646 411 949 411
647 221 73 707 569
648 648 648 648 648
649 649 649 121 83
650 215 159 105 77
651 2 64 249 5
652 333 58 286 481
653 653 653 653 653
654 58 665 303 351
655 183 568 133 30
656 231 231 457 562
657 269 105 450 14
658 658 658 658 658
659 377 350 351 94
660 660 660 660 660
661 420 63 210 434
662 100 404 533 266
663 508 747 62 262
664 486 458 543 813
665 174 2 195 517
666 166 81 508 10
667 184 420 81 87
668 157 321 388 60
669 669 5 902 5
670 670 670 670 670
671 551 473 189 187
672 249 278 284 167
673 495 105 859 546
674 506 500 502 43
675 675 675 675 675
676 160 136 251 370
677 199 205 925 318
678 549 818 92 137
679 68 69 958 69
680 380 101 371 434
681 86 553 340 303
682 191 645 414 449
683 412 809 208 194
684 684 684 684 684
685 252 288 83 747
686 263 443 847 171
687 107 180 950 812
688 543 576 543 16
689 198 202 562 840
690 160 249 41 133
691 691 691 691 691
692 231 277 14 291
693 82 462 145 290
694 549 800 409 35
695 317 307 314 256
696 18 797 231 656
697 415 414 443 427
698 305 516 411 373
699 971 400 260 297
700 720 699 529 44
701 462 121 78 79
702 107 78 93 14
703 703 703 703 703
704 704 107 41 17
705 425 526 86 93
706 86 38 592 735
707 359 7 674 504
708 599 2 271 56
709 185 404 372 372
710 188 508 509 108
711 711 711 711 711
712 401 430 462 546
713 509 325 82 147
714 62 81 367 420
715 20 118 326 118
716 716 716 716 5
717 160 268 496 506
718 5 0 5 815
719 397 389 296 62
720 466 529 499 406
721 28 333 47 76
722 278 21 106 86
723 777 69 184 290
724 338 409 151 470
725 40 448 617 592
726 5 102 98 353
727 483 172 482 79
728 885 887 885 728
729 649 441 506 510
730 64 134 867 134
731 731 731 731 731
732 732 732 732 732
733 723 551 299 81
734 695 971 582 418
735 461 428 579 579
736 736 86 820 420
737 271 89 303 107
738 252 159 166 173
739 82 68 92 137
740 51 908 918 776
741 377 458 13 170
742 166 250 295 943
743 102 3 412 281
744 744 744 744 744
745 282 31 121 546
746 746 746 746 746
747 667 13 145 434
748 793 206 776 200
749 284 179 148 150
750 88 924 699 700
751 128 204 377 204
752 121 173 96 151
753 116 443 263 426
754 211 211 611 5
755 211 389 160 736
756 311 248 73 0
757 577 375 889 828
758 61 172 219 222
759 121 190 160 28
760 592 447 448 461
761 393 761 393 533
762 516 192 516 762
763 5 283 601 79
764 168 206 133 419
765 358 44 459 695
766 766 134 6 140
767 473 116 170 160
768 353 937 353 404
769 559 769 62 493
770 353 828 169 336
771 13 305 63 129
772 772 772 772 772
773 773 405 16 405
774 285 2 489 105
775 560 221 82 474
776 206 160 59 58
777 419 87 473 93
778 160 308 405 519
779 146 52 814 52
780 84 254 518 254
781 621 284 284 277
782 526 407 466 754
783 154 375 405 314
784 784 784 411 728
785 409 184 508 184
786 64 515 813 93
787 21 20 137 281
788 788 788 717 215
789 835 275 200 344
790 544 534 544 133
791 401 543 87 147
792 121 255 13 661
793 748 256 51 280
794 322 447 409 336
795 417 115 318 5
796 405 748 107 166
797 605 414 449 414
798 798 798 798 798
799 166 168 822 86
800 287 184 81 254
801 820 79 128 106
802 256 256 471 810
803 546 518 434 253
804 266 246 213 44
805 971 20 82 41
806 806 806 809 302
807 54 438 93 664
808 808 808 808 808
809 88 271 183 137
810 393 473 183 419
811 531 142 756 533
812 282 35 62 29
813 172 542 183 365
814 52 146 13 26
815 57 96 470 170
816 470 119 165 133
817 544 813 714 450
818 166 242 303 256
819 139 447 461 446
820 751 820 183 133
821 160 323 101 155
822 464 128 365 421
823 19 754 266 265
824 191 130 426 245
825 723 551 303 58
826 826 192 2 107
827 506 672 141 498
828 169 306 511 215
829 523 836 523 464
830 452 661 570 19
831 258 27 370 41
832 145 188 679 187
833 856 615 142 217
834 107 828 612 859
835 275 426 401 172
836 813 440 460 493
837 837 837 837 107
838 124 371 662 618
839 191 148 468 419
840 426 440 206 196
841 841 719 121 84
842 211 236 86 586
843 290 282 82 296
844 971 452 498 503
845 252 880 57 3
846 846 846 846 846
847 922 913 7 8
848 419 542 275 542
849 387 157 387 950
850 546 533 155 533
851 575 167 277 167
852 415 86 12 957
853 82 180 212 87
854 82 555 409 428
855 299 287 81 375
856 153 180 615 249
857 191 282 373 306
858 306 400 306 538
859 886 859 160 821
860 438 38 258 111
861 350 533 265 267
862 777 862 777 538
863 57 211 252 234
864 411 163 142 28
865 63 635 208 115
866 80 375 340 892
867 340 303 285 304
868 5 644 140 174
869 182 60 321 320
870 401 562 183 291
871 231 575 149 349
872 17 393 377 389
873 401 362 421 452
874 401 257 377 403
875 170 411 283 210
876 564 63 635 634
877 184 357 328 331
878 23 26 545 462
879 242 879 242 121
880 138 160 336 409
881 96 115 492 612
882 166 290 419 101
883 337 5 520 195
884 412 803 803 195
885 728 411 430 19
886 665 212 371 3
887 20 42 453 167
888 412 888 412 193
889 405 87 132 859
890 890 890 121 115
891 405 161 666 19
892 226 301 810 471
893 971 20 520 571
894 327 733 538 530
895 417 370 39 30
896 114 366 356 160
897 263 417 367 80
898 230 420 280 21
899 2 54 665 272
900 5 192 412 285
901 137 211 121 130
902 5 495 526 413
903 907 342 167 203
904 321 295 396 320
905 905 177 61 64
906 533 186 272 422
907 156 180 349 644
908 776 41 601 494
909 280 214 83 278
910 65 409 800 615
911 81 371 169 900
912 526 167 820 107
913 967 498 359 498
914 987 338 31 32
915 38 13 771 105
916 414 370 318 47
917 40 160 294 931
918 197 207 206 62
919 113 51 112 37
920 435 647 82 368
921 63 175 252 283
922 913 358 141 498
923 723 777 419 848
924 57 863 57 5
925 443 820 751 41
926 159 158 62 174
927 237 241 244 236
928 211 81 81 128
929 334 46 81 518
930 208 371 87 131
931 927 931 963 107
932 147 249 954 546
933 46 405 758 120
934 549 326 533 572
935 768 371 45 282
936 706 936 965 936
937 100 494 170 36
938 611 493 464 82
939 572 822 593 204
940 128 155 367 438
941 189 454 160 20
942 435 127 130 180
943 295 560 328 375
944 748 105 441 529
945 325 327 327 20
946 641 946 641 420
947 394 181 388 295
948 381 548 160 441
949 685 175 665 212
950 23 82 541 82
951 213 503 213 12
952 710 81 486 329
953 23 254 115 417
954 87 13 478 424
955 197 172 115 23
956 498 602 525 7
957 700 213 360 293
958 962 958 69 260
959 377 172 401 874
960 377 391 393 182
961 377 344 231 316
962 958 962 958 69
963 82 739 12 681
964 29 133 399 401
965 936 129 495 208
966 21 44 501 232
967 913 529 7 502
968 299 473 280 483
969 509 216 448 335
970 51 196 917 974
971 448 592 447 592
972 509 747 615 615
973 971 188 80 299
974 94 198 200 917
975 971 108 110 474
976 919 919 263 419
977 242 237 233 121
978 860 455 361 261
979 316 187 365 486
980 757 367 165 490
981 976 333 455 318
982 137 210 137 164
983 333 83 594 83
984 66 215 221 312
985 376 368 366 305
986 411 866 96 338
987 116 118 301 215
988 24 964 24 36
989 91 112 66 111
990 1001 6 426 92
991 412 238 2 211
992 129 115 370 48
993 408 571 6 486
994 6 184 357 21
995 712 4 13 325
996 12 700 441 160
997 24 36 34 361
998 65 51 13 301
999 145 121 490 258
1000 292 232 312 311
1001 4 166 314 363
1002 560 221 226 419
1003 258 142 963 235
1004 55 481 698 56
