0 6 517 411 333 42 212 489 6 685 194 3
1 641 163 652 333 423 113 168 231 526 413 214
2 494 191 352 681 347 191 283 0 283 368 377
3 160 349 907 907 903 191 379 80 160 106 268
4 612 233 433 364 433 432 162 405 340 212 191
5 464 523 14 277 232 562 129 413 168 114 533
6 327 473 129 572 129 450 105 478 90 91 64
7 360 7 7 546 84 404 963 58 832 587 237
8 7 265 12 8 9 487 487 451 161 161 105
9 707 61 177 166 742 614 742 614 742 614 742
10 777 971 480 971 514 91 107 55 194 6 549
11 133 417 485 166 347 460 607 105 166 269 644
12 430 129 473 549 215 58 494 190 121 363 28
13 812 208 132 82 82 285 809 552 54 57 5
14 797 14 64 455 263 981 361 533 326 533 562
15 46 140 282 129 188 82 63 849 859 4 13
16 15 420 166 223 330 556 113 114 13 481 6
17 153 494 90 459 717 160 318 170 123 170 251
18 85 314 166 857 191 207 201 280 388 390 226
19 666 661 249 859 859 107 314 764 168 292 426
20 327 820 908 918 918 196 918 197 908 95 167
21 303 106 726 5 242 209 158 639 209 240 211
22 686 381 156 191 214 160 413 93 14 53 526
23 41 908 199 121 424 474 329 69 420 783 154
24 5 697 321 377 207 917 206 786 64 166 880
25 160 366 747 424 114 107 174 137 355 546 105
26 590 24 5 59 193 193 59 3 249 203 284
27 32 113 115 443 925 89 437 38 547 333 129
28 351 371 249 166 820 28 151 37 48 66 258
29 36 301 28 420 5 24 169 336 400 509 216
30 32 261 367 155 128 15 45 838 45 461 140
31 338 16 290 531 254 121 404 98 155 223 518
32 34 34 34 165 133 60 250 393 154 363 283
33 370 361 370 48 38 29 160 223 177 176 93
34 38 37 27 883 337 169 93 301 89 933 592
35 114 261 367 363 508 582 160 474 42 20 271
36 27 24 588 30 339 165 123 122 468 258 258
37 38 30 263 442 485 455 437 27 82 353 662
38 722 28 27 301 4 571 4 533 180 62 506
39 409 207 107 115 533 582 160 3 665 142 183
40 560 276 168 526 53 65 568 329 114 424 211
41 908 196 205 206 196 51 918 95 206 207 377
42 667 184 508 80 367 169 290 515 177 309 17
43 505 525 707 161 371 419 106 518 132 208 249
44 133 340 251 165 171 444 47 437 39 494 290
45 445 160 393 145 832 194 55 738 809 465 53
46 428 273 83 546 121 28 367 417 133 971 699
47 5 374 406 506 499 700 566 8 293 141 44
48 925 114 82 279 279 62 131 949 131 366 132
49 643 48 547 48 482 64 456 405 78 121 107
50 654 87 661 252 54 304 54 412 286 532 308
51 820 445 139 420 363 188 189 453 615 333 577
52 781 537 189 818 160 12 362 5 53 82 81
53 61 421 23 460 23 427 427 145 21 301 61
54 520 56 160 424 237 587 6 55 638 639 158
55 481 421 607 296 256 81 16 340 256 142 253
56 532 532 520 160 549 473 121 647 685 738 4
57 532 285 420 184 287 896 160 496 5 349 149
58 546 760 546 742 614 742 546 533 242 879 242
59 3 63 420 211 66 375 64 354 124 82 357
60 321 61 758 405 21 533 115 434 495 20 62
61 380 120 309 872 74 67 108 90 474 154 419
62 159 233 586 932 494 305 6 430 401 712 401
63 365 141 7 222 543 405 169 65 264 452 856
64 950 74 20 62 117 211 308 74 218 310 85
65 874 401 399 183 281 271 272 5 234 234 210
66 252 17 228 253 509 513 303 63 54 285 625
67 146 13 32 93 280 18 167 420 568 82 474
68 671 249 438 361 116 40 30 409 280 128 28
69 141 5 170 424 355 115 155 593 206 196 207
70 83 424 78 548 753 86 777 69 362 165 13
71 152 258 62 546 82 51 95 198 128 115 229
72 163 435 519 405 184 301 340 531 121 114 62
73 950 173 256 255 256 405 15 533 81 256 489
74 187 473 327 11 502 359 707 913 950 707 809
75 261 32 261 27 172 123 987 438 33 34 116
76 113 556 330 438 545 26 27 722 38 321 160
77 445 557 160 166 666 367 106 717 717 106 357
78 420 351 350 343 157 130 290 211 212 255 366
79 162 79 78 405 133 367 169 129 11 621 426
80 142 23 115 107 57 57 305 271 448 164 64
81 371 155 420 155 533 147 342 511 411 3 412
82 142 187 1 351 160 236 159 159 238 64 170
83 121 154 375 160 42 44 19 293 293 44 62
84 211 256 445 581 51 160 146 0 146 368 112
85 758 288 405 283 152 249 161 82 285 562 65
86 459 615 309 219 121 726 160 189 818 189 679
87 153 212 493 568 329 568 329 495 296 160 809
88 54 281 494 305 412 81 679 482 64 140 446
89 6 102 101 380 321 379 398 295 296 181 162
90 329 568 276 276 426 276 560 810 420 338 107
91 375 91 143 86 85 14 284 179 62 206 277
92 21 62 371 212 340 46 15 62 201 166 3
93 116 114 86 129 572 593 342 156 645 697 156
94 198 31 29 160 418 184 184 549 268 0 581
95 196 86 19 430 498 440 515 172 526 53 822
96 136 135 31 932 254 23 25 438 900 5 177
97 323 160 179 122 377 851 852 415 697 645 414
98 64 611 176 113 919 333 129 346 21 44 283
99 937 404 768 99 173 612 306 69 166 430 501
100 99 290 494 152 87 210 256 62 237 159 963
101 353 129 160 287 549 855 473 44 419 351 303
102 812 160 96 20 327 328 86 23 820 533 422
103 104 392 528 6 473 249 283 494 94 86 83
104 61 213 473 269 335 274 46 748 932 419 493
105 258 1003 258 474 249 460 434 114 261 37 48
106 211 255 483 342 820 199 65 285 252 89 10
107 494 328 86 65 874 425 874 65 101 419 81
108 258 38 33 34 590 29 121 296 419 64 95
109 424 393 157 379 719 395 250 61 19 86 44
110 474 340 482 79 557 128 28 892 124 335 97
111 110 108 478 325 340 10 329 473 166 28 44
112 368 440 14 18 533 440 365 183 418 68 184
113 106 615 153 513 747 249 856 560 218 315 222
114 303 286 209 71 209 241 238 758 120 309 225
115 421 481 4 323 2 434 353 434 533 4 166
116 47 79 116 115 18 225 311 222 365 12 300
117 106 211 128 486 430 166 152 393 181 869 182
118 420 81 83 433 180 621 160 226 518 63 55
119 96 599 481 208 115 644 166 430 308 129 576
120 0 88 137 114 113 26 28 339 135 170 212
121 71 431 160 666 62 769 559 769 559 559 283
122 130 257 450 167 205 172 280 420 79 107 162
123 165 165 932 702 932 963 546 106 128 196 167
124 173 105 161 121 88 285 411 597 932 492 254
125 404 421 9 499 182 499 913 699 700 699 11
126 54 59 303 302 88 369 630 369 96 329 82
127 20 86 563 584 290 843 290 263 426 568 457
128 434 417 442 455 271 256 28 165 31 438 405
129 585 129 440 320 60 219 121 80 282 589 106
130 155 249 459 548 106 287 160 258 253 405 129
131 131 738 131 283 296 321 546 536 184 667 37
132 59 89 469 90 494 539 79 79 128 63 83
133 365 278 292 133 681 191 130 130 277 214 419
134 777 419 340 74 317 226 314 85 147 155 470
135 438 25 26 135 23 27 160 376 122 376 387
136 338 338 199 526 86 392 528 528 392 103 14
137 812 2 102 100 124 124 424 281 949 285 138
138 481 160 339 337 338 96 242 105 183 201 283
139 160 323 300 64 482 78 160 130 13 413 172
140 322 794 322 933 46 82 356 160 57 138 685
141 360 170 255 211 16 362 280 21 375 663 189
142 142 610 56 271 45 282 58 520 166 253 316
143 133 261 86 818 339 338 136 169 495 316 223
144 492 333 263 62 494 280 107 78 420 458 450
145 571 142 160 54 305 412 434 367 340 16 249
146 13 526 221 546 30 121 752 82 377 734 320
147 249 440 238 64 172 403 526 399 457 231 177
148 401 183 183 542 168 128 900 338 367 892 173
149 150 321 160 158 107 362 160 4 635 208 54
150 820 169 303 114 686 22 21 114 895 114 35
151 151 116 437 437 30 51 557 917 197 199 419
152 114 442 478 375 329 459 473 87 506 504 8
153 984 66 121 201 342 575 851 681 347 180 277
154 474 513 303 301 963 473 411 469 411 516 517
155 187 107 665 272 183 211 932 283 3 405 796
156 349 348 180 393 104 377 380 53 420 79 51
157 60 379 368 82 329 255 472 255 16 424 337
158 63 812 115 169 753 40 37 29 13 356 13
159 166 137 481 58 552 55 412 820 231 871 231
160 454 107 82 203 167 199 820 154 492 254 233
161 121 41 460 249 87 484 694 493 424 28 545
162 103 526 129 105 375 111 84 485 336 160 250
163 162 287 298 160 139 137 901 137 81 107 283
164 273 46 812 461 461 735 448 271 698 285 854
165 365 283 221 248 259 92 68 671 509 160 400
166 250 174 303 159 820 544 183 11 602 11 466
167 198 183 419 474 68 69 69 287 494 25 654
168 568 329 38 421 473 495 606 495 128 179 122
169 455 135 23 434 113 133 336 169 301 45 15
170 165 438 590 438 263 442 976 847 205 79 557
171 245 263 919 455 261 93 86 453 546 158 2
172 333 89 63 3 599 481 138 685 63 685 64
173 254 531 437 337 245 486 261 437 26 165 26
174 363 87 954 615 615 253 418 190 549 306 426
175 63 81 249 179 284 107 62 253 258 559 282
176 344 156 157 389 296 105 340 424 375 107 429
177 734 172 167 167 468 495 83 252 195 552 532
178 0 734 172 251 115 83 484 83 292 953 822
179 13 443 93 41 204 128 974 593 41 105 145
180 349 342 377 546 615 64 168 167 206 14 290
181 179 296 296 107 687 185 768 404 371 254 285
182 283 932 702 107 19 360 441 699 506 502 359
183 105 41 5 868 5 990 138 685 208 132 234
184 509 184 82 18 85 778 971 971 336 419 296
185 97 662 404 640 100 820 422 82 228 482 820
186 62 249 550 508 549 779 549 667 473 367 183
187 16 363 314 215 214 301 375 169 165 48 455
188 418 68 142 357 183 480 375 671 80 69 678
189 82 783 16 105 210 424 21 81 371 129 44
190 473 301 244 13 576 142 434 471 170 212 576
191 420 647 82 426 493 460 117 252 803 4 586
192 807 54 63 212 404 932 21 300 108 356 80
193 193 63 184 188 160 747 69 420 163 62 29
194 211 371 21 365 121 99 121 303 255 365 62
195 826 194 698 56 845 252 237 174 199 908 201
196 971 566 7 358 73 560 400 589 105 269 105
197 918 820 180 156 180 278 365 165 590 24 38
198 183 20 215 589 256 365 438 427 443 40 31
199 342 346 820 203 829 168 458 647 154 363 210
200 776 201 420 107 137 254 46 933 46 174 564
201 918 128 35 455 304 54 137 329 105 142 132
202 41 51 64 173 326 169 81 20 173 83 615
203 376 390 376 61 872 218 288 506 462 121 165
204 917 204 128 900 860 169 495 121 255 254 31
205 95 181 947 393 378 182 393 249 184 473 362
206 593 434 183 513 93 424 18 310 105 404 145
207 128 105 121 767 13 84 338 914 28 106 254
208 815 880 138 420 201 143 328 90 375 169 360
209 631 209 490 107 687 282 31 438 107 671 471
210 233 586 2 832 58 81 16 495 351 155 115
211 303 46 249 58 738 211 340 473 25 23 25
212 531 114 115 301 340 521 295 943 295 383 157
213 503 502 502 358 823 823 19 674 267 161 107
214 346 133 155 589 256 107 258 258 211 87 21
215 159 631 159 460 167 655 513 19 13 667 387
216 64 69 710 184 121 365 278 106 353 86 8
217 70 152 223 223 117 252 235 420 278 409 20
218 219 483 94 955 197 409 338 420 783 424 474
219 232 65 574 280 231 232 226 533 146 120 0
220 220 17 363 165 245 442 96 527 6 527 64
221 218 300 183 271 408 252 81 932 41 820 207
222 1 146 66 329 121 16 340 310 309 64 771
223 0 560 40 171 245 38 116 338 724 338 337
224 309 221 280 419 64 91 96 13 214 294 301
225 148 160 582 103 122 95 214 95 199 434 161
226 186 492 107 371 174 859 411 283 46 256 160
227 537 21 301 13 303 3 3 520 285 63 126
228 226 309 223 225 409 10 400 183 169 137 81
229 31 33 615 252 211 131 282 252 685 685 92
230 282 531 114 184 114 283 105 92 480 418 409
231 797 231 157 380 101 97 662 84 268 934 163
232 840 562 377 127 21 64 450 123 251 417 795
233 233 84 811 497 811 84 467 107 206 232 53
234 145 462 82 314 228 226 696 18 366 134 62
235 360 495 363 560 386 377 486 94 64 730 5
236 244 460 159 301 276 549 540 952 81 256 106
237 236 107 165 336 438 23 37 25 13 84 180
238 930 235 159 236 3 183 845 412 55 160 279
239 234 210 255 610 459 253 282 105 400 64 21
240 237 242 963 546 272 5 243 166 411 900 411
241 159 440 493 121 714 93 62 342 495 16 434
242 132 256 282 41 776 908 593 320 628 389 162
243 375 368 112 368 86 12 121 423 426 65 426
244 810 269 212 576 128 445 820 64 611 11 358
245 121 642 405 5 362 65 325 962 325 306 538
246 298 812 83 612 248 74 226 223 612 393 249
247 506 674 569 362 44 161 314 189 747 162 195
248 317 85 86 611 623 313 218 312 5 308 411
249 401 874 65 231 343 13 90 459 166 125 98
250 320 396 393 391 321 301 244 235 319 158 237
251 339 75 372 62 7 222 225 409 38 34 5
252 281 59 195 286 281 990 1001 832 145 145 180
253 249 327 486 362 121 96 64 733 733 420 235
254 642 83 252 2 803 2 283 121 318 326 84
255 545 25 409 292 206 593 95 129 548 491 167
256 212 173 259 73 116 32 34 28 20 106 74
257 65 53 394 387 250 181 104 392 103 395 395
258 87 147 105 506 913 44 573 12 247 213 503
259 73 259 21 533 4 329 405 226 228 495 300
260 950 424 147 377 907 907 851 851 191 278 114
261 114 442 40 753 151 28 39 133 483 172 655
262 180 84 166 168 278 256 263 48 423 892 896
263 411 867 96 113 318 424 80 105 509 69 141
264 65 835 275 515 292 176 486 493 62 546 177
265 265 161 264 266 804 466 452 9 569 11 12
266 608 466 608 332 141 265 19 331 177 331 464
267 707 12 498 247 661 420 607 106 242 132 405
268 301 216 272 137 635 2 845 63 880 174 377
269 288 571 211 434 231 377 385 296 42 453 453
270 426 280 388 280 575 232 65 714 615 281 160
271 366 173 21 280 65 714 714 401 183 356 107
272 6 305 208 809 411 597 301 184 513 272 216
273 429 424 174 208 305 132 599 158 240 159 926
274 269 62 216 139 420 115 442 48 437 847 172
275 526 82 495 460 730 211 932 31 37 338 252
276 568 129 329 169 495 121 16 174 665 64 108
277 203 284 180 533 29 331 707 957 9 565 459
278 342 172 295 320 379 383 295 471 333 142 560
279 107 326 932 427 48 229 114 424 139 282 196
280 278 121 340 46 548 278 345 160 156 906 156
281 738 285 138 57 880 281 64 57 520 138 408
282 170 367 405 81 146 52 820 751 6 89 63
283 169 63 571 3 192 194 58 233 494 252 685
284 214 232 397 157 320 391 182 103 60 392 392
285 285 411 283 182 499 765 506 827 506 19 856
286 410 258 152 256 366 290 83 154 17 422 272
287 106 546 321 376 393 379 396 157 296 6 89
288 58 2 4 282 253 932 474 932 20 22 686
289 14 515 664 401 399 493 292 426 232 277 971
290 282 218 308 379 628 394 321 160 826 59 520
291 183 87 42 215 340 329 638 355 282 69 105
292 231 289 482 423 303 166 226 317 84 560 40
293 141 11 209 166 459 565 430 421 115 115 155
294 206 160 168 813 836 523 706 14 14 473 473
295 62 714 486 172 30 588 34 29 32 116 548
296 103 582 667 747 249 169 816 119 76 119 84
297 259 777 862 777 535 13 263 30 545 40 816
298 160 327 301 446 334 448 429 6 346 172 542
299 145 533 127 37 38 26 47 40 23 170 261
300 323 411 864 411 665 812 285 208 820 486 176
301 8 141 438 440 178 232 450 426 458 450 183
302 88 252 924 57 520 286 571 286 3 411 408
303 57 211 355 654 84 31 282 84 729 441 569
304 302 333 340 811 340 424 748 424 132 5 120
305 420 541 641 748 708 748 62 2 405 63 62
306 107 28 24 367 16 190 434 280 221 155 236
307 347 215 187 533 282 559 769 107 343 345 342
308 183 168 64 21 690 160 388 61 264 804 565
309 218 340 169 256 256 568 329 478 84 326 424
310 366 290 166 81 183 212 493 129 133 172 51
311 341 215 262 301 4 1001 3 665 859 160 147
312 221 85 820 955 936 936 955 94 342 257 130
313 0 166 180 231 232 263 86 87 859 58 195
314 283 296 107 206 280 115 5 47 981 444 301
315 218 420 133 65 231 249 131 57 949 281 880
316 549 467 189 519 21 68 508 86 67 108 971
317 295 717 215 187 129 286 486 664 515 167 200
318 107 448 87 290 79 219 309 905 905 74 134
319 963 950 707 499 241 440 129 160 190 564 190
320 232 61 177 223 223 256 546 87 21 212 147
321 387 182 391 157 149 349 156 345 156 122 347
322 533 280 409 13 113 329 28 590 438 31 151
323 185 768 323 101 99 62 253 607 105 283 367
324 63 301 453 83 191 150 741 250 394 103 582
325 21 371 121 420 627 678 747 106 548 170 151
326 389 252 58 145 283 254 28 82 252 419 129
327 400 10 329 495 351 231 206 214 157 483 556
328 560 224 365 28 46 473 465 83 19 666 62
329 249 253 17 23 590 470 96 442 48 39 480
330 223 282 77 166 818 301 199 399 450 183 426
331 707 872 61 157 350 939 350 343 971 470 75
332 523 64 325 21 787 21 537 380 65 275 60
333 516 6 183 209 303 82 124 139 428 579 269
334 269 429 15 82 115 172 14 339 437 5 35
335 322 46 303 107 747 513 153 23 953 822 86
336 336 419 14 556 14 389 585 84 425 257 568
337 16 338 455 113 339 136 170 86 35 168 83
338 339 27 722 38 86 427 160 454 160 828 45
339 75 560 386 393 396 380 177 297 309 222 911
340 105 589 282 441 254 283 548 62 296 190 42
341 74 549 855 299 549 274 334 929 334 334 269
342 349 160 323 708 708 98 64 215 331 222 188
343 681 214 277 342 593 51 133 143 41 51 109
344 349 149 656 149 377 133 128 83 128 201 278
345 186 162 163 87 552 121 340 777 538 173 546
346 346 5 716 716 716 5 76 263 423 263 62
347 149 191 214 351 321 380 166 282 478 486 48
348 180 907 936 776 917 51 41 336 115 434 612
349 344 156 122 347 180 257 425 574 425 513 269
350 351 180 419 371 211 290 280 362 65 870 425
351 278 249 255 87 615 318 83 693 121 209 271
352 214 351 28 254 433 49 152 84 305 815 138
353 365 63 738 59 832 412 738 286 815 57 89
354 185 687 353 15 353 99 290 198 387 385 385
355 420 64 640 125 354 404 601 82 12 823 8
356 478 434 460 467 107 147 212 333 280 420 133
357 107 355 355 160 471 170 607 222 310 105 367
358 569 19 362 293 661 8 452 487 487 498 8
359 525 265 19 504 502 407 498 440 14 141 358
360 235 234 121 36 129 63 210 86 467 418 107
361 434 363 155 130 82 739 569 105 165 365 451
362 421 23 128 115 812 373 131 86 484 64 201
363 215 189 5 697 697 415 697 156 179 104 392
364 433 50 84 811 531 445 340 535 728 400 309
365 137 249 363 422 115 531 254 165 113 176 204
366 812 193 832 102 300 68 671 551 733 440 818
367 340 547 171 93 25 370 339 114 35 282 153
368 379 61 104 379 397 632 632 719 719 379 321
369 160 611 252 160 799 166 81 306 329 83 140
370 455 914 116 434 368 440 149 440 434 152 355
371 51 206 352 350 157 16 170 117 62 262 907
372 107 165 314 105 493 65 130 180 419 789 278
373 112 373 82 296 105 856 7 358 407 265 500
374 166 146 160 591 83 484 292 231 196 94 908
375 455 437 436 115 282 153 615 21 211 646 131
376 182 872 182 182 872 74 177 380 61 391 157
377 388 160 519 20 188 189 215 103 250 495 160
378 128 908 124 640 124 838 45 446 461 118 409
379 380 182 250 526 419 329 419 777 733 728 21
380 232 266 407 249 671 17 233 107 81 87 64
381 181 321 483 232 484 494 209 303 159 460 214
382 295 61 14 226 160 550 187 256 303 13 12
383 295 292 62 63 518 355 105 282 132 107 429
384 60 167 776 749 776 377 572 86 84 727 84
385 390 13 352 351 345 61 465 549 80 460 679
386 295 162 321 971 505 502 332 499 488 971 391
387 393 395 174 15 62 314 726 5 255 712 401
388 249 84 71 612 282 170 5 809 89 438 860
389 283 2 126 812 812 3 281 424 86 210 932
390 391 376 160 275 129 58 233 121 767 803 990
391 391 182 396 295 391 61 14 486 35 588 545
392 392 368 320 65 130 342 172 440 440 368 397
393 932 173 434 229 721 37 29 588 545 23 172
394 381 60 250 526 912 499 407 406 699 11 400
395 182 378 385 393 380 380 157 16 132 46 272
396 380 120 377 122 122 95 129 430 360 4 273
397 295 181 320 394 381 344 148 149 284 1 85
398 377 907 903 191 156 734 169 753 40 816 491
399 813 543 294 301 641 163 373 197 27 48 75
400 411 163 121 601 86 47 981 455 47 172 251
401 542 399 93 25 24 24 33 28 877 81 87
402 402 133 51 205 167 483 464 129 543 672 359
403 526 250 60 387 950 303 301 453 105 163 106
404 654 404 17 224 160 809 301 337 133 183 133
405 362 283 434 83 404 234 237 963 235 971 480
406 500 501 498 700 661 661 264 65 493 115 163
407 525 213 441 324 666 267 498 51 196 200 65
408 859 809 707 499 700 957 700 957 19 62 83
409 457 65 440 499 182 869 179 347 612 58 56
410 82 859 195 208 63 82 46 933 592 15 139
411 597 651 301 281 82 147 17 74 312 62 597
412 195 832 587 3 56 194 211 11 452 161 160
413 458 533 264 141 266 500 332 504 409 421 249
414 697 414 916 414 449 414 605 846 605 851 377
415 414 916 414 605 846 846 846 846 846 605 851
416 327 20 106 80 357 62 521 615 820 160 25
417 107 4 571 520 285 854 82 12 86 37 33
418 68 509 183 956 506 502 504 183 568 1 450
419 351 420 373 481 107 252 96 252 66 611 278
420 278 262 511 191 420 453 546 290 13 190 105
421 409 464 160 179 971 403 221 403 14 53 486
422 473 326 13 506 2 107 139 445 518 21 282
423 160 41 280 409 292 183 900 13 94 955 197
424 366 17 249 63 921 138 86 404 98 768 404
425 493 294 94 200 41 23 254 518 552 87 107
426 82 4 158 158 244 409 93 494 918 206 202
427 17 166 152 187 434 458 486 389 211 365 172
428 592 15 160 576 128 169 366 226 85 443 116
429 45 164 428 269 155 877 137 303 96 47 116
430 86 218 196 207 214 346 51 399 166 218 307
431 84 243 63 2 865 865 305 16 280 363 114
432 71 70 212 144 186 82 183 544 534 450 142
433 144 254 445 518 621 401 430 430 569 12 570
434 14 465 786 52 368 295 331 44 526 231 201
435 163 654 50 654 121 209 924 303 369 630 369
436 437 816 987 339 883 115 42 147 82 550 508
437 165 847 171 370 85 146 549 800 185 708 599
438 87 812 87 547 443 925 245 444 245 116 531
439 338 365 63 371 132 118 20 142 88 54 304
440 380 391 391 379 283 225 459 467 107 828 160
441 8 452 661 13 280 51 65 526 172 121 661
442 170 165 13 38 29 301 276 401 600 600 401
443 93 714 172 285 371 101 353 185 97 125 86
444 485 455 361 29 93 36 13 263 169 128 751
445 254 283 174 854 183 168 6 59 408 489 212
446 46 548 405 78 13 590 32 32 116 118 118
447 323 6 481 107 450 581 78 420 121 87 258
448 160 591 62 303 513 147 533 186 256 312 177
449 414 916 414 479 479 479 479 275 368 434 368
450 105 180 212 121 649 441 573 141 264 267 267
451 365 401 172 515 484 143 10 638 480 183 229
452 265 525 407 374 529 720 525 293 365 212 489
453 301 113 925 263 455 119 333 13 255 222 255
454 160 621 149 344 377 656 149 157 387 229 366
455 169 201 917 970 546 77 254 345 178 498 804
456 456 64 0 222 331 73 223 228 253 671 69
457 172 542 419 82 68 473 63 256 263 405 282
458 623 313 0 148 402 133 160 821 163 377 380
459 222 543 425 568 457 399 166 331 295 255 712
460 440 840 64 10 535 13 184 187 121 222 249
461 592 617 618 98 932 295 628 320 232 61 390
462 546 147 329 91 357 357 65 910 65 130 160
463 462 21 174 665 886 59 305 683 683 411 89
464 459 295 181 321 378 378 181 150 60 380 321
465 615 459 331 707 332 213 44 430 11 611 623
466 86 458 623 86 17 0 222 268 215 81 375
467 107 290 169 734 695 222 810 597 460 244 58
468 82 36 486 365 83 393 152 395 395 60 384
469 469 258 564 10 366 306 10 21 42 169 306
470 170 35 878 23 24 34 54 520 13 27 258
471 170 339 136 136 169 371 424 168 434 121 306
472 284 149 149 278 179 121 651 546 173 184 355
473 340 892 828 160 906 513 474 375 405 19 42
474 477 90 66 513 147 612 212 173 87 114 2
475 300 45 216 107 142 434 593 482 482 79 107
476 474 473 80 62 427 86 205 498 765 430 971
477 375 679 551 21 256 186 256 256 30 24 32
478 442 423 318 527 333 976 442 981 443 47 971
479 414 370 226 313 0 178 200 562 129 249 132
480 86 86 586 932 404 494 27 361 533 20 329
481 54 6 552 57 138 54 6 994 6 466 525
482 497 440 172 87 974 94 41 201 62 531 254
483 178 0 313 560 40 245 367 892 45 335 335
484 572 167 593 342 393 153 366 18 53 61 498
485 113 455 47 129 585 600 600 65 285 13 624
486 51 29 459 549 459 223 20 260 74 225 314
487 487 451 161 141 306 373 253 222 513 92 65
488 466 5 53 486 36 36 183 68 366 333 302
489 6 102 812 126 638 81 128 105 142 180 365
490 149 206 918 494 450 705 425 84 48 318 420
491 127 166 212 531 539 380 182 182 296 610 57
492 154 256 258 375 91 91 306 511 215 225 311
493 522 493 434 677 199 377 656 262 278 493 41
494 197 908 922 496 359 264 804 754 62 254 44
495 360 141 666 362 280 434 593 498 447 690 366
496 459 311 72 106 357 454 357 81 375 108 64
497 424 355 82 233 86 453 546 177 601 252 2
498 440 970 820 205 128 918 974 87 114 455 485
499 358 700 358 530 92 678 68 220 47 114 473
500 501 498 64 165 427 87 812 447 15 216 216
501 430 8 856 932 702 932 820 5 833 833 249
502 11 7 672 7 529 506 332 421 765 525 358
503 407 358 856 950 651 597 932 86 205 593 200
504 293 19 452 7 570 971 505 499 501 498 608
505 62 591 83 58 288 104 379 376 82 518 188
506 238 602 358 504 674 754 141 81 533 65 840
507 513 490 419 280 351 95 13 980 261 121 44
508 509 190 13 129 203 434 255 712 401 289 14
509 952 710 272 13 83 145 4 2 63 58 698
510 86 662 107 55 56 54 281 16 424 748 151
511 411 24 27 116 35 5 337 337 93 204 95
512 155 19 331 29 23 36 183 545 37 112 896
513 166 42 296 379 16 337 23 220 128 495 129
514 971 26 171 261 40 339 26 34 116 338 84
515 440 399 166 301 276 560 328 86 85 53 820
516 305 481 552 55 5 99 937 64 440 460 117
517 102 192 2 54 949 809 63 571 408 194 4
518 226 513 272 140 461 461 272 710 69 551 533
519 106 459 17 153 152 518 424 109 108 329 638
520 303 564 340 564 303 909 183 203 167 51 13
521 553 84 210 424 196 95 64 96 302 419 714
522 523 134 366 190 418 582 106 351 734 284 174
523 836 332 500 499 358 530 358 331 459 661 265
524 72 311 188 69 188 81 82 114 113 38 113
525 505 661 121 495 459 1 979 745 189 747 301
526 128 23 165 183 281 160 283 314 872 232 177
527 114 106 424 552 809 4 412 665 121 404 708
528 489 121 362 602 141 44 500 501 504 86 263
529 494 290 340 535 554 554 535 482 162 643 393
530 358 11 529 499 499 9 506 913 951 666 666
531 106 420 733 440 264 213 533 19 420 520 412
532 57 610 255 42 642 42 453 546 282 533 55
533 667 128 420 932 70 233 441 87 211 54 826
534 256 557 917 200 562 413 200 94 128 41 443
535 340 290 64 57 6 6 134 173 538 498 197
536 601 283 186 70 62 505 374 502 505 374 407
537 20 83 101 0 250 60 947 181 321 385 321
538 498 562 568 107 131 305 252 286 129 290 169
539 77 166 859 82 269 335 97 768 124 45 272
540 184 183 146 66 252 57 863 57 815 305 683
541 249 23 115 367 16 340 314 255 13 325 82
542 291 290 6 296 363 169 65 169 133 25 10
543 113 318 245 925 245 367 333 36 486 362 331
544 585 706 86 67 74 18 84 553 553 553 482
545 133 41 167 572 129 526 53 167 204 283 86
546 84 474 859 195 208 738 303 405 106 212 288
547 339 437 847 47 409 457 457 523 829 523 836
548 256 450 329 355 63 481 950 913 44 213 9
549 298 246 247 11 161 161 661 293 374 374 529
550 69 81 81 21 1 189 799 715 21 173 400
551 509 671 17 248 142 58 665 87 190 434 329
552 208 3 102 97 662 100 937 640 323 64 357
553 86 306 5 327 105 667 550 121 468 107 90
554 521 389 150 179 347 215 812 826 2 238 241
555 720 9 8 502 374 505 332 707 627 809 160
556 280 450 82 290 484 572 936 955 205 820 421
557 917 94 128 198 229 29 560 74 230 20 21
558 359 558 324 7 358 12 267 674 569 358 332
559 518 155 101 99 434 21 114 129 748 62 372
560 0 283 290 301 18 295 172 251 165 550 288
561 462 513 92 72 259 21 420 325 173 114 686
562 14 64 93 116 79 13 514 329 367 405 362
563 484 484 448 160 127 20 118 549 69 216 164
564 174 140 5 171 165 420 511 511 346 5 269
565 674 12 638 55 638 124 101 102 6 845 252
566 608 565 430 64 171 339 339 251 165 212 365
567 843 567 82 147 269 300 160 162 389 317 310
568 420 511 215 105 163 613 756 756 614 106 211
569 452 358 11 754 141 496 459 331 615 33 28
570 19 86 963 643 49 297 260 331 482 218 311
571 520 412 164 174 411 537 221 560 459 212 453
572 282 69 356 549 465 53 486 29 32 251 336
573 8 971 809 806 89 159 963 546 158 963 615
574 401 276 295 295 250 495 329 671 589 105 420
575 149 284 278 611 419 199 128 378 283 191 149
576 482 423 976 442 96 160 896 356 424 69 86
577 377 907 156 344 200 776 572 776 41 464 340
578 577 518 557 581 445 301 157 393 160 57 57
579 334 140 446 334 269 5 718 56 252 520 286
580 580 580 580 580 580 580 580 580 580 580 580
581 200 413 177 223 309 120 232 156 381 178 214
582 62 447 448 272 462 701 462 561 462 408 126
583 521 615 155 137 107 79 581 531 79 162 549
584 86 2 132 424 211 481 2 481 285 65 264
585 600 585 544 813 403 526 546 526 232 608 498
586 86 229 64 859 281 494 590 33 409 207 191
587 408 411 24 169 89 520 58 183 207 191 379
588 30 51 29 38 409 278 256 180 142 68 220
589 283 191 343 207 820 154 163 821 160 559 142
590 590 409 39 437 547 340 329 4 323 354 125
591 96 80 549 190 509 551 679 137 4 520 183
592 321 182 377 380 177 629 178 440 238 194 160
593 918 199 128 212 153 493 568 121 208 208 815
594 83 63 55 481 57 89 63 193 57 281 990
595 52 232 177 409 338 251 338 914 816 548 365
596 218 221 745 745 979 106 107 236 155 367 183
597 460 597 695 424 210 810 269 365 765 86 318
598 521 553 482 89 62 170 62 90 66 480 121
599 304 303 211 389 64 950 303 211 518 209 977
600 450 399 813 534 256 145 239 13 273 301 108
601 480 667 142 68 300 642 87 372 115 302 238
602 533 154 963 612 832 195 517 517 411 96 169
603 414 414 443 115 367 245 160 481 950 644 140
604 96 116 438 32 151 116 27 160 201 232 141
605 414 645 645 156 320 213 182 320 397 122 397
606 495 62 141 922 560 1002 560 223 330 73 950
607 87 543 813 543 183 355 472 284 377 163 83
608 141 754 141 141 498 213 525 504 533 23 301
609 30 366 230 420 314 221 549 44 459 490 149
610 96 92 22 127 121 531 539 178 681 682 191
611 86 400 509 68 16 489 405 405 278 292 168
612 2 571 137 520 412 59 63 865 59 281 2
613 243 926 237 158 405 438 87 954 154 107 450
614 742 546 518 152 366 184 419 365 114 896 329
615 460 333 419 82 106 405 21 520 635 634 635
616 459 17 363 186 533 127 107 70 83 140 335
617 269 46 96 527 547 133 844 165 363 280 575
618 820 464 183 568 458 62 82 99 173 651 428
619 59 865 59 990 285 990 193 252 138 420 402
620 620 290 366 142 20 166 576 212 165 420 932
621 518 86 373 240 233 238 237 5 2 564 564
622 238 457 129 403 133 482 89 2 238 525 11
623 458 152 71 433 432 433 433 186 433 180 160
624 21 81 170 875 170 169 42 64 62 158 405
625 4 174 812 107 230 230 533 189 549 582 971
626 87 77 78 482 593 482 554 340 96 251 160
627 667 37 545 473 627 86 166 446 301 686 381
628 181 280 64 397 869 397 60 397 380 391 61
629 178 232 204 198 197 51 82 419 607 296 60
630 303 62 393 932 932 303 235 319 160 233 441
631 631 209 411 215 408 194 1001 4 63 305 494
632 397 719 121 395 387 229 513 269 155 520 845
633 633 633 633 633 633 633 633 633 633 633 633
634 635 285 107 86 318 615 58 950 333 155 31
635 812 971 754 7 666 324 666 324 63 211 208
636 636 211 480 184 80 230 5 57 174 520 58
637 209 131 107 285 854 183 458 440 368 1 146
638 210 88 58 333 820 162 405 161 300 662 323
639 639 65 533 114 255 424 338 256 424 18 225
640 64 249 165 251 23 115 337 419 170 419 249
641 106 340 86 484 143 469 474 546 493 562 515
642 284 206 294 572 434 106 747 301 375 6 528
643 963 83 259 106 589 215 197 457 172 295 283
644 820 199 83 273 812 209 58 404 353 687 404
645 697 697 321 162 389 377 872 377 450 62 467
646 131 422 518 518 771 105 41 460 411 115 546
647 21 21 283 17 309 309 42 42 474 82 362
648 648 648 648 648 648 648 648 648 648 648 648
649 44 765 246 266 500 504 86 353 708 323 533
650 215 331 707 950 58 83 340 212 21 17 312
651 546 106 1 221 73 73 498 710 971 400 106
652 108 143 91 258 27 997 953 24 261 51 498
653 653 653 653 653 653 653 653 653 653 653 653
654 121 151 748 564 263 30 37 25 30 545 255
655 438 900 455 302 5 249 41 215 460 211 355
656 231 936 776 206 86 47 245 82 114 686 86
657 269 269 643 87 189 82 230 282 411 434 203
658 658 658 658 658 658 658 658 658 658 658 658
659 659 377 365 81 363 249 152 84 715 20 728
660 660 660 660 660 660 660 660 660 660 660 660
661 856 525 967 44 331 73 221 317 389 376 295
662 282 191 283 104 288 104 549 299 700 566 971
663 747 418 190 434 144 546 221 21 13 303 564
664 425 86 180 148 377 526 413 562 654 121 859
665 303 88 924 209 211 990 3 281 57 6 232
666 666 141 466 494 62 493 283 105 163 83 203
667 747 69 551 671 509 671 107 367 757 757 757
668 157 385 157 379 320 321 579 13 108 405 169
669 669 5 261 494 197 593 918 94 94 377 292
670 670 670 670 670 670 670 670 670 670 670 670
671 509 184 968 184 187 518 518 166 145 46 128
672 249 132 599 208 599 481 58 88 303 355 160
673 673 673 673 495 106 419 473 855 549 212 169
674 565 754 293 12 183 236 243 83 142 450 186
675 675 675 675 675 675 675 675 675 675 675 675
676 322 933 269 211 612 2 194 6 377 82 464
677 199 908 200 207 95 197 215 41 47 96 88
678 549 44 106 671 551 671 187 74 282 191 207
679 189 627 707 957 213 700 499 238 236 252 552
680 380 14 141 86 572 294 493 546 954 154 422
681 86 233 494 417 96 4 145 86 65 232 294
682 681 82 277 14 205 94 13 698 698 55 685
683 285 164 448 429 447 62 726 17 308 16 169
684 684 684 684 684 684 684 684 684 684 684 684
685 809 305 285 59 886 665 303 57 195 2 89
686 22 520 55 131 208 155 371 641 641 160 361
687 86 20 695 228 82 353 662 185 709 185 404
688 543 688 543 526 280 523 64 434 368 275 123
689 543 105 44 166 48 443 443 33 37 25 361
690 5 249 283 142 211 137 859 160 117 252 281
691 691 691 691 691 691 691 691 691 691 691 691
692 231 820 280 296 296 6 54 285 990 1001 6
693 83 431 212 283 215 53 129 41 474 249 367
694 129 106 486 129 210 244 409 207 214 128 908
695 695 365 371 161 121 242 105 544 568 450 493
696 307 65 0 218 218 196 143 258 402 211 705
697 697 321 393 142 163 473 855 473 17 74 74
698 685 481 83 591 591 160 249 513 513 490 128
699 971 133 27 27 197 908 922 856 823 19 499
700 566 451 265 7 823 661 700 7 511 64 484
701 462 430 14 129 363 128 430 765 430 362 569
702 932 597 695 317 18 219 280 214 206 200 434
703 703 703 703 703 703 703 703 703 703 703 703
704 107 158 546 255 87 283 132 411 271 211 129
705 401 424 318 426 245 171 981 527 6 6 481
706 563 272 6 21 81 412 404 896 4 832 145
707 264 452 661 267 265 823 213 913 972 913 700
708 371 363 152 142 58 431 212 83 211 255 545
709 404 412 412 105 58 89 303 630 369 304 13
710 81 166 300 68 357 105 314 225 409 39 455
711 711 711 711 711 711 711 711 711 711 711 711
712 255 82 540 509 69 663 474 254 462 462 408
713 81 300 419 91 356 480 66 121 367 75 367
714 419 82 31 121 425 294 214 82 327 301 340
715 69 549 934 268 295 179 349 6 520 166 756
716 716 5 305 411 900 455 411 506 651 121 468
717 271 283 387 389 537 20 932 169 734 169 46
718 55 63 571 145 188 42 243 249 201 280 351
719 376 61 537 232 53 65 200 581 77 557 5
720 804 466 912 466 362 293 856 212 62 303 807
721 721 30 38 25 24 261 35 473 17 249 404
722 38 13 484 160 333 47 409 140 174 16 170
723 825 723 126 635 520 138 54 2 138 408 192
724 160 217 654 333 166 17 313 218 199 83 168
725 443 76 113 160 163 411 24 494 438 35 165
726 17 295 382 377 262 122 351 129 28 168 172
727 84 510 466 160 551 473 627 549 508 550 189
728 411 63 285 209 411 208 434 167 292 82 84
729 525 729 525 720 720 11 700 299 968 968 184
730 5 346 172 214 128 367 892 367 32 338 914
731 731 731 731 731 731 731 731 731 731 731 731
732 732 732 732 732 732 732 732 732 732 732 732
733 440 249 333 427 86 180 810 269 932 932 41
734 172 346 346 191 347 681 178 200 200 908 167
735 140 409 278 179 351 363 155 221 177 94 533
736 333 17 142 81 145 17 459 42 249 155 181
737 737 737 271 210 129 450 419 365 293 504 466
738 424 375 81 474 160 12 86 623 86 753 860
739 495 211 489 644 296 351 1 222 107 201 107
740 51 256 133 309 297 316 979 1 147 233 174
741 103 86 504 11 270 280 165 75 437 482 553
742 166 250 157 157 53 312 221 459 467 62 338
743 102 812 434 421 430 672 44 183 105 105 82
744 744 744 744 744 744 744 744 744 744 744 744
745 745 377 397 378 61 265 707 358 7 44 86
746 746 746 746 746 746 746 746 746 746 746 746
747 550 82 362 65 176 181 231 280 813 168 168
748 495 203 351 130 277 130 257 231 316 309 495
749 62 365 802 802 172 486 128 303 211 132 158
750 88 137 13 242 926 963 121 221 546 252 285
751 167 290 166 28 44 82 278 278 908 167 165
752 121 404 937 64 349 349 122 156 13 446 592
753 978 900 183 518 16 363 314 165 220 74 222
754 44 573 44 213 9 573 498 160 877 155 105
755 211 87 208 281 252 411 864 411 170 135 136
756 142 458 440 64 820 974 918 204 917 204 908
757 980 13 515 533 541 82 856 615 546 362 11
758 238 86 128 155 58 738 738 208 481 271 411
759 459 86 400 69 550 212 42 333 438 249 256
760 592 908 51 399 129 542 168 133 581 51 917
761 393 368 157 383 379 391 295 932 131 283 103
762 516 2 4 990 1001 2 132 424 20 166 320
763 763 5 285 625 408 859 815 80 174 174 140
764 377 961 377 960 377 546 2 809 195 533 440
765 525 421 765 707 720 700 332 498 466 804 565
766 340 593 482 172 228 342 797 231 257 426 403
767 82 493 522 523 292 14 93 291 403 14 593
768 97 98 708 124 371 137 982 137 365 255 607
769 107 8 160 340 654 17 142 615 357 256 249
770 353 365 81 362 362 498 86 620 86 498 58
771 64 430 360 441 504 533 141 11 270 129 303
772 772 772 772 772 772 772 772 772 772 772 772
773 405 256 424 211 683 411 738 685 4 405 796
774 285 166 786 407 266 804 266 264 65 409 710
775 560 40 442 36 30 172 847 417 48 423 96
776 908 196 95 123 41 801 820 420 452 608 267
777 200 776 196 14 450 581 409 225 222 911 189
778 85 507 298 473 269 820 153 82 458 434 28
779 820 143 469 108 328 514 474 422 244 301 184
780 84 86 425 121 183 913 856 362 331 225 225
781 621 342 350 343 191 179 150 378 397 232 312
782 377 458 420 363 161 267 61 519 160 121 153
783 654 789 278 409 29 23 427 932 597 58 498
784 411 174 63 803 193 812 115 434 471 671 106
785 545 183 170 470 261 75 560 358 44 82 153
786 519 435 435 316 979 1 142 81 20 163 17
787 21 375 90 106 117 117 62 170 417 30 34
788 717 459 163 643 217 812 63 3 174 815 57
789 352 191 5 464 183 400 260 325 96 57 685
790 544 121 256 172 13 785 545 785 545 590 953
791 401 133 336 92 11 44 30 151 28 96 340
792 121 856 153 434 249 405 83 221 52 814 52
793 206 515 292 232 450 167 284 681 345 346 133
794 322 428 579 46 210 283 290 128 172 413 413
795 417 38 113 169 896 4 126 723 971 113 114
796 121 647 256 420 278 548 337 170 116 513 462
797 14 593 214 211 211 211 764 74 228 450 426
798 798 798 798 798 798 798 798 798 798 798 798
799 447 409 184 290 424 357 106 518 362 133 681
800 185 98 125 121 203 167 128 820 366 218 133
801 820 100 125 125 937 353 935 100 323 98 100
802 258 357 64 166 3 193 412 256 531 133 280
803 990 803 195 809 208 305 481 132 411 373 115
804 266 950 243 236 234 283 153 173 96 367 420
805 358 452 830 452 823 700 359 9 754 555 466
806 88 88 271 89 411 212 269 371 340 121 333
807 54 138 809 58 137 54 89 165 34 590 409
808 808 808 808 808 808 808 808 808 808 808 808
809 271 86 498 503 407 494 160 494 450 232 358
810 180 621 277 289 401 172 166 17 226 62 117
811 84 160 127 259 508 82 292 484 87 296 60
812 665 886 2 59 610 303 81 671 249 327 894
813 585 813 836 813 458 6 170 424 222 341 215
814 262 180 932 859 990 859 243 319 236 303 340
815 208 115 129 419 154 363 114 133 165 133 373
816 437 531 420 408 552 55 949 305 815 815 57
817 817 543 121 93 301 641 160 116 116 860 816
818 440 368 377 918 167 450 413 413 160 249 121
819 140 164 285 774 285 137 80 105 654 376 203
820 615 714 121 425 493 42 453 115 121 306 5
821 160 216 216 429 166 376 393 103 395 557 917
822 183 913 967 504 141 266 324 720 324 11 265
823 265 957 141 6 272 461 216 160 690 106 86
824 191 346 291 493 424 464 420 118 748 164 388
825 306 121 357 13 137 88 137 254 58 886 58
826 408 281 424 395 321 182 388 296 378 296 60
827 506 651 597 546 427 367 16 93 473 551 21
828 889 300 106 117 66 611 11 602 525 8 160
829 523 280 206 232 294 346 291 294 160 230 420
830 452 141 566 707 674 7 608 720 720 11 12
831 258 410 356 490 434 4 685 412 587 58 685
832 3 174 166 820 483 94 320 103 211 258 143
833 856 407 265 266 555 266 533 45 274 335 447
834 107 254 404 372 87 412 102 98 86 62 457
835 275 65 130 65 264 359 700 707 856 434 411
836 706 14 86 35 655 458 813 526 250 157 383
837 837 837 107 427 612 233 546 393 387 368 394
838 45 210 546 184 536 601 197 601 197 86 572
839 377 103 352 201 278 179 869 182 60 384 295
840 5 405 548 115 254 252 114 355 83 107 704
841 397 458 655 172 65 714 373 133 309 309 215
842 96 113 48 417 76 119 333 517 517 102 323
843 567 843 290 584 272 272 428 676 322 140 428
844 165 438 338 136 464 249 434 329 245 113 165
845 924 252 932 310 533 83 118 51 165 40 964
846 846 605 414 479 414 370 443 361 981 48 437
847 847 333 443 442 245 367 283 601 405 355 166
848 340 226 256 802 129 285 285 252 288 371 106
849 849 849 849 849 57 604 57 303 544 168 491
850 199 95 41 434 589 589 271 411 305 685 174
851 350 13 301 284 232 457 401 148 180 434 405
852 851 907 342 351 167 292 377 380 283 392 283
853 82 325 21 214 278 789 654 162 184 190 549
854 252 55 412 408 685 174 809 304 88 271 86
855 155 326 13 147 473 393 379 389 283 411 123
856 707 86 506 2 411 174 2 845 921 56 2
857 191 345 214 129 106 83 693 283 282 115 114
858 306 107 809 481 481 685 812 215 363 129 490
859 271 183 58 193 55 738 211 131 142 597 460
860 338 485 113 417 23 62 586 481 83 140 46
861 350 681 191 82 853 82 441 62 233 101 131
862 777 498 602 182 385 387 379 378 103 389 64
863 57 55 57 460 549 221 480 357 589 638 340
864 411 867 96 339 28 41 166 411 163 160 90
865 58 162 287 494 252 56 211 764 211 462 408
866 411 537 7 504 293 11 213 498 500 44 951
867 134 372 75 84 50 152 70 86 627 707 566
868 5 581 77 212 256 647 420 304 54 34 39
869 397 157 377 207 5 183 107 90 143 357 301
870 401 172 228 218 86 177 221 546 462 462 272
871 231 257 291 257 425 873 401 160 859 612 306
872 17 473 963 82 179 203 294 301 166 747 667
873 425 791 425 257 183 513 271 513 183 568 82
874 401 65 714 183 121 356 142 896 160 228 223
875 170 136 165 128 607 460 167 199 201 280 574
876 564 190 160 195 59 281 738 59 826 1001 826
877 155 877 549 779 146 601 83 506 466 374 505
878 23 38 592 592 15 929 929 269 303 351 106
879 242 236 107 296 389 585 544 212 255 46 329
880 921 6 184 405 64 300 2 2 195 194 859
881 96 113 329 21 29 30 23 135 160 131 481
882 166 172 813 544 6 426 306 13 21 686 21
883 336 336 339 455 914 170 81 362 856 282 62
884 412 832 58 664 486 169 914 860 914 169 128
885 728 327 326 325 82 183 252 269 16 169 107
886 273 272 269 142 62 356 107 41 206 284 377
887 885 106 495 215 313 223 105 115 424 125 5
888 412 195 832 412 586 462 408 96 847 423 442
889 375 282 531 263 86 467 222 494 62 78 82
890 890 121 318 409 443 226 166 165 256 355 121
891 405 411 460 467 62 494 305 59 281 2 635
892 114 303 371 708 708 185 353 592 216 139 76
893 971 470 171 261 986 261 151 48 263 256 357
894 327 733 923 923 326 143 128 201 204 201 160
895 114 444 113 245 686 86 283 114 473 545 36
896 287 106 21 327 325 173 400 105 303 630 303
897 263 283 368 150 179 262 231 231 797 14 434
898 898 230 420 430 365 83 747 105 495 107 147
899 2 252 369 303 738 56 532 54 160 159 301
900 438 333 176 200 198 5 337 338 35 86 551
901 137 365 495 227 405 184 188 20 160 106 74
902 5 211 859 254 495 309 17 21 728 259 695
903 191 857 166 431 249 107 859 271 152 395 83
904 321 349 321 368 150 820 179 231 181 155 181
905 311 218 341 309 310 366 404 233 240 236 96
906 160 316 549 104 155 81 569 358 266 358 232
907 851 377 106 300 161 754 360 19 421 481 599
908 206 546 184 64 108 91 419 474 145 462 419
909 303 269 236 82 329 638 210 932 252 154 154
910 65 525 700 956 213 823 452 420 647 82 169
911 189 377 959 377 495 468 316 793 435 163 83
912 526 840 413 413 177 331 358 504 499 649 121
913 213 265 856 573 44 649 466 359 213 213 452
914 169 46 140 617 269 333 165 27 494 371 549
915 38 48 211 450 142 86 166 177 380 232 312
916 414 645 414 414 645 697 156 320 213 602 466
917 201 395 61 707 213 573 213 266 720 700 264
918 197 409 207 116 170 470 470 86 415 697 697
919 114 63 58 286 209 301 215 188 20 400 92
920 230 20 424 151 263 168 493 342 345 254 153
921 58 254 107 642 87 215 221 83 492 162 63
922 822 922 79 160 367 28 545 28 212 490 121
923 733 923 825 923 733 420 296 160 136 336 136
924 96 438 340 114 411 408 281 107 128 300 81
925 847 847 455 171 41 199 677 199 198 168 515
926 159 89 63 128 388 295 106 278 280 574 425
927 158 82 531 419 828 356 480 143 10 777 69
928 211 420 106 748 748 173 325 5 738 303 283
929 929 579 269 461 45 164 446 140 428 448 592
930 238 241 210 363 661 264 9 265 529 506 62
931 240 373 563 93 171 26 23 26 38 915 38
932 131 64 128 15 420 325 96 5 840 86 55
933 933 334 164 170 453 42 434 145 170 133 493
934 163 170 303 551 21 189 189 312 311 494 395
935 125 99 64 325 325 549 68 549 540 184 298
936 907 349 179 345 346 180 180 156 13 767 13
937 937 640 124 100 97 618 100 92 260 89 806
938 611 166 152 84 478 112 258 347 149 160 132
939 572 5 833 833 7 498 500 264 266 265 359
940 93 473 427 282 271 145 546 597 118 326 424
941 189 537 232 493 256 534 813 544 820 366 441
942 95 198 167 207 409 292 523 332 406 608 246
943 295 18 317 389 104 160 163 654 84 422 518
944 748 793 748 62 749 776 65 51 64 215 221
945 327 327 13 126 211 240 209 286 738 6 408
946 641 301 184 968 968 968 299 146 549 362 533
947 947 60 377 959 377 147 546 7 249 209 812
948 381 178 14 284 1 121 83 318 263 82 486
949 271 64 69 409 135 338 263 338 82 681 681
950 64 173 21 106 358 502 500 141 451 566 823
951 141 407 494 128 196 51 167 918 917 95 196
952 69 287 189 86 536 86 236 241 252 924 209
953 699 971 325 96 75 753 816 860 375 243 373
954 249 23 166 320 182 379 394 388 388 295 384
955 936 593 196 917 199 199 278 301 115 436 115
956 11 602 182 61 394 157 128 226 42 129 543
957 12 823 565 430 44 21 28 914 113 478 258
958 509 540 184 420 312 300 173 326 105 142 68
959 377 149 206 546 906 513 513 147 145 155 58
960 377 228 226 313 295 268 390 378 103 741 179
961 377 167 172 30 366 290 620 86 686 263 405
962 325 21 115 404 83 450 458 13 129 789 419
963 236 587 237 932 255 106 142 576 166 430 12
964 23 13 350 681 12 466 11 420 30 114 133
965 936 822 563 563 494 152 288 433 393 166 506
966 21 624 491 168 198 198 205 197 207 197 593
967 498 43 44 424 355 121 568 133 283 280 16
968 184 80 747 166 142 166 168 263 417 895 417
969 184 249 490 170 164 429 124 101 354 404 249
970 440 447 812 215 201 82 327 306 511 337 548
971 723 733 420 106 885 20 560 1 218 167 41
972 509 105 362 303 412 411 323 5 990 305 528
973 971 9 141 488 496 64 515 533 546 859 89
974 917 41 128 183 434 16 63 63 175 685 520
975 971 699 332 498 488 529 525 720 699 700 358
976 485 336 337 437 27 170 453 105 404 83 168
977 977 242 235 252 132 301 215 589 282 221 309
978 753 491 816 169 464 129 114 361 444 301 184
979 979 170 170 753 753 753 116 434 495 290 83
980 757 980 64 389 393 301 159 159 242 13 809
981 847 47 129 46 274 15 82 269 107 210 243
982 137 355 896 375 474 859 132 132 405 434 551
983 333 160 25 30 417 245 333 919 443 919 455
984 333 393 422 518 83 212 431 4 896 169 360
985 376 389 181 14 53 13 624 491 816 411 698
986 411 516 762 516 333 405 296 395 174 59 949
987 411 698 57 683 411 193 685 56 949 285 840
988 411 987 816 151 96 82 932 163 162 2 506
989 329 371 494 662 107 333 87 513 124 98 107
990 138 160 906 546 282 84 453 615 252 571 520
991 812 208 114 290 168 764 30 121 520 155 58
992 992 129 484 129 291 232 918 820 28 424 495
993 408 271 211 153 115 166 485 114 361 251 40
994 6 54 532 57 208 210 46 216 69 353 371
995 712 255 1 254 74 64 171 299 6 57 281
996 12 666 420 610 56 63 411 166 301 362 105
997 953 997 953 816 816 987 123 302 64 375 21
998 65 232 608 452 487 466 374 5 619 5 141
999 145 46 255 42 188 20 183 106 373 282 83
1000 292 62 187 300 367 655 114 81 478 478 62
1001 803 826 826 58 252 54 738 55 638 638 44
1002 560 218 204 167 468 172 62 89 302 304 87
1003 258 474 256 170 753 753 40 119 753 753 860
1004 55 412 859 212 431 756 118 748 424 495 169
0 6 517 411 333
1 21 121 375 143
2 158 927 241 158
3 932 113 919 443
4 430 249 258 253
5 619 303 286 209
6 418 184 422 601
7 569 360 451 365
8 11 504 504 504
9 406 502 661 666
10 508 80 230 160
11 213 266 13 244
12 661 363 371 340
13 748 16 169 438
14 79 340 212 191
15 429 448 15 273
16 283 318 725 113
17 86 98 97 640
18 219 314 165 547
19 121 222 537 380
20 260 69 184 19
21 183 20 11 502
22 20 142 783 82
23 480 667 509 467
24 5 169 42 19
25 23 107 86 290
26 438 35 39 31
27 545 25 29 35
28 811 79 282 33
29 588 169 355 329
30 764 541 215 820
31 165 437 115 355
32 533 230 21 519
33 31 261 443 114
34 40 38 86 573
35 183 155 223 560
36 127 105 427 615
37 35 953 23 113
38 579 216 301 23
39 560 221 121 86
40 29 590 23 107
41 200 94 95 41
42 667 37 27 417
43 452 7 11 365
44 573 358 699 922
45 62 151 136 115
46 169 427 169 96
47 114 655 28 26
48 27 337 123 172
49 297 17 612 272
50 431 4 612 42
51 93 494 90 459
52 820 121 81 212
53 215 121 234 238
54 58 373 133 681
55 520 738 809 271
56 194 533 663 137
57 832 587 194 1001
58 809 806 285 562
59 990 65 352 350
60 378 397 719 841
61 537 157 321 387
62 183 568 82 191
63 286 63 854 63
64 199 288 152 92
65 483 226 256 210
66 984 333 81 188
67 108 67 533 408
68 80 20 62 586
69 173 892 226 146
70 372 115 62 833
71 162 323 708 125
72 20 537 222 227
73 218 201 776 918
74 219 60 215 820
75 339 251 900 438
76 89 285 5 486
77 581 445 581 51
78 539 77 62 63
79 133 545 26 13
80 189 420 184 409
81 87 258 132 411
82 752 84 471 671
83 484 694 493 168
84 467 460 333 163
85 820 82 36 318
86 238 241 210 240
87 155 465 53 440
88 0 316 465 809
89 6 429 448 216
90 66 389 390 321
91 107 184 420 19
92 530 161 555 82
93 543 16 290 531
94 204 206 820 83
95 41 204 205 917
96 115 229 119 470
97 125 124 405 695
98 98 98 155 326
99 420 430 462 173
100 62 544 434 460
101 96 135 75 40
102 192 102 5 820
103 380 60 379 191
104 321 160 963 643
105 252 252 419 434
106 615 155 215 74
107 362 12 11 406
108 90 13 506 293
109 366 537 486 94
110 375 577 377 347
111 110 91 357 404
112 476 329 183 93
113 932 174 285 532
114 892 300 21 346
115 5 557 256 30
116 340 217 49 433
117 409 207 107 115
118 651 420 305 89
119 427 473 298 287
120 333 281 5 492
121 21 11 129 270
122 167 196 282 223
123 900 168 419 337
124 125 166 249 310
125 101 233 212 490
126 723 551 663 80
127 184 63 126 54
128 751 51 204 51
129 533 499 608 232
130 290 294 425 403
131 249 137 175 174
132 118 420 190 282
133 170 115 113 438
134 74 86 707 499
135 339 151 263 114
136 464 494 375 160
137 63 921 845 4
138 481 137 82 550
139 124 107 31 123
140 164 170 987 816
141 5 374 406 506
142 367 21 325 5
143 229 115 142 68
144 615 147 87 280
145 434 531 106 298
146 533 165 329 105
147 932 77 581 21
148 377 127 169 409
149 621 149 180 129
150 820 136 455 170
151 28 23 113 114
152 393 333 546 518
153 856 612 173 342
154 424 45 446 933
155 145 612 272 592
156 734 280 168 822
157 278 789 5 346
158 105 64 98 86
159 105 441 62 459
160 4 424 527 423
161 121 29 169 42
162 427 96 135 337
163 249 859 62 209
164 447 498 720 266
165 363 351 420 209
166 184 82 526 103
167 292 232 141 421
168 491 816 914 169
169 486 292 168 47
170 135 914 816 40
171 417 423 443 165
172 219 79 116 411
173 129 28 278 160
174 408 685 481 698
175 288 434 63 849
176 176 292 543 93
177 5 100 434 212
178 157 156 342 681
179 320 296 62 357
180 289 14 936 907
181 64 106 114 116
182 379 393 71 50
183 326 87 459 695
184 81 400 971 20
185 371 495 214 301
186 162 181 526 912
187 533 602 529 602
188 366 282 572 493
189 508 105 21 92
190 509 10 13 147
191 278 183 338 932
192 832 58 54 54
193 58 142 19 267
194 859 166 404 115
195 832 192 194 195
196 203 82 549 274
197 409 169 162 169
198 200 51 143 166
199 776 776 377 155
200 51 31 155 518
201 204 51 30 128
202 206 917 483 483
203 376 397 64 458
204 917 200 498 488
205 172 351 172 533
206 307 301 150 103
207 107 4 145 333
208 434 856 956 11
209 62 245 160 380
210 86 457 92 815
211 845 924 612 612
212 174 281 174 2
213 359 504 19 573
214 94 440 813 526
215 248 215 128 180
216 272 446 322 446
217 162 103 123 820
218 316 160 130 121
219 483 205 199 203
220 128 23 878 33
221 310 74 227 537
222 187 473 327 11
223 314 107 154 422
224 309 317 366 506
225 225 81 371 46
226 283 434 544 81
227 227 87 187 405
228 223 495 227 377
229 513 154 5 57
230 333 361 333 89
231 344 381 320 232
232 820 950 17 333
233 86 563 14 380
234 283 365 440 238
235 210 208 137 80
236 237 233 236 243
237 236 86 83 296
238 210 82 748 944
239 243 5 726 342
240 210 21 187 87
241 209 283 152 115
242 210 363 155 101
243 271 142 450 172
244 460 748 129 489
245 442 442 26 437
246 246 298 42 372
247 213 155 739 569
248 218 225 74 212
249 137 126 271 209
250 60 352 157 103
251 47 114 89 59
252 169 229 434 533
253 83 333 533 401
254 170 163 612 105
255 545 133 362 401
256 169 340 367 375
257 342 280 450 64
258 421 607 393 212
259 96 114 255 210
260 89 919 333 546
261 51 167 572 776
262 344 157 396 380
263 168 419 113 950
264 9 510 506 434
265 500 9 359 496
266 804 232 176 440
267 19 86 210 424
268 309 177 562 377
269 513 210 137 88
270 426 621 278 149
271 303 58 533 529
272 309 311 309 95
273 429 139 166 105
274 86 459 328 327
275 413 65 294 301
276 168 83 373 240
277 280 556 280 289
278 681 180 166 3
279 82 142 86 129
280 526 183 13 552
281 57 683 683 131
282 173 21 29 160
283 367 980 367 932
284 936 284 1 641
285 209 83 23 229
286 412 586 194 54
287 509 713 69 952
288 218 201 94 974
289 280 148 148 349
290 829 523 14 172
291 256 249 165 64
292 515 552 411 516
293 8 452 570 566
294 129 568 256 63
295 560 221 459 311
296 254 62 64 197
297 905 311 678 69
298 301 362 133 129
299 6 140 447 498
300 100 354 353 121
301 113 443 38 321
302 183 249 121 890
303 369 96 96 236
304 599 931 240 424
305 517 333 411 455
306 728 96 57 5
307 314 219 181 60
308 166 747 613 619
309 95 593 936 129
310 317 18 218 177
311 248 142 64 96
312 17 177 307 226
313 295 210 129 371
314 507 513 459 537
315 253 932 269 533
316 341 248 17 62
317 1 232 129 294
318 170 251 455 338
319 963 131 58 82
320 103 232 120 5
321 483 345 121 77
322 929 322 269 212
323 84 71 433 71
324 121 30 37 35
325 971 695 405 115
326 92 530 11 90
327 728 400 92 426
328 560 336 337 31
329 106 16 115 62
330 556 464 464 116
331 615 492 165 27
332 498 92 326 64
333 233 145 591 145
334 429 216 274 678
335 45 210 46 121
336 338 860 116 29
337 548 106 287 536
338 135 339 28 121
339 39 455 135 437
340 892 45 461 118
341 215 211 518 152
342 296 351 203 86
343 214 232 206 793
344 656 176 478 183
345 342 377 65 401
346 5 135 96 57
347 122 468 74 187
348 180 130 157 180
349 5 291 493 82
350 681 345 61 296
351 161 161 121 531
352 656 122 103 157
353 708 100 935 353
354 323 64 91 375
355 184 6 59 3
356 419 652 108 69
357 82 572 776 203
358 141 166 320 380
359 558 487 332 707
360 4 138 126 63
361 93 443 925 976
362 549 288 296 256
363 105 474 258 559
364 152 79 160 106
365 82 377 621 342
366 114 226 405 128
367 151 32 339 987
368 394 103 123 123
369 160 228 695 695
370 251 971 729 84
371 45 142 212 147
372 84 113 115 128
373 106 42 212 58
374 7 856 661 502
375 424 338 28 166
376 150 160 210 88
377 388 377 468 82
378 103 104 320 379
379 104 392 387 296
380 295 288 333 105
381 149 157 394 394
382 379 181 378 388
383 383 379 396 380
384 388 378 385 387
385 376 869 179 180
386 377 86 777 554
387 485 74 340 301
388 60 219 218 482
389 395 295 486 36
390 250 321 395 395
391 182 380 65 533
392 295 321 396 295
393 180 533 170 310
394 377 745 221 155
395 283 162 549 68
396 61 177 440 159
397 869 376 262 656
398 295 290 106 105
399 457 409 325 64
400 728 535 134 6
401 424 255 249 506
402 420 244 244 58
403 473 419 333 442
404 269 173 160 493
405 541 15 82 278
406 11 518 560 913
407 499 141 529 504
408 516 408 271 513
409 28 80 287 896
410 286 411 96 5
411 866 80 106 222
412 195 160 336 115
413 13 820 231 203
414 645 231 342 349
415 697 697 415 697
416 173 147 155 393
417 115 333 370 38
418 480 183 29 486
419 932 20 409 90
420 285 738 132 949
421 86 666 666 951
422 533 40 48 486
423 318 121 233 173
424 28 105 351 106
425 403 493 611 183
426 167 749 62 254
427 48 76 485 318
428 272 274 334 446
429 164 334 269 859
430 501 430 160 131
431 17 494 366 169
432 288 432 162 50
433 405 796 121 492
434 322 447 579 428
435 793 316 223 64
436 437 115 932 187
437 438 367 21 222
438 29 486 129 714
439 96 75 84 422
440 413 450 568 450
441 366 372 86 38
442 115 338 411 400
443 409 417 96 75
444 485 113 160 582
445 13 767 121 533
446 592 447 812 140
447 164 335 124 125
448 107 340 371 107
449 414 645 414 370
450 932 187 283 129
451 566 43 502 11
452 700 957 141 11
453 254 211 506 503
454 82 170 860 170
455 39 37 48 485
456 64 466 602 529
457 425 129 340 16
458 434 458 533 23
459 759 121 173 160
460 493 14 465 707
461 216 446 216 254
462 462 546 362 420
463 463 463 463 462
464 424 393 394 393
465 316 215 549 480
466 265 7 451 466
467 142 10 327 894
468 258 469 89 438
469 89 919 113 48
470 590 438 34 25
471 84 442 318 83
472 453 84 272 462
473 418 13 515 440
474 80 549 187 152
475 375 282 10 405
476 329 13 356 13
477 90 91 469 91
478 442 444 417 165
479 177 297 905 311
480 494 283 103 182
481 83 83 395 250
482 655 427 367 245
483 165 33 409 190
484 86 484 64 458
485 317 307 18 376
486 106 690 74 87
487 496 141 466 602
488 362 405 166 191
489 132 249 362 82
490 128 290 936 231
491 816 119 84 326
492 160 128 908 592
493 515 409 25 38
494 170 548 340 892
495 360 371 185 371
496 213 707 73 166
497 548 381 176 417
498 421 332 523 280
499 700 498 92 426
500 466 649 44 499
501 358 331 459 498
502 9 661 502 407
503 406 506 9 971
504 569 452 9 661
505 502 504 161 371
506 529 332 498 65
507 507 243 58 533
508 86 12 13 4
509 710 498 51 14
510 141 555 856 558
511 337 511 511 284
512 366 183 53 486
513 218 218 549 467
514 328 560 386 295
515 168 585 172 14
516 408 59 58 3
517 516 195 586 59
518 577 282 560 74
519 259 728 400 260
520 281 56 949 211
521 134 6 346 5
522 563 82 854 420
523 618 323 102 5
524 72 524 72 259
525 247 12 293 360
526 407 44 549 509
527 96 302 455 263
528 373 92 65 526
529 487 922 280 214
530 11 504 293 525
531 914 165 128 93
532 308 379 386 181
533 163 162 433 431
534 256 802 256 283
535 134 777 862 777
536 20 282 820 493
537 1 368 104 103
538 530 293 293 360
539 78 13 118 117
540 509 509 518 518
541 533 141 5 242
542 172 204 41 199
543 222 301 273 45
544 813 543 65 990
545 28 270 278 292
546 163 934 549 184
547 40 816 753 165
548 116 251 361 160
549 146 1 0 581
550 121 747 612 791
551 509 325 87 269
552 518 145 86 17
553 86 14 205 198
554 62 180 393 378
555 11 621 425 714
556 232 263 16 63
557 83 233 494 918
558 9 499 699 924
559 559 142 531 531
560 518 424 290 263
561 462 462 430 141
562 377 391 157 181
563 484 160 105 427
564 303 63 160 401
565 430 128 127 20
566 971 174 54 738
567 82 783 16 105
568 256 271 282 41
569 504 500 266 9
570 661 363 210 3
571 408 993 408 473
572 936 168 278 621
573 498 765 9 573
574 425 90 220 128
575 167 749 62 457
576 533 87 115 229
577 375 114 300 42
578 577 282 311 72
579 273 164 170 183
580 580 580 580 580
581 41 129 47 26
582 418 287 20 329
583 521 217 812 373
584 563 464 459 29
585 813 440 526 129
586 738 809 971 406
587 236 159 931 243
588 600 585 84 210
589 142 856 293 856
590 24 25 133 60
591 591 419 214 172
592 216 592 241 233
593 918 918 51 143
594 84 49 87 654
595 52 397 394 376
596 301 473 44 63
597 651 506 956 430
598 598 86 540 189
599 931 238 243 238
600 600 450 526 160
601 105 478 442 444
602 11 44 249 541
603 414 415 86 573
604 305 483 167 776
605 846 605 414 443
606 495 60 150 179
607 434 229 366 366
608 565 324 11 699
609 609 333 269 62
610 694 706 124 98
611 493 426 121 165
612 832 194 58 856
613 747 301 21 642
614 742 614 614 106
615 145 183 900 753
616 459 249 543 478
617 272 269 447 440
618 618 404 173 538
619 56 408 130 280
620 620 86 458 160
621 180 149 150 741
622 238 498 266 525
623 129 30 62 209
624 651 950 180 365
625 252 4 114 326
626 87 422 166 393
627 809 411 597 118
628 628 379 60 179
629 177 177 562 440
630 369 630 303 619
631 159 301 147 106
632 632 632 376 166
633 633 633 633 633
634 635 63 571 285
635 520 4 57 5
636 636 211 126 211
637 234 209 237 162
638 564 281 305 16
639 638 639 638 210
640 937 937 353 86
641 82 187 105 147
642 405 129 187 663
643 162 186 433 432
644 950 249 114 21
645 191 601 107 518
646 131 481 481 13
647 221 16 543 424
648 648 648 648 648
649 121 458 168 263
650 215 295 84 13
651 118 132 234 242
652 163 652 163 17
653 653 653 653 653
654 154 963 87 856
655 151 121 405 537
656 122 656 344 377
657 269 84 555 82
658 658 658 658 658
659 377 182 320 60
660 660 660 660 660
661 363 283 58 520
662 124 64 484 87
663 188 424 237 237
664 486 280 486 82
665 63 44 892 314
666 7 266 213 473
667 128 62 135 443
668 157 378 103 537
669 5 815 63 271
670 670 670 670 670
671 329 514 971 505
672 506 358 502 502
673 495 106 607 695
674 9 487 496 451
675 675 675 675 675
676 160 12 570 360
677 434 249 513 170
678 274 429 140 428
679 188 20 560 12
680 380 60 320 213
681 350 157 351 5
682 511 118 301 222
683 412 412 59 89
684 684 684 684 684
685 815 305 89 408
686 564 183 172 115
687 86 84 729 358
688 543 65 197 13
689 198 485 442 114
690 282 531 114 184
691 691 691 691 691
692 231 434 393 388
693 366 217 70 233
694 255 282 588 23
695 597 411 987 123
696 307 872 218 82
697 5 97 124 838
698 55 252 518 559
699 504 86 932 493
700 957 700 441 84
701 462 254 233 70
702 107 490 106 353
703 703 703 703 703
704 704 704 107 70
705 450 450 440 733
706 694 664 58 865
707 957 9 765 7
708 404 640 99 404
709 353 687 107 642
710 81 162 217 71
711 711 711 711 711
712 995 712 401 183
713 509 62 90 107
714 714 129 106 278
715 20 287 800 185
716 5 42 183 256
717 411 208 363 577
718 281 194 305 698
719 393 391 157 53
720 555 324 971 582
721 30 336 169 419
722 278 351 495 250
723 126 552 481 55
724 338 420 139 160
725 165 492 42 490
726 85 312 232 51
727 483 94 64 523
728 411 900 438 89
729 525 525 232 413
730 62 426 283 559
731 731 731 731 731
732 732 732 732 732
733 326 155 154 513
734 211 683 131 271
735 164 592 447 15
736 160 68 550 107
737 271 63 255 434
738 211 807 54 807
739 300 101 102 412
740 971 812 520 138
741 250 395 379 296
742 166 747 509 671
743 743 743 516 195
744 744 744 744 744
745 979 316 1 548
746 746 746 746 746
747 508 710 187 142
748 300 312 377 103
749 167 181 160 114
750 88 369 630 630
751 51 172 228 280
752 82 420 83 282
753 548 129 413 129
754 7 956 426 168
755 211 84 119 40
756 288 105 233 239
757 757 757 757 577
758 366 174 157 295
759 459 316 560 362
760 335 428 45 424
761 393 392 283 252
762 516 102 102 2
763 763 763 5 243
764 30 169 263 96
765 720 11 502 406
766 340 331 215 560
767 82 544 790 544
768 124 214 231 168
769 62 79 601 177
770 353 15 162 58
771 13 25 361 367
772 772 772 772 772
773 773 405 537 460
774 285 126 56 809
775 560 215 549 190
776 820 153 121 368
777 86 218 5 581
778 85 507 507 85
779 146 147 612 306
780 84 444 245 423
781 621 377 292 82
782 82 87 256 83
783 154 495 82 555
784 411 243 209 541
785 13 576 142 747
786 160 51 112 108
787 21 221 256 153
788 717 411 809 971
789 352 789 129 168
790 544 820 301 953
791 612 747 82 116
792 121 693 83 492
793 435 519 189 508
794 322 15 579 216
795 417 86 201 198
796 828 796 828 371
797 797 605 414 370
798 798 798 798 798
799 160 263 76 76
800 549 188 424 429
801 820 41 249 184
802 802 256 546 209
803 195 194 59 803
804 498 293 420 115
805 971 179 60 60
806 806 809 252 412
807 192 807 132 283
808 808 808 808 808
809 174 4 612 404
810 471 421 473 299
811 531 165 34 28
812 115 612 217 160
813 543 249 17 269
814 52 314 314 223
815 63 115 372 64
816 96 242 209 637
817 544 6 308 494
818 440 515 409 135
819 422 404 185 353
820 231 426 458 604
821 160 352 103 526
822 484 64 215 128
823 570 570 265 500
824 191 350 936 231
825 923 326 424 493
826 1001 194 815 63
827 506 160 496 459
828 892 124 353 160
829 523 706 290 14
830 452 666 160 138
831 258 375 121 544
832 3 408 174 15
833 249 28 339 170
834 107 132 252 236
835 425 835 65 562
836 523 457 231 624
837 107 326 932 427
838 45 424 139 342
839 377 203 206 202
840 285 65 426 62
841 869 182 250 61
842 96 91 514 13
843 567 425 289 180
844 971 514 971 799
845 209 303 209 273
846 605 846 846 605
847 165 900 128 340
848 445 13 58 89
849 155 95 351 81
850 199 850 546 30
851 352 656 231 655
852 415 697 415 86
853 82 549 480 601
854 174 54 698 685
855 299 509 306 121
856 823 856 58 215
857 166 55 5 931
858 306 215 183 292
859 520 420 326 20
860 437 25 437 337
861 350 822 533 230
862 777 862 777 200
863 57 195 2 63
864 411 2 4 282
865 63 54 96 101
866 80 21 20 932
867 96 443 925 333
868 5 99 353 687
869 181 231 278 789
870 401 362 459 390
871 231 347 215 197
872 85 820 114 339
873 401 148 148 225
874 425 791 401 148
875 170 337 27 31
876 564 258 564 303
877 155 114 486 201
878 35 32 438 35
879 242 62 153 160
880 685 815 859 809
881 96 75 76 113
882 160 140 164 592
883 883 336 84 160
884 884 412 685 685
885 20 715 84 243
886 2 160 128 490
887 92 92 326 543
888 412 921 880 949
889 375 301 273 447
890 890 121 203 86
891 892 892 892 828
892 405 184 253 282
893 466 754 324 720
894 327 301 284 377
895 333 81 189 301
896 638 338 199 820
897 263 527 96 66
898 481 599 132 552
899 2 4 285 271
900 753 816 953 40
901 137 54 812 215
902 5 859 812 208
903 191 160 323 533
904 321 179 121 46
905 74 468 223 173
906 160 339 883 27
907 593 907 936 776
908 199 13 390 384
909 87 233 240 931
910 65 525 266 565
911 81 877 160 482
912 504 529 496 602
913 922 498 92 260
914 36 35 5 120
915 38 547 847 976
916 414 645 156 13
917 128 249 81 82
918 196 16 45 424
919 40 48 113 47
920 230 160 191 342
921 845 281 137 552
922 498 526 420 304
923 825 733 777 554
924 209 158 62 20
925 976 981 919 113
926 301 183 705 401
927 237 424 147 233
928 211 333 615 33
929 489 16 281 615
930 930 921 63 63
931 238 209 155 223
932 281 82 230 20
933 448 140 301 245
934 163 601 41 86
935 936 955 197 93
936 284 160 828 896
937 640 100 820 123
938 611 270 278 82
939 232 232 241 238
940 93 204 141 502
941 189 911 81 215
942 435 519 85 218
943 295 86 197 201
944 748 944 748 164
945 325 509 189 106
946 641 420 610 610
947 60 947 321 810
948 381 380 380 380
949 13 168 183 4
950 707 73 221 647
951 525 913 506 288
952 69 216 140 269
953 900 900 165 136
954 107 448 87 290
955 94 515 664 65
956 498 765 7 249
957 951 957 707 499
958 69 710 299 81
959 377 215 747 189
960 377 122 150 215
961 377 486 94 320
962 958 69 260 92
963 244 209 365 83
964 23 480 21 518
965 936 168 35 170
966 189 434 412 3
967 498 473 106 462
968 968 968 184 355
969 509 952 540 184
970 128 106 147 189
971 277 130 278 351
972 509 424 424 62
973 971 504 19 555
974 917 820 79 820
975 971 566 358 530
976 925 89 89 3
977 209 543 291 183
978 860 330 73 215
979 316 146 316 223
980 757 577 377 179
981 527 5 423 925
982 137 285 481 411
983 114 107 665 685
984 333 269 592 46
985 376 262 349 907
986 411 3 845 59
987 339 151 23 24
988 411 96 75 96
989 91 91 66 611
990 138 408 58 195
991 859 832 826 859
992 129 365 191 379
993 408 845 6 126
994 6 157 343 681
995 712 995 712 4
996 12 12 452 19
997 953 292 168 936
998 65 107 166 17
999 145 83 152 166
1000 292 82 203 294
1001 803 803 826 192
1002 560 358 8 12
1003 258 256 647 458
1004 55 665 2 13
