0 368 86 263 13 343 180 262 301 655 35 338
1 17 249 362 69 187 679 679 13 169 210 355
2 587 58 137 183 356 478 108 112 37 29 39
3 58 412 665 142 74 314 405 227 87 404 421
4 3 2 194 192 411 864 411 373 571 4 126
5 102 411 126 635 126 57 683 281 949 285 921
6 458 426 275 168 585 585 493 121 152 255 215
7 112 66 146 601 404 154 393 142 62 74 173
8 504 19 700 441 504 44 499 502 504 510 504
9 971 235 360 265 61 320 734 172 523 706 124
10 121 16 495 60 378 379 387 60 280 270 611
11 44 805 358 452 160 290 290 143 290 82 856
12 86 121 142 31 32 29 37 545 462 308 133
13 343 681 157 385 181 60 122 515 6 515 562
14 277 167 18 0 101 100 300 101 99 424 269
15 128 450 295 296 351 518 249 363 351 179 347
16 783 424 30 764 211 695 249 28 306 612 963
17 147 212 174 815 64 786 465 316 695 249 363
18 309 183 355 115 473 326 245 976 333 58 586
19 86 70 180 256 474 91 419 462 430 411 57
20 282 121 355 170 607 393 212 288 104 387 115
21 333 493 694 290 145 393 61 64 177 479 177
22 520 57 174 15 335 140 335 322 533 323 768
23 35 338 437 135 115 166 283 63 211 3 832
24 440 526 413 542 544 84 754 950 644 296 342
25 37 590 27 409 69 434 252 58 174 209 166
26 135 438 562 285 105 282 932 820 21 405 375
27 172 483 165 417 107 106 21 212 859 803 63
28 128 168 290 829 523 493 14 426 568 65 320
29 160 730 5 47 165 483 340 212 253 434 322
30 151 655 513 116 443 417 318 176 65 515 270
31 427 612 272 579 447 273 819 422 272 309 219
32 40 93 168 515 515 409 93 458 543 292 280
33 30 590 545 473 545 93 493 160 36 24 964
34 37 27 24 64 196 95 183 211 365 245 338
35 588 30 133 167 296 810 222 255 16 404 166
36 121 550 160 484 64 232 232 537 189 818 189
37 229 115 232 41 751 6 204 533 667 128 494
38 847 333 128 226 166 150 166 411 864 411 5
39 30 35 878 23 87 131 126 174 283 389 379
40 135 169 280 21 10 13 38 23 545 23 261
41 493 275 275 368 83 87 545 785 13 306 858
42 5 455 5 201 86 533 115 261 339 47 280
43 499 498 405 411 481 738 211 646 646 646 411
44 526 425 430 62 818 189 537 227 519 607 393
45 301 285 254 462 506 107 81 162 253 62 4
46 495 222 424 237 253 607 420 624 651 118 117
47 160 123 251 339 96 101 99 5 440 5 690
48 338 464 424 17 311 106 373 240 233 474 23
49 84 1 221 107 747 107 410 286 3 859 5
50 71 162 107 87 626 87 212 333 531 142 166
51 27 588 206 1000 166 422 601 58 434 16 783
52 301 199 121 401 542 129 611 278 405 173 325
53 61 519 518 621 160 429 160 786 160 114 133
54 271 333 152 83 19 184 184 183 822 908 917
55 552 305 809 211 355 105 360 19 661 141 729
56 211 208 434 589 564 114 255 63 278 365 607
57 160 113 919 976 361 160 393 84 336 41 336
58 212 408 6 486 106 147 154 163 249 7 420
59 59 285 132 405 83 203 199 65 206 168 129
60 60 122 122 156 342 139 45 160 776 917 776
61 232 65 714 373 280 283 129 291 290 121 68
62 44 501 498 562 568 425 403 221 313 268 300
63 625 285 86 285 420 20 81 160 319 243 64
64 349 156 320 94 515 176 177 177 17 155 213
65 231 206 201 133 377 207 95 197 205 196 205
66 611 129 184 290 694 706 836 706 694 610 694
67 74 231 656 177 18 222 311 225 283 2 434
68 473 296 610 459 44 254 107 86 586 282 662
69 747 612 41 105 453 615 244 237 319 237 963
70 494 165 13 730 460 462 5 141 529 494 417
71 152 612 153 434 137 809 13 318 442 263 274
72 311 190 87 172 207 167 420 235 963 546 333
73 218 85 86 90 258 143 419 198 64 0 581
74 485 417 114 434 404 86 206 291 168 486 63
75 84 305 683 411 132 192 132 208 599 708 371
76 75 135 13 128 365 486 426 166 799 715 21
77 79 86 627 473 129 203 199 65 430 280 473
78 121 187 152 404 234 160 468 316 341 316 793
79 340 80 20 887 20 306 326 86 189 21 114
80 92 370 423 303 405 489 106 434 371 45 15
81 911 189 314 314 309 18 166 411 646 131 586
82 169 405 367 495 215 340 548 371 45 162 432
83 115 366 333 142 340 16 107 812 140 46 249
84 664 515 94 377 177 546 233 244 237 159 240
85 142 571 63 138 4 142 68 400 325 143 41
86 508 473 19 570 8 499 407 406 160 197 820
87 121 520 3 59 408 56 859 832 63 533 249
88 89 285 62 30 160 346 133 113 423 113 13
89 3 4 880 859 411 89 183 418 549 934 549
90 183 329 63 820 820 212 91 258 474 256 557
91 212 371 161 314 225 314 764 541 405 283 560
92 426 562 493 270 493 65 133 113 76 119 753
93 482 576 232 41 173 64 21 260 311 74 230
94 198 229 513 21 966 21 489 229 48 39 437
95 205 908 776 377 95 155 173 22 92 100 404
96 13 272 5 305 281 286 211 56 303 15 933
97 185 618 185 708 125 98 64 232 526 290 495
98 102 98 99 768 404 125 404 612 17 269 160
99 404 173 87 147 249 932 174 175 532 17 221
100 640 100 301 173 22 520 6 489 365 338 437
101 97 640 640 185 99 185 800 533 362 549 934
102 300 158 174 283 44 30 82 563 706 124 99
103 378 387 115 494 690 20 327 326 10 434 245
104 376 61 301 52 537 52 52 537 1 548 377
105 155 221 225 221 53 182 283 577 757 577 377
106 87 105 256 222 268 390 388 377 403 813 526
107 820 908 197 373 112 258 108 514 66 514 328
108 109 108 108 473 232 321 381 380 181 393 71
109 108 90 160 512 160 69 81 568 290 295 383
110 121 78 62 81 69 467 84 268 311 223 365
111 84 119 40 753 548 278 789 5 163 654 32
112 896 107 164 63 434 100 301 25 26 170 38
113 725 245 434 19 121 29 28 533 105 42 309
114 640 45 62 548 249 165 314 726 5 5 63
115 333 531 420 641 495 74 87 607 453 607 548
116 160 42 87 427 115 860 816 455 271 46 812
117 100 125 121 546 103 546 362 405 263 411 183
118 132 532 57 305 411 698 194 195 58 371 254
119 333 925 981 48 151 113 48 981 444 300 81
120 146 66 560 607 419 87 74 215 295 368 390
121 27 883 115 123 116 38 47 333 84 598 553
122 167 53 215 114 434 19 42 166 142 184 536
123 420 189 459 548 371 107 427 107 769 107 152
124 405 63 209 286 408 489 21 41 47 113 932
125 98 124 768 101 0 309 95 94 955 593 86
126 54 738 738 286 160 217 288 296 160 389 389
127 491 497 78 77 78 79 539 160 818 301 13
128 303 363 384 321 392 377 776 94 218 120 309
129 35 165 39 37 24 964 40 339 96 339 169
130 401 121 234 96 427 87 448 429 155 189 695
131 87 820 212 86 706 86 326 169 427 249 489
132 809 208 121 131 62 544 121 1 225 221 313
133 307 18 120 232 486 44 86 353 129 909 493
134 84 152 420 402 377 748 377 764 377 228 495
135 438 74 121 288 175 288 288 217 50 431 84
136 160 859 4 211 15 183 113 160 685 92 152
137 249 162 190 494 494 252 269 216 46 106 690
138 481 281 183 290 426 457 401 401 971 566 407
139 269 173 69 362 107 285 166 529 558 451 466
140 5 619 59 845 924 845 63 271 183 611 66
141 510 358 65 714 526 103 378 295 321 390 380
142 62 7 510 754 971 582 160 210 160 280 93
143 31 338 336 437 437 170 35 22 35 409 515
144 433 405 255 284 749 820 83 210 305 685 286
145 155 17 308 581 409 417 847 96 400 11 421
146 615 954 249 407 503 499 44 565 44 932 21
147 145 170 434 233 238 525 504 499 359 569 441
148 149 656 380 61 301 810 560 283 187 129 932
149 284 255 712 995 712 4 826 195 208 57 126
150 61 296 212 152 283 253 315 537 380 181 104
151 494 494 448 579 429 424 80 679 549 104 82
152 82 261 116 28 38 722 28 82 526 121 748
153 154 114 932 255 107 256 365 129 562 202 820
154 492 212 367 375 62 447 473 581 133 336 116
155 533 282 745 745 453 607 490 63 132 62 211
156 344 149 206 440 129 36 486 478 111 84 121
157 379 391 295 397 122 150 149 150 160 610 56
158 89 76 96 88 924 252 832 612 50 433 70
159 235 240 234 241 440 515 409 785 409 2 832
160 61 250 181 395 396 377 368 150 397 295 268
161 160 306 509 420 201 200 275 6 79 115 417
162 541 420 312 317 17 872 309 5 58 129 353
163 20 424 295 341 309 905 905 215 159 236 363
164 447 140 541 249 407 504 430 430 6 552 195
165 550 160 404 142 115 63 685 92 92 538 723
166 210 13 69 86 275 526 103 53 13 450 64
167 206 207 201 160 242 241 210 237 319 160 149
168 568 65 197 167 201 533 321 182 18 533 950
169 29 13 165 443 165 223 282 33 86 35 32
170 282 269 142 493 568 458 542 172 142 248 309
171 113 914 900 978 900 13 130 277 14 394 379
172 207 160 559 160 504 569 501 498 720 441 430
173 777 554 482 48 370 333 492 42 74 331 707
174 137 6 191 344 149 180 365 362 956 7 407
175 15 334 447 933 335 97 768 100 404 217 142
176 318 170 438 251 455 981 981 527 527 527 48
177 65 874 425 714 172 82 256 28 914 455 251
178 344 656 149 490 128 87 426 87 828 45 164
179 284 255 256 802 258 105 170 35 25 160 275
180 257 342 41 121 651 173 259 106 820 820 955
181 395 424 497 581 409 117 211 15 933 447 592
182 872 581 139 269 140 15 16 395 557 79 121
183 257 526 129 186 531 365 82 494 165 417 113
184 409 346 128 283 282 230 5 520 812 971 627
185 354 353 121 35 34 30 84 582 211 734 128
186 62 106 329 114 63 58 408 412 138 408 63
187 145 234 235 158 159 243 305 64 191 180 365
188 129 405 356 434 473 340 251 336 133 135 75
189 671 81 671 589 107 769 62 541 155 593 342
190 105 249 7 510 19 129 292 523 172 180 601
191 346 342 352 483 340 405 367 116 152 431 80
192 192 193 63 211 698 59 3 303 212 459 495
193 826 4 137 252 162 31 932 453 255 283 758
194 54 2 13 423 160 351 303 170 5 59 286
195 517 411 665 3 434 189 155 215 220 165 280
196 196 280 214 128 226 82 30 82 296 199 200
197 197 215 440 413 168 789 93 361 455 115 79
198 485 444 361 370 113 250 526 515 65 498 7
199 399 133 346 181 320 321 104 60 182 104 82
200 177 440 264 440 368 250 174 379 103 295 314
201 183 458 275 368 393 152 83 114 63 174 283
202 206 199 94 917 200 204 204 232 113 245 62
203 296 363 518 362 549 212 144 546 493 172 180
204 6 587 237 243 537 103 179 351 129 401 542
205 196 207 343 107 284 180 907 156 907 342 346
206 352 157 174 379 368 232 266 12 12 564 564
207 95 196 424 509 306 549 74 260 89 469 329
208 195 412 238 234 114 24 96 209 319 160 820
209 252 601 177 381 342 681 347 278 409 118 420
210 21 137 209 601 283 182 103 201 93 171 5
211 290 6 552 738 271 131 532 211 56 698 56
212 114 455 113 361 133 373 283 314 62 300 314
213 9 8 504 501 160 278 256 180 157 157 346
214 157 16 15 405 889 405 124 405 89 89 159
215 296 167 200 917 196 14 64 14 280 183 89
216 272 140 461 269 173 249 222 219 60 105 569
217 71 84 235 238 234 121 748 793 206 197 172
218 268 282 546 269 447 334 274 428 447 62 255
219 377 167 196 424 28 249 107 362 362 356 564
220 434 493 129 137 20 971 679 81 137 408 473
221 155 145 427 470 119 753 75 372 594 82 46
222 225 409 93 121 540 184 173 155 101 65 291
223 495 365 329 671 509 259 259 728 411 209 210
224 218 160 149 180 344 381 179 160 410 62 281
225 74 330 74 142 812 366 950 754 7 420 244
226 283 160 486 611 270 515 813 836 332 707 765
227 695 971 401 568 568 568 82 215 41 107 310
228 17 950 913 44 486 245 165 51 362 133 168
229 177 221 215 747 667 13 126 300 460 411 195
230 62 666 86 177 409 316 6 738 286 520 533
231 730 13 15 405 17 155 145 326 326 169 211
232 312 841 841 312 17 282 588 25 40 370 443
233 234 82 99 100 820 204 93 82 128 533 504
234 269 579 929 429 447 461 13 33 282 83 233
235 242 927 159 249 642 107 99 640 937 640 114
236 303 263 318 171 409 177 601 494 229 48 36
237 241 592 579 335 45 640 404 354 124 513 747
238 930 236 82 278 278 179 191 350 320 182 308
239 13 12 213 358 525 9 498 205 93 261 753
240 240 234 239 145 105 607 42 255 610 296 388
241 927 158 564 258 329 306 20 96 236 105 607
242 62 338 37 655 367 121 187 249 365 405 371
243 950 812 54 738 809 285 457 231 53 167 460
244 252 238 302 419 340 310 307 17 18 14 556
245 318 326 923 923 723 546 7 19 249 154 783
246 765 912 466 374 499 232 820 445 128 160 169
247 570 566 971 470 86 121 4 552 515 14 284
248 17 872 74 459 495 227 215 87 13 497 79
249 107 133 120 333 438 93 136 417 444 547 417
250 1 21 885 21 212 462 463 462 506 506 932
251 443 370 96 170 900 753 860 135 62 280 294
252 138 301 655 167 18 280 367 470 427 166 173
253 283 379 80 92 498 241 232 368 232 231 129
254 458 160 326 82 441 602 249 464 493 835 84
255 249 421 457 232 232 840 168 611 129 365 255
256 460 300 531 186 492 283 405 543 425 664 515
257 278 129 203 183 218 341 560 40 25 339 340
258 91 66 112 356 509 494 340 535 554 554 29
259 173 10 44 7 246 608 720 525 44 699 971
260 950 74 173 518 145 612 217 142 128 420 99
261 411 597 58 305 528 644 528 489 64 133 482
262 180 422 153 282 290 822 908 201 169 486 820
263 169 64 10 327 105 533 94 201 776 14 86
264 700 213 533 63 405 212 23 41 751 51 593
265 8 441 82 278 201 473 411 282 271 46 447
266 441 166 79 160 67 189 679 187 42 64 171
267 264 141 264 700 452 213 8 301 4 826 1001
268 248 218 314 301 482 133 167 51 917 205 498
269 334 274 405 161 7 7 537 268 212 424 256
270 84 425 289 231 692 231 342 206 307 872 377
271 89 64 197 201 283 372 86 152 153 333 269
272 617 269 422 19 533 65 86 506 358 161 121
273 301 189 106 183 820 365 303 107 704 704 704
274 273 322 429 160 117 189 121 478 434 421 61
275 835 401 562 497 340 28 270 515 275 86 340
276 295 396 395 157 301 8 570 360 495 118 667
277 296 277 167 453 932 489 929 164 735 164 269
278 179 284 6 2 164 535 173 612 147 546 536
279 160 314 256 152 115 166 223 183 44 765 498
280 303 513 268 496 421 471 421 452 498 533 115
281 107 142 756 86 373 311 301 216 45 640 638
282 31 438 562 562 202 198 203 199 205 847 171
283 377 351 180 381 180 493 82 333 77 212 210
284 342 797 18 86 28 278 231 65 290 283 758
285 685 815 520 20 173 651 427 166 93 86 125
286 137 57 460 473 422 474 494 58 62 434 199
287 549 671 253 75 76 444 527 976 847 333 119
288 71 432 433 254 142 353 687 86 392 61 264
289 277 280 263 16 771 518 166 121 13 771 13
290 160 18 317 85 53 182 213 503 499 238 963
291 181 160 269 446 429 461 139 15 125 86 457
292 822 822 494 90 494 466 86 7 7 212 191
293 754 161 121 10 777 86 84 553 482 482 79
294 214 413 493 572 533 576 533 504 374 293 362
295 368 86 326 306 550 249 462 21 820 86 372
296 397 389 61 19 44 254 404 424 429 140 164
297 73 166 474 420 932 41 142 280 16 495 309
298 507 85 313 317 1 641 371 21 260 248 259
299 146 81 356 82 326 105 105 441 166 820 950
300 210 255 1 215 690 282 509 260 69 550 82
301 290 584 290 16 404 99 640 64 51 64 326
302 57 211 695 222 227 222 314 892 28 438 308
303 909 183 568 65 204 196 820 41 460 537 157
304 58 86 438 74 331 615 669 669 420 165 142
305 54 54 438 436 438 40 119 753 170 16 45
306 215 408 194 252 571 62 216 107 21 152 355
307 85 778 549 212 226 42 387 389 295 295 424
308 320 296 388 160 820 52 368 376 342 493 522
309 5 325 69 287 189 537 397 52 133 971 304
310 1 495 314 105 747 189 301 285 774 285 854
311 612 248 74 228 377 402 262 345 262 301 25
312 366 950 387 377 468 148 280 183 309 310 366
313 17 23 950 73 259 536 546 206 200 275 440
314 295 128 420 254 173 612 859 57 412 211 249
315 695 249 159 62 458 183 3 195 809 304 88
316 147 189 222 218 219 60 181 395 368 440 608
317 309 74 308 211 152 86 377 172 30 33 31
318 86 18 166 859 411 5 346 206 86 467 81
319 243 926 159 236 3 665 212 86 285 96 91
320 295 384 379 628 628 394 385 376 283 103 385
321 232 450 65 533 82 567 843 290 62 113 914
322 272 617 269 474 357 424 462 272 274 448 409
323 100 99 173 121 353 15 446 933 592 933 933
324 555 720 608 565 823 9 510 504 499 505 661
325 326 473 493 546 245 546 7 112 66 211 355
326 326 121 31 254 493 115 165 198 419 82 567
327 21 189 187 166 786 786 407 466 720 11 21
328 327 21 296 321 321 394 321 349 64 243 58
329 143 86 166 129 86 90 86 190 299 184 63
330 438 390 13 506 856 160 217 121 424 233 236
331 459 215 296 342 820 483 556 14 205 86 304
332 406 374 501 498 92 160 28 953 28 339 75
333 976 333 355 546 597 58 88 0 74 316 215
334 65 133 340 46 83 727 483 473 404 473 508
335 461 428 164 216 46 249 533 87 41 42 427
336 170 355 365 278 83 506 62 152 49 152 115
337 93 93 135 47 444 417 116 40 28 21 537
338 367 245 725 165 490 160 201 420 296 351 365
339 361 47 5 980 980 64 354 354 354 353 97
340 420 63 62 333 58 256 492 115 21 274 405
341 389 53 157 104 387 387 395 86 285 57 271
342 294 342 157 191 82 128 197 207 196 231 347
343 231 60 250 610 89 919 40 31 51 114 89
344 156 344 156 160 4 587 3 685 137 254 114
345 256 647 121 17 872 581 51 27 438 367 212
346 128 129 458 280 203 83 434 249 642 513 642
347 347 61 232 562 275 177 0 148 148 0 178
348 349 5 327 327 400 20 92 72 92 457 232
349 179 820 95 60 321 546 84 432 217 433 152
350 593 86 584 86 297 177 309 177 229 229 84
351 13 588 545 133 291 14 380 182 872 232 14
352 352 65 135 47 339 437 339 28 283 249 401
353 486 29 26 35 13 325 143 474 422 129 489
354 354 353 709 353 687 100 117 252 83 820 203
355 420 184 81 667 549 549 663 551 298 160 187
356 366 83 513 474 329 212 131 83 612 393 368
357 671 582 106 44 82 404 354 354 354 97 98
358 525 602 182 103 232 576 543 424 497 170 36
359 529 525 65 639 638 46 932 44 754 9 558
360 360 170 86 533 86 117 86 362 86 573 8
361 151 62 107 128 21 325 508 212 546 518 62
362 283 107 184 968 299 508 710 952 710 747 678
363 434 97 124 101 124 838 45 404 601 523 280
364 165 844 165 220 74 218 0 250 113 176 204
365 434 371 62 509 68 678 747 513 655 458 62
366 190 409 280 53 394 376 869 841 312 85 467
367 113 33 27 170 301 375 21 642 419 542 172
368 434 173 416 971 480 184 86 271 271 256 531
369 630 303 59 3 932 282 142 615 404 937 99
370 245 326 533 177 229 23 41 256 308 160 812
371 353 796 121 234 404 282 58 2 96 46 132
372 42 560 295 295 391 390 250 377 490 518 58
373 571 303 610 420 106 518 405 519 316 537 103
374 499 499 7 537 170 280 232 226 128 3 932
375 169 81 351 172 183 419 450 623 84 780 84
376 397 232 103 160 776 206 751 820 412 412 826
377 382 393 254 144 615 714 121 462 249 661 264
378 181 541 62 62 113 47 47 423 361 444 318
379 285 625 63 932 932 249 129 936 232 368 86
380 396 182 384 295 943 295 388 296 494 39 480
381 515 593 342 377 368 841 869 182 308 532 520
382 379 388 150 157 179 60 214 301 93 64 397
383 379 16 269 84 487 84 317 307 85 160 12
384 182 308 880 408 57 520 532 17 431 433 49
385 380 393 86 212 114 154 518 21 513 303 89
386 377 526 129 208 930 235 610 56 949 6 181
387 377 377 321 387 380 562 200 128 13 15 541
388 295 292 523 280 526 167 908 201 352 546 145
389 317 1 222 107 158 243 963 950 492 5 572
390 150 149 149 344 262 402 262 180 82 337 548
391 389 628 394 381 180 342 17 495 316 377 320
392 393 368 250 84 244 244 963 237 963 160 179
393 157 681 851 852 852 852 851 377 203 179 133
394 376 181 295 377 392 321 378 388 387 368 121
395 377 177 381 381 321 810 520 4 4 286 211
396 61 394 394 14 284 642 249 506 430 486 176
397 397 458 515 168 789 654 154 424 16 107 255
398 295 295 128 160 51 167 51 41 128 430 65
399 450 65 101 185 353 618 125 353 121 495 21
400 215 60 352 789 5 527 6 520 3 886 59
401 289 401 160 321 283 492 166 42 163 62 44
402 262 122 150 82 395 201 64 212 726 316 377
403 403 14 290 340 892 160 346 214 180 419 256
404 615 84 37 33 282 559 559 769 107 153 212
405 489 106 287 160 666 160 397 179 971 232 483
406 11 233 58 865 194 54 698 54 685 56 718
407 503 213 823 7 700 498 247 570 700 499 358
408 215 313 268 459 331 340 922 913 141 957 19
409 21 400 336 820 204 172 65 275 368 60 250
410 258 160 142 593 918 974 128 254 492 154 419
411 89 76 981 423 62 518 252 244 241 240 235
412 195 412 271 89 455 271 455 47 417 86 39
413 178 231 575 149 490 365 82 552 698 285 285
414 603 414 414 645 231 797 14 486 36 82 509
415 697 321 160 298 301 52 781 621 278 231 280
416 327 486 353 249 253 87 58 615 714 121 255
417 245 725 339 245 361 27 27 258 932 252 174
418 183 280 121 199 64 926 931 927 241 158 963
419 129 623 84 366 166 184 551 473 393 395 16
420 733 327 105 48 263 564 356 356 256 365 269
421 649 452 466 555 7 44 555 141 430 362 65
422 269 615 129 992 129 46 371 424 641 106 278
423 113 914 116 221 459 20 326 87 258 468 167
424 81 533 551 86 19 473 333 820 16 434 187
425 873 401 294 346 168 47 168 13 980 119 229
426 413 526 250 0 65 160 85 778 85 1 85
427 422 820 254 129 362 81 44 141 362 441 254
428 446 216 461 15 128 303 513 303 174 812 209
429 461 819 422 424 240 424 4 54 807 211 698
430 141 431 17 221 434 137 685 174 209 241 440
431 141 913 213 141 729 141 62 256 180 212 550
432 121 68 21 325 508 509 190 533 320 734 695
433 50 643 393 150 250 174 15 16 45 46 533
434 401 129 495 83 131 160 501 504 359 754 324
435 533 302 57 809 252 55 6 362 280 86 70
436 115 453 459 434 478 121 80 128 207 206 786
437 27 437 900 13 413 275 129 58 271 282 4
438 29 32 28 170 38 579 269 121 371 105 601
439 115 548 283 62 154 419 296 250 368 392 86
440 172 143 51 118 756 74 340 340 848 340 160
441 602 141 856 44 856 246 498 360 44 550 508
442 417 113 426 318 121 281 411 271 552 698 552
443 725 165 820 486 94 201 121 80 473 114 76
444 423 892 438 31 30 261 443 847 925 47 483
445 5 900 165 364 433 217 404 768 708 107 256
446 579 335 447 46 169 183 434 607 296 284 107
447 46 355 160 4 564 304 806 89 845 408 520
448 335 45 62 201 917 970 820 150 103 321 351
449 414 415 414 449 414 443 133 14 440 266 141
450 813 534 544 212 81 106 355 166 493 460 467
451 265 466 362 546 828 46 216 15 420 128 256
452 971 723 971 466 451 487 488 141 533 145 17
453 82 226 218 82 385 390 296 179 378 296 363
454 258 108 514 13 325 549 694 290 166 125 424
455 245 444 443 437 417 160 496 5 346 160 216
456 405 211 612 105 269 422 474 110 84 715 799
457 401 457 401 276 426 840 413 413 65 525 8
458 121 249 546 44 805 358 9 573 7 430 674
459 163 366 145 999 145 163 654 789 93 450 813
460 607 453 166 664 363 518 145 188 473 333 531
461 118 387 150 389 379 393 104 368 366 105 77
462 173 10 143 91 478 474 258 478 442 114 93
463 462 506 293 12 419 296 494 268 222 142 133
464 727 84 50 433 393 719 379 64 197 93 515
465 155 249 333 427 23 33 409 945 325 549 509
466 608 499 332 421 525 499 505 43 44 83 63
467 21 230 62 90 494 404 252 249 303 209 543
468 160 611 211 249 173 327 21 326 10 20 306
469 89 924 88 63 820 100 92 260 21 5 236
470 427 443 414 605 846 846 605 797 605 851 377
471 256 221 405 132 217 162 417 48 654 17 252
472 453 87 859 59 2 126 564 340 547 361 13
473 296 6 57 924 845 921 138 420 174 208 236
474 17 212 665 3 63 324 754 161 667 747 62
475 300 489 365 129 282 28 63 58 193 408 462
476 258 328 357 404 142 83 601 180 83 133 41
477 375 143 484 168 129 482 64 730 160 61 392
478 112 80 679 482 777 498 360 235 252 812 45
479 381 61 123 411 604 57 520 815 92 818 166
480 86 229 721 721 37 26 590 470 155 17 314
481 208 520 286 80 81 405 365 314 184 68 82
482 450 257 426 121 544 107 662 618 404 963 237
483 61 177 409 464 136 93 78 77 142 285 105
484 13 476 258 27 24 31 155 393 155 351 94
485 74 307 65 200 593 498 466 912 466 64 665
486 362 283 494 371 125 62 81 211 46 273 886
487 332 971 729 649 84 254 28 256 647 21 357
488 421 115 145 81 301 263 96 209 82 230 420
489 121 226 307 696 17 145 405 106 726 160 158
490 87 74 173 166 467 166 376 166 422 19 452
491 892 896 116 655 151 753 115 261 455 443 847
492 615 129 413 200 41 113 220 128 256 4 166
493 168 82 518 362 256 371 641 424 518 226 114
494 82 681 12 161 405 132 210 424 290 843 567
495 203 342 342 13 679 375 477 69 713 81 509
496 560 810 301 132 131 366 217 71 217 288 152
497 170 255 83 589 256 154 153 366 187 249 280
498 14 205 172 482 419 221 74 268 218 317 74
499 602 529 602 498 608 332 523 493 294 931 243
500 498 707 267 12 707 441 82 263 280 181 377
501 232 167 342 575 206 203 196 206 94 440 206
502 661 420 230 80 747 513 507 513 92 287 494
503 61 60 368 275 542 168 426 450 128 378 150
504 11 129 62 508 212 48 367 375 357 143 478
505 358 407 498 700 566 573 86 480 39 560 358
506 494 310 1 147 87 13 36 34 116 38 37
507 507 314 166 55 718 56 96 160 164 269 154
508 582 184 129 932 495 227 495 932 859 173 115
509 434 356 424 474 84 654 83 166 404 366 10
510 492 165 33 13 478 13 446 164 281 208 599
511 301 307 317 85 443 115 302 304 455 115 28
512 512 512 155 367 300 355 82 211 755 211 137
513 652 478 434 3 412 305 286 13 90 162 482
514 971 467 434 115 128 214 214 277 191 212 269
515 572 280 107 153 256 154 269 256 256 14 526
516 762 516 5 337 135 47 409 90 220 74 82
517 333 28 105 58 373 184 299 710 418 142 86
518 152 183 900 13 900 168 585 129 426 231 178
519 85 872 377 129 53 420 490 107 367 366 58
520 420 450 86 627 420 5 420 167 196 917 206
521 583 521 553 86 736 62 147 212 41 152 87
522 493 562 401 714 401 493 399 450 813 399 401
523 14 434 421 141 293 765 430 360 441 473 419
524 72 524 72 259 92 92 728 21 303 82 544
525 500 406 504 359 267 161 661 518 404 249 421
526 103 394 104 376 82 458 62 147 644 166 77
527 113 914 105 492 84 549 80 222 142 283 363
528 5 154 236 234 166 69 187 418 189 747 166
529 922 340 121 693 366 215 58 126 812 665 142
530 92 260 89 3 971 284 155 495 360 951 913
531 581 21 346 160 296 87 326 64 51 82 184
532 308 396 321 301 183 121 221 215 309 872 232
533 290 843 290 65 291 133 167 280 53 420 340
534 256 234 639 234 239 63 13 343 681 191 214
535 173 21 537 157 320 593 205 483 65 160 160
536 166 320 321 579 269 820 421 457 197 199 288
537 221 42 493 450 176 204 141 506 504 502 11
538 92 20 887 887 92 260 69 678 48 560 20
539 494 822 953 816 96 136 135 65 366 368 321
540 86 21 221 53 380 376 654 420 108 477 91
541 107 137 3 408 571 3 665 254 1 106 454
542 172 14 172 60 232 556 330 74 950 158 209
543 292 953 590 26 443 26 25 23 229 37 27
544 434 367 129 30 251 417 170 82 225 222 810
545 442 417 5 281 698 552 809 271 470 494 311
546 533 226 283 131 63 379 283 424 18 167 280
547 339 245 367 160 223 495 314 161 19 161 504
548 283 211 195 552 4 193 2 405 329 375 411
549 1 128 226 82 318 121 318 361 160 440 450
550 121 316 758 283 132 158 244 58 160 496 487
551 299 710 418 13 588 392 283 363 81 564 640
552 532 308 129 401 82 464 820 283 296 179 104
553 84 493 105 41 387 381 686 263 283 82 337
554 62 362 6 859 303 5 57 6 418 467 152
555 466 856 555 11 699 500 406 466 451 265 11
556 483 482 554 134 867 134 521 366 367 366 226
557 160 445 86 65 206 205 955 936 204 176 450
558 359 700 957 265 265 8 950 481 285 2 517
559 769 107 164 107 90 160 448 446 15 125 354
560 775 560 0 734 177 231 841 719 379 295 393
561 462 463 463 462 145 299 509 420 318 64 183
562 568 425 257 65 275 440 542 168 822 533 61
563 584 86 368 103 368 61 434 408 859 991 812
564 340 280 284 377 147 932 326 114 686 381 479
565 608 267 359 11 22 137 635 126 812 685 738
566 452 452 608 358 569 360 569 501 452 700 971
567 843 567 843 567 290 494 494 504 494 509 68
568 257 180 365 269 63 586 194 698 138 126 6
569 674 12 82 304 96 318 84 48 75 367 666
570 360 19 856 293 504 674 504 674 430 420 541
571 3 211 46 748 564 114 173 233 243 238 86
572 350 343 107 164 137 679 482 437 38 37 36
573 9 487 558 487 487 421 13 26 23 26 25
574 65 172 47 86 83 42 298 287 82 188 183
575 377 907 191 166 742 166 41 254 256 226 114
576 142 285 420 474 469 375 143 95 197 197 198
577 375 81 473 473 299 299 6 181 95 351 278
578 577 166 121 306 478 113 318 40 533 242 105
579 13 461 322 140 592 735 448 216 461 447 448
580 580 580 580 580 580 580 580 580 580 580 580
581 872 218 282 268 390 409 184 19 129 186 433
582 62 283 389 61 389 628 379 384 387 376 388
583 521 366 160 340 420 114 39 93 133 531 932
584 563 493 105 159 105 820 171 976 417 113 115
585 129 285 401 148 377 961 377 179 157 156 906
586 412 56 4 552 126 209 631 631 159 235 238
587 234 158 159 241 234 239 243 238 244 209 88
588 35 121 890 890 121 373 93 576 232 206 6
589 589 459 537 227 254 366 317 295 210 63 278
590 38 722 38 421 255 472 295 320 232 113 914
591 160 15 933 956 426 840 440 840 64 149 148
592 274 428 461 118 51 93 426 129 46 269 5
593 822 86 141 213 487 529 602 569 19 360 971
594 82 63 412 473 106 226 309 248 330 330 860
595 52 197 205 917 51 79 128 13 352 13 444
596 301 209 237 242 533 616 320 434 296 390 393
597 118 132 738 2 412 408 89 434 100 354 354
598 553 482 48 263 171 547 133 136 136 160 85
599 211 560 518 533 430 498 232 705 232 501 176
600 600 600 813 168 493 221 177 297 13 164 273
601 422 184 68 418 62 736 62 190 299 551 533
602 699 406 506 141 141 566 451 569 566 8 430
603 414 479 275 542 543 542 543 405 314 300 268
604 211 6 21 647 82 121 253 17 73 309 0
605 851 681 180 434 353 185 640 371 132 424 121
606 495 473 141 62 445 820 168 822 936 936 168
607 393 86 30 136 464 611 5 133 114 172 401
608 499 525 720 555 84 107 99 98 618 618 404
609 30 29 34 24 440 321 560 0 18 317 314
610 235 236 162 482 598 521 583 521 554 777 498
611 166 756 613 163 652 419 68 549 82 50 71
612 963 210 160 123 172 401 493 212 226 105 492
613 537 85 370 442 333 142 74 21 283 271 88
614 614 613 127 533 106 90 86 450 399 166 441
615 249 420 106 549 173 531 77 105 360 971 9
616 435 647 435 647 647 21 550 82 161 161 12
617 448 334 140 140 592 592 334 164 64 515 176
618 323 102 743 102 2 86 172 482 483 320 65
619 56 532 211 402 258 434 30 28 953 822 822
620 86 201 133 171 165 438 308 283 362 183 399
621 149 655 367 757 980 470 155 284 642 249 434
622 238 499 19 49 87 249 211 338 900 338 183
623 611 166 577 375 478 62 253 316 223 166 243
624 409 457 65 14 280 232 141 360 213 441 661
625 408 6 389 385 379 160 40 339 251 339 455
626 87 86 362 141 666 19 430 183 531 82 366
627 184 486 410 490 932 81 303 242 238 499 506
628 628 320 94 207 167 165 121 172 342 156 345
629 178 232 167 820 464 450 714 714 93 39 437
630 369 160 730 460 117 121 172 207 191 231 621
631 209 637 637 234 256 30 24 654 234 234 114
632 719 397 537 170 254 255 170 145 571 281 211
633 633 633 633 633 633 633 633 633 633 633 633
634 634 635 634 634 635 208 137 175 252 369 252
635 63 324 666 367 21 820 5 644 820 918 377
636 211 3 252 949 281 408 4 430 8 661 19
637 234 927 930 234 926 930 301 337 548 116 151
638 355 333 455 29 263 29 545 133 134 134 134
639 638 55 738 424 160 142 263 160 859 991 859
640 640 640 98 371 82 158 2 489 13 337 420
641 160 496 64 10 96 285 921 859 166 641 1
642 16 820 618 323 84 270 486 245 210 424 87
643 48 48 654 17 74 106 311 612 612 309 222
644 644 5 902 5 157 379 386 181 176 656 149
645 697 156 344 176 423 417 437 27 27 301 184
646 646 131 532 107 206 231 730 13 423 263 443
647 221 745 189 679 533 551 21 647 435 160 549
648 648 648 648 648 648 648 648 648 648 648 648
649 121 393 394 537 61 368 537 53 199 199 908
650 215 86 627 62 708 353 160 63 932 44 856
651 434 170 339 339 860 339 455 29 263 47 318
652 333 736 333 252 283 379 380 320 333 370 113
653 653 653 653 653 653 653 653 653 653 653 653
654 562 840 86 264 7 956 913 358 566 573 213
655 116 165 820 336 135 169 365 249 388 60 384
656 178 166 467 69 400 11 183 292 295 308 438
657 269 303 513 340 17 42 64 103 52 185 708
658 658 658 658 658 658 658 658 658 658 658 658
659 659 377 174 283 211 364 433 71 433 233 238
660 660 660 660 660 660 660 660 660 660 660 660
661 8 502 11 209 319 319 158 930 921 58 142
662 404 494 75 560 276 426 285 774 285 160 189
663 68 418 69 108 90 143 201 207 107 401 65
664 486 129 183 282 820 169 828 300 160 156 349
665 886 601 536 287 418 747 671 357 184 189 67
666 160 786 786 64 572 64 102 832 826 832 520
667 142 963 859 212 183 355 255 314 307 696 226
668 157 344 656 149 342 776 749 820 93 438 423
669 641 420 81 303 5 132 234 209 271 470 171
670 670 670 670 670 670 670 670 670 670 670 670
671 187 121 426 391 376 379 283 394 14 12 44
672 141 5 440 438 340 290 493 292 232 280 121
673 495 62 206 292 515 458 64 496 213 320 628
674 823 565 44 107 671 81 225 282 375 340 17
675 675 675 675 675 675 675 675 675 675 675 675
676 322 461 812 83 478 306 434 198 485 336 280
677 434 107 295 434 183 356 62 159 820 202 206
678 68 494 212 41 28 722 278 83 143 258 111
679 68 932 180 121 568 426 290 493 65 307 17
680 380 381 377 394 320 308 160 486 106 17 424
681 342 173 115 361 25 588 37 261 5 462 173
682 511 301 301 690 494 252 859 59 89 515 593
683 411 57 5 53 61 295 283 320 397 60 250
684 684 684 684 684 684 684 684 684 684 684 684
685 81 62 340 342 820 63 564 4 434 215 41
686 531 282 249 58 155 377 133 403 493 160 963
687 86 753 115 978 753 914 816 96 470 753 75
688 543 493 422 950 651 121 210 255 5 184 80
689 198 196 199 200 199 419 495 118 607 695 734
690 21 188 473 42 309 218 160 173 115 404 99
691 691 691 691 691 691 691 691 691 691 691 691
692 231 575 232 177 309 224 160 303 544 542 543
693 121 255 16 190 189 710 299 145 147 142 418
694 255 255 255 121 316 979 316 6 290 282 35
695 222 17 405 601 146 120 232 526 250 495 460
696 222 309 73 560 21 550 21 46 132 252 154
697 645 414 916 414 605 414 449 414 370 226 275
698 949 285 457 425 121 474 375 111 258 329 480
699 9 44 249 543 93 168 493 562 438 25 494
700 566 452 19 7 265 7 529 502 9 661 12
701 462 121 473 767 121 17 154 121 340 491 377
702 107 428 216 509 87 249 329 363 420 351 130
703 703 703 703 703 703 703 703 703 703 703 703
704 107 467 106 357 486 664 694 610 96 881 96
705 256 557 232 440 526 231 871 231 181 393 950
706 14 61 387 395 295 314 160 194 208 4 303
707 264 267 661 570 823 8 265 213 359 558 856
708 124 424 269 83 256 263 76 455 470 271 152
709 353 592 273 45 282 225 756 215 248 372 115
710 952 540 121 363 215 313 623 450 450 1 127
711 711 711 711 711 711 711 711 711 711 711 711
712 255 114 976 981 547 455 470 470 753 261 339
713 69 434 495 932 490 546 83 586 86 226 314
714 486 280 556 14 79 420 64 184 184 5 96
715 69 477 474 68 287 92 152 121 261 24 26
716 716 716 5 252 243 5 236 86 533 269 147
717 295 276 426 231 196 207 207 206 1000 918 196
718 63 599 3 845 953 23 31 254 115 173 153
719 395 295 387 485 455 411 462 145 170 875 170
720 332 500 569 971 971 321 250 741 103 546 105
721 37 229 721 37 30 721 28 107 859 2 132
722 27 172 27 722 27 339 135 26 438 170 303
723 923 733 551 679 69 189 225 215 0 380 295
724 338 62 769 62 453 160 610 142 375 477 69
725 370 48 485 73 498 525 86 445 917 199 301
726 342 377 6 252 285 96 252 211 809 859 82
727 483 556 14 35 39 165 93 413 160 80 866
728 21 1 280 909 303 263 82 280 51 14 14
729 649 44 406 160 123 172 292 172 434 198 776
730 301 857 301 108 90 106 230 282 188 145 155
731 731 731 731 731 731 731 731 731 731 731 731
732 732 732 732 732 732 732 732 732 732 732 732
733 420 114 420 326 183 256 548 106 211 4 57
734 157 719 397 296 61 758 288 105 74 756 268
735 322 334 164 564 208 194 192 408 138 481 809
736 736 736 107 3 137 21 642 16 221 312 225
737 737 737 271 192 832 2 832 195 832 408 285
738 55 107 209 271 271 63 128 206 440 280 232
739 495 106 756 756 614 742 742 546 105 340 142
740 82 212 427 370 547 133 166 520 991 859 62
741 103 61 181 133 28 142 133 308 462 430 956
742 166 58 175 58 252 174 158 137 249 327 160
743 743 743 516 6 826 826 4 63 255 114 82
744 744 744 744 744 744 744 744 744 744 744 744
745 377 764 483 483 351 280 336 971 235 242 564
746 746 746 746 746 746 746 746 746 746 746 746
747 667 184 409 244 209 84 366 217 288 105 86
748 460 57 302 88 924 612 747 678 48 166 473
749 167 133 405 365 141 608 265 359 672 543 526
750 88 57 3 114 375 375 357 184 160 232 129
751 206 515 89 160 222 316 231 440 321 162 84
752 121 153 493 533 326 549 190 16 169 121 651
753 119 753 119 753 116 183 450 932 163 121 393
754 510 674 12 996 12 249 506 366 249 474 66
755 211 215 756 288 433 432 121 234 639 158 4
756 225 222 18 852 18 249 80 142 367 531 473
757 367 36 10 13 281 194 56 54 412 625 4
758 424 783 669 783 420 256 296 392 182 61 465
759 459 616 1 250 113 48 654 820 256 128 53
760 335 429 166 129 748 118 420 114 981 263 16
761 393 160 429 335 140 164 96 24 26 443 339
762 516 517 516 517 305 604 131 212 408 516 6
763 763 5 486 188 222 312 301 25 409 667 747
764 168 544 107 124 45 533 146 177 64 42 612
765 525 504 11 666 160 361 976 263 47 427 17
766 134 554 419 221 222 331 340 115 129 212 17
767 13 579 447 269 617 618 100 107 44 401 542
768 97 335 429 301 173 282 478 543 542 401 543
769 559 258 932 597 118 420 434 308 166 210 82
770 353 15 209 82 133 168 543 543 424 44 86
771 106 5 337 93 413 813 623 129 292 426 114
772 772 772 772 772 772 772 772 772 772 772 772
773 773 773 773 773 405 145 393 155 106 314 317
774 285 2 86 166 114 339 29 28 278 280 813
775 560 20 28 424 4 586 481 421 481 421 496
776 95 450 107 184 253 212 174 107 77 254 144
777 134 598 340 83 214 129 585 84 432 162 15
778 160 877 160 557 5 990 59 586 211 402 211
779 549 710 549 316 549 360 44 42 671 375 367
780 84 513 116 171 245 318 263 424 196 143 133
781 52 157 668 157 390 390 181 390 384 387 150
782 526 167 181 179 349 907 936 290 6 286 481
783 16 489 229 489 249 42 298 551 21 189 690
784 411 163 162 184 969 509 184 513 211 142 296
785 13 190 108 258 469 5 517 2 899 2 192
786 64 511 541 249 21 624 13 509 68 549 190
787 21 62 4 425 84 471 170 114 356 564 209
788 788 788 717 295 486 115 21 459 519 227 377
789 654 153 212 371 494 173 105 296 385 60 250
790 544 568 183 44 166 17 459 80 508 188 366
791 425 705 232 498 430 19 366 537 74 340 482
792 121 125 354 353 82 1 459 44 573 166 404
793 613 756 459 226 79 128 495 42 58 160 255
794 335 274 15 175 58 195 859 971 695 147 695
795 417 115 129 484 484 64 106 268 300 160 230
796 121 796 121 548 62 342 262 179 278 621 425
797 18 143 51 196 918 776 95 198 200 776 201
798 798 798 798 798 798 798 798 798 798 798 798
799 160 349 122 156 906 156 321 579 321 232 95
800 185 533 280 523 134 535 10 82 310 160 67
801 41 342 511 682 681 82 353 249 371 58 215
802 172 333 455 339 35 35 434 147 329 46 272
803 1001 803 859 880 921 63 738 424 45 812 685
804 971 401 568 450 86 173 518 460 117 117 86
805 971 2 651 506 498 529 332 699 504 406 332
806 304 211 495 60 396 61 393 424 820 424 255
807 132 160 226 227 226 518 366 333 516 408 194
808 808 808 808 808 808 808 808 808 808 808 808
809 208 55 56 63 210 86 687 404 153 49 153
810 420 301 312 222 107 41 546 856 212 105 44
811 531 133 450 232 483 483 214 128 197 908 207
812 273 461 15 216 272 429 15 162 747 160 548
813 817 817 493 294 572 64 191 6 149 64 397
814 344 148 401 294 94 207 199 918 974 917 51
815 859 812 990 685 949 131 738 271 481 58 738
816 96 2 826 809 304 455 171 41 201 218 314
817 544 534 256 81 896 355 115 900 168 122 376
818 65 324 266 7 5 236 158 963 473 498 267
819 461 46 548 129 212 28 87 856 823 674 823
820 200 380 53 128 167 426 167 168 544 84 474
821 163 473 508 105 607 460 225 218 166 377 495
822 563 6 57 3 194 238 963 121 393 282 131
823 700 441 105 375 469 89 5 763 763 763 5
824 191 231 232 483 13 446 166 145 249 180 344
825 733 64 859 56 138 252 880 160 29 473 32
826 2 273 273 209 599 931 294 65 910 65 291
827 506 661 510 499 407 141 86 753 169 35 35
828 87 28 30 339 167 200 41 82 424 170 875
829 168 523 14 226 419 74 134 373 282 132 489
830 452 358 566 666 324 565 823 856 249 464 282
831 258 559 160 821 163 373 420 116 860 169 64
832 58 373 240 373 571 137 412 971 26 38 113
833 833 856 932 404 252 63 859 194 208 363 384
834 107 430 64 515 65 840 457 409 326 118 116
835 789 129 543 105 256 460 411 4 194 57 411
836 706 14 593 907 156 166 54 281 164 564 164
837 837 107 279 82 572 572 776 200 94 494 94
838 124 892 896 2 832 832 195 516 408 587 238
839 191 824 191 434 221 317 73 17 317 314 18
840 5 237 160 361 107 174 210 105 210 174 420
841 397 179 820 28 35 464 172 30 609 24 64
842 211 46 256 224 309 74 1 106 365 451 466
843 290 282 31 198 51 280 121 151 32 261 114
844 165 494 165 75 753 75 135 251 27 37 96
845 252 131 738 195 192 102 64 665 212 147 434
846 846 846 846 846 605 797 18 167 203 204 350
847 172 62 454 62 306 306 62 714 615 615 243
848 445 51 198 419 405 45 271 589 142 88 750
849 859 193 832 2 59 58 371 124 107 4 990
850 546 106 5 0 309 17 85 317 17 474 105
851 157 389 397 60 61 483 320 104 104 376 182
852 851 483 167 280 362 280 214 83 495 188 671
853 82 53 526 377 394 179 121 172 87 372 83
854 252 59 193 990 3 102 517 333 133 51 199
855 155 104 179 149 342 495 460 460 328 474 13
856 434 417 162 71 83 128 106 820 202 623 86
857 166 611 419 64 98 404 615 84 411 281 520
858 306 141 213 529 506 62 441 729 971 232 266
859 520 195 809 301 453 87 615 513 170 875 170
860 135 96 100 124 708 599 211 949 59 826 160
861 350 320 377 249 54 126 58 738 286 410 286
862 777 554 777 200 413 458 813 714 86 822 280
863 57 924 88 302 115 373 184 19 569 264 65
864 411 281 859 826 58 107 702 107 932 63 55
865 305 137 88 304 806 285 698 411 5 133 419
866 80 546 604 546 80 121 353 97 5 357 21
867 411 121 165 531 169 62 340 513 87 489 929
868 5 59 408 89 455 5 76 444 13 78 420
869 181 291 543 425 289 482 301 953 900 455 123
870 401 148 180 70 84 83 453 62 64 412 252
871 231 655 980 427 166 209 238 499 503 506 19
872 307 872 232 358 502 7 700 957 141 699 9
873 425 403 377 526 399 168 419 714 121 513 546
874 65 307 696 218 560 40 151 31 23 115 160
875 170 495 208 408 412 193 3 183 464 523 601
876 564 876 564 183 413 65 574 425 621 277 203
877 533 302 303 610 610 303 367 303 859 174 405
878 27 93 409 409 710 409 23 438 29 29 21
879 242 533 333 422 58 494 470 455 847 333 460
880 3 990 826 252 552 571 63 815 92 68 62
881 96 610 303 63 249 153 105 48 47 437 438
882 160 361 96 236 963 235 158 82 58 131 62
883 39 116 152 21 106 748 164 412 87 546 906
884 412 820 256 10 160 255 546 393 17 218 85
885 106 46 932 114 420 280 426 275 178 0 222
886 3 174 21 420 282 393 121 432 217 612 832
887 92 21 520 685 698 59 990 211 87 42 143
888 412 408 434 474 91 306 509 325 21 41 199
889 828 233 637 209 166 234 256 3 599 304 424
890 890 890 121 58 153 612 121 228 342 907 903
891 405 828 233 441 249 2 405 367 757 367 64
892 300 460 74 400 560 20 160 582 418 480 166
893 971 777 535 340 82 362 256 81 280 129 430
894 327 473 531 114 371 28 914 64 0 177 64
895 333 486 232 705 256 145 81 86 98 107 467
896 173 950 73 560 0 1 459 90 478 121 371
897 263 424 483 764 483 280 574 65 581 533 21
898 898 898 230 920 435 440 159 236 142 667 187
899 2 271 183 543 326 543 523 168 611 168 82
900 455 251 336 419 591 419 161 504 7 566 573
901 137 365 169 212 160 406 264 661 441 360 4
902 5 405 114 254 441 264 86 366 747 86 720
903 262 903 262 262 342 343 128 474 546 209 845
904 321 150 250 610 694 664 166 269 446 272 164
905 309 0 215 366 747 106 494 563 290 160 452
906 513 269 212 642 42 473 667 42 64 840 13
907 262 231 289 277 214 157 52 820 215 331 73
908 199 218 1 377 150 368 395 152 41 128 64
909 129 95 450 493 425 664 486 478 514 13 146
910 65 581 5 115 173 134 74 73 756 533 530
911 222 256 170 81 69 715 20 932 702 932 493
912 504 499 498 602 358 65 835 65 86 121 13
913 506 661 252 211 21 87 173 86 206 203 434
914 36 438 82 169 113 41 94 515 458 458 397
915 38 28 434 419 253 75 36 129 405 278 409
916 414 415 697 697 156 191 207 197 820 129 694
917 206 133 256 357 62 393 17 105 747 550 434
918 974 820 908 205 172 413 542 256 290 168 399
919 976 113 478 81 896 169 326 105 375 357 112
920 435 127 129 292 523 134 62 366 17 147 422
921 845 305 517 195 59 63 665 58 57 286 126
922 280 292 493 172 419 253 373 131 4 81 564
923 723 126 723 173 105 87 163 932 106 82 681
924 88 411 665 54 211 269 45 933 446 461 592
925 455 211 338 107 96 455 48 847 925 47 820
926 242 106 298 301 8 466 529 487 452 823 15
927 931 926 930 301 356 612 17 154 513 906 533
928 211 546 367 170 145 405 102 102 516 411 193
929 592 273 273 45 447 429 428 676 160 778 971
930 235 360 570 569 707 441 506 466 160 283 0
931 599 132 738 281 211 329 96 881 96 136 251
932 856 434 473 25 24 590 40 31 165 438 93
933 46 15 428 15 448 461 429 140 164 448 335
934 268 316 435 163 459 62 70 186 531 249 81
935 936 204 199 51 31 337 437 165 226 228 301
936 232 156 321 393 377 397 841 719 376 376 391
937 937 353 166 178 176 231 377 464 523 618 125
938 611 493 474 478 434 28 405 174 685 880 56
939 350 157 668 157 284 157 537 307 301 215 53
940 93 399 401 65 107 58 412 587 587 832 2
941 189 434 280 167 95 203 121 533 360 293 362
942 435 127 129 121 222 519 316 121 283 560 48
943 295 62 329 363 371 226 225 82 393 434 490
944 748 129 172 14 450 183 203 829 168 936 231
945 325 326 118 117 121 520 58 303 249 333 120
946 641 106 365 430 11 270 129 137 82 393 473
947 295 585 585 585 585 168 6 54 96 337 133
948 381 390 61 377 381 548 405 304 86 86 708
949 13 698 698 305 194 586 131 612 474 186 450
950 644 6 237 932 820 165 123 37 590 35 13
951 957 951 359 267 498 430 107 820 129 546 245
952 710 187 16 357 357 478 474 107 326 183 236
953 23 427 422 404 121 142 236 83 96 76 114
954 615 106 129 434 97 323 640 99 99 98 97
955 128 306 64 6 571 4 239 13 322 140 6
956 913 44 805 487 9 674 754 971 3 63 62
957 9 957 9 421 504 332 502 332 707 73 950
958 962 325 87 62 113 301 294 526 14 426 231
959 377 157 295 181 394 14 226 86 191 342 172
960 377 403 403 377 277 191 420 647 434 210 21
961 377 741 150 389 283 314 307 133 51 165 361
962 958 962 958 509 62 173 282 404 937 353 185
963 142 233 233 87 810 88 271 20 259 818 301
964 373 311 260 400 10 64 128 152 116 74 215
965 936 955 205 14 172 23 301 262 907 377 215
966 189 667 387 393 250 377 380 232 294 425 4
967 504 359 9 359 672 365 255 152 333 627 189
968 968 299 171 5 53 232 120 133 93 128 932
969 184 667 105 509 494 529 494 438 405 132 411
970 440 840 426 526 568 420 314 215 311 260 331
971 754 7 555 141 608 754 161 82 450 377 181
972 913 967 498 602 182 872 314 215 183 58 950
973 971 190 86 113 443 443 919 443 76 444 527
974 87 249 363 303 209 303 269 424 99 185 709
975 971 893 466 358 406 406 7 720 608 441 430
976 423 121 434 258 112 356 160 223 518 249 513
977 977 242 927 931 927 241 440 438 261 96 5
978 165 883 39 29 588 545 442 443 444 86 100
979 1 218 459 358 43 569 264 452 213 8 525
980 119 229 366 310 170 491 378 321 947 181 381
981 981 171 547 847 333 166 28 952 540 86 210
982 137 679 663 188 671 107 256 363 283 282 230
983 333 47 38 47 172 183 188 222 911 81 357
984 333 422 819 273 2 698 2 283 594 372 86
985 376 250 250 321 376 179 122 191 351 181 379
986 261 986 261 115 283 129 35 5 99 290 198
987 123 180 214 352 41 136 339 883 32 32 367
988 24 27 36 13 170 249 169 914 860 338 339
989 91 419 105 533 32 35 168 28 121 420 166
990 812 428 45 271 89 303 932 153 427 655 183
991 812 601 121 285 921 138 990 5 11 420 733
992 992 992 992 992 129 116 860 900 123 41 198
993 408 193 57 604 305 13 90 328 514 375 367
994 6 211 66 48 318 76 976 443 29 261 427
995 712 401 65 533 230 230 21 166 243 235 233
996 12 247 213 407 44 765 720 441 473 508 363
997 24 35 35 24 494 822 953 301 35 107 453
998 65 483 280 450 169 828 612 347 166 320 389
999 145 615 465 707 247 19 62 714 450 62 544
1000 292 129 473 256 142 424 109 62 180 348 349
1001 990 812 447 812 285 486 303 88 303 211 5
1002 560 810 296 495 83 186 654 48 547 340 212
1003 258 469 211 845 252 302 304 88 211 252 58
1004 55 211 83 106 467 69 69 710 272 5 309
0 368 86 263 13
1 284 174 58 803
2 281 718 5 462
3 4 271 285 86
4 158 82 338 199
5 74 188 189 582
6 489 106 147 173
7 511 5 154 256
8 293 12 86 163
9 141 499 525 421
10 36 367 121 480
11 293 12 498 488
12 7 5 230 106
13 375 356 375 663
14 556 556 113 86
15 125 371 105 533
16 183 542 291 420
17 283 748 256 705
18 295 377 321 181
19 569 707 957 265
20 106 163 373 197
21 64 91 143 482
22 258 468 122 103
23 474 68 68 142
24 367 31 427 166
25 361 444 318 367
26 545 462 462 460
27 953 28 405 183
28 39 31 84 211
29 25 494 539 78
30 44 10 535 13
31 165 223 468 221
32 23 142 254 642
33 28 722 28 166
34 28 31 361 48
35 590 165 35 953
36 28 82 150 82
37 28 82 190 82
38 27 545 87 137
39 151 494 152 363
40 37 588 307 177
41 434 2 599 708
42 199 95 13 4
43 358 500 525 967
44 533 121 494 287
45 139 447 429 216
46 274 678 69 311
47 172 424 164 429
48 925 423 47 981
49 84 433 84 82
50 84 432 433 434
51 93 204 199 850
52 128 424 68 86
53 380 537 243 252
54 520 89 375 90
55 685 92 520 89
56 174 174 46 446
57 63 63 236 208
58 615 64 184 249
59 880 305 411 57
60 368 104 376 283
61 533 129 802 172
62 423 89 437 38
63 363 371 640 99
64 134 482 78 310
65 231 231 621 11
66 560 66 146 1
67 160 148 402 262
68 106 490 371 828
69 108 420 453 142
70 180 142 160 352
71 152 166 3 832
72 259 536 259 537
73 756 227 226 443
74 424 464 377 377
75 135 443 76 443
76 89 405 419 82
77 932 173 173 154
78 340 593 918 197
79 86 19 506 362
80 160 21 405 375
81 351 364 165 417
82 151 62 2 55
83 546 970 820 133
84 249 210 235 971
85 695 491 127 184
86 251 860 116 169
87 280 575 149 88
88 149 655 183 53
89 411 308 434 322
90 220 377 659 377
91 469 90 108 405
92 373 58 498 266
93 789 654 217 612
94 533 25 38 579
95 917 206 231 231
96 164 174 195 520
97 618 185 98 323
98 64 492 160 280
99 99 708 748 708
100 708 323 185 52
101 419 44 42 642
102 192 4 13 281
103 201 94 13 526
104 179 320 333 318
105 589 249 280 201
106 357 106 287 160
107 169 24 588 30
108 301 641 301 473
109 51 85 17 189
110 121 174 859 254
111 375 154 236 46
112 478 66 469 211
113 245 725 114 531
114 925 263 116 317
115 155 739 300 108
116 914 914 816 40
117 86 92 818 62
118 128 607 421 820
119 980 427 443 417
120 101 211 305 5
121 15 175 174 665
122 168 611 5 417
123 455 170 251 169
124 100 820 198 201
125 101 97 353 937
126 2 546 2 174
127 22 35 129 611
128 445 419 133 261
129 371 254 227 495
130 377 106 230 21
131 455 444 847 444
132 371 303 256 128
133 820 197 196 917
134 372 372 494 280
135 160 326 160 539
136 417 113 177 17
137 107 296 62 4
138 809 208 546 256
139 445 79 340 405
140 160 730 13 128
141 306 68 329 355
142 152 70 62 115
143 413 458 5 690
144 254 474 357 13
145 283 492 212 252
146 85 221 480 21
147 154 5 261 51
148 434 144 212 249
149 490 63 820 28
150 149 278 160 117
151 494 151 753 753
152 440 526 172 172
153 23 533 361 981
154 153 115 978 753
155 363 329 20 887
156 342 199 121 401
157 382 157 180 366
158 931 927 237 241
159 158 926 930 963
160 138 815 80 546
161 314 184 86 131
162 288 431 80 82
163 17 222 253 315
164 379 398 379 396
165 427 333 641 333
166 300 268 0 178
167 339 482 133 557
168 285 160 401 870
169 464 820 23 409
170 339 169 375 679
171 160 113 919 976
172 183 145 42 74
173 300 218 73 330
174 210 295 82 450
175 58 193 63 285
176 93 201 18 177
177 86 259 89 455
178 157 6 418 187
179 156 180 149 157
180 41 62 78 107
181 346 214 419 607
182 387 667 582 582
183 160 84 601 160
184 301 22 20 20
185 323 300 100 92
186 70 288 405 489
187 550 81 474 66
188 473 422 333 281
189 671 471 170 303
190 418 13 730 460
191 342 284 511 64
192 323 102 101 83
193 826 63 114 438
194 238 13 128 209
195 174 166 160 162
196 280 424 820 751
197 41 203 196 205
198 593 176 231 284
199 820 280 167 149
200 94 515 493 835
201 95 199 776 196
202 41 105 83 131
203 95 204 6 397
204 377 316 793 613
205 79 79 120 0
206 86 586 282 662
207 917 776 65 178
208 564 480 121 665
209 238 525 529 922
210 546 173 10 638
211 582 184 183 367
212 492 333 320 391
213 360 951 359 570
214 166 81 215 309
215 377 464 331 225
216 448 164 96 115
217 282 191 283 58
218 201 776 572 434
219 82 82 142 100
220 177 215 150 295
221 85 41 5 859
222 519 459 188 508
223 316 690 215 223
224 560 75 427 82
225 148 225 331 362
226 128 87 253 222
227 537 460 597 651
228 121 174 15 162
229 338 116 171 444
230 107 809 707 331
231 122 130 568 257
232 167 165 32 438
233 142 333 271 481
234 234 234 233 433
235 238 440 249 212
236 241 241 498 777
237 243 64 6 921
238 62 457 971 467
239 63 195 4 137
240 159 242 599 208
241 440 458 254 290
242 160 423 13 10
243 950 180 257 426
244 252 162 820 301
245 76 444 113 455
246 247 566 573 566
247 267 498 738 4
248 366 30 39 370
249 131 373 373 131
250 368 896 81 162
251 123 123 82 230
252 845 809 57 460
253 107 736 62 662
254 216 216 69 329
255 137 571 63 138
256 51 100 98 107
257 284 296 215 20
258 454 160 25 494
259 69 713 81 145
260 92 86 165 547
261 37 370 26 26
262 345 121 74 62
263 274 140 448 334
264 141 421 38 25
265 466 494 168 198
266 565 608 246 7
267 12 11 720 765
268 316 1 641 1
269 446 579 929 592
270 278 301 36 442
271 717 459 107 509
272 271 481 252 845
273 271 305 195 211
274 272 579 447 15
275 176 423 423 925
276 426 562 493 270
277 342 60 105 82
278 284 155 181 388
279 279 279 107 35
280 228 482 78 77
281 408 434 81 287
282 170 427 615 21
283 932 77 62 151
284 107 115 41 482
285 379 393 394 381
286 5 154 363 81
287 494 210 137 298
288 58 243 42 221
289 277 14 493 121
290 79 226 42 820
291 203 291 203 377
292 284 292 953 845
293 856 615 249 462
294 290 167 181 541
295 396 395 390 376
296 405 10 271 126
297 309 219 74 142
298 301 113 494 82
299 69 550 19 265
300 460 183 278 183
301 23 116 115 30
302 285 425 526 515
303 80 546 856 407
304 82 133 545 87
305 131 419 591 591
306 327 141 293 498
307 18 85 1 616
308 6 571 62 83
309 311 420 68 550
310 581 445 77 78
311 222 0 368 295
312 300 42 199 53
313 310 86 138 520
314 726 1 548 377
315 222 256 269 236
316 146 52 301 170
317 116 816 151 361
318 83 105 256 222
319 236 234 931 599
320 593 515 593 377
321 904 321 296 387
322 140 335 140 273
323 411 64 523 332
324 43 452 160 480
325 260 728 21 728
326 87 187 546 41
327 160 90 160 512
328 327 945 945 327
329 4 282 283 320
330 330 73 17 105
331 44 526 426 6
332 707 525 358 573
333 84 119 40 753
334 446 592 760 546
335 447 272 651 121
336 883 39 37 28
337 339 171 470 170
338 160 82 310 74
339 464 338 420 18
340 121 661 264 500
341 248 215 18 258
342 593 14 61 503
343 207 160 44 161
344 177 18 0 18
345 254 458 493 611
346 294 160 28 151
347 814 344 381 479
348 191 82 124 513
349 149 655 155 98
350 191 278 106 756
351 155 173 142 577
352 103 104 368 112
353 15 303 304 88
354 124 708 98 185
355 283 46 139 124
356 357 80 340 329
357 282 745 979 1
358 266 7 566 700
359 141 498 267 161
360 441 142 593 917
361 251 361 151 113
362 546 355 254 404
363 28 892 226 128
364 165 256 223 74
365 451 141 666 566
366 163 62 236 107
367 417 96 417 114
368 83 145 183 486
369 303 212 288 549
370 333 486 280 572
371 87 820 162 160
372 282 69 260 325
373 373 508 80 114
374 502 9 359 707
375 89 260 509 190
376 6 193 803 767
377 380 656 262 122
378 61 499 913 700
379 283 368 387 366
380 160 139 420 373
381 548 371 65 94
382 157 381 150 301
383 383 383 377 6
384 379 384 388 249
385 380 393 142 291
386 377 351 130 388
387 42 249 81 166
388 61 872 707 465
389 317 218 308 295
390 393 84 282 74
391 391 377 546 144
392 376 181 291 464
393 145 832 195 58
394 537 460 225 283
395 103 389 321 397
396 395 182 182 213
397 64 309 18 115
398 377 344 180 352
399 440 24 33 169
400 327 107 492 256
401 133 142 856 707
402 211 137 520 520
403 493 166 178 440
404 937 404 173 723
405 543 168 160 326
406 358 452 9 525
407 213 11 502 332
408 215 820 21 221
409 21 306 13 95
410 329 514 108 155
411 323 100 142 531
412 803 252 63 28
413 275 86 82 641
414 645 414 449 414
415 697 5 285 921
416 327 945 409 128
417 171 133 42 249
418 142 100 117 106
419 28 434 236 234
420 13 520 138 809
421 765 293 420 647
422 42 183 611 66
423 455 263 86 620
424 445 917 204 204
425 457 401 533 285
426 87 20 306 825
427 980 427 422 180
428 447 322 335 139
429 15 533 326 409
430 486 113 168 285
431 50 84 510 661
432 217 612 223 226
433 433 372 121 183
434 203 296 420 291
435 163 17 308 581
436 437 482 14 130
437 26 437 25 301
438 590 953 292 426
439 338 136 135 251
440 399 133 681 5
441 161 249 421 404
442 333 919 114 129
443 437 136 339 165
444 84 835 789 93
445 160 323 5 462
446 140 209 139 933
447 429 274 678 678
448 447 46 533 581
449 414 479 177 166
450 13 244 234 209
451 487 496 268 756
452 501 498 247 12
453 615 521 583 521
454 189 747 215 58
455 338 424 83 71
456 64 238 237 5
457 129 62 236 62
458 86 546 86 756
459 190 87 859 252
460 159 242 166 446
461 13 535 134 598
462 463 463 463 463
463 462 545 93 82
464 483 219 232 160
465 707 499 912 765
466 510 510 499 503
467 86 125 86 215
468 223 74 224 309
469 89 89 56 532
470 494 160 83 133
471 434 460 147 460
472 284 174 84 70
473 490 165 550 13
474 83 114 116 114
475 375 357 671 356
476 112 51 375 51
477 258 249 222 253
478 434 16 187 146
479 414 605 414 697
480 62 164 216 509
481 738 2 481 160
482 14 563 290 166
483 178 344 349 262
484 168 172 482 340
485 317 73 215 331
486 478 434 314 405
487 84 160 114 24
488 496 64 115 355
489 5 469 258 258
490 410 107 393 424
491 170 145 212 508
492 333 89 482 450
493 460 730 107 367
494 108 64 515 275
495 495 228 314 165
496 160 84 399 166
497 170 114 486 365
498 359 7 161 44
499 488 529 441 729
500 266 7 570 8
501 374 441 498 238
502 359 558 9 264
503 265 570 161 121
504 569 8 141 266
505 358 505 374 500
506 500 7 823 971
507 85 14 178 483
508 189 225 82 199
509 260 297 13 114
510 466 466 160 501
511 651 434 167 296
512 162 133 206 284
513 147 612 828 892
514 971 10 282 340
515 65 13 350 352
516 305 137 635 63
517 516 762 516 6
518 621 518 211 355
519 786 465 465 53
520 285 271 80 356
521 615 115 420 607
522 493 42 145 271
523 64 68 282 62
524 72 524 72 106
525 86 306 426 840
526 377 468 730 107
527 114 356 282 173
528 305 195 517 305
529 608 608 466 86
530 358 602 602 183
531 114 919 847 919
532 107 214 13 409
533 310 581 310 218
534 450 581 21 551
535 134 867 411 455
536 214 593 86 131
537 307 307 301 953
538 530 246 498 446
539 494 81 329 210
540 189 314 18 121
541 641 106 82 184
542 399 813 817 817
543 576 533 551 723
544 534 544 434 200
545 23 964 40 560
546 963 927 237 236
547 114 63 854 420
548 143 548 106 189
549 306 549 106 212
550 480 143 478 357
551 733 420 404 145
552 408 462 121 333
553 482 423 925 113
554 553 554 971 627
555 161 530 161 19
556 232 440 226 340
557 201 198 593 95
558 9 266 407 265
559 160 195 5 234
560 400 92 400 69
561 462 272 271 46
562 275 515 94 13
563 373 184 162 404
564 158 243 373 411
565 754 11 359 267
566 570 247 246 247
567 843 290 643 404
568 107 474 269 84
569 264 247 700 525
570 161 300 10 326
571 6 438 129 515
572 515 167 203 495
573 358 560 358 573
574 401 160 303 174
575 178 231 621 180
576 166 201 160 237
577 578 577 363 188
578 577 333 486 365
579 447 46 129 308
580 580 580 580 580
581 533 321 381 948
582 103 0 5 464
583 521 217 886 2
584 86 12 19 362
585 585 585 600 65
586 412 587 238 0
587 587 209 242 237
588 29 417 170 82
589 357 212 114 44
590 37 86 152 183
591 142 355 424 304
592 160 490 254 282
593 572 776 160 85
594 372 431 160 424
595 52 814 52 232
596 366 63 486 6
597 651 254 345 214
598 482 41 917 197
599 242 159 105 69
600 168 542 399 401
601 191 283 28 169
602 61 150 295 314
603 414 645 231 284
604 458 789 458 172
605 414 414 443 366
606 495 169 96 619
607 256 191 350 822
608 466 64 232 53
609 333 366 662 323
610 472 284 277 342
611 278 363 152 154
612 2 812 434 340
613 747 971 232 526
614 614 106 373 373
615 249 367 417 38
616 459 221 313 226
617 140 819 140 409
618 523 168 129 457
619 89 302 285 65
620 290 64 411 646
621 149 206 588 494
622 238 92 426 401
623 202 198 329 355
624 231 377 262 262
625 4 533 94 41
626 87 438 86 777
627 549 671 329 375
628 379 389 150 387
629 178 483 178 352
630 303 142 248 549
631 631 631 631 631
632 632 376 295 17
633 633 633 633 633
634 634 635 634 635
635 4 59 803 58
636 211 560 42 280
637 233 160 194 252
638 338 35 165 364
639 65 0 266 466
640 64 325 509 325
641 541 150 150 295
642 83 23 17 317
643 963 154 492 160
644 166 93 95 155
645 414 415 414 916
646 211 11 44 129
647 121 242 209 84
648 648 648 648 648
649 246 7 956 913
650 215 60 105 569
651 121 169 165 198
652 329 300 187 365
653 653 653 653 653
654 233 212 493 333
655 427 42 255 472
656 262 377 106 290
657 269 145 145 462
658 658 658 658 658
659 659 659 659 659
660 660 660 660 660
661 9 699 699 141
662 100 100 494 395
663 187 142 458 568
664 84 30 721 30
665 2 990 5 47
666 267 666 141 204
667 549 473 116 370
668 157 150 82 214
669 930 926 301 931
670 670 670 670 670
671 495 419 172 204
672 359 265 213 332
673 673 673 673 673
674 9 565 9 502
675 675 675 675 675
676 447 446 592 46
677 199 13 244 238
678 480 142 474 612
679 482 598 598 553
680 380 103 395 393
681 681 851 352 352
682 681 12 638 81
683 57 54 89 303
684 684 684 684 684
685 412 56 96 369
686 531 438 114 208
687 282 226 222 748
688 543 16 424 282
689 689 689 543 222
690 74 690 106 221
691 691 691 691 691
692 130 290 533 458
693 366 65 14 403
694 129 546 954 615
695 607 460 328 328
696 222 810 520 54
697 5 305 528 392
698 2 271 303 630
699 506 19 83 145
700 957 707 566 7
701 462 121 552 518
702 932 506 971 470
703 703 703 703 703
704 107 418 81 254
705 401 870 65 440
706 836 332 499 506
707 9 971 754 266
708 599 209 241 237
709 404 474 153 211
710 188 215 103 14
711 711 711 711 711
712 4 271 304 96
713 69 282 420 783
714 714 172 64 249
715 69 550 306 612
716 5 183 128 160
717 160 17 173 160
718 281 82 215 5
719 296 129 292 953
720 555 161 314 222
721 28 121 748 151
722 278 681 342 351
723 971 2 665 142
724 338 455 318 48
725 245 333 120 380
726 5 362 16 748
727 464 5 163 62
728 173 326 327 328
729 971 805 44 672
730 730 5 194 56
731 731 731 731 731
732 732 732 732 732
733 723 92 21 1
734 177 5 7 707
735 269 282 747 678
736 86 65 486 362
737 737 271 88 809
738 698 809 59 194
739 300 489 256 434
740 82 186 186 152
741 377 384 495 296
742 166 374 503 44
743 516 516 2 286
744 744 744 744 744
745 453 255 83 654
746 746 746 746 746
747 105 158 137 434
748 405 162 58 303
749 284 377 621 342
750 88 57 924 209
751 51 35 22 21
752 283 389 391 971
753 860 375 142 212
754 971 196 282 932
755 211 126 211 375
756 142 271 552 137
757 367 107 179 820
758 85 226 227 227
759 459 495 82 99
760 546 144 212 489
761 393 283 191 86
762 516 102 300 64
763 763 763 763 763
764 377 491 892 128
765 421 471 434 158
766 340 612 41 474
767 114 113 367 170
768 404 269 617 272
769 559 769 62 159
770 353 371 424 448
771 64 98 102 100
772 772 772 772 772
773 405 17 314 314
774 285 54 107 284
775 560 913 213 332
776 196 282 509 68
777 340 10 44 7
778 160 168 285 107
779 549 80 549 934
780 84 87 155 465
781 52 1 84 272
782 82 145 434 97
783 424 429 6 379
784 784 784 411 506
785 545 27 38 547
786 160 498 264 440
787 21 327 733 723
788 788 717 717 788
789 168 113 26 339
790 544 105 667 473
791 493 694 129 105
792 121 82 441 82
793 613 756 215 155
794 335 929 322 735
795 417 183 64 249
796 353 183 326 543
797 797 342 122 377
798 798 798 798 798
799 160 218 596 301
800 549 68 69 190
801 41 93 143 482
802 256 412 820 169
803 59 2 859 991
804 266 141 533 326
805 971 9 674 506
806 88 810 321 391
807 192 193 412 194
808 808 808 808 808
809 252 114 419 263
810 222 312 189 190
811 531 539 78 107
812 601 238 758 405
813 399 129 211 333
814 344 349 122 95
815 286 160 371 210
816 914 116 367 30
817 813 585 168 822
818 62 190 87 132
819 422 153 86 141
820 917 820 254 227
821 160 685 665 303
822 494 377 352 180
823 15 62 137 175
824 191 379 387 118
825 923 733 728 400
826 63 635 634 634
827 506 365 63 303
828 142 458 789 168
829 203 829 203 129
830 452 566 247 700
831 258 211 89 434
832 1001 6 516 408
833 856 922 205 196
834 107 296 60 60
835 275 511 215 296
836 706 290 572 572
837 837 837 837 107
838 45 448 409 506
839 377 106 642 254
840 413 526 401 712
841 376 378 491 548
842 211 333 492 105
843 290 160 747 105
844 165 417 437 860
845 812 13 550 508
846 605 851 852 852
847 165 36 218 222
848 419 268 494 153
849 849 252 175 532
850 199 95 207 116
851 342 107 252 233
852 851 907 180 128
853 82 365 355 303
854 252 195 252 932
855 549 694 610 57
856 301 21 173 86
857 160 117 100 101
858 306 51 256 405
859 474 62 87 474
860 115 62 434 199
861 350 822 484 83
862 777 10 173 326
863 57 698 194 58
864 411 698 809 304
865 58 57 54 194
866 411 412 54 132
867 134 482 331 19
868 320 250 61 104
869 376 18 696 17
870 65 14 498 200
871 231 344 381 381
872 182 393 154 963
873 401 172 212 427
874 425 873 401 870
875 170 82 81 424
876 564 365 256 105
877 812 990 138 420
878 23 23 34 34
879 242 160 148 0
880 921 845 685 4
881 96 251 339 33
882 160 493 486 458
883 336 971 799 166
884 884 412 87 223
885 106 106 353 371
886 812 46 169 251
887 92 818 86 372
888 412 587 3 3
889 300 638 639 65
890 121 473 116 121
891 405 124 640 371
892 896 892 128 365
893 466 6 665 212
894 327 13 340 598
895 114 411 816 753
896 107 255 212 162
897 263 171 333 81
898 481 252 137 46
899 2 164 735 592
900 411 412 2 208
901 137 88 211 308
902 5 89 474 108
903 262 656 262 100
904 321 179 388 377
905 74 21 81 365
906 156 320 593 200
907 349 907 903 907
908 922 7 672 365
909 546 206 852 18
910 65 568 256 169
911 81 508 582 160
912 466 64 397 157
913 856 466 359 558
914 105 129 176 231
915 38 26 437 438
916 414 415 414 415
917 200 204 41 21
918 204 533 173 259
919 919 89 845 183
920 435 65 232 484
921 58 859 249 166
922 496 451 141 69
923 733 538 326 473
924 252 193 685 64
925 981 847 443 13
926 963 242 599 304
927 158 238 176 238
928 211 152 70 186
929 933 139 933 269
930 158 564 304 82
931 963 209 140 301
932 21 647 93 820
933 933 429 100 300
934 549 64 438 444
935 353 404 252 48
936 935 936 563 484
937 640 124 51 498
938 611 270 419 490
939 232 18 797 14
940 93 204 593 515
941 189 190 299 508
942 435 147 435 440
943 295 398 379 103
944 748 377 250 182
945 945 327 96 21
946 641 641 946 641
947 321 697 415 414
948 381 321 320 296
949 252 58 153 282
950 856 504 856 823
951 666 19 422 166
952 81 137 663 460
953 24 24 28 63
954 107 19 267 707
955 820 28 877 533
956 498 51 346 128
957 700 956 44 331
958 69 69 183 413
959 377 352 160 156
960 377 385 380 656
961 377 393 376 160
962 325 173 86 494
963 158 242 62 454
964 23 171 261 51
965 936 86 96 604
966 21 642 87 493
967 525 856 661 252
968 184 249 531 340
969 184 106 300 108
970 546 147 424 233
971 232 525 967 913
972 913 951 666 566
973 971 747 142 147
974 128 254 345 351
975 971 729 649 649
976 411 498 8 141
977 242 106 253 258
978 860 330 64 438
979 979 106 64 440
980 980 757 367 486
981 171 171 116 165
982 137 2 434 203
983 333 609 24 26
984 153 86 295 377
985 376 378 387 41
986 470 116 221 16
987 170 96 119 96
988 24 964 23 254
989 91 306 113 36
990 408 489 2 698
991 859 3 192 193
992 992 992 129 291
993 408 194 305 408
994 6 517 102 98
995 712 255 83 285
996 12 247 525 510
997 24 27 35 114
998 65 200 434 153
999 145 170 337 464
1000 292 953 26 438
1001 803 59 610 96
1002 560 39 165 29
1003 258 105 288 269
1004 55 305 494 509
