0 177 381 179 82 184 301 368 397 381 344 157
1 726 106 614 106 90 62 749 776 409 10 971
2 140 461 322 269 83 404 142 28 36 170 212
3 194 4 430 856 833 7 374 529 529 608 529
4 142 610 694 549 800 533 121 303 303 271 142
5 375 6 438 36 545 24 494 420 11 8 661
6 349 349 149 656 122 150 181 384 105 81 69
7 555 265 9 510 84 110 478 107 355 106 44
8 499 500 699 499 529 332 487 332 9 699 602
9 823 213 533 602 11 434 647 647 221 282 665
10 143 758 85 307 872 17 189 667 627 809 826
11 365 489 211 4 239 63 303 434 21 371 3
12 265 957 707 570 452 666 452 358 452 420 152
13 238 931 210 169 533 371 107 284 277 232 358
14 203 62 35 29 533 306 173 105 166 664 65
15 285 481 59 194 59 286 56 286 56 59 809
16 187 550 187 679 663 508 418 13 440 176 214
17 233 433 144 546 954 615 331 222 81 20 536
18 295 150 368 103 150 215 248 372 32 438 427
19 405 856 12 358 141 12 19 555 466 608 566
20 74 42 21 44 533 458 291 256 222 7 86
21 5 309 615 518 86 86 687 282 641 163 82
22 21 121 161 129 169 162 249 16 495 256 493
23 367 169 123 275 413 200 198 689 689 198 168
24 169 183 90 90 107 113 263 113 983 114 725
25 13 35 114 971 971 740 252 3 239 158 82
26 438 107 106 300 173 129 419 79 205 14 430
27 722 38 116 473 422 129 419 531 438 437 455
28 46 434 412 102 6 211 56 718 55 809 301
29 473 249 427 62 83 221 52 103 385 378 377
30 41 342 219 18 86 141 699 525 44 19 155
31 30 417 981 442 455 318 82 128 367 473 533
32 37 261 986 261 470 427 443 444 438 390 393
33 30 30 44 405 64 330 248 422 147 107 158
34 438 151 116 40 847 547 339 26 953 27 37
35 151 748 641 946 641 1 548 121 242 927 241
36 86 444 361 976 76 5 325 325 409 171 48
37 29 93 169 129 399 542 256 234 210 132 131
38 116 531 115 612 832 252 115 229 86 83 86
39 229 338 367 160 205 483 345 152 249 114 211
40 31 51 498 332 213 264 499 61 872 309 309
41 180 249 541 215 20 21 214 294 214 345 180
42 422 147 212 23 107 216 254 169 300 128 734
43 569 452 971 444 423 438 494 420 249 84 82
44 360 359 499 241 238 209 924 303 424 45 448
45 447 272 3 192 3 3 371 129 936 706 14
46 254 153 249 602 616 320 368 376 64 116 317
47 26 588 438 261 165 121 166 153 434 226 17
48 37 127 128 212 74 188 418 299 700 7 525
49 643 17 41 546 256 425 65 178 656 380 537
50 71 433 50 431 288 296 60 392 368 146 146
51 593 155 541 215 306 91 328 108 109 51 204
52 157 376 378 385 377 464 172 295 382 393 103
53 199 64 14 493 221 745 221 226 301 168 160
54 412 54 520 533 242 242 243 375 66 480 92
55 160 184 365 224 17 121 326 169 106 114 419
56 137 571 408 411 323 100 768 371 51 65 450
57 58 373 515 813 275 178 214 231 74 73 248
58 845 56 211 546 226 513 513 422 820 93 337
59 2 126 56 845 281 252 138 160 150 181 383
60 122 397 378 377 215 549 627 549 268 215 155
61 381 381 387 182 167 918 197 201 201 395 295
62 329 652 329 340 459 44 183 695 316 377 782
63 82 150 820 336 96 37 84 366 184 418 253
64 330 860 978 860 753 40 245 42 459 616 320
65 526 420 624 651 118 13 35 282 184 121 425
66 252 138 815 92 127 491 453 615 180 256 802
67 108 67 146 368 86 765 7 5 34 32 113
68 300 300 371 490 209 62 811 531 581 557 79
69 107 222 81 420 581 409 278 908 167 41 197
70 107 362 107 180 277 203 86 536 86 736 86
71 71 152 548 753 170 40 417 29 121 132 106
72 524 72 21 68 663 747 215 309 0 0 223
73 358 65 206 65 86 58 285 683 57 685 481
74 549 298 301 362 529 558 213 533 320 94 350
75 470 455 48 417 32 338 638 896 142 141 473
76 485 114 895 333 547 527 976 76 333 96 10
77 121 333 547 423 263 86 143 357 68 508 80
78 340 848 340 554 777 482 423 303 551 69 189
79 115 373 134 777 134 553 86 106 462 254 495
80 68 69 107 478 107 856 950 856 661 666 856
81 685 408 3 272 164 137 520 6 327 259 818
82 730 730 62 89 91 514 329 143 166 19 331
83 366 368 440 368 121 203 167 51 28 128 41
84 333 172 121 420 211 56 809 160 282 586 233
85 820 301 183 509 678 627 549 627 971 324 666
86 8 293 293 525 332 502 452 573 441 8 11
87 371 107 355 405 280 290 405 263 486 303 212
88 303 88 809 738 271 55 3 303 932 258 110
89 260 336 170 251 339 427 950 260 311 223 624
90 459 717 160 478 652 513 222 310 222 225 74
91 64 302 123 165 170 860 455 423 981 925 847
92 92 238 237 210 932 23 87 154 422 546 546
93 407 213 359 496 529 558 487 488 466 7 112
94 120 94 176 318 326 538 306 81 58 212 427
95 197 65 14 339 245 165 883 116 443 226 62
96 92 373 92 457 971 452 487 84 510 510 19
97 124 51 141 525 11 211 285 683 211 489 229
98 98 97 99 64 11 129 82 221 218 315 253
99 101 300 97 125 99 173 114 234 96 442 113
100 142 296 473 114 443 115 64 134 134 64 492
101 97 371 124 768 371 434 2 333 48 114 254
102 102 323 125 98 86 377 214 128 377 396 60
103 378 61 296 393 384 379 368 0 65 371 170
104 295 321 385 376 283 234 242 237 241 238 176
105 152 518 256 371 208 809 285 168 789 458 450
106 83 145 326 183 338 142 494 169 136 93 205
107 642 642 419 180 214 177 734 377 296 378 321
108 111 66 480 362 488 529 913 951 913 967 498
109 424 274 429 461 448 429 155 546 441 729 141
110 121 594 82 203 129 371 45 164 174 46 15
111 258 183 400 105 160 427 655 526 498 593 128
112 84 649 246 421 448 269 592 446 301 63 57
113 26 251 96 46 15 362 6 285 129 418 190
114 46 300 2 283 210 489 107 748 106 551 473
115 107 459 166 3 158 166 18 249 546 82 450
116 207 820 932 45 448 446 139 429 461 140 209
117 491 753 169 290 82 51 557 160 226 405 143
118 132 249 404 233 159 159 241 210 142 82 310
119 165 883 336 339 30 121 184 546 137 305 59
120 309 297 49 612 105 180 82 424 641 106 46
121 594 121 99 98 107 837 107 184 298 685 815
122 262 179 13 190 106 74 756 431 4 82 458
123 129 282 559 142 434 231 645 414 479 275 176
124 335 579 321 283 81 473 213 44 459 467 160
125 125 354 323 323 101 97 708 97 640 564 158
126 54 208 58 249 569 501 430 12 452 529 166
127 107 769 559 282 69 160 161 570 19 700 7
128 343 160 352 656 380 562 440 515 277 289 482
129 127 227 377 174 237 240 160 896 4 282 596
130 692 130 130 401 365 293 8 971 695 491 170
131 738 411 900 40 39 455 113 47 443 251 116
132 411 338 107 153 142 19 513 509 183 544 568
133 14 450 65 870 65 835 401 148 402 211 137
134 373 134 867 340 564 126 698 281 58 132 82
135 135 136 820 434 296 526 53 5 333 211 363
136 136 820 82 518 132 481 285 105 420 180 349
137 552 137 880 138 286 411 303 286 3 138 285
138 126 4 665 6 426 168 278 13 771 64 528
139 424 211 106 518 106 1 121 419 63 208 820
140 174 46 155 465 519 786 166 42 309 95 129
141 529 494 340 434 338 123 987 339 79 116 338
142 125 86 261 986 411 123 169 464 291 257 65
143 758 758 316 793 613 756 390 150 103 0 221
144 434 163 87 859 845 252 138 63 233 474 301
145 183 3 665 4 283 187 546 723 551 184 420
146 66 474 476 108 409 515 280 249 137 901 137
147 155 101 101 120 333 163 821 160 821 160 478
148 224 365 223 518 366 107 371 405 282 17 180
149 440 840 5 346 352 851 852 18 121 363 188
150 104 320 394 60 389 14 203 284 1 147 533
151 170 86 74 67 160 197 199 278 149 167 197
152 612 404 586 826 832 145 46 334 592 272 334
153 86 736 160 87 513 268 218 300 268 248 259
154 375 96 136 96 417 370 443 245 370 333 492
155 284 157 393 643 50 654 404 323 192 807 5
156 160 20 887 20 519 259 127 227 405 184 129
157 383 379 157 389 6 527 96 304 256 172 60
158 244 301 226 275 368 393 160 906 513 184 480
159 233 239 243 950 58 654 404 546 393 384 387
160 156 13 361 443 33 32 13 56 209 541 162
161 314 21 114 371 355 46 434 518 546 352 656
162 482 134 535 134 84 553 554 971 284 174 286
163 491 170 169 201 133 93 168 168 494 82 81
164 107 340 546 441 161 419 526 498 440 61 283
165 48 211 807 211 129 162 217 121 81 299 299
166 178 180 231 342 340 107 662 185 404 62 366
167 908 128 114 116 183 417 444 114 48 40 919
168 82 12 996 12 441 105 48 115 422 82 494
169 533 321 391 321 392 321 440 178 483 424 115
170 280 909 209 273 429 448 271 470 914 170 979
171 64 455 444 417 895 114 255 189 121 163 612
172 197 65 352 178 176 94 196 424 495 365 44
173 612 726 85 537 221 249 493 14 1000 166 393
174 21 114 420 143 474 68 667 42 163 411 285
175 174 371 365 419 263 300 64 309 74 764 30
176 94 205 128 409 128 79 226 165 186 272 186
177 5 243 271 252 845 209 812 434 16 153 256
178 440 447 812 635 4 114 363 28 914 165 113
179 280 142 615 474 233 252 193 6 141 506 332
180 365 419 340 17 308 160 108 67 74 537 460
181 526 498 720 466 362 160 576 932 371 107 100
182 150 104 295 397 537 781 537 526 498 264 406
183 562 438 417 333 404 421 141 64 419 87 393
184 63 128 378 393 368 368 103 397 458 413 515
185 354 185 708 404 601 480 357 409 785 23 38
186 121 318 256 291 206 201 205 593 142 269 16
187 405 758 366 305 520 533 266 267 161 452 8
188 366 282 612 152 211 44 765 525 573 11 64
189 537 221 480 39 40 448 579 321 150 397 379
190 62 591 160 429 45 445 340 17 220 223 218
191 149 284 257 401 714 143 91 66 478 110 474
192 411 462 121 58 424 20 189 966 189 710 184
193 408 212 7 265 823 213 265 674 661 452 466
194 832 160 440 321 391 390 438 87 304 256 63
195 517 517 195 160 61 368 394 389 160 431 141
196 64 90 90 66 654 233 212 160 44 183 154
197 93 128 1 17 386 379 384 80 299 968 299
198 198 776 199 41 212 531 340 46 83 152 256
199 917 593 206 204 204 128 5 990 3 107 166
200 275 60 295 150 295 17 74 87 253 21 308
201 51 31 143 10 508 259 127 82 393 397 390
202 206 207 13 352 201 908 908 776 820 749 167
203 62 627 678 509 325 409 443 527 527 64 434
204 377 320 296 6 181 291 168 346 168 542 129
205 199 167 182 387 368 841 841 869 179 121 184
206 201 204 198 64 164 520 160 173 723 306 51
207 13 58 845 685 949 511 949 949 305 59 812
208 552 6 181 346 214 21 287 160 233 241 159
209 564 190 549 800 549 118 387 380 166 61 19
210 158 639 639 234 159 166 187 434 236 241 232
211 126 286 532 131 2 64 24 28 952 81 28
212 183 53 397 60 95 199 399 401 160 90 160
213 503 61 283 356 249 365 269 322 676 447 140
214 82 287 92 11 525 407 502 141 672 672 44
215 103 18 420 283 16 128 970 440 366 184 355
216 579 428 335 97 533 302 238 158 639 158 236
217 612 233 239 233 107 531 82 209 601 41 152
218 513 116 883 337 424 748 495 434 647 221 493
219 377 157 383 379 16 263 686 21 287 160 445
220 68 300 444 976 417 30 35 116 531 186 533
221 155 465 155 333 87 187 1 368 390 321 395
222 225 756 166 165 226 440 266 266 804 971 457
223 518 509 420 337 6 430 11 525 525 729 971
224 221 316 147 533 63 56 921 930 926 930 963
225 494 590 35 114 160 400 260 508 259 69 260
226 419 419 184 299 473 460 518 513 340 83 186
227 756 375 411 511 275 515 122 377 166 611 232
228 519 519 519 315 17 654 252 254 142 404 234
229 31 29 438 444 48 27 370 318 47 47 318
230 366 165 443 318 409 346 352 483 205 908 918
231 65 324 558 213 608 332 358 501 430 360 105
232 121 290 108 66 560 211 695 183 366 115 338
233 158 166 145 999 145 83 282 252 96 427 62
234 239 13 342 350 822 183 564 640 640 45 210
235 240 235 963 927 158 209 5 438 82 86 466
236 241 592 429 216 579 592 929 929 322 929 335
237 241 241 592 241 210 355 255 107 834 107 281
238 963 158 434 820 280 277 342 342 60 495 377
239 13 128 3 272 322 335 448 40 318 485 336
240 209 564 81 128 362 69 87 166 373 58 886
241 440 231 178 200 440 499 501 569 504 141 573
242 599 2 56 305 138 286 58 56 63 419 495
243 83 589 424 695 491 753 40 847 464 340 513
244 301 926 963 301 171 455 39 229 39 133 83
245 48 212 69 362 165 590 38 409 69 64 820
246 498 533 185 371 169 360 170 513 115 987 438
247 12 700 358 530 161 452 9 674 430 183 152
248 696 248 366 249 152 70 494 252 145 188 518
249 252 949 57 460 473 489 932 44 406 720 498
250 321 295 368 82 333 245 455 211 57 89 271
251 27 197 198 95 204 198 198 196 199 526 86
252 304 405 274 405 333 417 165 129 563 584 86
253 84 649 452 265 440 533 473 747 613 747 366
254 651 546 333 153 105 667 533 264 213 466 912
255 211 82 50 431 433 233 124 335 794 322 13
256 256 338 169 318 417 5 318 48 115 282 87
257 425 426 840 168 494 371 62 84 493 422 513
258 410 486 261 753 470 171 444 47 13 266 407
259 400 10 121 333 133 116 135 438 26 28 473
260 21 282 268 459 434 353 404 372 404 87 546
261 333 984 153 256 249 357 290 301 268 160 268
262 511 301 93 417 136 115 123 165 847 48 847
263 411 900 411 867 340 367 318 76 113 983 114
264 569 11 498 738 5 11 10 21 107 221 155
265 823 521 86 94 128 908 908 207 343 343 278
266 232 121 714 419 28 116 251 437 417 96 326
267 12 681 214 13 302 455 123 122 656 380 296
268 309 183 343 207 198 204 283 186 345 483 424
269 140 428 139 322 334 933 592 334 933 929 334
270 515 129 211 63 28 420 490 459 1 549 779
271 131 305 483 556 232 133 107 434 441 264 232
272 140 428 461 446 428 216 461 812 87 63 685
273 269 105 859 6 949 880 812 282 373 283 215
274 448 484 484 515 65 450 705 450 413 440 498
275 60 60 61 14 206 51 498 777 535 164 695
276 426 166 529 602 707 358 141 555 856 142 269
277 203 294 294 65 107 47 135 339 171 165 464
278 342 681 86 215 434 211 845 252 480 106 641
279 118 651 950 651 624 84 594 83 21 462 82
280 113 329 459 86 94 320 396 379 381 156 13
281 3 210 371 329 106 615 393 393 422 269 139
282 356 81 283 226 128 434 92 530 11 666 141
283 395 60 150 148 149 148 344 814 262 215 377
284 231 692 130 290 419 62 99 100 640 638 640
285 812 160 809 481 949 54 803 1001 803 990 305
286 520 5 252 404 97 768 935 100 107 327 327
287 68 418 314 21 329 87 303 365 137 92 538
288 217 643 963 404 950 427 339 113 33 86 117
289 14 53 103 232 320 295 387 283 288 371 363
290 936 935 100 353 98 768 371 640 638 12 141
291 403 542 419 655 301 209 411 318 48 75 75
292 278 13 481 208 121 79 417 437 361 251 115
293 374 501 160 290 493 121 283 14 51 121 420
294 401 44 555 466 7 720 700 602 707 61 390
295 377 458 542 129 526 912 466 160 828 546 723
296 142 187 300 169 30 30 23 480 21 64 51
297 248 73 84 474 142 44 12 265 265 500 44
298 301 444 333 142 105 153 160 406 407 266 7
299 299 287 68 679 679 971 699 506 86 106 280
300 173 20 62 419 12 856 293 360 451 365 802
301 596 282 230 283 221 314 312 189 20 287 92
302 302 302 89 412 4 57 57 304 303 371 255
303 160 45 211 495 46 592 446 46 428 160 54
304 256 142 355 420 211 238 159 244 236 160 84
305 55 193 3 4 193 826 63 82 752 84 217
306 511 64 89 89 54 807 132 552 281 54 665
307 872 309 133 420 282 87 49 83 199 918 196
308 295 106 132 5 89 54 137 365 434 41 197
309 311 260 297 17 255 5 285 5 419 280 201
310 314 74 85 85 317 248 459 548 434 17 153
311 301 121 132 489 929 489 211 5 234 494 588
312 221 280 170 26 545 255 712 255 63 107 306
313 17 473 113 478 258 469 89 933 45 272 21
314 405 115 173 259 519 607 253 333 444 438 337
315 222 16 375 356 114 78 497 78 62 183 133
316 690 106 249 460 347 215 87 49 84 727 464
317 307 347 377 292 450 280 61 321 60 947 321
318 423 62 662 366 226 494 225 226 254 137 6
319 243 240 235 930 301 180 231 201 231 434 367
320 296 129 413 160 142 589 142 296 166 374 44
321 182 390 389 211 88 252 411 55 211 408 193
322 448 334 429 428 579 579 447 461 139 129 464
323 102 5 269 420 526 813 817 817 543 493 180
324 466 362 362 483 41 593 142 83 820 482 593
325 96 242 13 63 126 209 301 21 68 106 367
326 87 654 50 612 50 87 518 173 68 86 20
327 306 550 105 129 21 695 597 118 121 116 455
328 459 589 671 106 222 18 376 157 380 393 607
329 255 453 107 306 86 485 263 338 914 105 355
330 223 560 27 35 39 29 971 3 138 86 251
331 74 219 314 418 710 299 508 299 69 509 160
332 529 44 754 565 324 754 359 452 11 91 143
333 162 404 153 424 86 2 832 160 23 40 370
334 447 62 151 29 160 84 217 521 295 283 290
335 446 579 447 46 107 478 258 347 612 233 234
336 337 337 437 361 13 748 129 422 601 64 615
337 511 682 681 180 157 179 296 494 714 813 399
338 438 86 756 268 316 549 362 365 833 44 820
339 135 337 548 115 212 424 164 15 175 63 158
340 142 560 218 95 183 169 4 121 131 932 282
341 218 309 74 537 613 127 22 173 896 12 44
342 130 425 457 421 525 44 44 166 172 734 284
343 107 163 821 160 255 471 333 516 762 516 408
344 178 575 342 277 130 277 214 232 562 65 231
345 191 214 419 74 82 78 424 950 533 504 504
346 346 128 900 123 165 119 261 438 123 338 434
347 180 601 86 426 956 700 332 506 502 407 93
348 180 381 342 62 131 552 137 211 546 936 706
349 344 191 346 820 301 93 121 51 100 97 353
350 936 231 537 403 291 14 922 205 51 486 172
351 575 351 483 165 171 370 92 818 339 361 151
352 346 511 337 301 857 166 132 160 170 229 119
353 99 937 64 74 282 560 607 128 367 151 86
354 100 662 97 100 101 124 353 160 132 89 6
355 513 747 282 404 654 154 114 443 84 780 84
356 480 564 208 329 128 300 169 326 160 91 91
357 212 115 492 165 482 47 427 427 31 35 282
358 700 913 699 11 270 160 381 157 397 376 82
359 699 44 86 236 62 106 268 405 169 283 209
360 105 351 296 203 204 918 94 955 128 483 13
361 29 33 443 93 260 74 62 310 74 312 228
362 11 529 374 505 525 707 359 496 487 466 12
363 154 333 546 272 272 462 173 405 126 408 489
364 212 144 144 615 244 64 305 64 229 39 13
365 338 199 41 86 681 342 103 389 296 526 450
366 282 572 129 922 856 405 518 509 184 473 108
367 546 77 107 128 220 114 655 35 26 35 409
368 321 971 232 575 167 284 377 177 176 177 905
369 89 107 856 8 430 365 421 529 499 498 213
370 85 226 533 280 278 365 451 365 87 152 83
371 283 589 424 256 169 127 82 748 173 82 210
372 134 74 537 189 467 459 221 116 361 318 176
373 86 113 424 240 243 615 513 615 87 333 58
374 506 932 173 155 429 424 125 125 404 353 69
375 328 375 340 438 34 438 361 96 80 474 87
376 179 156 181 181 156 344 180 950 492 518 11
377 227 74 764 74 1 250 113 434 333 411 988
378 321 156 179 907 903 191 824 191 149 277 232
379 396 60 280 294 401 971 9 44 754 555 84
380 396 395 104 379 376 392 103 389 160 404 615
381 381 344 180 83 128 180 156 349 342 257 426
382 393 62 279 107 87 820 128 483 41 196 51
383 295 398 295 388 182 397 394 379 103 103 296
384 295 181 381 394 60 167 172 526 82 4 13
385 321 103 377 296 142 62 86 304 455 330 860
386 181 347 307 85 370 455 375 889 828 107 172
387 394 179 157 150 250 296 644 115 129 21 486
388 378 179 365 355 546 154 424 316 758 405 283
389 292 206 94 204 283 254 651 511 309 316 341
390 438 151 28 51 200 177 231 196 41 215 283
391 393 282 405 424 86 154 107 859 408 286 57
392 377 748 424 168 198 31 198 202 562 200 275
393 83 273 579 13 371 288 217 142 133 401 600
394 321 560 856 922 699 699 359 141 332 358 504
395 107 70 217 282 58 160 818 65 206 231 214
396 377 396 321 904 321 182 377 65 65 835 425
397 379 391 391 390 378 157 380 65 294 493 835
398 379 321 157 5 440 320 351 106 641 106 42
399 440 457 401 493 694 610 59 59 305 520 5
400 105 506 430 765 7 265 804 232 473 170 339
401 870 401 430 430 44 82 58 664 84 37 35
402 420 121 96 619 303 355 365 371 329 375 318
403 172 228 482 89 57 949 809 2 859 82 222
404 950 73 311 268 19 183 137 434 58 665 272
405 375 91 989 329 121 546 333 333 516 6 21
406 498 720 856 83 296 83 693 366 512 155 495
407 141 69 189 225 81 299 171 417 40 753 860
408 586 58 129 282 221 419 5 809 58 372 594
409 190 549 84 333 438 588 29 5 232 18 419
410 62 62 154 546 509 108 143 258 160 131 126
411 209 543 65 64 177 200 41 203 377 764 314
412 57 54 174 157 6 563 14 172 403 291 450
413 129 13 273 13 342 468 223 624 231 129 19
414 415 86 584 290 79 922 79 557 79 78 405
415 697 697 415 852 851 852 206 908 822 86 840
416 327 326 107 812 46 812 215 87 909 129 343
417 895 114 443 333 282 140 428 812 877 28 30
418 253 162 432 217 340 46 812 215 268 419 45
419 161 314 255 170 105 607 128 206 546 290 426
420 139 216 446 446 334 65 457 294 206 95 93
421 820 41 107 490 107 179 128 207 95 64 306
422 950 707 957 707 161 121 425 513 183 424 758
423 121 144 492 5 99 937 125 354 124 51 14
424 174 209 174 210 931 210 236 132 809 809 412
425 870 425 543 183 105 546 83 355 300 748 283
426 840 526 655 280 270 11 44 133 403 168 35
427 980 427 48 560 74 134 482 318 444 113 494
428 160 666 566 499 500 498 421 430 7 566 499
429 273 2 880 252 427 107 226 283 495 87 282
430 65 371 114 21 127 259 127 189 454 160 410
431 80 114 3 192 59 58 59 832 832 612 404
432 71 71 84 62 29 331 177 380 680 380 296
433 288 105 223 73 331 482 553 134 133 547 444
434 412 271 949 511 541 62 448 16 105 362 69
435 440 200 176 576 129 58 121 333 654 333 160
436 437 47 96 325 143 714 121 154 282 290 86
437 336 30 261 5 117 100 185 323 404 768 125
438 330 248 372 594 83 141 922 529 498 232 275
439 338 564 258 357 212 303 486 21 260 69 105
440 818 92 457 426 403 526 515 270 28 375 160
441 360 4 434 153 474 612 404 153 155 367 35
442 113 424 422 180 284 214 178 413 178 537 103
443 261 171 339 361 263 897 263 151 263 245 326
444 76 113 28 282 188 129 137 160 152 166 115
445 139 282 411 131 208 698 481 211 480 39 31
446 498 569 971 93 129 82 853 82 83 557 128
447 428 812 448 107 269 166 141 51 35 114 152
448 269 15 160 504 533 23 434 393 212 859 212
449 414 479 381 179 397 52 397 458 434 677 199
450 93 664 486 160 152 393 643 87 252 243 105
451 487 498 466 358 266 9 421 23 409 443 444
452 9 406 332 359 452 264 7 8 498 765 249
453 115 87 21 260 950 366 218 224 17 341 218
454 189 582 549 74 0 377 839 191 903 191 191
455 914 64 95 123 302 89 158 234 244 241 592
456 456 405 531 539 77 84 467 434 180 256 87
457 285 107 448 140 269 211 55 718 63 82 454
458 291 450 434 296 280 169 283 363 187 62 133
459 560 329 652 513 166 180 262 347 105 362 549
460 490 258 90 494 170 229 84 282 258 108 652
461 819 273 322 533 280 556 531 366 367 263 121
462 308 494 141 6 571 62 342 122 411 809 627
463 463 463 463 462 256 356 108 258 347 166 172
464 211 258 142 467 20 495 208 114 486 292 611
465 61 95 41 17 62 186 531 548 607 296 473
466 856 186 82 287 80 549 678 68 68 418 299
467 549 509 667 473 473 627 513 425 835 275 200
468 172 133 172 847 171 172 333 145 571 62 404
469 91 143 405 300 263 442 545 23 42 221 248
470 367 263 263 686 263 564 356 81 333 84 404
471 295 560 336 485 317 223 313 268 300 142 560
472 284 301 690 447 579 83 153 254 137 355 83
473 25 494 544 790 544 820 162 212 255 170 136
474 66 477 469 375 357 258 143 160 44 367 170
475 300 158 4 281 5 349 122 515 409 945 325
476 112 37 261 82 518 58 856 355 355 365 249
477 69 434 212 550 68 419 44 729 358 374 358
478 62 186 433 393 153 393 121 651 272 592 908
479 177 905 905 905 74 537 232 484 448 160 591
480 356 375 282 132 738 481 285 4 13 255 472
481 898 230 420 509 480 508 69 473 498 359 452
482 143 482 228 280 133 169 896 124 896 81 82
483 362 498 12 13 785 23 254 367 245 367 375
484 936 129 127 36 13 170 417 183 58 158 564
485 387 60 275 160 509 189 17 252 282 375 679
486 65 425 256 607 420 138 301 651 420 810 520
487 452 502 506 11 504 912 504 500 501 499 19
488 141 922 129 371 288 105 366 812 373 58 411
489 256 355 128 107 303 105 546 453 615 253 21
490 82 395 107 160 494 151 409 35 26 29 121
491 167 280 922 205 197 917 27 135 5 440 94
492 107 236 235 159 241 499 498 358 332 836 813
493 82 767 114 367 121 333 404 142 180 70 71
494 281 932 180 644 489 157 397 394 321 295 320
495 160 666 166 296 166 152 494 312 225 459 86
496 922 129 128 180 907 936 167 200 498 264 161
497 409 10 366 290 434 495 211 734 377 277 377
498 64 484 572 563 484 936 706 290 14 205 908
499 765 293 506 496 160 160 539 79 62 447 139
500 504 183 493 292 172 214 419 263 303 281 57
501 504 529 7 466 506 496 459 106 221 224 218
502 7 720 699 922 488 498 265 264 232 115 5
503 374 7 266 266 440 6 234 587 237 243 820
504 161 405 304 455 29 29 151 361 93 336 337
505 971 216 269 334 15 274 273 819 273 301 278
506 406 699 922 488 362 466 504 293 44 649 44
507 314 307 588 588 588 392 296 296 376 389 60
508 667 409 624 461 446 933 448 446 272 665 2
509 105 747 678 184 551 533 529 374 5 171 590
510 86 362 105 249 421 421 525 525 19 506 7
511 346 13 481 63 175 685 174 685 281 54 481
512 366 63 209 238 587 58 921 285 59 738 411
513 166 430 249 147 17 393 391 321 179 869 182
514 108 405 162 427 151 753 170 163 17 494 190
515 275 440 498 526 426 82 549 173 129 232 178
516 305 552 552 412 256 256 303 242 210 233 366
517 517 517 743 517 305 366 58 57 252 137 271
518 426 290 13 489 249 353 166 127 613 537 232
519 465 61 389 320 593 820 5 232 129 489 210
520 859 849 849 252 105 80 271 738 305 55 481
521 823 264 213 957 213 602 141 306 550 81 141
522 523 387 366 183 424 174 854 420 163 107 429
523 387 381 177 200 413 275 493 572 822 290 121
524 72 21 174 665 137 434 308 379 396 321 393
525 967 44 365 137 434 427 212 820 269 301 262
526 424 318 170 4 55 4 81 137 183 3 56
527 444 171 116 133 419 351 320 179 133 401 562
528 5 486 232 60 385 390 104 388 164 272 3
529 498 360 169 62 173 96 599 931 240 158 926
530 249 83 58 615 145 82 820 167 231 206 6
531 249 165 443 820 443 113 40 135 93 28 33
532 162 417 423 114 41 14 141 44 892 300 114
533 40 251 437 169 375 183 329 165 245 171 547
534 813 817 813 129 93 36 30 588 494 593 167
535 173 166 226 892 438 337 464 183 362 956 7
536 287 800 615 513 211 460 730 468 221 317 307
537 268 248 73 756 597 596 301 248 459 218 282
538 530 533 67 74 231 526 86 563 86 611 129
539 77 62 509 105 367 254 142 285 806 806 806
540 952 952 81 400 133 113 494 268 19 155 22
541 249 87 166 19 452 529 525 700 661 661 856
542 172 515 6 667 68 474 186 121 86 498 232
543 405 128 371 98 323 271 528 64 379 396 61
544 542 291 232 1 250 526 377 621 11 133 283
545 588 307 226 62 201 908 820 153 87 552 698
546 41 917 593 204 205 581 473 189 189 818 549
547 547 171 455 375 243 615 21 46 249 132 166
548 106 546 115 820 615 163 377 294 294 291 464
549 44 503 358 141 213 525 533 572 563 464 282
550 480 564 174 283 389 394 393 308 438 89 469
551 86 417 263 919 113 983 333 417 370 226 223
552 520 6 170 145 249 2 517 6 6 527 981
553 598 598 86 426 270 515 177 61 379 388 376
554 482 437 116 27 27 560 224 365 83 280 87
555 82 356 69 551 86 28 438 86 81 42 19
556 330 73 74 366 10 133 29 24 440 6 59
557 5 815 5 419 68 86 263 318 114 107 295
558 324 720 324 971 196 14 380 283 387 60 352
559 142 183 21 520 520 121 143 413 426 160 61
560 222 519 21 686 564 158 638 896 368 394 394
561 462 419 263 897 263 301 482 438 27 261 96
562 498 411 683 412 238 89 333 981 76 455 113
563 493 419 255 1 310 314 160 906 546 397 390
564 208 3 166 58 462 419 214 13 440 458 526
565 9 674 823 265 608 566 8 499 8 160 87
566 7 430 6 486 410 82 568 1 254 820 421
567 82 87 665 54 174 252 518 509 972 509 253
568 425 562 202 198 434 859 121 518 254 474 366
569 498 232 515 277 621 11 569 44 141 431 212
570 570 971 514 91 375 21 581 557 201 18 365
571 63 160 283 0 146 1 82 422 147 435 127
572 484 168 129 212 641 1 155 337 23 33 370
573 498 700 566 421 213 913 700 602 365 18 167
574 425 401 873 401 160 184 509 513 459 248 317
575 351 364 351 183 82 708 82 30 38 443 29
576 82 283 820 445 139 448 46 255 1 560 27
577 283 204 917 918 593 350 851 681 682 191 180
578 577 142 932 333 492 615 83 20 424 526 782
579 446 448 160 218 248 311 69 409 555 44 8
580 580 580 580 580 580 580 580 580 580 580 580
581 473 411 987 900 822 572 484 484 168 291 294
582 418 710 299 146 187 283 252 159 631 631 209
583 521 553 521 366 166 353 124 233 83 586 826
584 272 290 892 405 105 242 5 96 604 96 234
585 295 103 379 385 82 550 434 856 823 558 529
586 832 520 810 321 378 17 212 283 394 14 53
587 832 826 58 96 369 88 210 494 308 256 234
588 438 123 103 321 162 83 273 812 428 46 3
589 142 783 154 820 198 94 204 908 204 218 133
590 38 33 113 23 474 424 188 473 411 261 261
591 62 109 424 758 143 375 66 513 84 467 549
592 446 592 579 321 160 418 69 509 107 280 734
593 214 94 196 820 544 534 544 121 228 17 218
594 83 591 160 362 473 113 725 318 83 199 377
595 52 1 377 379 393 84 57 859 990 685 685
596 301 444 84 112 478 66 48 263 925 113 151
597 107 153 58 552 126 638 355 371 124 638 12
598 340 256 30 33 113 370 361 27 28 367 249
599 208 133 400 400 690 366 215 221 310 307 17
600 588 35 121 232 358 504 510 358 213 8 971
601 333 121 99 121 15 929 929 933 929 334 65
602 61 60 392 387 384 388 376 380 178 381 397
603 414 443 165 249 210 160 162 417 423 333 163
604 57 57 4 425 430 5 163 145 46 579 164
605 414 414 443 981 547 527 976 976 113 543 543
606 495 296 377 376 283 104 103 537 259 83 131
607 128 142 153 612 424 820 114 211 734 351 179
608 267 707 265 498 73 498 238 244 13 113 28
609 609 333 154 154 954 249 165 169 318 83 49
610 89 58 856 533 530 246 530 11 21 424 738
611 278 183 245 365 212 86 33 590 545 442 170
612 856 405 133 261 160 132 6 4 880 2 286
613 613 614 614 613 793 316 309 317 312 255 106
614 742 614 614 614 756 215 60 385 389 521 340
615 856 249 530 533 164 564 340 564 281 571 373
616 320 390 394 181 179 397 719 397 157 681 178
617 592 447 323 160 681 178 166 107 837 107 828
618 662 185 101 99 97 662 494 543 294 572 936
619 613 243 42 5 438 25 10 324 555 84 467
620 86 681 681 278 180 231 232 156 232 103 377
621 11 573 44 283 86 35 165 40 75 655 223
622 238 252 166 411 212 58 552 58 738 286 859
623 450 494 94 177 656 352 214 160 480 221 526
624 651 511 651 121 513 153 49 152 115 58 615
625 63 210 243 319 963 159 631 209 241 927 963
626 87 83 355 518 954 546 158 158 174 859 963
627 189 418 253 405 105 400 325 400 325 10 11
628 181 342 376 157 391 380 393 61 182 499 61
629 316 268 84 336 820 129 426 290 620 290 114
630 303 365 62 170 36 82 20 253 615 412 57
631 159 631 159 62 209 599 96 417 162 45 429
632 397 52 53 61 182 379 377 127 377 167 201
633 633 633 633 633 633 633 633 633 633 633 633
634 635 208 131 163 212 166 290 272 612 223 220
635 208 285 586 131 646 411 126 131 422 129 405
636 211 764 483 305 64 417 40 847 38 48 165
637 209 601 146 120 377 182 396 157 181 395 283
638 158 240 237 963 209 601 494 252 48 212 252
639 65 64 128 1 254 44 12 247 246 266 720
640 124 124 638 44 133 400 327 326 118 116 114
641 106 283 271 513 271 809 13 271 13 771 13
642 513 627 707 570 452 213 360 971 406 44 358
643 50 84 84 317 307 177 629 177 601 333 169
644 140 429 428 274 334 322 448 62 434 433 372
645 156 645 191 494 17 467 69 216 446 322 929
646 411 54 552 698 126 2 698 13 290 493 543
647 256 460 41 203 231 53 18 376 122 60 420
648 648 648 648 648 648 648 648 648 648 648 648
649 121 169 229 48 229 29 27 151 37 36 107
650 215 541 215 87 83 153 984 333 129 342 180
651 434 189 786 206 41 280 170 310 107 736 107
652 513 226 85 758 316 187 107 468 730 460 549
653 653 653 653 653 653 653 653 653 653 653 653
654 333 404 601 333 17 226 232 483 94 196 820
655 419 337 424 30 251 115 86 131 86 94 205
656 380 60 275 526 183 229 30 36 165 483 167
657 269 422 404 687 282 132 166 58 408 586 832
658 658 658 658 658 658 658 658 658 658 658 658
659 377 395 182 18 301 474 41 483 362 405 480
660 660 660 660 660 660 660 660 660 660 660 660
661 666 441 608 141 362 365 490 546 526 13 19
662 404 58 552 208 552 520 56 921 859 271 56
663 551 434 19 366 217 812 107 306 256 115 155
664 363 215 434 168 284 206 86 165 48 229 169
665 685 298 551 509 952 81 188 679 187 146 549
666 86 586 59 89 933 446 45 322 335 592 273
667 627 678 68 418 253 121 401 664 486 114 278
668 157 53 85 519 518 58 195 286 880 138 990
669 783 82 245 925 417 32 339 28 419 211 58
670 670 670 670 670 670 670 670 670 670 670 670
671 582 106 717 295 296 393 71 433 162 2 586
672 365 489 229 165 79 47 370 37 229 143 201
673 495 342 797 231 342 94 917 557 201 128 201
674 510 84 474 473 493 160 466 500 266 565 44
675 675 675 675 675 675 675 675 675 675 675 675
676 447 690 316 549 627 184 480 549 287 494 290
677 199 201 342 62 87 642 254 144 144 492 121
678 184 115 340 892 173 533 164 335 794 322 446
679 679 81 419 252 661 161 661 7 422 180 105
680 380 160 87 269 210 371 208 55 58 286 685
681 350 342 377 280 342 483 377 745 453 546 177
682 511 275 458 604 96 4 56 138 252 949 59
683 131 698 126 137 57 532 211 462 249 84 649
684 684 684 684 684 684 684 684 684 684 684 684
685 408 192 193 195 411 498 738 411 24 64 411
686 22 21 686 114 4 162 90 64 456 405 116
687 86 377 384 393 607 460 117 100 98 99 64
688 543 82 612 856 913 922 14 776 204 203 434
689 198 31 612 162 393 947 377 106 160 776 917
690 222 310 307 206 232 413 450 292 409 292 389
691 691 691 691 691 691 691 691 691 691 691 691
692 231 168 484 572 294 377 947 181 376 181 378
693 82 106 357 474 419 68 474 663 69 325 962
694 255 421 365 184 508 212 612 83 405 493 275
695 734 351 419 101 354 125 768 100 687 353 99
696 307 17 459 42 226 14 35 170 105 212 642
697 645 156 179 82 594 283 82 544 607 548 405
698 131 949 56 718 63 59 619 56 698 194 58
699 504 499 699 441 84 533 499 765 44 246 246
700 570 161 11 233 441 12 666 951 359 504 141
701 462 20 166 41 165 64 376 296 203 280 18
702 932 932 310 365 82 963 926 963 319 236 371
703 703 703 703 703 703 703 703 703 703 703 703
704 704 107 139 461 819 273 164 62 87 180 284
705 705 256 3 137 155 285 840 426 167 434 249
706 290 340 173 249 41 28 33 23 39 86 114
707 872 182 18 18 53 280 83 210 489 2 252
708 323 323 5 64 395 121 82 226 62 78 107
709 404 371 65 377 294 65 177 223 468 224 218
710 187 152 494 340 777 69 353 323 6 234 234
711 711 711 711 711 711 711 711 711 711 711 711
712 4 285 532 54 63 586 481 138 2 195 195
713 509 540 952 952 710 69 434 10 36 114 333
714 93 438 390 526 413 65 457 421 359 9 466
715 21 278 789 168 301 362 430 425 401 574 280
716 716 716 5 840 562 562 425 401 399 84 13
717 131 949 949 271 528 489 419 473 44 21 256
718 55 809 627 971 844 165 129 63 849 849 849
719 395 164 334 46 236 243 412 408 880 174 3
720 707 913 922 496 560 19 661 856 856 107 57
721 229 170 987 116 160 397 381 393 155 188 671
722 278 343 157 851 907 593 201 167 128 290 169
723 723 551 473 536 86 191 343 183 5 135 409
724 338 263 338 27 26 545 133 464 116 30 28
725 339 34 588 494 25 301 278 420 291 280 168
726 342 450 172 166 492 105 478 160 138 409 140
727 84 49 19 700 957 265 533 460 427 427 47
728 96 527 6 204 206 41 460 549 690 160 327
729 84 272 322 533 67 108 108 183 280 113 424
730 301 271 323 654 154 419 611 450 600 401 705
731 731 731 731 731 731 731 731 731 731 731 731
732 732 732 732 732 732 732 732 732 732 732 732
733 420 526 813 434 3 239 233 474 84 295 396
734 211 450 329 405 489 82 173 68 92 22 173
735 322 434 290 405 340 106 280 284 257 526 65
736 107 62 12 896 173 342 726 314 301 307 17
737 737 271 152 86 362 856 19 142 597 756 614
738 286 2 164 174 377 203 829 203 86 103 368
739 155 187 155 351 420 282 248 301 655 513 116
740 252 233 366 474 474 404 217 49 153 62 544
741 103 389 321 368 301 140 216 45 533 265 19
742 614 742 742 546 954 546 83 513 222 187 550
743 516 743 517 2 138 409 785 409 177 656 122
744 744 744 744 744 744 744 744 744 744 744 744
745 74 17 42 17 422 244 241 252 832 586 932
746 746 746 746 746 746 746 746 746 746 746 746
747 971 3 412 81 105 42 405 83 481 271 283
748 793 435 533 187 1 232 206 936 822 908 197
749 167 377 1 560 329 371 518 513 269 145 166
750 88 183 198 593 918 51 970 546 272 612 17
751 41 95 450 544 257 284 749 167 340 211 169
752 283 290 829 523 522 493 425 835 65 434 269
753 816 437 547 339 337 123 900 170 371 288 654
754 608 232 397 393 932 63 81 544 257 130 167
755 211 371 28 36 129 482 89 107 47 38 915
756 42 434 211 290 283 60 320 104 288 296 203
757 367 28 339 336 27 437 96 437 437 30 24
758 758 288 433 433 432 71 70 71 432 162 103
759 121 79 62 340 217 340 268 494 590 27 62
760 592 929 164 395 387 384 321 61 64 140 428
761 393 155 615 64 14 706 585 389 537 14 486
762 516 408 434 515 593 572 5 868 320 379 157
763 763 763 763 763 5 252 193 192 516 102 5
764 541 420 373 812 4 859 89 809 627 627 473
765 9 264 86 368 394 53 403 425 705 256 83
766 521 217 432 71 84 144 144 144 121 186 31
767 13 461 448 461 819 461 533 63 175 15 335
768 98 13 409 667 128 82 93 16 295 388 160
769 107 254 393 320 376 632 397 182 396 182 308
770 353 125 98 618 617 269 422 533 186 474 108
771 145 81 225 82 739 300 434 353 87 211 212
772 772 772 772 772 772 772 772 772 772 772 772
773 773 405 212 77 212 210 282 745 189 690 222
774 285 458 494 62 179 180 345 157 6 845 2
775 560 775 560 221 160 195 174 16 187 667 68
776 14 53 128 206 205 14 312 311 494 484 694
777 134 598 340 83 154 492 83 249 546 211 63
778 85 314 872 309 310 78 310 309 73 106 400
779 549 80 480 160 106 533 800 615 252 924 252
780 84 442 976 114 820 200 176 214 346 511 411
781 621 426 840 285 96 455 116 411 455 39 28
782 377 278 621 284 278 284 206 205 196 143 325
783 669 641 166 81 28 256 356 509 253 419 255
784 411 261 170 188 42 86 163 105 128 918 918
785 13 255 366 65 51 165 160 286 249 201 206
786 206 1000 166 422 163 62 12 8 12 249 58
787 21 686 114 366 107 106 589 249 46 174 157
788 788 788 788 788 788 717 459 453 189 311 190
789 654 153 249 642 83 162 237 236 242 210 87
790 544 81 3 57 863 57 552 54 2 826 56
791 612 105 362 5 271 333 113 83 162 482 129
792 121 362 518 492 105 509 400 971 400 336 84
793 316 549 540 952 509 356 290 121 796 405 105
794 335 579 929 592 353 354 124 638 300 102 516
795 417 795 417 29 438 35 114 925 113 28 367
796 828 546 393 390 391 393 810 296 142 1 537
797 18 85 222 301 473 362 569 566 441 266 533
798 798 798 798 798 798 798 798 798 798 798 798
799 166 125 98 101 120 0 377 166 393 643 393
800 615 393 107 420 115 249 531 77 546 367 263
801 41 464 556 113 486 611 129 615 333 23 39
802 172 526 172 655 301 28 35 878 27 339 340
803 767 121 462 212 365 141 161 451 365 255 105
804 971 504 765 365 256 280 121 165 420 531 333
805 44 249 654 87 422 333 577 333 493 133 401
806 89 259 259 508 189 253 106 129 44 105 327
807 132 62 597 932 86 261 437 39 86 38 113
808 808 808 808 808 808 808 808 808 808 808 808
809 685 665 55 59 832 412 625 4 586 4 256
810 471 607 519 518 87 626 87 49 71 83 424
811 531 811 77 950 812 665 303 355 137 809 304
812 3 114 30 434 361 976 47 107 74 366 537
813 403 537 221 309 183 418 582 971 740 971 805
814 52 368 376 296 390 395 157 719 393 154 954
815 57 271 304 411 58 252 138 685 698 131 698
816 119 816 115 439 96 329 82 74 498 608 565
817 515 122 349 148 468 342 346 345 345 152 211
818 301 100 429 15 128 226 114 564 304 304 285
819 422 58 271 304 58 183 4 520 571 211 285
820 93 280 196 200 413 129 401 543 16 81 473
821 163 72 524 72 311 189 1 1 85 74 513
822 936 546 333 13 128 329 486 201 486 286 412
823 452 661 66 477 66 90 66 117 170 303 129
824 191 420 351 179 107 340 169 170 301 159 926
825 723 126 56 305 412 615 412 6 481 208 211
826 803 193 195 738 4 211 412 625 285 142 367
827 506 107 856 856 7 420 314 418 409 10 508
828 892 891 892 114 847 40 245 925 263 171 133
829 168 526 420 82 234 96 469 469 469 112 112
830 452 971 777 419 336 409 118 387 150 381 379
831 258 107 18 310 313 268 390 296 810 597 58
832 131 2 55 57 211 333 160 394 14 486 430
833 44 459 249 464 822 290 434 288 434 450 160
834 107 173 99 97 97 100 124 708 599 158 927
835 401 434 408 993 408 408 587 587 58 424 526
836 523 543 129 430 280 367 106 546 422 147 533
837 837 107 253 166 64 786 166 79 445 340 777
838 45 445 518 615 115 87 180 820 51 751 51
839 377 386 379 191 149 150 149 64 601 197 64
840 413 426 82 277 149 440 368 394 377 120 18
841 719 64 302 96 160 261 170 336 883 115 340
842 96 326 92 815 194 132 89 2 96 113 113
843 290 546 30 434 23 229 119 84 664 515 275
844 971 412 408 285 105 509 87 172 483 61 150
845 412 921 285 408 408 208 87 290 419 131 604
846 846 846 846 846 605 797 342 575 851 350 377
847 38 171 547 370 113 301 18 314 764 211 55
848 419 121 526 912 504 246 213 608 213 7 573
849 63 586 412 105 236 183 493 611 278 270 84
850 199 121 110 474 62 292 172 482 655 482 423
851 852 852 852 851 681 851 352 346 51 486 53
852 851 342 257 401 712 995 712 255 145 234 5
853 82 12 19 42 333 76 981 263 263 547 443
854 252 107 79 205 86 438 590 533 499 500 506
855 155 105 326 245 333 444 96 46 495 218 224
856 142 828 107 306 612 404 709 404 16 209 58
857 166 140 2 192 132 46 748 105 362 301 621
858 306 20 536 184 114 405 166 300 828 87 152
859 174 405 106 467 152 288 431 70 83 152 333
860 165 30 151 116 245 329 333 211 290 546 909
861 350 13 484 13 65 200 918 94 206 231 537
862 777 259 253 671 17 494 311 106 614 742 166
863 57 56 412 162 184 473 550 189 86 103 64
864 411 2 899 2 2 140 335 45 211 137 210
865 63 16 642 42 493 212 371 236 303 859 153
866 80 508 86 765 499 213 264 661 252 96 57
867 134 372 373 253 20 10 173 92 86 274 273
868 5 445 86 125 185 800 533 115 173 126 635
869 841 841 869 181 388 249 954 87 155 98 932
870 425 873 425 562 533 582 533 147 152 548 160
871 231 14 426 65 232 265 498 197 409 325 509
872 377 745 745 745 74 366 372 83 106 147 83
873 425 285 105 384 388 387 380 160 61 181 14
874 425 285 533 461 819 140 166 641 424 448 847
875 170 513 422 163 5 833 44 30 28 107 28
876 564 480 509 184 509 513 355 856 430 12 265
877 184 365 495 371 45 87 160 610 59 619 59
878 33 409 10 121 615 422 363 161 358 266 533
879 242 5 517 192 517 516 6 458 129 572 294
880 80 395 283 283 28 486 537 486 270 426 413
881 96 4 532 532 286 571 63 490 256 312 256
882 160 148 180 820 200 275 515 122 231 466 160
883 337 136 464 35 62 342 575 342 352 13 337
884 412 809 160 245 486 35 26 171 470 455 411
885 20 72 311 189 187 42 459 107 77 121 324
886 59 96 89 56 921 6 517 2 281 54 738
887 885 887 887 885 106 279 333 546 333 163 518
888 412 87 180 615 155 589 282 932 81 667 160
889 828 121 420 581 872 307 971 699 922 699 358
890 121 612 356 69 189 941 189 146 66 67 160
891 405 124 908 196 64 506 288 19 434 243 211
892 892 28 811 531 686 22 173 184 418 62 3
893 971 325 21 327 11 529 9 823 452 265 674
894 327 416 327 141 430 11 7 141 6 285 83
895 333 417 333 434 440 61 483 377 365 833 833
896 4 13 421 141 81 137 56 865 59 520 281
897 263 424 303 304 971 416 327 141 359 498 246
898 898 481 599 96 370 417 339 361 370 423 121
899 2 193 408 138 59 195 59 174 286 129 611
900 128 41 129 458 285 168 813 515 275 178 200
901 137 329 208 820 167 280 256 460 159 236 158
902 5 100 935 125 283 296 393 473 474 469 469
903 907 851 377 120 309 272 461 735 269 657 269
904 321 396 380 65 380 393 382 393 382 377 294
905 215 589 215 301 281 121 223 20 260 260 93
906 513 513 340 593 955 94 207 95 342 343 42
907 936 129 249 404 546 158 242 238 302 96 400
908 278 21 256 405 212 546 221 317 85 314 495
909 303 128 363 212 489 932 31 30 263 419 280
910 65 664 166 218 177 215 309 5 89 411 430
911 81 564 263 16 128 118 607 87 252 238 158
912 466 499 9 9 452 141 533 45 107 216 46
913 700 19 107 441 362 506 494 372 282 196 206
914 914 28 183 82 114 158 121 88 211 2 859
915 38 47 361 367 419 114 63 552 87 190 971
916 414 645 697 645 231 191 277 342 340 333 145
917 445 419 270 419 367 367 748 82 518 513 509
918 200 581 310 445 13 266 61 391 393 388 296
919 443 41 612 726 160 393 433 49 83 255 363
920 230 230 375 160 15 424 115 860 753 261 411
921 859 880 174 63 83 424 16 80 105 474 434
922 922 205 79 62 419 68 68 82 169 828 45
923 923 825 723 126 6 845 56 412 89 482 820
924 612 145 271 256 802 256 490 419 226 218 316
925 417 38 34 32 590 30 136 27 51 970 917
926 159 11 8 661 363 577 333 423 113 914 64
927 159 58 129 291 493 121 142 812 282 196 231
928 211 283 44 967 44 525 510 264 856 720 765
929 335 139 45 271 192 4 665 886 3 599 931
930 243 57 460 537 231 936 484 822 494 366 445
931 240 931 930 236 160 68 494 173 41 254 371
932 129 419 82 368 250 377 149 490 491 168 167
933 335 334 46 592 933 933 592 447 45 533 81
934 340 314 21 230 375 477 375 328 514 329 283
935 353 770 353 249 128 11 12 466 267 161 314
936 231 656 176 333 641 669 420 210 300 495 107
937 353 371 256 234 282 33 438 440 275 479 177
938 611 486 51 280 203 183 87 190 121 215 434
939 572 86 444 333 654 323 124 300 87 304 256
940 128 300 269 155 285 129 128 576 329 128 430
941 189 67 533 121 263 30 115 48 171 165 36
942 435 533 171 370 38 24 997 953 28 545 133
943 295 377 918 201 51 261 437 47 86 457 86
944 748 222 310 317 85 14 339 38 13 445 79
945 409 581 581 21 106 820 366 820 443 165 31
946 641 212 70 180 121 10 339 340 212 142 210
947 394 377 127 37 37 33 39 133 120 74 495
948 381 391 320 351 483 157 150 368 250 174 21
949 949 949 252 412 87 353 100 662 282 131 586
950 64 166 285 301 818 533 515 515 409 346 181
951 44 11 91 112 66 478 543 523 601 166 243
952 710 418 81 28 93 291 542 544 183 184 710
953 590 30 160 340 274 424 170 82 462 419 161
954 87 233 494 215 53 167 130 351 345 483 128
955 128 1 222 142 216 62 210 128 367 254 17
956 700 566 707 358 700 956 700 499 502 529 11
957 213 141 166 172 251 32 27 301 303 56 160
958 69 81 357 106 21 287 80 663 160 482 679
959 377 155 19 42 309 248 74 537 397 64 211
960 377 296 397 295 62 62 29 28 371 518 355
961 377 342 201 62 454 160 142 812 217 71 83
962 958 962 958 962 325 971 452 264 7 359 359
963 238 86 128 329 128 306 215 64 644 64 107
964 24 169 896 107 665 63 971 3 195 411 183
965 936 168 280 199 205 204 593 494 106 828 892
966 21 519 519 20 166 880 282 196 199 258 434
967 44 133 107 410 160 17 424 99 121 10 434
968 968 299 80 384 181 320 295 86 598 521 134
969 509 87 222 314 340 314 314 107 450 214 207
970 917 40 370 92 92 434 168 484 87 412 888
971 747 418 184 582 84 305 285 208 411 193 58
972 913 956 913 560 856 12 638 589 607 560 0
973 971 321 60 250 320 593 205 197 167 575 149
974 820 615 252 138 990 826 685 208 114 30 437
975 971 196 918 494 24 29 34 339 75 427 119
976 925 114 533 18 14 103 61 380 539 79 47
977 242 242 238 440 534 544 568 256 169 734 0
978 860 753 753 470 980 980 5 517 192 832 408
979 316 695 459 473 489 211 560 142 191 180 107
980 655 526 232 320 103 181 291 493 107 420 254
981 925 245 171 547 133 79 86 82 130 160 809
982 137 183 611 389 326 733 733 825 923 733 64
983 114 158 319 160 906 533 906 160 435 920 230
984 153 58 57 460 615 83 58 886 2 285 420
985 376 82 230 21 518 333 419 249 208 57 619
986 261 165 82 36 21 260 74 116 261 427 17
987 339 437 5 619 89 434 329 300 434 137 812
988 411 981 263 16 115 208 552 57 286 2 249
989 91 64 198 205 922 488 466 141 69 480 143
990 193 685 252 880 56 55 107 730 107 448 46
991 859 162 253 615 155 655 301 446 301 63 128
992 992 992 129 294 160 316 695 106 314 166 250
993 408 517 516 192 807 192 516 305 685 880 138
994 6 204 218 495 5 527 96 59 303 82 325
995 712 401 285 990 194 281 105 303 145 256 280
996 12 565 608 754 141 494 39 883 339 115 337
997 953 301 356 362 141 358 105 258 282 79 47
998 65 169 6 426 206 94 65 910 65 0 6
999 145 518 518 86 438 28 270 14 270 160 263
1000 232 263 411 537 74 282 820 168 533 168 936
1001 2 3 587 2 587 832 194 238 499 922 129
1002 560 39 31 198 41 352 201 103 321 349 5
1003 258 564 638 640 99 420 541 420 285 586 404
1004 55 194 698 552 82 255 312 300 124 323 2
0 177 381 179 82
1 187 160 242 121
2 4 430 365 129
3 971 307 696 17
4 96 591 107 285
5 191 350 13 949
6 169 437 169 123
7 112 7 246 421
8 498 62 410 183
9 487 9 558 856
10 564 63 599 63
11 233 404 662 371
12 166 641 946 641
13 767 114 184 667
14 12 494 283 182
15 362 6 438 36
16 748 405 424 612
17 85 1 1 548
18 221 480 107 837
19 9 699 913 956
20 260 69 86 44
21 409 306 20 271
22 22 258 347 460
23 165 337 30 26
24 169 303 932 180
25 437 361 29 263
26 438 27 438 340
27 878 27 370 443
28 21 107 809 301
29 301 211 375 679
30 93 820 63 269
31 438 450 105 82
32 34 588 545 588
33 40 547 339 10
34 35 438 545 27
35 169 24 411 2
36 75 753 860 437
37 96 417 442 485
38 339 136 151 62
39 48 976 171 160
40 753 914 115 513
41 464 377 350 352
42 160 44 21 82
43 566 573 11 213
44 430 128 667 42
45 300 355 128 179
46 128 35 116 338
47 370 38 33 370
48 151 470 438 655
49 433 70 288 506
50 433 372 75 135
51 160 486 128 607
52 820 301 281 56
53 13 69 13 552
54 412 87 329 87
55 63 520 5 128
56 96 6 563 563
57 286 859 4 271
58 121 143 166 351
59 685 698 685 809
60 133 29 23 30
61 395 174 211 281
62 478 143 18 74
63 3 256 589 459
64 90 66 375 896
65 498 738 58 63
66 91 107 154 152
67 86 690 215 717
68 424 527 333 601
69 473 269 160 340
70 212 576 129 714
71 432 433 70 107
72 163 166 93 95
73 221 16 340 325
74 297 905 309 549
75 36 24 39 883
76 981 527 424 240
77 121 252 237 158
78 482 160 137 249
79 162 58 254 427
80 20 230 5 438
81 671 471 333 533
82 377 379 377 227
83 113 455 444 485
84 112 469 411 126
85 74 82 17 341
86 36 31 424 281
87 543 292 484 83
88 88 89 183 417
89 405 424 304 369
90 106 480 184 21
91 91 143 42 166
92 287 68 62 133
93 36 318 981 442
94 515 122 376 368
95 309 313 317 366
96 151 409 800 185
97 640 404 473 188
98 404 373 404 546
99 99 82 165 256
100 96 100 107 222
101 124 166 124 142
102 743 516 305 56
103 526 420 254 462
104 321 810 210 129
105 303 859 832 1001
106 188 679 551 299
107 492 162 643 163
108 183 375 258 831
109 51 44 506 529
110 375 405 183 89
111 84 250 181 179
112 368 181 376 392
113 160 190 106 169
114 249 543 121 642
115 753 119 455 5
116 816 169 80 82
117 223 314 312 222
118 132 16 357 328
119 84 323 84 254
120 17 212 508 259
121 80 256 493 440
122 191 907 593 434
123 170 229 494 310
124 64 950 77 79
125 15 164 429 166
126 411 208 236 5
127 105 145 170 979
128 420 285 160 685
129 802 258 1003 258
130 284 149 656 178
131 604 211 81 82
132 211 255 282 140
133 168 13 285 58
134 366 441 19 550
135 361 113 23 115
136 30 32 26 38
137 254 932 393 62
138 285 155 211 705
139 541 140 174 84
140 46 46 129 343
141 12 700 720 525
142 271 859 434 433
143 482 521 389 14
144 84 454 106 311
145 82 115 28 183
146 146 533 17 333
147 695 21 21 560
148 224 17 474 234
149 655 655 980 757
150 150 541 62 410
151 367 105 489 16
152 283 280 142 210
153 654 58 803 546
154 412 820 749 62
155 284 160 104 368
156 181 351 284 351
157 347 157 5 789
158 639 234 654 32
159 236 82 20 480
160 171 5 337 548
161 300 268 221 85
162 404 62 445 424
163 282 226 227 405
164 395 83 481 58
165 165 123 302 160
166 64 183 493 464
167 60 177 86 480
168 203 377 621 301
169 280 543 576 160
170 548 46 107 393
171 41 232 557 917
172 114 211 949 949
173 87 50 49 84
174 815 63 249 489
175 137 107 16 115
176 231 871 231 342
177 0 74 106 614
178 275 526 250 526
179 262 180 191 352
180 105 495 300 282
181 179 62 236 107
182 351 181 162 160
183 338 365 377 166
184 86 586 826 812
185 687 185 687 185
186 363 577 333 419
187 405 183 236 105
188 473 403 425 870
189 87 147 859 434
190 87 269 216 142
191 284 191 350 352
192 323 662 662 371
193 812 282 142 458
194 281 615 820 128
195 533 323 654 820
196 41 30 764 483
197 198 183 121 425
198 200 177 546 184
199 174 158 950 856
200 207 172 212 859
201 166 48 333 517
202 198 434 677 199
203 168 35 39 84
204 204 280 424 493
205 172 207 116 118
206 820 820 654 66
207 95 196 86 445
208 698 57 4 738
209 5 141 8 441
210 137 286 126 137
211 285 401 257 544
212 641 160 748 121
213 155 188 679 971
214 215 812 434 210
215 225 223 142 124
216 971 174 107 74
217 654 84 585 389
218 86 10 11 400
219 314 85 146 13
220 23 337 5 763
221 155 18 317 310
222 607 296 295 389
223 468 180 157 734
224 74 307 18 232
225 314 283 61 381
226 74 219 74 756
227 495 215 150 376
228 495 128 900 338
229 489 64 177 5
230 920 435 147 13
231 203 277 377 391
232 232 936 936 546
233 115 86 526 93
234 239 373 84 585
235 930 236 240 160
236 107 544 62 163
237 162 333 155 655
238 159 927 930 930
239 233 333 212 550
240 57 57 63 552
241 233 546 377 61
242 160 496 529 720
243 930 921 6 362
244 209 155 108 300
245 443 333 288 758
246 765 856 142 85
247 213 264 707 823
248 696 218 5 279
249 388 378 397 377
250 157 376 379 391
251 26 23 116 39
252 254 165 89 423
253 222 400 690 316
254 180 262 656 262
255 610 296 212 494
256 495 468 107 690
257 284 971 324 666
258 16 210 158 319
259 96 304 302 160
260 89 405 2 58
261 171 113 370 414
262 344 149 160 431
263 419 493 434 199
264 510 12 739 569
265 440 13 685 160
266 61 758 283 128
267 359 570 359 466
268 340 115 361 62
269 644 296 254 651
270 493 835 84 510
271 949 211 88 750
272 290 283 225 74
273 4 305 194 195
274 269 533 562 401
275 6 994 6 528
276 276 301 244 234
277 971 514 329 255
278 106 419 542 458
279 118 116 165 220
280 486 458 623 813
281 305 138 3 59
282 84 210 121 256
283 271 738 195 533
284 160 56 211 481
285 209 88 0 226
286 303 121 281 59
287 92 520 160 44
288 162 295 104 377
289 482 228 314 184
290 160 480 549 162
291 181 14 232 499
292 64 96 88 533
293 498 160 454 107
294 206 128 52 53
295 18 280 203 183
296 284 206 575 231
297 74 316 147 146
298 160 550 165 64
299 968 184 513 154
300 161 405 531 133
301 473 163 641 424
302 438 116 79 497
303 82 367 107 690
304 411 408 832 160
305 517 5 170 280
306 256 338 170 86
307 74 309 226 314
308 2 586 408 5
309 312 17 233 404
310 309 221 82 104
311 260 74 260 173
312 228 280 289 277
313 221 1 142 19
314 166 300 169 107
315 218 560 276 549
316 297 311 225 17
317 226 494 450 409
318 82 154 422 248
319 236 142 283 114
320 394 250 103 283
321 579 579 446 216
322 334 140 45 300
323 411 285 401 426
324 44 8 570 566
325 478 282 577 375
326 409 420 651 420
327 486 278 486 478
328 459 331 222 255
329 286 329 671 188
330 330 556 14 221
331 177 321 349 347
332 498 265 11 7
333 370 96 367 115
334 164 735 448 160
335 448 484 572 86
336 133 545 30 116
337 245 686 245 361
338 116 207 94 86
339 13 343 157 104
340 16 820 166 174
341 560 75 372 115
342 103 342 13 273
343 183 28 212 726
344 176 177 515 409
345 156 381 178 0
346 133 142 494 190
347 149 490 82 450
348 191 682 681 82
349 348 191 142 254
350 350 851 214 180
351 495 473 211 329
352 60 384 390 390
353 592 273 448 216
354 124 354 323 125
355 166 173 41 206
356 112 84 84 373
357 112 896 355 329
358 65 264 61 172
359 360 141 502 43
360 498 466 64 733
361 93 301 368 83
362 820 820 63 41
363 508 363 115 105
364 169 300 44 42
365 179 278 681 352
366 271 63 3 192
367 107 57 137 81
368 112 7 141 529
369 96 235 610 56
370 361 107 90 183
371 125 185 124 139
372 115 453 189 184
373 92 498 73 311
374 504 500 501 430
375 160 389 385 379
376 203 277 231 232
377 312 366 506 166
378 61 321 156 321
379 394 104 387 384
380 177 309 310 78
381 182 748 564 263
382 157 284 5 105
383 157 155 593 14
384 379 182 384 390
385 394 250 295 393
386 295 314 314 872
387 182 390 384 181
388 280 165 364 211
389 182 53 231 692
390 459 222 107 453
391 376 397 60 384
392 390 393 422 115
393 533 393 719 64
394 181 384 377 280
395 494 466 407 266
396 380 321 181 176
397 181 379 191 851
398 157 178 539 494
399 51 346 13 767
400 21 325 21 371
401 44 754 141 204
402 349 156 907 851
403 542 183 6 665
404 86 83 140 64
405 226 256 820 434
406 501 406 608 804
407 498 446 269 333
408 194 1001 3 599
409 65 357 329 351
410 62 430 160 393
411 683 281 932 173
412 286 209 639 65
413 172 27 38 116
414 443 29 459 29
415 697 415 86 100
416 971 859 142 576
417 417 165 86 518
418 81 160 251 338
419 74 42 169 896
420 155 44 183 450
421 448 484 448 46
422 145 326 87 161
423 482 339 251 339
424 326 245 546 533
425 121 163 131 373
426 133 42 212 932
427 165 900 437 860
428 140 272 322 13
429 933 956 506 932
430 430 4 586 412
431 288 71 49 87
432 288 199 83 812
433 431 431 84 835
434 572 350 851 483
435 435 65 600 129
436 437 251 336 116
437 165 229 64 412
438 87 427 470 119
439 338 229 721 229
440 440 168 900 168
441 249 107 147 155
442 478 325 69 362
443 96 847 47 443
444 318 444 301 655
445 310 932 856 83
446 592 353 69 189
447 592 933 15 335
448 735 592 448 216
449 414 443 414 449
450 83 280 424 31
451 558 213 421 430
452 608 7 266 608
453 255 105 87 69
454 160 80 62 365
455 470 151 48 115
456 456 456 456 456
457 562 183 187 145
458 377 659 377 376
459 80 747 424 78
460 533 46 96 599
461 819 273 252 159
462 411 132 166 107
463 463 462 411 809
464 129 399 457 523
465 519 106 546 850
466 231 206 277 280
467 86 290 572 5
468 107 18 696 17
469 469 469 112 357
470 753 548 169 121
471 472 471 255 419
472 255 114 417 263
473 459 248 259 69
474 375 405 210 241
475 300 145 856 661
476 13 302 123 420
477 108 328 478 543
478 83 654 217 654
479 381 379 380 385
480 106 1 316 629
481 5 492 115 48
482 79 162 468 172
483 280 41 107 410
484 494 377 228 74
485 485 444 423 892
486 410 160 440 200
487 421 856 301 428
488 362 121 165 338
489 405 126 137 169
490 149 180 180 343
491 170 438 32 27
492 105 347 377 392
493 221 121 375 89
494 420 285 55 166
495 87 210 810 520
496 161 661 570 452
497 491 163 282 248
498 267 264 266 440
499 501 374 502 9
500 569 452 9 558
501 569 44 133 114
502 374 293 530 365
503 213 44 28 892
504 86 12 996 12
505 407 332 971 196
506 827 506 86 531
507 513 303 356 183
508 509 282 154 58
509 434 441 546 147
510 466 971 403 426
511 420 82 123 115
512 162 532 162 820
513 116 438 436 437
514 971 2 132 242
515 172 114 154 513
516 195 58 244 210
517 6 137 155 546
518 81 564 356 80
519 607 537 103 392
520 138 685 63 131
521 217 886 58 424
522 493 166 427 119
523 618 100 125 100
524 72 92 373 239
525 466 504 525 533
526 399 51 44 324
527 114 81 877 28
528 5 255 121 453
529 362 86 818 533
530 11 324 266 232
531 77 166 340 303
532 532 404 160 216
533 877 28 62 285
534 544 542 544 568
535 13 98 155 221
536 189 911 189 155
537 268 218 495 367
538 498 267 264 856
539 78 93 438 121
540 549 549 465 14
541 209 271 281 408
542 526 167 749 820
543 672 506 765 365
544 183 20 145 612
545 34 116 113 84
546 86 44 374 504
547 527 981 263 438
548 377 468 162 253
549 747 473 460 419
550 212 420 165 167
551 671 495 87 393
552 55 59 738 586
553 482 41 95 820
554 29 473 326 420
555 161 371 490 434
556 531 497 419 468
557 917 974 593 167
558 213 487 466 466
559 258 27 27 301
560 328 91 306 10
561 462 561 462 424
562 498 65 714 65
563 584 86 480 21
564 281 303 665 87
565 430 8 160 857
566 7 569 43 44
567 567 290 567 82
568 256 160 187 667
569 362 16 495 315
570 8 823 661 510
571 3 281 160 337
572 936 232 576 176
573 12 420 282 311
574 425 86 23 417
575 167 483 172 526
576 482 450 123 61
577 375 6 5 489
578 577 518 552 57
579 334 274 15 162
580 580 580 580 580
581 409 428 409 244
582 671 249 434 245
583 521 340 811 340
584 272 334 322 45
585 585 706 373 131
586 58 107 107 4
587 832 63 473 249
588 25 26 29 28
589 607 253 249 459
590 533 29 39 35
591 96 101 0 5
592 448 424 543 424
593 201 206 918 377
594 84 754 266 7
595 52 314 307 314
596 597 107 142 280
597 932 450 257 284
598 482 89 271 210
599 481 5 133 143
600 458 13 272 84
601 180 256 28 25
602 498 405 19 422
603 414 414 603 414
604 458 813 403 168
605 797 605 851 605
606 495 227 74 314
607 256 271 552 949
608 232 575 377 189
609 24 953 822 593
610 235 252 117 491
611 389 395 86 484
612 424 240 211 2
613 243 235 420 29
614 756 223 365 7
615 281 121 151 263
616 435 647 21 715
617 618 98 86 173
618 125 283 187 74
619 57 6 168 276
620 86 666 141 51
621 11 44 856 555
622 238 92 152 147
623 791 493 133 417
624 461 13 147 269
625 285 82 462 411
626 87 212 333 36
627 707 332 836 836
628 394 393 107 253
629 177 166 61 19
630 303 571 552 281
631 159 235 84 70
632 397 368 377 163
633 633 633 633 633
634 634 635 4 102
635 2 990 193 3
636 211 56 520 13
637 209 131 212 82
638 46 107 78 310
639 638 44 300 303
640 114 245 160 162
641 212 494 504 160
642 21 287 92 11
643 290 168 543 16
644 950 754 804 264
645 191 64 685 285
646 131 63 809 2
647 154 333 230 282
648 648 648 648 648
649 499 506 160 736
650 215 541 139 282
651 597 460 419 329
652 163 333 419 79
653 653 653 653 653
654 562 177 656 352
655 470 753 151 655
656 352 789 275 562
657 269 139 424 357
658 658 658 658 658
659 377 352 206 440
660 660 660 660 660
661 362 560 75 753
662 494 529 374 506
663 187 494 152 333
664 65 515 413 426
665 87 474 166 429
666 267 707 265 266
667 187 405 17 226
668 157 681 682 511
669 930 927 242 241
670 670 670 670 670
671 357 329 478 478
672 365 421 115 513
673 495 215 363 212
674 12 564 564 876
675 675 675 675 675
676 322 269 254 474
677 434 212 48 212
678 627 667 160 303
679 460 607 128 434
680 380 379 64 181
681 682 681 345 343
682 191 434 647 256
683 285 105 544 434
684 684 684 684 684
685 54 57 64 116
686 22 35 301 225
687 86 41 387 393
688 543 399 457 971
689 543 87 82 318
690 366 165 443 318
691 691 691 691 691
692 130 167 575 851
693 82 233 366 114
694 664 166 23 421
695 597 460 333 107
696 18 221 74 21
697 697 5 63 58
698 138 412 89 303
699 441 233 145 999
700 720 7 566 971
701 462 121 458 83
702 107 87 365 377
703 703 703 703 703
704 107 748 16 183
705 256 263 897 263
706 14 523 292 168
707 823 19 62 423
708 353 770 353 160
709 404 434 158 639
710 69 216 592 322
711 711 711 711 711
712 4 712 995 712
713 509 969 509 400
714 813 399 493 909
715 84 83 63 533
716 5 24 988 411
717 160 152 21 303
718 63 13 303 280
719 393 380 397 379
720 324 720 86 100
721 229 560 363 186
722 278 345 61 758
723 777 200 167 200
724 338 66 48 263
725 96 340 107 493
726 342 41 42 255
727 84 585 84 254
728 92 96 367 434
729 84 615 460 663
730 460 328 143 41
731 731 731 731 731
732 732 732 732 732
733 420 13 420 79
734 211 89 333 119
735 140 269 82 303
736 107 459 615 493
737 737 271 5 828
738 286 481 132 242
739 155 19 362 249
740 971 133 971 608
741 103 395 164 429
742 166 601 107 704
743 516 195 194 137
744 744 744 744 744
745 221 222 537 85
746 746 746 746 746
747 282 880 59 610
748 424 395 107 256
749 62 292 950 260
750 88 129 291 93
751 167 342 621 301
752 82 74 120 133
753 75 367 212 86
754 466 9 213 498
755 211 240 373 86
756 311 312 232 483
757 757 577 757 757
758 288 550 480 92
759 121 651 434 161
760 335 447 335 446
761 393 424 445 256
762 516 516 333 153
763 5 318 113 26
764 168 168 399 813
765 358 73 73 331
766 766 134 133 10
767 13 624 301 4
768 125 353 166 314
769 559 160 450 494
770 353 124 323 84
771 145 233 828 160
772 772 772 772 772
773 773 773 773 773
774 285 586 211 807
775 560 229 229 170
776 160 17 249 301
777 538 92 127 166
778 160 342 160 672
779 549 64 98 640
780 84 326 183 464
781 537 526 782 526
782 377 546 83 536
783 424 950 333 320
784 411 285 412 665
785 23 165 82 234
786 465 316 146 189
787 21 364 152 115
788 788 788 717 788
789 352 789 278 681
790 544 534 256 173
791 401 276 568 276
792 121 46 355 638
793 206 86 95 199
794 322 164 272 252
795 417 171 26 29
796 121 433 71 393
797 14 493 515 434
798 798 798 798 798
799 160 171 13 748
800 533 401 256 318
801 41 546 290 6
802 258 417 30 136
803 194 1001 990 211
804 498 213 498 411
805 487 332 836 332
806 304 303 845 699
807 54 411 115 318
808 808 808 808 808
809 738 738 552 208
810 560 66 211 63
811 28 80 460 57
812 812 2 812 932
813 403 426 403 542
814 58 4 89 619
815 80 473 211 153
816 151 263 486 303
817 544 813 413 275
818 86 95 60 392
819 273 45 933 15
820 950 77 87 83
821 160 401 434 208
822 908 776 391 390
823 9 529 332 499
824 191 346 291 420
825 306 5 11 5
826 192 832 3 587
827 506 466 267 700
828 405 129 557 518
829 523 829 203 121
830 452 971 190 299
831 258 417 176 65
832 57 243 859 194
833 7 500 332 699
834 107 704 107 214
835 493 129 139 592
836 706 585 172 526
837 837 837 837 837
838 124 371 212 474
839 377 60 387 115
840 65 377 526 129
841 312 377 748 182
842 96 333 77 62
843 290 256 462 430
844 133 426 257 401
845 412 803 412 89
846 846 605 797 231
847 114 820 154 86
848 445 45 828 121
849 849 57 59 57
850 199 128 200 199
851 681 278 180 419
852 415 852 206 291
853 82 357 143 375
854 183 493 568 544
855 549 218 560 358
856 950 260 10 13
857 191 349 402 349
858 306 13 236 242
859 62 282 184 298
860 115 152 269 422
861 350 533 360 7
862 777 535 482 593
863 57 88 121 513
864 411 717 788 788
865 865 194 411 646
866 96 24 114 121
867 96 31 36 107
868 320 181 155 44
869 376 368 375 424
870 425 791 65 380
871 231 730 468 167
872 581 531 79 86
873 425 714 426 621
874 401 712 4 698
875 170 31 34 26
876 564 2 651 427
877 137 329 96 23
878 33 165 254 137
879 242 241 209 237
880 408 412 865 865
881 96 24 36 183
882 166 3 587 412
883 27 26 113 84
884 412 991 412 587
885 106 486 389 6
886 665 886 217 886
887 887 887 887 887
888 412 243 249 236
889 300 102 412 884
890 890 121 78 62
891 892 45 107 428
892 173 147 62 30
893 971 324 466 12
894 327 416 327 96
895 114 363 121 256
896 114 171 133 18
897 263 256 62 811
898 898 230 21 896
899 2 89 91 212
900 251 23 29 409
901 137 58 698 55
902 5 411 261 980
903 907 191 262 347
904 321 320 182 381
905 311 17 311 218
906 533 359 265 529
907 156 122 411 460
908 593 350 593 340
909 183 28 106 489
910 65 493 546 533
911 81 474 105 60
912 504 246 499 566
913 529 160 494 94
914 914 169 172 65
915 38 113 29 13
916 414 443 114 892
917 40 919 263 232
918 820 63 62 117
919 89 408 434 478
920 230 282 74 468
921 930 921 58 601
922 498 459 390 393
923 733 440 970 128
924 211 64 115 17
925 89 183 62 84
926 158 405 28 170
927 927 241 242 106
928 211 842 211 730
929 489 305 305 211
930 926 158 89 89
931 599 132 434 401
932 153 493 42 106
933 446 140 160 552
934 549 508 418 183
935 768 124 638 639
936 232 358 331 29
937 640 45 273 461
938 611 64 105 326
939 232 562 183 450
940 93 14 14 133
941 189 62 203 83
942 435 160 224 221
943 295 320 94 200
944 748 424 304 304
945 327 6 515 434
946 641 333 42 83
947 947 60 232 167
948 381 178 231 466
949 285 532 211 420
950 180 212 642 249
951 666 452 661 267
952 540 952 28 33
953 590 13 900 338
954 546 80 671 495
955 205 51 486 201
956 362 303 142 23
957 700 452 452 700
958 509 678 509 81
959 377 390 390 389
960 377 155 337 31
961 377 215 60 232
962 325 69 434 61
963 158 319 237 210
964 23 151 62 666
965 936 484 484 143
966 189 377 386 379
967 913 499 7 672
968 968 184 114 424
969 184 81 254 340
970 917 974 128 46
971 9 466 506 211
972 913 525 498 506
973 971 113 473 29
974 917 974 917 908
975 971 423 47 47
976 245 47 482 41
977 242 105 152 283
978 115 644 64 527
979 1 268 295 142
980 64 65 176 93
981 443 590 33 30
982 137 272 13 445
983 114 154 114 444
984 333 627 971 216
985 376 104 160 25
986 411 455 464 611
987 339 443 96 285
988 24 64 430 462
989 91 758 91 329
990 193 859 59 63
991 520 4 256 489
992 992 129 168 291
993 408 208 599 481
994 6 181 378 181
995 712 4 552 82
996 12 14 562 493
997 27 62 233 828
998 65 86 84 233
999 145 366 160 446
1000 166 178 231 65
1001 4 6 141 496
1002 560 21 137 22
1003 258 211 411 469
1004 55 59 160 327
