0 223 316 379 382 393 250 296 607 87 533 562
1 459 248 74 82 282 140 273 2 412 888 412
2 520 5 430 12 264 267 19 83 140 140 45
3 59 59 826 826 1001 990 685 81 160 184 42
4 305 131 58 845 520 520 54 4 2 138 921
5 333 367 82 228 342 493 585 706 585 813 440
6 3 160 166 191 178 350 533 201 169 588 307
7 823 666 19 83 82 509 282 404 474 932 17
8 566 43 43 43 324 754 7 510 19 434 300
9 406 407 213 533 115 30 44 246 7 537 307
10 971 188 129 482 172 483 556 531 811 62 427
11 106 300 100 124 125 708 125 404 357 65 280
12 573 452 11 420 141 19 700 707 566 451 566
13 809 88 810 393 162 321 301 931 243 234 637
14 289 180 533 818 440 53 103 18 0 64 64
15 160 242 879 242 13 128 346 129 106 42 434
16 164 174 137 80 28 29 37 667 13 286 408
17 86 196 94 294 543 493 611 389 391 295 398
18 182 384 321 385 393 107 201 197 601 859 166
19 107 206 65 714 172 342 17 42 105 83 81
20 932 963 121 252 48 114 363 303 236 132 192
21 533 663 137 546 936 206 167 908 592 448 160
22 92 513 115 152 107 769 559 518 661 267 264
23 128 46 174 880 63 820 215 221 106 184 299
24 35 588 23 142 160 406 505 358 707 264 510
25 37 84 58 5 375 90 258 402 133 307 971
26 370 423 176 113 301 29 93 576 93 545 590
27 878 35 588 26 953 26 47 48 245 424 20
28 27 722 278 278 908 204 936 231 65 334 140
29 40 151 753 75 367 142 163 434 813 585 295
30 26 30 135 860 123 420 661 264 65 440 61
31 151 37 545 40 151 113 41 165 363 351 182
32 251 27 336 280 201 160 452 501 452 12 8
33 35 129 113 301 199 51 85 142 41 83 478
34 26 28 212 459 616 602 616 602 362 160 153
35 282 142 68 21 1 280 526 813 403 813 399
36 75 36 37 39 37 667 160 493 168 114 137
37 40 533 65 600 129 166 187 283 314 872 218
38 34 36 165 151 361 116 443 409 515 129 211
39 93 204 200 167 165 482 423 455 470 971 284
40 119 84 555 754 293 374 503 498 503 374 406
41 776 196 206 95 776 917 205 160 251 860 455
42 249 489 121 427 546 269 322 428 428 273 209
43 43 566 11 91 478 652 513 184 480 375 243
44 406 533 21 96 13 36 367 48 492 105 404
45 210 303 371 101 97 100 300 495 114 48 151
46 254 393 546 105 282 106 163 411 665 175 174
47 482 93 14 130 388 283 128 256 258 22 137
48 96 842 96 209 209 126 411 430 856 720 213
49 49 87 820 412 137 56 55 411 4 424 240
50 82 10 96 83 484 292 232 5 53 822 183
51 908 196 231 181 377 262 148 402 133 545 34
52 537 486 367 892 340 777 733 733 64 215 215
53 65 320 351 420 285 854 252 932 68 16 771
54 304 88 304 424 183 375 154 269 429 334 164
55 950 166 58 518 223 73 311 420 143 197 955
56 174 126 54 809 195 193 412 826 859 166 285
57 126 2 162 541 249 327 11 10 409 338 82
58 546 352 851 180 149 381 377 106 212 183 209
59 5 170 900 860 375 889 828 160 352 206 352
60 181 385 378 491 377 388 61 345 345 178 345
61 390 13 146 18 17 180 493 41 254 932 544
62 212 474 612 42 427 40 31 198 776 936 14
63 175 665 859 5 184 969 509 546 144 145 393
64 411 604 131 455 135 370 27 93 424 424 280
65 515 813 600 458 714 93 30 36 170 533 262
66 389 211 155 236 930 921 930 927 237 237 927
67 66 611 86 417 96 76 76 47 41 121 434
68 306 733 306 93 409 667 480 66 474 68 424
69 550 480 601 105 288 654 820 198 329 128 340
70 62 362 560 229 31 337 115 883 883 337 123
71 288 217 886 58 13 242 132 738 498 956 7
72 106 358 406 525 967 913 922 913 699 953 997
73 73 268 419 489 211 64 234 654 121 492 612
74 73 498 247 707 627 513 173 105 242 243 211
75 36 34 40 533 435 920 435 942 435 316 73
76 139 428 139 216 592 140 45 461 273 216 509
77 78 82 115 280 409 945 945 327 6 169 337
78 420 474 160 263 925 48 38 29 165 212 115
79 557 205 206 284 203 82 548 129 695 317 17
80 367 434 16 190 473 327 13 40 438 308 405
81 490 490 165 169 128 118 13 65 197 86 540
82 74 107 91 91 212 153 17 74 480 39 437
83 465 786 64 102 323 371 87 626 87 152 84
84 58 886 812 272 322 533 84 180 493 405 19
85 142 166 467 460 74 311 366 512 162 747 62
86 264 9 754 510 754 510 7 956 362 498 922
87 303 58 158 158 638 340 654 323 84 454 107
88 89 259 92 259 74 310 74 42 190 121 548
89 285 685 138 211 13 336 560 21 715 20 96
90 459 358 530 293 530 365 434 220 215 306 426
91 258 132 158 239 13 26 28 820 47 981 48
92 160 611 464 291 14 797 605 414 370 455 438
93 337 23 427 119 76 443 339 30 721 721 30
94 13 306 434 97 434 404 162 180 621 426 401
95 351 342 348 349 262 347 262 160 249 80 20
96 209 371 548 106 355 166 23 115 932 77 557
97 335 933 446 269 145 366 440 840 562 498 178
98 125 86 184 409 272 45 429 274 46 142 236
99 424 245 486 365 802 365 212 163 131 305 271
100 100 185 404 424 758 143 86 85 309 341 222
101 120 0 498 241 244 64 417 79 420 99 424
102 3 211 308 121 296 810 520 3 160 162 412
103 390 396 308 532 17 218 0 297 905 905 309
104 392 377 120 218 282 747 301 686 22 258 375
105 203 206 917 207 917 776 201 128 295 16 783
106 20 253 607 249 602 182 250 250 376 6 206
107 834 107 954 518 173 96 367 254 371 81 215
108 110 108 329 82 325 260 728 327 259 327 733
109 424 274 216 254 186 492 256 357 64 665 812
110 258 476 13 121 255 114 48 547 318 318 115
111 84 210 963 612 153 50 217 643 48 229 29
112 258 111 108 652 163 546 211 355 121 142 62
113 847 171 847 423 62 68 69 259 86 546 518
114 252 89 215 249 530 293 856 407 43 505 43
115 23 40 34 30 82 107 36 10 728 733 440
116 121 210 271 252 601 404 357 62 186 162 195
117 100 86 205 14 562 6 949 55 950 17 160
118 183 300 226 419 296 526 420 15 211 271 400
119 455 547 443 925 89 96 408 96 842 211 137
120 79 79 539 79 86 23 249 355 932 236 82
121 263 113 151 470 96 121 594 84 811 79 419
122 150 160 45 272 272 710 184 62 84 492 518
123 860 339 96 151 29 25 23 62 458 86 526
124 82 395 396 320 434 166 212 212 211 389 394
125 768 434 300 489 419 367 256 223 314 365 338
126 211 152 114 363 16 132 87 404 357 301 115
127 107 480 223 218 317 485 333 427 119 816 119
128 388 179 296 393 296 376 61 389 341 295 389
129 353 353 97 99 290 129 282 518 490 295 142
130 290 108 67 146 17 333 162 333 89 114 983
131 63 249 661 12 739 12 420 311 188 145 591
132 121 191 149 179 284 180 180 284 284 107 405
133 41 123 31 361 151 23 953 28 115 83 932
134 523 292 231 157 344 231 203 198 329 10 82
135 455 981 263 283 368 104 394 387 229 114 172
136 361 971 823 666 11 502 505 249 518 173 531
137 21 308 379 396 60 495 371 282 812 428 274
138 880 137 164 412 57 193 193 58 4 4 408
139 445 917 918 207 199 65 357 13 535 728 411
140 139 447 139 819 140 428 107 57 460 211 57
141 674 506 9 19 61 264 264 19 331 225 226
142 191 351 329 13 318 282 589 638 158 300 283
143 478 474 477 90 64 164 160 292 389 611 389
144 615 800 185 709 404 115 361 27 337 116 116
145 269 272 46 132 366 441 434 200 95 450 494
146 316 255 212 283 132 160 221 485 86 107 45
147 377 776 820 336 438 438 129 116 114 371 269
148 468 121 419 554 134 482 134 553 521 217 282
149 149 149 381 157 382 393 83 96 591 96 481
150 321 385 379 104 379 628 181 95 205 917 206
151 62 314 226 228 253 80 114 417 32 24 35
152 271 737 737 737 737 271 305 2 520 59 610
153 180 231 289 425 65 776 95 86 480 92 520
154 17 107 329 459 1 537 61 602 11 5 242
155 154 153 424 497 811 62 20 728 20 223 282
156 321 390 391 61 60 250 321 579 13 497 340
157 668 157 181 320 380 381 179 342 820 955 205
158 2 131 211 411 987 169 255 545 133 333 533
159 89 924 96 236 963 210 3 886 3 473 163
160 589 155 877 155 739 495 526 257 231 292 206
161 555 466 466 9 720 804 232 53 128 450 291
162 237 174 395 181 176 486 6 184 667 118 667
163 615 129 308 581 101 323 404 643 87 173 124
164 160 611 86 2 126 2 96 101 100 142 747
165 437 290 256 271 717 131 683 281 949 698 809
166 156 179 128 474 89 304 82 290 272 6 685
167 165 437 900 978 115 229 119 333 444 76 113
168 280 61 64 549 288 71 393 378 387 115 170
169 116 128 355 160 685 13 343 350 352 351 160
170 470 170 136 437 338 160 105 115 443 13 322
171 40 361 115 63 896 107 495 227 519 435 616
172 180 123 103 0 222 331 44 86 28 333 120
173 83 292 278 179 214 179 907 180 468 342 94
174 233 637 233 174 812 137 210 86 521 823 358
175 665 272 290 14 206 65 176 593 176 611 168
176 129 438 440 13 489 300 269 365 438 169 93
177 13 168 64 128 152 365 82 106 90 375 5
178 191 350 343 350 572 86 368 150 541 541 150
179 869 181 181 393 379 150 378 128 196 204 205
180 621 231 157 181 231 178 498 738 481 685 6
181 950 173 533 29 21 375 477 90 474 186 62
182 379 383 295 311 756 268 73 84 485 166 93
183 493 523 464 93 86 283 254 1 218 225 189
184 160 356 356 91 478 107 494 170 183 271 518
185 533 333 17 42 490 410 107 541 209 64 168
186 363 165 33 169 42 143 62 237 253 83 546
187 222 64 169 364 363 17 73 950 113 183 12
188 69 420 531 290 291 129 86 295 392 390 104
189 966 21 274 45 445 51 143 258 22 11 247
190 162 103 201 167 572 282 283 181 219 222 911
191 149 655 301 121 550 165 364 212 856 212 340
192 102 6 408 126 2 96 4 803 1001 4 211
193 685 4 685 738 271 323 353 166 474 477 375
194 408 137 6 349 122 191 122 656 149 206 291
195 195 174 210 114 444 438 337 82 474 83 420
196 776 206 284 191 122 95 917 557 83 601 238
197 498 707 602 11 406 500 502 374 293 506 441
198 167 340 303 269 139 209 587 3 138 408 89
199 850 546 509 287 184 373 552 58 462 58 211
200 344 177 409 457 399 129 820 115 753 170 249
201 820 301 113 426 440 562 202 562 654 26 953
202 206 290 99 404 366 233 244 233 212 489 434
203 376 654 105 44 362 356 356 91 329 184 287
204 94 128 200 94 205 172 183 458 83 83 453
205 206 62 154 5 279 279 118 121 285 209 494
206 852 18 223 222 424 30 545 438 482 679 549
207 214 280 21 212 87 28 338 115 340 483 172
208 195 3 183 256 340 310 494 310 1 155 249
209 174 420 355 46 255 1 142 249 12 452 7
210 424 230 62 163 434 58 83 63 239 238 622
211 646 131 132 5 128 329 107 492 115 460 518
212 393 180 851 483 280 18 82 373 306 215 82
213 558 487 332 720 720 529 502 499 525 9 466
214 495 405 296 254 420 434 187 249 121 453 283
215 255 83 340 420 408 473 411 192 58 208 126
216 272 63 625 285 208 329 137 255 282 129 426
217 142 187 1 147 612 726 212 70 86 340 46
218 513 226 82 441 282 478 176 231 280 655 155
219 181 181 250 157 668 157 381 61 395 16 434
220 377 351 157 392 104 379 396 377 181 395 321
221 560 276 295 106 695 106 372 32 29 36 25
222 810 471 434 89 260 260 400 222 218 85 309
223 220 23 62 131 57 408 517 102 405 355 638
224 224 74 187 69 418 253 459 190 299 549 298
225 81 225 223 165 165 533 333 518 21 82 165
226 313 218 268 390 250 295 389 394 283 212 28
227 82 158 2 809 552 54 2 5 34 29 23
228 314 434 433 121 300 87 300 889 375 51 118
229 387 250 60 379 60 296 254 17 62 371 129
230 160 30 23 427 105 166 666 566 452 501 504
231 232 41 801 820 100 404 412 89 437 361 261
232 241 241 498 569 674 823 452 499 529 525 265
233 86 177 229 721 229 84 268 300 194 826 63
234 237 160 821 163 641 495 671 249 296 107 333
235 209 118 20 424 464 23 142 932 115 48 166
236 86 10 366 160 610 56 281 16 255 546 210
237 241 237 927 210 211 283 28 41 105 393 153
238 235 971 284 180 419 81 155 470 170 339 115
239 243 305 13 93 36 48 442 442 318 361 34
240 158 238 86 690 106 311 420 404 473 362 405
241 234 927 237 158 158 300 64 549 306 533 84
242 242 237 963 643 290 936 14 312 311 218 215
243 859 64 129 342 284 351 364 211 16 46 128
244 159 89 6 751 128 434 148 225 460 549 69
245 263 47 14 312 300 62 129 160 170 490 170
246 856 87 255 137 4 58 88 285 131 698 211
247 12 896 173 99 139 541 420 316 218 268 160
248 218 316 147 249 221 42 612 212 17 532 132
249 543 425 568 568 357 568 544 450 257 291 403
250 0 221 73 498 74 254 820 150 379 181 347
251 96 847 464 116 914 860 860 170 460 81 169
252 211 419 434 548 256 132 285 738 424 147 85
253 80 460 473 471 434 647 121 424 552 552 195
254 441 649 44 9 498 197 498 569 19 331 340
255 42 160 371 212 68 82 127 130 345 483 345
256 333 405 87 161 7 12 121 326 145 21 371
257 167 14 465 465 189 311 301 321 379 164 64
258 107 662 185 52 820 107 212 114 443 13 170
259 327 400 107 170 753 75 560 229 29 533 188
260 248 73 330 860 135 75 75 655 280 1 317
261 455 338 165 531 212 474 183 564 81 301 169
262 814 52 377 468 148 225 18 86 121 366 153
263 547 981 76 245 367 340 342 575 851 483 352
264 86 373 528 528 392 528 271 513 226 42 87
265 570 12 358 332 971 4 138 520 5 105 518
266 9 765 525 19 121 190 564 164 174 420 20
267 498 452 830 452 666 12 957 569 8 573 141
268 496 161 105 412 286 4 121 115 612 217 886
269 140 15 209 126 586 211 809 89 159 303 932
270 84 49 153 83 612 233 173 105 333 173 400
271 3 481 83 478 143 95 183 12 300 748 105
272 252 288 233 105 771 489 528 5 11 128 377
273 216 509 424 950 820 970 51 375 105 654 404
274 46 274 45 446 46 429 461 428 461 322 13
275 6 412 888 412 303 263 564 640 404 160 549
276 276 295 128 576 176 231 730 160 143 143 357
277 214 95 13 94 94 201 205 206 277 130 167
278 13 19 184 184 355 106 226 212 63 121 425
279 82 80 137 6 489 249 405 356 80 183 493
280 93 373 420 351 283 4 252 46 21 489 13
281 56 809 698 285 286 59 6 132 243 132 949
282 153 984 333 486 285 107 601 333 404 166 166
283 60 182 308 121 494 107 80 286 252 286 63
284 6 4 424 82 283 105 81 679 189 540 509
285 481 208 115 30 336 169 62 249 201 249 28
286 5 11 602 707 823 856 264 7 452 666 161
287 509 467 86 238 211 636 636 636 211 208 211
288 83 82 641 163 435 647 93 205 160 342 342
289 231 179 397 378 377 294 290 65 430 674 569
290 6 544 6 430 543 168 129 280 60 172 280
291 232 14 486 106 17 222 81 568 168 585 389
292 129 47 409 515 533 84 217 654 252 404 98
293 661 211 211 16 196 41 133 531 497 13 303
294 290 419 101 155 351 191 86 444 86 31 361
295 384 157 53 199 13 272 272 290 290 165 339
296 351 155 470 261 32 438 33 878 23 590 171
297 311 215 366 86 546 393 308 411 116 280 42
298 301 225 82 365 180 262 511 682 681 123 450
299 418 473 333 460 225 74 330 73 498 86 400
300 739 495 365 440 515 458 160 375 469 5 419
301 621 130 345 343 107 362 488 922 822 494 142
302 123 115 900 464 377 384 379 80 169 105 412
303 371 63 211 375 301 276 295 288 212 91 329
304 252 304 271 211 402 133 166 191 121 333 166
305 138 160 452 161 434 58 5 528 5 807 211
306 86 445 366 248 311 341 295 179 262 62 206
307 872 182 181 394 947 60 947 947 295 179 156
308 183 822 168 543 257 526 526 129 133 18 310
309 311 188 155 326 932 597 107 63 128 249 160
310 82 183 291 291 232 14 283 380 390 387 229
311 424 188 459 328 514 91 474 424 478 90 328
312 317 221 268 221 316 420 362 549 306 366 282
313 215 177 232 413 440 562 183 695 211 424 168
314 340 173 518 106 287 92 887 20 260 93 13
315 17 153 50 50 87 490 209 5 279 82 1
316 222 495 21 5 286 137 552 552 57 58 601
317 18 222 282 474 420 21 259 69 325 96 367
318 494 165 34 38 31 338 183 464 483 47 220
319 234 637 637 209 238 2 546 173 531 367 21
320 333 153 932 20 80 230 82 552 208 58 96
321 177 5 99 82 211 462 308 183 290 329 638
322 335 794 335 334 429 592 929 933 45 424 424
323 323 323 300 314 215 459 187 283 820 41 232
324 441 86 285 62 154 107 221 419 256 86 450
325 21 64 64 281 107 169 105 533 950 58 2
326 533 194 63 408 271 256 3 281 16 367 333
327 306 107 69 434 2 899 2 271 455 438 987
328 474 366 950 181 395 557 256 304 211 283 288
329 357 589 400 86 31 33 878 33 39 13 168
330 73 0 222 424 113 28 32 372 87 211 107
331 73 215 87 427 153 115 340 280 81 333 443
332 500 506 765 421 430 44 129 62 454 357 258
333 288 432 84 558 529 533 4 170 165 420 190
334 579 83 373 280 440 64 238 241 592 461 272
335 139 124 592 124 99 62 210 209 62 109 51
336 339 29 533 82 594 372 107 214 207 200 275
337 464 450 714 121 747 424 124 513 474 422 166
338 37 84 62 15 140 6 252 924 96 113 106
339 47 14 205 201 908 199 296 378 379 295 341
340 13 236 371 641 669 641 160 108 93 197 41
341 311 282 4 162 81 371 640 371 105 601 859
342 173 728 10 64 330 248 612 309 310 932 859
343 42 459 615 309 225 148 179 296 395 321 483
344 148 402 148 191 180 621 277 289 280 291 280
345 346 181 157 368 150 376 654 340 459 223 758
346 105 199 850 199 42 434 229 143 108 971 10
347 179 61 150 179 376 985 376 654 783 420 733
348 342 346 133 292 176 381 295 104 376 632 719
349 156 180 214 345 352 789 168 419 252 303 80
350 320 868 320 321 533 515 177 309 511 64 21
351 419 405 433 49 83 131 646 646 131 163 377
352 352 351 734 128 226 186 121 492 612 71 209
353 796 828 169 35 878 27 121 217 886 665 282
354 101 65 870 65 290 484 822 350 345 61 19
355 249 159 215 812 83 474 514 474 514 474 153
356 82 188 81 518 87 963 235 84 478 375 329
357 65 101 155 95 198 199 526 782 82 249 950
358 452 7 213 7 11 720 11 804 565 823 823
359 608 265 141 86 206 204 205 197 373 253 932
360 11 133 160 44 133 820 94 294 543 105 601
361 34 54 685 208 3 55 252 153 166 21 327
362 486 36 121 68 306 327 249 87 253 316 424
363 365 672 359 360 951 957 19 49 297 215 494
364 152 431 427 48 212 255 215 221 256 31 31
365 569 19 288 175 174 395 181 61 499 359 498
366 58 281 552 63 412 2 990 859 474 62 230
367 142 19 61 381 157 389 64 349 320 104 377
368 82 494 593 128 44 8 466 407 213 957 9
369 89 469 211 705 450 105 360 570 247 267 267
370 443 13 4 114 173 513 365 226 405 10 271
371 155 326 409 244 210 256 105 169 494 62 41
372 86 546 970 128 278 611 419 351 250 320 376
373 515 552 82 601 177 65 290 282 253 87 190
374 5 327 945 409 2 803 803 546 2 164 2
375 154 62 74 317 1 82 189 508 473 3 252
376 985 376 394 60 321 395 16 434 288 756 613
377 94 776 41 51 165 547 455 919 114 925 245
378 181 6 466 602 498 956 183 405 314 434 433
379 368 377 104 368 896 107 62 508 62 372 64
380 166 283 367 417 367 165 75 76 976 547 527
381 181 381 149 179 388 60 150 388 296 351 122
382 393 394 53 822 563 82 30 160 464 847 171
383 157 181 384 181 283 518 434 166 137 87 227
384 182 499 141 729 441 374 505 358 503 502 505
385 376 389 283 5 157 191 851 575 280 440 249
386 295 172 434 215 155 520 2 166 129 464 455
387 250 379 390 104 288 288 212 288 433 71 162
388 387 157 380 53 61 265 264 359 951 957 265
389 341 218 221 283 5 269 335 446 166 222 690
390 384 377 104 182 391 391 380 103 392 60 377
391 391 380 379 63 249 489 107 366 662 166 81
392 321 368 121 719 395 182 376 262 100 708 97
393 395 160 139 448 62 159 460 249 173 256 258
394 53 167 172 86 138 285 129 548 1 52 537
395 61 395 201 218 220 113 527 333 17 223 459
396 308 390 308 169 409 450 526 655 231 60 60
397 394 295 107 355 513 218 120 120 5 76 139
398 157 393 333 471 160 158 58 832 58 3 57
399 129 365 256 249 154 434 495 249 355 424 21
400 971 700 661 502 499 86 238 209 121 424 303
401 874 401 425 562 562 232 939 350 180 262 278
402 377 782 526 526 280 820 280 168 399 813 714
403 542 291 257 544 790 544 168 263 16 280 204
404 422 473 190 106 365 421 481 845 6 430 280
405 194 300 97 124 405 129 440 65 204 203 14
406 43 566 421 61 265 466 86 494 81 303 544
407 265 555 82 62 410 329 210 241 233 235 243
408 489 21 1 222 560 386 295 292 176 656 344
409 420 355 105 16 404 97 98 323 192 102 743
410 258 831 258 417 151 816 411 2 665 411 469
411 209 924 211 114 564 258 469 66 215 411 408
412 812 102 64 149 344 157 395 16 355 546 597
413 178 656 177 380 200 918 377 1 641 420 244
414 414 479 381 686 564 281 333 77 282 690 301
415 86 510 674 569 430 543 817 817 543 493 543
416 173 896 303 252 304 971 114 249 166 351 278
417 113 438 25 545 24 36 21 128 474 91 419
418 509 480 62 29 23 151 34 438 330 73 330
419 44 486 129 36 127 259 173 728 733 777 554
420 222 86 444 455 169 129 403 542 129 87 325
421 487 9 754 950 812 45 533 430 246 246 504
422 58 859 56 160 218 696 248 317 85 507 243
423 438 6 57 126 300 460 421 471 473 63 812
424 139 139 99 121 222 18 107 115 370 443 85
425 621 277 377 851 907 180 86 963 926 237 6
426 172 121 87 859 5 163 643 50 153 166 23
427 434 231 385 380 101 768 98 101 380 379 63
428 592 429 166 756 227 82 730 468 107 769 107
429 274 273 461 139 166 128 557 256 107 932 131
430 86 84 485 317 223 314 507 298 246 246 266
431 427 333 367 44 63 164 63 685 138 56 685
432 433 70 84 598 84 235 244 233 142 828 233
433 364 165 160 79 6 21 624 13 145 58 283
434 89 59 3 55 194 405 456 456 405 187 1
435 793 435 647 685 845 865 56 55 271 481 2
436 437 27 34 5 194 1001 832 859 859 971 406
437 251 971 184 627 971 699 358 106 221 155 188
438 6 191 156 344 349 13 207 95 201 204 533
439 96 48 444 971 452 466 487 805 44 406 971
440 177 60 150 381 390 320 947 320 368 283 182
441 44 932 576 329 128 419 256 405 333 233 288
442 485 74 225 756 73 317 221 537 53 182 388
443 485 333 652 478 329 410 356 564 209 924 612
444 171 172 419 526 14 486 430 462 419 591 107
445 581 473 280 42 42 667 549 44 43 505 249
446 446 579 321 390 526 403 493 42 129 95 309
447 140 617 140 5 76 113 40 40 753 470 914
448 160 47 339 165 167 377 397 53 537 459 215
449 414 370 171 261 115 460 233 236 240 11 240
450 172 28 183 69 509 212 641 166 21 253 405
451 569 141 452 569 754 293 504 246 504 301 222
452 141 602 525 7 7 922 488 487 452 8 62
453 472 255 283 518 106 373 82 133 426 263 290
454 106 641 748 495 329 560 400 74 468 167 749
455 131 126 56 252 283 263 361 333 155 465 14
456 405 63 243 249 253 316 758 366 372 70 83
457 285 806 304 88 233 241 237 210 329 129 107
458 86 756 166 290 87 371 405 102 3 59 160
459 490 490 295 521 366 65 835 84 295 290 106
460 244 810 393 86 601 197 160 413 232 840 5
461 272 322 269 735 461 335 579 13 576 93 576
462 545 438 35 22 173 105 283 144 166 393 60
463 463 462 249 221 225 331 295 472 610 610 255
464 455 919 40 160 440 434 460 80 474 329 486
465 809 845 412 195 195 826 195 57 949 411 866
466 64 918 917 41 166 882 166 125 404 105 10
467 509 282 31 438 333 546 17 386 377 741 250
468 180 493 615 669 5 57 601 121 27 62 98
469 474 473 298 299 6 440 53 61 396 379 382
470 914 113 914 28 212 333 249 950 963 238 244
471 295 943 295 179 394 486 285 303 129 464 165
472 453 105 83 430 83 612 211 845 252 285 285
473 355 183 542 172 27 721 30 30 438 35 30
474 212 81 146 0 5 207 116 123 681 350 681
475 375 91 357 212 282 612 859 254 366 68 473
476 258 434 460 129 30 820 165 483 13 39 37
477 66 513 271 55 211 599 3 832 412 164 13
478 474 493 221 745 221 405 173 173 173 533 164
479 414 605 851 157 296 42 21 22 35 434 89
480 221 21 145 105 129 346 346 180 129 162 512
481 285 301 290 424 93 116 118 21 210 121 154
482 777 723 825 923 923 723 825 306 733 440 534
483 377 189 21 87 453 86 706 124 214 278 789
484 232 280 87 222 166 882 160 418 480 62 12
485 48 370 339 135 96 259 695 222 543 257 130
486 106 363 155 470 655 301 137 155 108 494 108
487 498 421 9 707 856 87 810 222 249 950 55
488 529 374 506 44 10 405 280 83 44 42 166
489 132 366 249 209 11 270 515 280 169 548 1
490 170 81 952 509 108 160 230 230 74 121 405
491 624 231 655 183 170 116 317 309 495 208 58
492 165 256 363 152 71 83 42 187 184 968 968
493 115 372 134 6 411 338 114 113 26 135 116
494 151 263 976 361 251 32 30 261 160 191 277
495 42 74 220 220 165 363 236 252 89 158 4
496 602 529 499 913 950 58 162 541 249 405 300
497 340 78 405 212 303 142 756 268 222 911 81
498 238 92 457 285 411 24 23 121 726 62 93
499 359 466 466 525 11 956 362 569 739 495 424
500 502 407 7 666 661 440 24 964 29 151 361
501 452 499 608 358 560 29 409 25 339 75 165
502 359 558 451 265 823 9 502 504 11 300 748
503 265 266 141 496 488 922 499 529 533 679 187
504 500 265 265 9 358 569 452 649 121 173 68
505 499 241 927 210 169 360 360 951 44 526 181
506 83 533 303 859 147 249 2 4 665 64 24
507 85 53 129 365 365 530 293 530 358 161 12
508 663 68 329 357 282 82 256 62 410 356 419
509 306 20 74 87 222 17 85 146 533 242 132
510 504 533 165 113 115 254 216 971 505 358 569
511 420 30 36 29 35 590 37 36 27 33 282
512 162 163 518 188 282 254 142 300 108 375 96
513 513 507 85 309 310 365 256 471 84 244 238
514 971 4 6 458 533 362 62 263 442 263 442
515 290 291 129 63 305 880 949 880 80 80 671
516 762 516 333 442 35 26 971 417 27 93 714
517 408 305 880 6 4 56 859 809 138 211 96
518 154 363 21 82 137 365 114 249 820 87 304
519 61 378 378 283 114 486 245 370 27 48 333
520 160 240 237 209 131 411 333 145 144 84 87
521 823 566 451 161 441 546 651 301 113 494 212
522 523 387 157 382 157 389 379 368 841 231 871
523 14 450 611 168 284 278 168 83 506 87 183
524 72 163 473 80 480 21 537 74 223 160 428
525 8 950 58 665 282 210 128 13 346 128 63
526 912 765 504 502 406 264 65 160 263 976 171
527 64 466 11 265 957 265 804 608 265 466 602
528 392 528 305 949 411 516 2 62 188 42 128
529 494 2 271 528 191 142 183 474 166 518 271
530 161 570 452 466 53 157 150 378 491 453 472
531 121 117 252 494 395 321 393 283 128 200 380
532 56 89 136 336 133 172 168 450 515 94 95
533 252 243 42 190 296 932 173 68 418 188 420
534 544 534 256 234 240 931 210 420 121 647 685
535 728 92 152 83 465 465 473 87 172 172 121
536 601 160 164 564 876 564 365 434 115 333 601
537 1 568 425 543 292 543 424 880 57 240 235
538 733 923 923 723 551 303 56 921 930 208 114
539 531 116 35 590 37 721 37 33 28 41 918
540 549 679 68 173 400 271 145 46 137 901 137
541 107 495 473 32 372 494 17 86 8 293 506
542 403 53 389 53 394 295 459 215 262 342 149
543 813 450 13 2 865 63 490 258 421 820 159
544 542 401 874 401 172 457 971 416 327 249 169
545 442 263 443 226 232 263 151 24 25 654 24
546 80 187 82 184 142 191 283 61 123 95 377
547 38 38 29 23 261 51 141 729 141 359 529
548 256 62 748 16 434 408 586 932 252 249 550
549 480 362 486 36 367 115 17 295 172 86 115
550 106 259 509 713 509 259 173 416 327 945 327
551 549 467 69 173 342 139 140 164 335 448 461
552 57 64 141 566 707 86 417 437 900 168 533
553 340 777 554 419 405 183 142 184 68 82 105
554 340 339 123 103 0 148 262 533 185 768 708
555 44 107 77 166 132 252 96 76 333 105 252
556 464 450 142 153 249 301 690 106 268 405 263
557 395 250 393 249 252 233 601 83 368 83 318
558 529 359 421 141 51 196 198 820 121 80 431
559 142 747 121 395 107 172 129 544 129 329 137
560 20 20 459 565 754 661 13 197 457 493 17
561 462 419 45 46 140 273 139 592 579 428 448
562 568 82 464 41 63 269 107 210 208 305 420
563 290 533 86 494 470 971 700 956 856 932 210
564 258 110 375 424 355 329 290 424 154 820 546
565 804 498 358 700 11 213 246 141 62 114 86
566 452 569 452 161 129 286 303 88 183 211 96
567 290 567 290 64 201 107 809 88 57 412 243
568 107 428 160 106 226 225 312 300 489 256 308
569 569 249 353 121 96 37 370 455 114 114 326
570 452 420 218 297 260 728 5 64 103 546 23
571 281 58 856 83 693 121 189 67 549 418 187
572 936 546 812 950 158 926 930 930 238 499 529
573 525 11 209 96 242 241 440 249 203 179 280
574 65 526 419 106 72 21 11 602 533 94 128
575 167 468 419 84 210 58 212 131 63 209 285
576 212 44 121 105 489 419 296 21 400 306 121
577 578 577 282 139 209 140 541 140 64 325 82
578 577 249 222 309 64 116 27 160 495 360 754
579 446 592 100 262 231 157 489 229 560 66 146
580 580 580 580 580 580 580 580 580 580 580 580
581 204 198 201 533 194 300 268 73 17 441 434
582 189 1 351 280 115 18 309 177 223 365 63
583 521 583 521 554 535 777 733 733 728 92 238
584 272 461 446 592 929 164 160 252 249 833 833
585 172 333 166 58 58 271 126 4 323 768 100
586 412 286 209 365 184 366 253 405 371 160 21
587 238 176 65 377 149 347 179 869 376 654 105
588 392 295 376 307 347 307 347 149 88 809 302
589 155 137 22 520 54 55 411 281 424 166 83
590 171 261 116 151 655 116 93 789 458 568 168
591 419 333 77 531 62 212 420 186 162 612 147
592 461 533 541 82 170 485 442 113 40 443 725
593 515 6 397 381 379 182 396 395 385 181 64
594 84 217 812 107 216 269 473 106 90 425 425
595 52 197 918 494 417 444 301 857 160 27 35
596 282 357 409 474 254 62 833 365 212 256 340
597 118 326 92 92 160 29 459 661 19 430 64
598 84 83 160 352 13 579 592 446 160 361 434
599 132 58 665 411 986 470 367 105 371 28 229
600 458 397 181 394 381 177 562 654 333 627 62
601 191 351 157 392 377 486 537 231 466 12 957
602 61 19 12 707 570 452 11 22 137 434 212
603 414 697 415 852 851 851 851 350 572 282 124
604 546 210 58 154 86 35 32 93 168 822 563
605 414 479 177 459 19 49 50 217 654 121 35
606 495 278 262 262 377 292 409 135 30 114 486
607 393 166 601 233 404 282 464 35 183 900 115
608 440 499 501 374 506 166 214 681 681 284 472
609 609 333 615 87 83 147 301 502 301 189 453
610 694 129 820 15 447 269 16 305 55 285 254
611 232 277 621 301 285 138 520 635 63 138 286
612 41 173 748 300 268 419 180 179 60 95 942
613 163 601 812 950 333 152 467 460 74 134 64
614 742 614 614 756 614 742 614 756 268 549 671
615 513 627 971 251 370 171 40 35 5 833 249
616 1 280 231 656 377 385 395 393 180 178 380
617 592 321 320 250 250 741 250 103 296 526 280
618 98 640 124 100 935 100 618 125 640 564 589
619 303 80 107 222 142 44 254 74 134 553 553
620 86 153 820 85 507 243 240 11 804 265 451
621 277 214 211 285 252 601 121 492 166 221 485
622 238 0 226 85 758 316 73 215 747 710 189
623 458 280 277 149 64 196 776 95 908 51 141
624 231 434 99 125 618 323 4 252 740 252 269
625 252 54 2 990 803 412 238 412 102 102 101
626 87 147 612 82 263 442 417 847 919 89 63
627 189 311 756 74 366 114 44 166 405 2 102
628 628 320 628 394 394 181 150 103 342 60 182
629 316 519 315 253 419 199 200 206 203 377 133
630 369 89 3 4 832 4 102 517 5 47 443
631 209 155 147 316 560 321 391 971 113 48 36
632 376 393 387 389 252 408 3 192 3 411 123
633 633 633 633 633 633 633 633 633 633 633 633
634 635 208 520 89 211 389 537 52 781 621 377
635 126 126 552 412 826 803 63 212 340 218 120
636 211 128 143 142 226 105 667 508 509 508 546
637 209 237 240 233 159 244 233 63 283 518 211
638 44 28 338 135 62 23 128 5 99 404 125
639 65 172 27 953 699 720 699 845 281 859 832
640 185 97 640 353 69 409 13 12 160 404 124
641 748 283 263 686 22 21 274 86 756 459 190
642 249 530 533 171 5 572 593 205 557 160 458
643 87 363 249 404 421 9 9 141 19 405 424
644 180 621 426 275 178 178 345 178 61 393 154
645 191 682 681 284 149 160 551 663 474 254 17
646 411 506 374 505 407 406 44 83 253 671 375
647 93 40 29 169 121 353 82 172 171 299 508
648 648 648 648 648 648 648 648 648 648 648 648
649 649 441 166 474 249 548 116 113 26 25 459
650 215 812 886 665 6 323 6 5 7 833 856
651 118 651 950 173 17 254 433 50 643 50 84
652 478 81 420 607 420 139 137 175 532 520 138
653 653 653 653 653 653 653 653 653 653 653 653
654 323 411 738 5 669 615 333 981 547 245 114
655 28 31 186 186 162 63 738 195 533 146 66
656 380 396 182 381 548 116 151 82 256 129 113
657 269 461 461 735 164 695 971 9 754 441 8
658 658 658 658 658 658 658 658 658 658 658 658
659 377 450 95 205 593 86 81 42 221 280 201
660 660 660 660 660 660 660 660 660 660 660 660
661 569 264 213 44 8 452 830 452 498 0 223
662 100 117 100 62 285 371 255 5 438 107 314
663 551 106 372 75 48 427 950 387 384 105 48
664 425 562 380 182 381 686 114 215 222 690 222
665 859 82 236 3 272 46 447 812 193 4 170
666 86 623 84 254 665 254 651 118 117 460 116
667 184 549 69 550 121 210 210 242 927 237 234
668 157 214 483 232 160 153 58 408 826 2 520
669 783 142 132 301 63 812 845 3 59 949 132
670 670 670 670 670 670 670 670 670 670 670 670
671 549 162 482 593 342 278 231 179 157 103 582
672 672 7 707 86 756 74 0 377 163 86 229
673 673 673 495 211 738 424 20 366 387 198 5
674 506 332 836 706 523 168 275 177 546 828 896
675 675 675 675 675 675 675 675 675 675 675 675
676 447 429 448 140 301 621 160 65 752 65 457
677 434 548 278 789 278 284 296 160 108 112 258
678 747 83 285 420 174 880 166 158 62 8 510
679 533 187 20 728 259 74 224 365 152 105 44
680 380 295 486 169 438 590 299 171 333 438 136
681 278 611 166 168 544 534 544 607 87 82 27
682 191 212 492 121 201 908 95 13 164 285 65
683 285 83 492 48 318 86 145 86 328 375 112
684 684 684 684 684 684 684 684 684 684 684 684
685 665 175 137 88 809 4 138 408 4 6 232
686 245 115 363 115 263 121 20 230 121 363 105
687 282 372 121 223 222 400 411 333 96 135 96
688 543 425 791 65 0 6 194 533 582 533 457
689 198 204 280 296 288 283 5 74 310 221 83
690 549 162 71 49 83 494 170 360 170 497 581
691 691 691 691 691 691 691 691 691 691 691 691
692 130 155 137 56 209 183 88 304 86 70 84
693 82 325 508 69 710 508 62 21 41 200 908
694 706 290 419 296 181 14 93 280 270 14 280
695 129 180 178 344 176 656 149 349 907 156 321
696 17 233 174 473 474 663 137 271 305 880 305
697 645 156 166 105 333 417 547 361 367 757 757
698 211 132 210 160 263 338 96 48 261 986 411
699 332 529 466 12 264 510 674 506 856 820 654
700 299 171 133 340 160 303 738 586 462 212 7
701 462 561 462 546 936 907 179 181 179 339 75
702 107 333 249 105 367 254 31 96 88 88 210
703 703 703 703 703 703 703 703 703 703 703 703
704 107 509 212 44 12 365 310 85 872 377 839
705 183 42 212 518 366 62 62 179 820 412 408
706 86 81 222 7 12 141 11 421 421 61 872
707 957 12 183 155 19 293 365 224 365 495 278
708 125 283 142 859 56 809 826 192 192 195 174
709 353 434 166 577 377 546 83 106 188 518 145
710 69 663 160 820 424 151 35 37 24 31 35
711 711 711 711 711 711 711 711 711 711 711 711
712 401 971 391 971 324 666 12 8 62 518 519
713 509 671 932 23 480 184 129 19 957 141 160
714 458 183 285 58 462 272 462 506 105 212 859
715 21 210 245 165 129 165 254 642 212 340 811
716 716 5 99 64 198 95 200 440 249 333 355
717 131 57 604 57 195 412 971 9 957 9 754
718 281 859 160 85 1 726 282 132 411 784 784
719 395 424 21 86 238 210 209 159 927 234 927
720 466 504 971 361 438 545 785 13 214 377 402
721 37 24 997 953 822 953 845 2 323 354 124
722 28 953 822 593 51 85 41 171 981 76 113
723 923 825 923 923 825 306 256 557 256 278 179
724 338 900 5 7 359 558 823 521 62 597 695
725 245 725 486 115 155 333 133 65 285 252 854
726 160 418 184 299 298 246 141 674 504 332 707
727 83 17 333 2 506 407 374 856 506 366 443
728 327 325 945 945 325 69 362 141 672 430 280
729 84 48 847 38 438 411 506 166 61 537 74
730 107 401 294 346 191 343 971 321 384 387 394
731 731 731 731 731 731 731 731 731 731 731 731
732 732 732 732 732 732 732 732 732 732 732 732
733 733 728 92 326 306 160 314 317 18 376 64
734 169 183 62 62 173 256 226 42 212 424 263
735 592 428 140 592 274 340 340 274 340 107 54
736 62 300 896 303 128 46 461 819 422 950 424
737 271 737 737 737 737 271 470 261 32 37 26
738 6 308 16 283 300 121 154 152 404 420 568
739 300 638 640 185 354 64 216 62 174 208 137
740 971 190 311 459 0 146 160 551 733 440 542
741 150 250 395 83 236 303 363 81 86 223 177
742 614 614 742 614 742 546 77 811 62 303 244
743 743 102 97 100 100 592 579 83 168 263 113
744 744 744 744 744 744 744 744 744 744 744 744
745 221 74 222 189 627 62 531 365 314 166 115
746 746 746 746 746 746 746 746 746 746 746 746
747 678 274 424 82 143 258 559 282 45 164 929
748 641 1 222 225 460 81 80 106 81 663 549
749 284 351 106 169 170 133 179 296 397 181 377
750 88 750 88 88 149 490 165 135 339 171 93
751 128 11 518 283 249 333 87 661 87 280 419
752 65 498 9 502 43 505 332 44 121 51 346
753 40 26 13 147 329 96 92 260 173 129 362
754 555 161 11 129 165 212 576 82 169 114 249
755 211 6 544 790 544 121 35 588 392 103 157
756 73 485 333 76 76 976 361 32 116 32 113
757 980 470 261 23 27 172 486 286 252 252 121
758 223 309 85 312 225 223 317 218 317 73 116
759 459 80 96 338 338 464 291 183 21 624 461
760 546 210 13 322 428 429 46 579 448 269 322
761 393 950 333 443 455 847 47 981 114 892 226
762 516 192 132 217 812 546 508 86 226 14 79
763 763 763 5 230 230 121 432 162 432 121 144
764 314 106 300 114 255 300 355 114 438 114 96
765 707 525 700 299 710 81 671 690 549 747 83
766 766 134 62 153 474 66 654 252 244 301 21
767 13 820 918 201 94 204 283 405 889 828 121
768 125 640 937 125 404 654 288 162 512 366 356
769 559 258 490 419 365 589 83 430 308 438 151
770 353 82 245 326 327 327 96 164 447 322 446
771 489 929 15 164 269 140 174 932 283 420 15
772 772 772 772 772 772 772 772 772 772 772 772
773 405 300 896 287 21 211 64 280 214 593 206
774 285 54 812 63 128 377 392 60 150 393 86
775 560 810 560 1 128 362 65 334 447 139 342
776 936 350 377 228 312 377 228 74 254 269 107
777 340 160 66 64 96 92 20 11 324 19 12
778 569 570 823 661 856 720 765 249 401 65 450
779 820 114 4 107 183 252 338 37 39 370 423
780 84 13 169 365 278 130 257 526 655 301 284
781 537 368 301 132 371 424 281 2 738 685 815
782 377 450 568 544 212 160 218 696 248 297 218
783 654 25 36 93 135 115 96 209 183 13 13
784 411 6 562 533 155 486 356 121 41 212 253
785 13 47 361 160 56 532 532 286 129 137 285
786 206 786 189 187 62 521 583 521 295 61 391
787 21 306 141 8 452 12 430 7 833 249 438
788 788 717 131 87 63 718 56 160 666 7 666
789 458 533 679 188 473 393 719 52 61 53 82
790 544 932 702 932 147 269 273 13 949 481 552
791 65 275 232 113 950 73 73 498 488 362 434
792 121 63 533 950 422 153 152 440 970 546 210
793 435 920 435 435 616 533 146 13 552 89 160
794 322 933 322 272 84 467 509 259 777 134 766
795 417 925 333 736 62 131 58 81 254 518 166
796 353 365 489 64 62 818 86 425 285 285 412
797 342 167 198 290 107 480 971 480 480 405 537
798 798 798 798 798 798 798 798 798 798 798 798
799 160 717 160 298 160 296 181 179 321 483 820
800 185 52 719 296 61 345 191 122 411 55 131
801 41 207 206 232 804 720 754 720 525 65 169
802 365 83 221 480 362 28 721 30 256 184 173
803 193 412 832 57 481 286 57 58 154 249 932
804 232 177 146 368 86 424 880 880 2 434 190
805 358 856 558 674 565 608 498 452 7 765 720
806 806 809 208 809 627 678 480 509 13 211 6
807 54 271 528 5 980 119 261 339 115 420 29
808 808 808 808 808 808 808 808 808 808 808 808
809 845 924 252 738 281 698 412 305 366 662 107
810 420 450 434 226 165 550 473 508 62 174 971
811 497 419 462 20 173 17 297 248 142 367 24
812 209 137 56 845 6 880 137 298 246 141 498
813 440 14 205 160 501 498 51 283 548 337 136
814 262 180 907 349 344 176 440 629 440 53 486
815 80 286 13 301 303 301 690 282 84 487 332
816 336 560 142 258 90 409 785 13 167 95 196
817 543 543 294 214 301 428 273 140 448 421 249
818 549 288 282 223 365 211 271 63 271 57 809
819 139 448 216 273 322 933 269 617 592 273 83
820 106 314 872 61 498 473 508 69 86 165 340
821 163 373 92 160 393 282 420 82 221 405 283
822 593 201 206 575 851 575 851 483 142 223 83
823 971 325 340 553 84 83 368 83 131 832 102
824 191 681 178 65 101 211 106 282 20 28 270
825 923 923 733 825 923 923 723 173 155 181 133
826 192 5 133 41 204 350 204 218 310 78 107
827 506 407 213 951 360 549 551 189 679 187 21
828 896 114 919 114 63 62 447 676 428 216 140
829 523 292 389 60 385 378 393 153 424 4 880
830 452 856 44 213 407 494 590 590 34 34 165
831 258 469 5 492 518 226 160 214 94 167 197
832 587 238 252 233 828 64 937 404 601 480 418
833 833 7 452 161 530 293 754 211 807 5 170
834 107 137 303 58 654 211 340 342 280 105 159
835 425 285 408 194 59 96 31 37 48 427 82
836 836 523 168 280 290 86 708 185 98 97 353
837 107 226 390 391 182 872 232 380 232 291 464
838 124 233 86 708 404 586 211 305 59 803 54
839 377 745 282 464 82 647 154 424 45 274 334
840 413 440 232 1 377 562 498 62 404 474 950
841 719 52 537 537 85 313 317 17 643 48 263
842 96 842 96 92 259 695 85 317 1 495 249
843 567 567 425 4 685 305 4 481 83 253 228
844 971 3 587 408 215 296 42 128 474 366 19
845 252 518 223 282 230 107 98 124 896 303 303
846 605 414 479 414 697 645 697 697 645 645 231
847 547 245 76 89 211 604 305 949 59 3 281
848 445 581 497 13 698 552 285 183 303 302 5
849 859 89 215 211 5 97 5 242 96 261 486
850 199 850 546 490 128 363 434 828 796 121 144
851 851 575 178 539 178 65 86 218 204 820 107
852 851 350 343 278 284 160 252 84 366 662 185
853 82 340 254 371 21 287 549 934 340 115 31
854 285 625 4 971 777 173 142 212 173 260 311
855 299 855 549 316 1 537 14 86 438 302 64
856 765 365 377 390 103 215 262 180 166 177 218
857 191 191 511 301 249 23 96 327 105 412 6
858 306 373 82 739 495 17 41 206 588 34 590
859 826 58 283 129 19 7 922 908 124 45 62
860 338 256 263 29 5 302 64 325 260 331 74
861 350 178 498 73 313 309 133 128 751 6 206
862 777 69 424 464 280 129 19 121 316 121 79
863 57 305 990 803 2 195 586 404 166 333 492
864 411 174 282 355 405 255 295 368 896 112 357
865 2 489 256 63 169 127 160 147 87 448 592
866 411 116 47 976 527 444 444 333 419 270 419
867 96 375 81 114 96 417 486 48 50 433 405
868 320 376 985 376 632 719 376 389 379 150 393
869 397 632 376 391 380 177 546 393 947 394 393
870 65 752 121 890 121 10 25 533 63 57 64
871 231 196 51 93 64 615 269 164 140 166 137
872 707 720 608 608 7 44 638 355 128 179 397
873 425 425 294 401 148 160 138 815 64 644 64
874 65 129 413 129 572 515 515 206 290 263 925
875 170 537 411 333 58 154 209 121 44 128 3
876 564 208 249 589 155 589 160 262 262 345 180
877 28 896 63 269 147 269 429 140 335 45 640
878 23 24 36 114 527 6 515 593 86 458 647
879 242 927 234 931 243 83 366 153 152 256 471
880 4 273 252 809 63 89 211 269 365 820 183
881 96 847 38 86 251 40 39 37 112 474 105
882 160 452 487 452 856 12 44 81 129 611 292
883 165 27 40 919 89 482 48 48 333 42 280
884 412 59 619 613 747 971 332 525 213 61 533
885 887 887 887 20 11 240 963 237 932 490 460
886 273 4 137 663 679 187 671 249 404 366 105
887 887 20 142 427 115 142 163 422 87 64 859
888 412 6 211 990 5 420 316 468 162 63 283
889 300 187 663 80 183 270 129 11 270 493 403
890 121 856 44 569 971 859 880 408 208 4 826
891 892 226 513 507 243 252 520 845 809 4 625
892 340 86 295 576 494 94 176 413 65 264 160
893 466 555 754 569 971 401 425 874 65 232 368
894 327 473 471 84 544 790 544 585 129 340 325
895 114 307 537 411 281 3 283 376 160 285 105
896 2 164 164 272 13 661 247 264 264 441 430
897 263 115 233 546 163 434 97 99 5 135 370
898 481 131 131 305 6 137 107 441 430 7 608
899 2 54 174 854 174 564 164 695 164 174 209
900 438 987 170 338 485 263 290 210 363 364 363
901 137 46 448 164 46 933 929 579 46 434 420
902 5 411 54 803 63 158 62 269 300 434 187
903 262 376 368 160 47 96 211 738 2 102 517
904 321 387 394 537 85 309 223 165 455 442 115
905 297 0 238 238 234 86 189 966 21 367 367
906 533 520 208 812 83 492 162 15 446 164 564
907 907 179 157 719 52 221 18 120 377 491 497
908 592 592 448 15 183 87 183 460 129 585 813
909 209 909 546 493 405 456 64 80 663 68 160
910 65 285 5 59 408 408 138 4 323 662 353
911 81 283 492 333 153 932 131 481 107 237 243
912 499 466 488 971 47 13 281 105 69 418 467
913 7 365 371 21 467 69 105 424 543 450 329
914 914 115 443 423 62 586 4 360 105 667 6
915 38 438 114 36 21 145 145 771 106 459 249
916 414 415 86 28 168 840 232 493 166 253 418
917 128 204 6 252 107 226 892 438 470 753 169
918 1000 918 494 601 163 5 325 10 36 36 93
919 919 976 847 48 643 290 294 425 90 220 223
920 435 160 519 106 979 745 453 105 153 254 441
921 880 685 809 685 57 924 96 285 2 131 55
922 79 339 883 116 548 115 318 83 143 375 455
923 723 733 538 306 68 301 209 273 592 461 45
924 252 661 7 466 160 294 290 290 65 320 368
925 443 366 424 153 424 18 107 591 160 228 82
926 158 240 160 484 143 357 329 434 116 473 371
927 158 237 252 96 91 375 455 847 925 981 114
928 211 329 10 173 82 356 69 259 20 887 885
929 933 446 933 429 335 760 15 125 124 335 139
930 238 622 238 158 564 242 238 210 365 363 106
931 927 234 86 590 28 87 974 94 198 207 206
932 255 106 81 162 295 376 379 390 438 135 40
933 929 164 13 375 112 474 90 13 336 860 116
934 340 249 356 490 371 129 283 234 96 21 210
935 353 183 108 477 477 66 984 333 28 116 261
936 907 191 349 122 168 526 498 7 222 187 256
937 125 5 346 160 832 859 685 685 647 458 377
938 611 11 270 28 28 270 419 462 20 887 20
939 572 936 232 18 155 739 155 22 301 211 928
940 128 6 430 249 932 820 749 776 377 122 349
941 189 465 519 519 259 818 65 483 142 665 412
942 435 147 107 642 121 363 367 303 412 154 236
943 295 86 98 708 404 15 760 592 446 269 461
944 748 424 188 170 280 430 64 10 300 210 208
945 327 728 411 987 816 96 13 273 4 803 990
946 641 1 215 221 459 537 473 129 802 258 417
947 60 392 61 483 727 464 847 919 40 171 318
948 381 379 181 162 83 820 153 424 174 420 293
949 54 160 104 394 397 320 393 181 380 120 146
950 58 249 163 86 35 35 116 261 114 137 54
951 957 951 360 360 495 62 281 160 59 57 286
952 540 549 551 299 509 62 201 280 473 29 361
953 26 24 36 170 86 234 159 234 160 85 820
954 87 145 105 203 249 12 560 810 87 211 990
955 936 776 201 121 425 285 303 46 461 139 342
956 362 496 64 103 546 651 427 950 754 804 754
957 12 365 589 160 121 395 494 141 502 502 452
958 962 958 69 306 825 923 825 723 551 723 971
959 377 220 68 121 125 935 353 183 290 211 121
960 377 127 107 187 80 96 80 188 424 17 533
961 377 62 474 183 285 302 419 18 219 280 165
962 325 509 282 217 340 593 86 525 213 951 957
963 238 601 177 380 65 107 541 405 365 44 141
964 373 253 189 533 562 377 391 368 394 61 172
965 936 706 523 522 493 212 211 636 211 210 159
966 21 301 81 371 256 371 211 142 393 283 726
967 504 510 754 661 452 7 422 42 5 120 146
968 184 86 714 419 450 813 450 232 971 778 160
969 509 259 508 142 163 377 174 2 826 195 2
970 546 272 409 800 409 506 64 68 300 101 101
971 505 358 566 971 754 674 506 441 573 166 742
972 509 958 962 958 509 69 183 401 574 401 568
973 971 467 81 62 41 207 198 206 204 917 40
974 593 196 918 167 167 200 498 440 215 295 585
975 971 401 399 526 782 82 99 353 166 233 11
976 443 414 415 414 479 414 443 38 47 925 423
977 209 301 357 301 327 733 733 728 92 259 509
978 165 30 133 545 37 28 722 28 44 359 7
979 316 73 498 266 358 11 161 666 7 11 270
980 427 151 28 44 324 44 19 560 42 756 142
981 847 847 423 89 59 698 55 411 809 54 34
982 137 255 283 380 562 285 13 785 545 28 365
983 333 180 70 212 363 296 277 342 776 918 51
984 333 163 115 229 338 638 169 63 59 59 5
985 376 320 376 307 307 301 581 13 211 194 412
986 261 51 114 133 170 164 160 338 424 78 77
987 900 860 170 318 547 133 493 615 253 607 42
988 411 481 285 949 285 131 604 131 96 443 444
989 91 90 494 312 311 106 377 120 333 367 107
990 138 57 58 612 223 165 220 177 146 177 176
991 859 107 356 564 876 564 174 121 86 484 822
992 992 992 992 992 129 275 275 129 308 83 114
993 408 4 102 517 408 59 619 613 747 615 856
994 6 181 104 283 16 183 464 116 411 163 934
995 712 4 63 256 518 212 282 41 173 160 87
996 12 823 9 506 699 358 856 956 11 22 92
997 24 953 845 183 357 589 249 256 234 242 209
998 65 133 280 284 734 172 483 167 290 283 388
999 145 183 272 584 563 706 280 228 121 458 623
1000 292 129 544 820 644 296 160 601 812 845 685
1001 803 4 2 517 5 557 79 128 355 896 160
1002 560 336 816 115 338 365 184 508 373 481 83
1003 258 1003 258 421 86 93 940 93 36 75 494
1004 55 809 137 107 128 199 342 199 196 918 593
0 223 316 379 382
1 560 922 856 434
2 54 54 685 815
3 587 209 63 62
4 285 174 408 411
5 374 500 569 358
6 440 24 411 88
7 360 430 971 188
8 504 246 246 44
9 213 182 395 395
10 777 419 336 27
11 22 35 37 25
12 441 142 58 845
13 357 65 206 291
14 523 14 167 917
15 335 446 140 272
16 356 142 183 303
17 363 364 433 180
18 14 172 142 211
19 166 296 351 303
20 690 160 641 495
21 686 381 157 149
22 20 533 306 20
23 151 367 892 28
24 455 89 5 6
25 29 39 229 37
26 170 115 363 278
27 48 212 87 459
28 51 95 196 231
29 30 23 337 169
30 820 100 101 354
31 84 404 412 138
32 29 590 29 417
33 30 135 40 113
34 30 169 41 62
35 51 200 128 155
36 301 444 48 367
37 33 30 23 333
38 35 168 291 464
39 560 66 654 249
40 40 725 40 30
41 196 201 169 460
42 215 89 610 694
43 505 358 374 44
44 525 7 141 14
45 160 242 879 242
46 21 145 212 408
47 135 31 27 437
48 113 168 167 149
49 19 550 187 300
50 217 49 152 355
51 41 160 117 170
52 786 189 253 316
53 167 468 148 401
54 174 283 230 282
55 809 707 570 8
56 89 552 809 138
57 64 197 51 581
58 159 166 17 226
59 96 82 81 69
60 495 932 81 287
61 60 389 157 179
62 263 274 140 269
63 635 812 102 516
64 914 900 987 116
65 178 381 390 250
66 160 464 128 127
67 86 264 498 777
68 420 783 154 153
69 282 69 259 818
70 86 366 187 121
71 121 130 160 308
72 92 728 5 261
73 221 403 426 129
74 317 389 162 405
75 135 160 57 3
76 333 153 62 405
77 932 3 286 859
78 424 464 183 42
79 205 557 83 355
80 329 66 560 810
81 679 551 723 173
82 748 121 601 536
83 373 197 409 20
84 49 612 828 300
85 872 182 320 160
86 441 17 252 117
87 189 312 841 231
88 252 338 987 438
89 482 777 723 538
90 13 118 301 857
91 89 305 698 949
92 160 91 356 80
93 336 115 513 226
94 206 936 935 125
95 181 379 385 296
96 327 10 327 301
97 185 323 3 57
98 353 404 84 30
99 124 335 139 282
100 124 107 47 40
101 65 64 94 515
102 5 117 170 471
103 537 7 365 401
104 388 181 219 79
105 375 108 69 64
106 1 106 62 423
107 279 82 708 99
108 155 1 155 189
109 62 554 971 893
110 258 111 84 160
111 110 375 66 514
112 51 51 30 29
113 106 358 856 293
114 115 256 345 180
115 422 819 461 269
116 118 651 173 166
117 170 261 115 114
118 116 531 114 51
119 427 470 971 284
120 101 97 618 662
121 210 183 545 23
122 468 258 256 187
123 860 170 355 105
124 708 125 98 100
125 142 211 738 424
126 271 448 269 447
127 435 435 435 533
128 526 424 209 159
129 41 581 21 82
130 621 11 20 271
131 142 453 301 263
132 243 607 81 121
133 18 143 196 167
134 133 426 130 377
135 75 437 437 48
136 93 128 152 254
137 679 81 69 189
138 285 481 738 56
139 274 678 480 121
140 735 461 428 301
141 602 213 7 247
142 434 44 856 533
143 10 260 10 282
144 145 832 4 256
145 183 270 280 115
146 187 679 663 81
147 83 252 849 849
148 160 156 342 180
149 381 60 379 320
150 157 6 157 178
151 417 434 401 44
152 249 42 671 69
153 856 166 399 133
154 412 303 423 976
155 301 21 686 114
156 381 515 494 747
157 351 167 181 950
158 236 46 236 162
159 159 236 211 734
160 326 533 55 1004
161 405 62 2 896
162 323 99 404 586
163 162 90 62 137
164 170 437 339 40
165 860 251 30 367
166 187 663 68 220
167 776 196 201 918
168 275 176 129 695
169 201 103 379 397
170 491 816 170 336
171 115 17 173 651
172 377 220 220 220
173 533 508 473 81
174 408 411 987 116
175 58 233 105 114
176 113 160 245 263
177 17 162 747 613
178 345 214 179 284
179 869 376 295 390
180 153 434 290 892
181 182 499 407 505
182 394 389 181 342
183 371 13 146 18
184 21 166 799 189
185 708 353 937 640
186 254 445 848 340
187 473 447 334 579
188 667 627 971 8
189 190 473 667 13
190 108 328 328 328
191 284 160 152 363
192 411 604 131 455
193 63 184 329 42
194 587 238 506 430
195 520 859 809 302
196 918 14 473 327
197 95 218 459 268
198 206 200 196 204
199 908 922 529 608
200 178 200 206 852
201 18 420 107 366
202 198 41 62 393
203 82 82 163 533
204 205 925 48 115
205 498 360 570 359
206 203 294 129 438
207 343 350 861 350
208 281 285 132 552
209 541 511 275 458
210 13 350 861 350
211 64 419 44 10
212 393 932 492 144
213 499 358 913 213
214 60 177 515 290
215 314 365 820 23
216 164 388 182 394
217 886 601 197 494
218 86 310 533 877
219 18 215 366 445
220 128 362 69 187
221 280 170 490 490
222 74 485 198 776
223 314 21 296 61
224 160 252 419 168
225 17 155 326 420
226 366 859 286 3
227 87 459 218 73
228 253 333 84 250
229 560 1002 560 329
230 366 188 184 582
231 65 160 123 172
232 498 710 509 549
233 532 4 145 300
234 283 394 295 314
235 971 710 747 121
236 96 252 237 162
237 926 243 252 272
238 235 303 82 468
239 145 771 106 21
240 241 499 8 265
241 498 533 877 812
242 106 454 160 446
243 507 513 170 212
244 233 637 233 474
245 114 115 113 486
246 141 107 91 91
247 358 43 407 358
248 297 316 17 473
249 464 611 11 92
250 351 181 182 295
251 914 113 113 62
252 56 921 880 166
253 249 253 84 254
254 41 493 405 19
255 137 155 470 914
256 31 282 612 272
257 231 292 953 23
258 258 18 419 340
259 777 733 538 538
260 400 105 450 714
261 165 34 31 39
262 533 164 272 63
263 976 114 371 212
264 141 365 184 253
265 61 280 706 936
266 324 121 174 665
267 359 699 441 264
268 1 84 115 160
269 62 730 13 126
270 493 426 423 417
271 470 75 494 281
272 334 447 447 461
273 272 183 183 303
274 140 46 274 15
275 413 93 940 93
276 295 490 473 269
277 82 345 152 283
278 13 4 859 601
279 118 51 371 125
280 65 874 65 294
281 57 880 921 285
282 4 303 369 89
283 373 134 535 164
284 280 543 576 329
285 552 424 329 459
286 252 131 126 55
287 160 249 80 20
288 269 446 579 46
289 280 494 142 508
290 295 943 295 424
291 280 822 563 373
292 167 908 196 41
293 11 700 699 359
294 301 45 269 422
295 331 223 366 187
296 380 101 101 131
297 316 316 690 400
298 812 137 155 108
299 855 155 269 272
300 102 101 185 618
301 926 237 6 141
302 333 318 482 160
303 211 6 685 137
304 369 96 438 588
305 55 533 86 551
306 13 266 407 249
307 307 347 191 5
308 320 250 157 386
309 317 314 222 695
310 18 219 483 345
311 190 971 809 302
312 366 306 28 303
313 268 756 375 211
314 18 74 419 351
315 253 249 695 317
316 793 435 65 199
317 313 295 16 783
318 36 121 651 272
319 319 235 209 64
320 616 533 4 183
321 947 320 947 377
322 272 617 618 185
323 192 411 88 183
324 44 129 343 128
325 327 173 535 173
326 424 258 375 663
327 820 207 167 232
328 328 258 328 478
329 184 68 667 582
330 438 455 47 96
331 295 321 394 947
332 502 359 498 200
333 128 142 932 420
334 272 612 71 217
335 929 140 272 13
336 251 96 114 971
337 82 160 160 281
338 987 123 116 38
339 482 143 714 419
340 86 233 115 170
341 560 74 468 316
342 277 167 207 198
343 350 13 339 13
344 157 53 434 14
345 82 142 107 137
346 157 483 473 280
347 377 872 707 331
348 191 214 342 262
349 348 180 366 282
350 377 250 160 249
351 160 54 160 19
352 656 262 262 376
353 185 800 185 101
354 124 354 185 687
355 256 412 211 460
356 486 169 251 361
357 329 476 474 663
358 73 218 314 310
359 699 953 699 406
360 213 155 520 137
361 62 290 108 375
362 549 934 268 74
363 236 87 173 651
364 152 431 756 597
365 438 900 338 409
366 132 132 46 216
367 151 116 860 900
368 295 128 378 388
369 630 369 96 151
370 33 40 816 336
371 87 493 115 455
372 48 437 531 263
373 508 363 434 44
374 506 366 290 546
375 671 551 473 531
376 391 376 391 182
377 94 440 499 501
378 321 283 133 340
379 5 990 138 880
380 296 342 343 129
381 181 388 283 226
382 379 391 368 377
383 383 181 541 139
384 387 295 380 390
385 296 203 351 106
386 379 379 321 392
387 380 321 157 149
388 296 377 321 376
389 296 393 376 122
390 385 160 54 194
391 157 308 16 424
392 104 104 160 963
393 103 232 840 13
394 486 188 418 81
395 157 178 180 615
396 182 320 179 160
397 377 127 435 533
398 157 380 60 381
399 84 166 4 712
400 160 162 81 569
401 874 401 133 844
402 377 219 172 64
403 403 168 543 478
404 937 640 45 140
405 758 758 143 172
406 505 661 518 155
407 358 247 246 266
408 533 800 615 465
409 23 113 113 485
410 160 526 231 575
411 55 285 401 835
412 54 552 738 54
413 176 611 270 183
414 916 414 449 414
415 86 690 215 58
416 971 4 4 408
417 443 976 925 417
418 253 162 212 859
419 154 546 615 493
420 108 476 108 652
421 249 42 667 187
422 17 340 179 104
423 925 333 23 25
424 74 495 424 124
425 285 252 235 242
426 245 423 443 26
427 254 41 115 145
428 335 274 424 318
429 461 592 617 269
430 12 466 406 11
431 756 311 756 390
432 433 432 71 433
433 364 21 72 21
434 158 244 233 124
435 519 259 73 166
436 438 590 35 367
437 135 30 437 443
438 438 135 116 280
439 96 604 57 211
440 499 182 213 11
441 506 856 720 608
442 455 123 339 26
443 485 114 371 269
444 981 114 411 784
445 64 21 533 616
446 15 335 140 273
447 139 107 450 95
448 446 579 38 438
449 414 697 321 560
450 342 340 405 87
451 496 466 498 64
452 141 473 549 360
453 121 324 266 267
454 106 142 132 366
455 338 35 23 107
456 405 758 366 306
457 425 791 612 131
458 129 434 147 366
459 225 222 256 424
460 41 166 141 754
461 272 461 139 446
462 5 100 354 353
463 462 586 412 281
464 820 13 4 208
465 189 184 434 495
466 912 765 912 466
467 971 113 263 411
468 180 349 344 149
469 66 160 724 338
470 367 16 405 161
471 671 188 145 249
472 453 87 489 249
473 80 866 411 303
474 13 114 211 411
475 375 356 419 591
476 112 357 301 596
477 69 777 173 254
478 652 329 249 107
479 177 60 385 231
480 601 84 835 275
481 898 481 5 57
482 339 40 251 135
483 483 483 321 104
484 694 549 184 366
485 442 96 443 263
486 261 51 362 249
487 421 525 573 7
488 496 560 75 655
489 489 64 290 829
490 170 301 290 198
491 167 197 160 165
492 121 601 84 1
493 160 351 364 21
494 590 30 114 847
495 384 363 211 285
496 602 238 176 478
497 13 820 593 936
498 241 233 105 492
499 182 53 215 189
500 499 452 8 823
501 176 450 932 702
502 11 498 593 498
503 61 393 87 173
504 407 44 28 533
505 374 504 183 357
506 86 531 107 174
507 243 210 295 276
508 679 482 339 79
509 549 371 353 106
510 510 86 142 531
511 346 21 615 33
512 160 490 42 245
513 87 363 169 41
514 971 403 971 608
515 275 515 450 440
516 195 58 107 16
517 305 6 168 585
518 81 42 309 95
519 85 310 218 183
520 164 45 533 530
521 340 548 405 19
522 523 829 203 196
523 829 203 280 105
524 72 311 905 222
525 707 570 359 7
526 257 130 284 280
527 527 96 842 96
528 6 458 543 65
529 558 569 504 501
530 293 525 407 213
531 78 114 46 129
532 131 64 170 339
533 28 37 127 1
534 440 447 334 579
535 482 134 777 777
536 473 627 809 132
537 607 170 163 615
538 530 161 358 566
539 178 232 320 368
540 971 324 11 159
541 160 356 549 173
542 129 473 509 68
543 817 543 526 65
544 62 859 252 338
545 28 588 35 22
546 333 427 160 242
547 976 455 245 329
548 283 376 181 155
549 671 549 360 19
550 69 325 65 53
551 679 188 282 160
552 131 366 253 83
553 554 134 535 134
554 535 164 285 635
555 266 441 11 11
556 531 366 107 81
557 128 220 47 116
558 529 362 16 340
559 160 256 340 445
560 75 437 39 455
561 462 58 160 426
562 533 185 353 125
563 706 124 233 58
564 12 494 515 290
565 459 189 453 654
566 43 502 503 61
567 843 290 282 58
568 450 292 133 155
569 11 10 13 190
570 265 213 359 360
571 373 706 280 81
572 64 184 314 892
573 12 896 329 90
574 425 256 557 232
575 178 681 160 356
576 142 107 356 112
577 142 434 145 83
578 577 757 577 333
579 429 15 533 504
580 580 580 580 580
581 557 445 557 205
582 533 145 17 307
583 521 389 6 408
584 290 83 221 282
585 389 182 351 155
586 462 5 63 665
587 234 494 86 450
588 494 290 294 290
589 107 856 555 19
590 32 31 424 326
591 419 591 145 13
592 353 166 506 409
593 917 128 343 214
594 83 340 303 269
595 52 537 103 201
596 596 282 355 114
597 810 471 473 211
598 482 134 173 513
599 211 469 89 215
600 458 172 426 458
601 163 612 474 254
602 183 611 211 252
603 414 605 414 605
604 458 172 64 229
605 797 797 14 922
606 495 300 68 424
607 420 12 466 856
608 608 359 608 566
609 609 609 30 25
610 250 113 32 473
611 166 351 183 258
612 50 71 152 71
613 537 486 353 353
614 756 86 65 525
615 404 82 168 6
616 435 942 435 163
617 140 301 244 420
618 662 97 354 125
619 96 337 136 151
620 86 611 623 623
621 401 434 17 224
622 238 499 700 359
623 129 351 346 133
624 231 60 231 278
625 285 286 815 305
626 87 17 180 342
627 420 474 404 45
628 379 308 390 60
629 440 13 329 10
630 630 369 89 158
631 209 13 69 509
632 376 307 376 397
633 633 633 633 633
634 634 635 126 55
635 137 114 464 494
636 636 211 859 281
637 233 142 366 223
638 639 234 239 13
639 638 338 107 671
640 564 126 131 281
641 420 408 5 237
642 642 419 333 245
643 290 231 537 231
644 5 117 252 304
645 414 414 603 414
646 411 84 422 493
647 154 107 209 126
648 648 648 648 648
649 421 566 421 607
650 215 249 145 366
651 272 272 3 160
652 513 66 329 638
653 653 653 653 653
654 783 154 83 434
655 172 401 791 493
656 380 295 585 172
657 269 174 208 129
658 658 658 658 658
659 377 458 6 563
660 660 660 660 660
661 87 63 832 194
662 86 125 708 323
663 747 301 180 121
664 664 664 93 114
665 282 105 160 84
666 951 913 700 213
667 187 473 105 86
668 157 283 82 290
669 641 82 152 114
670 670 670 670 670
671 589 400 309 612
672 406 332 421 38
673 673 673 673 495
674 7 499 525 406
675 675 675 675 675
676 322 335 164 535
677 199 41 85 146
678 492 152 258 417
679 137 210 160 84
680 380 182 351 13
681 12 183 5 669
682 681 343 160 40
683 131 55 59 4
684 684 684 684 684
685 286 249 141 327
686 263 280 60 219
687 353 124 64 376
688 543 170 145 46
689 689 198 207 167
690 215 18 14 482
691 691 691 691 691
692 130 280 291 464
693 83 44 856 950
694 255 282 373 112
695 164 446 429 301
696 218 228 450 526
697 645 191 349 402
698 949 552 481 96
699 141 265 440 970
700 699 913 358 374
701 462 308 462 173
702 107 113 971 448
703 703 703 703 703
704 704 704 107 333
705 211 106 21 424
706 694 610 255 189
707 602 238 64 171
708 97 5 464 169
709 404 87 121 4
710 549 296 549 268
711 711 711 711 711
712 255 363 560 39
713 69 166 399 133
714 373 812 137 139
715 84 71 83 533
716 716 5 349 160
717 717 411 55 57
718 5 7 566 666
719 393 321 384 80
720 11 400 64 719
721 28 28 36 113
722 28 362 365 338
723 538 777 259 73
724 160 302 96 285
725 165 220 220 47
726 282 271 949 552
727 464 455 58 518
728 400 336 136 136
729 971 114 116 317
730 211 129 413 450
731 731 731 731 731
732 732 732 732 732
733 551 303 304 13
734 377 745 745 74
735 269 46 21 301
736 160 191 907 156
737 271 126 564 183
738 809 56 252 137
739 12 823 521 340
740 51 109 424 263
741 103 546 269 140
742 546 154 820 13
743 102 64 306 68
744 744 744 744 744
745 282 223 87 249
746 746 746 746 746
747 663 474 420 810
748 300 12 358 406
749 820 198 198 290
750 88 210 87 543
751 41 370 417 162
752 82 401 257 377
753 116 883 337 30
754 971 778 160 621
755 211 506 44 166
756 223 309 312 420
757 757 980 64 466
758 238 498 238 89
759 121 468 316 519
760 546 103 296 254
761 393 615 714 373
762 516 517 2 4
763 5 302 160 159
764 30 31 121 338
765 9 421 459 253
766 134 340 766 340
767 82 373 714 426
768 353 404 100 107
769 62 390 391 182
770 353 166 23 337
771 16 44 526 296
772 772 772 772 772
773 773 773 405 87
774 285 698 194 2
775 560 386 181 250
776 749 776 14 196
777 535 554 419 172
778 971 608 565 754
779 820 42 493 280
780 84 58 494 588
781 52 53 215 103
782 526 420 5 440
783 654 234 235 610
784 411 24 411 305
785 545 27 160 180
786 519 61 390 392
787 21 1 142 593
788 788 717 411 192
789 654 789 5 284
790 544 434 320 156
791 612 924 252 333
792 121 329 469 477
793 613 747 160 667
794 322 335 45 140
795 417 47 220 90
796 828 419 114 925
797 605 414 414 697
798 798 798 798 798
799 166 404 354 100
800 287 106 533 28
801 820 256 568 107
802 802 172 468 107
803 2 5 557 160
804 754 141 86 467
805 487 496 161 19
806 809 826 195 832
807 54 54 132 107
808 808 808 808 808
809 806 285 486 820
810 222 17 309 74
811 531 263 290 62
812 273 274 263 424
813 93 450 168 533
814 58 42 209 234
815 286 209 812 62
816 169 329 187 105
817 817 515 275 458
818 65 14 129 458
819 140 617 448 971
820 801 41 28 438
821 160 147 695 597
822 168 419 64 456
823 9 466 488 362
824 191 511 306 5
825 306 373 714 373
826 252 571 286 4
827 506 504 358 699
828 87 187 80 663
829 203 351 371 254
830 452 161 264 500
831 258 87 28 41
832 57 252 625 252
833 7 466 11 240
834 107 21 166 166
835 425 294 65 291
836 836 332 359 558
837 107 69 187 20
838 124 185 687 282
839 191 83 186 492
840 65 430 486 333
841 397 179 345 343
842 211 16 395 64
843 290 567 567 567
844 165 545 785 545
845 6 349 148 468
846 605 851 605 851
847 443 251 336 27
848 445 310 107 173
849 57 126 137 82
850 546 546 209 58
851 342 278 301 138
852 18 14 394 104
853 82 767 82 329
854 82 249 430 421
855 473 298 160 40
856 546 377 106 454
857 166 168 486 29
858 306 10 508 710
859 845 209 411 816
860 375 282 586 131
861 350 377 231 280
862 777 340 777 482
863 57 243 233 233
864 411 84 624 84
865 305 286 3 971
866 80 137 271 283
867 134 74 549 362
868 320 483 142 82
869 182 385 394 387
870 65 574 65 450
871 231 347 814 344
872 314 62 100 353
873 401 65 533 116
874 65 53 61 381
875 170 160 549 306
876 564 10 329 478
877 549 82 681 123
878 35 170 427 75
879 242 160 218 17
880 137 371 161 434
881 96 444 13 303
882 160 397 150 295
883 336 485 485 86
884 412 64 51 557
885 728 21 20 188
886 2 195 57 849
887 92 326 107 366
888 412 89 469 108
889 300 323 2 140
890 121 87 643 269
891 892 160 450 105
892 491 390 392 387
893 466 86 306 13
894 327 160 128 303
895 114 115 442 455
896 4 990 5 581
897 263 443 339 361
898 481 55 86 87
899 2 803 58 372
900 978 860 455 444
901 137 685 138 409
902 5 486 21 363
903 907 179 340 483
904 321 232 231 290
905 74 366 248 218
906 160 143 758 316
907 377 342 376 391
908 94 199 95 232
909 303 58 208 363
910 65 401 44 550
911 189 190 86 400
912 504 501 406 498
913 707 19 856 452
914 105 82 338 135
915 38 48 444 113
916 414 603 414 645
917 918 51 751 206
918 167 426 401 425
919 455 444 301 453
920 230 160 18 166
921 930 236 96 481
922 956 213 265 555
923 733 327 82 161
924 209 909 87 506
925 245 423 547 171
926 243 159 58 552
927 927 210 159 244
928 211 54 208 685
929 489 87 326 105
930 234 233 238 302
931 240 11 209 303
932 187 459 390 268
933 592 273 322 434
934 549 44 30 34
935 353 708 86 415
936 907 262 345 178
937 404 533 121 83
938 611 211 402 349
939 232 204 204 232
940 128 23 115 280
941 189 190 409 151
942 435 163 546 115
943 295 18 232 121
944 748 283 182 18
945 325 69 69 107
946 641 424 45 932
947 321 377 199 1
948 381 394 60 60
949 271 411 63 3
950 58 81 83 495
951 141 451 466 525
952 710 187 932 420
953 301 269 210 290
954 615 153 58 281
955 128 180 373 812
956 7 570 7 422
957 213 700 956 11
958 509 508 105 180
959 377 494 366 18
960 377 182 872 17
961 377 61 503 506
962 325 260 21 83
963 131 4 89 57
964 24 953 900 123
965 936 546 367 757
966 21 624 301 226
967 525 573 525 44
968 184 62 375 474
969 509 467 160 406
970 440 53 14 776
971 188 971 20 326
972 913 183 285 62
973 971 504 856 331
974 918 204 94 440
975 971 93 30 136
976 263 405 896 638
977 242 977 209 5
978 900 183 121 368
979 170 360 533 147
980 367 35 367 333
981 443 115 64 376
982 137 679 679 549
983 113 485 417 981
984 333 422 950 181
985 376 388 249 2
986 470 261 121 288
987 438 655 367 93
988 24 151 34 33
989 329 245 40 48
990 4 4 285 520
991 412 812 803 859
992 129 211 215 89
993 408 138 58 434
994 6 299 190 87
995 712 4 303 369
996 12 666 823 521
997 27 545 26 971
998 65 533 818 259
999 145 405 126 586
1000 232 292 611 938
1001 6 206 515 270
1002 560 66 469 211
1003 258 932 506 11
1004 55 738 481 132
