0 74 5 102 5 496 160 294 342 350 178 629
1 74 459 248 301 108 375 318 64 21 518 615
2 211 103 53 167 351 203 291 403 14 61 379
3 175 63 815 92 20 80 340 811 531 366 283
4 194 373 131 249 169 249 282 217 431 105 509
5 520 991 412 252 131 121 526 232 707 12 166
6 137 82 856 434 154 249 131 282 106 132 16
7 86 65 169 63 599 96 82 854 63 419 493
8 499 246 856 615 115 421 421 525 504 406 498
9 9 358 331 166 756 268 227 87 180 284 231
10 89 211 114 820 171 48 48 643 48 38 590
11 5 450 438 27 27 33 32 151 424 318 176
12 510 84 318 48 211 364 165 36 86 466 64
13 94 440 64 828 889 375 375 110 121 168 198
14 141 332 504 141 466 754 569 558 823 19 856
15 16 363 28 533 434 87 269 420 11 327 325
16 15 334 164 447 272 428 15 429 107 4 481
17 615 422 950 17 386 379 376 378 157 344 231
18 177 86 531 290 366 537 389 321 533 493 291
19 504 967 498 407 44 331 74 310 107 211 82
20 885 20 189 627 678 747 166 611 66 478 356
21 326 183 19 9 359 502 44 419 356 91 90
22 20 82 641 301 327 259 248 366 82 130 284
23 35 27 121 649 84 442 370 333 212 612 31
24 114 655 301 581 308 121 495 106 190 473 141
25 27 29 533 458 623 791 401 276 295 384 105
26 438 93 513 355 142 191 13 238 211 419 591
27 23 301 173 142 82 493 283 4 211 285 4
28 351 371 82 601 283 87 545 462 82 362 65
29 229 494 268 340 535 134 482 172 115 363 384
30 128 355 142 85 142 142 153 494 407 498 0
31 229 338 170 453 301 52 301 596 366 134 133
32 251 123 338 169 301 393 84 549 663 68 80
33 282 74 64 201 918 232 178 157 191 130 257
34 36 442 318 5 644 180 419 333 318 494 108
35 438 987 115 372 82 131 212 63 63 82 540
36 218 307 18 301 23 953 997 27 36 486 292
37 29 27 35 160 381 176 93 39 84 71 432
38 171 847 172 342 511 215 311 225 74 468 316
39 480 142 151 86 177 65 450 543 292 133 160
40 116 23 24 654 50 433 121 21 5 990 285
41 128 306 10 134 10 282 254 371 355 256 234
42 298 685 305 411 473 63 815 815 208 54 252
43 566 7 430 365 672 8 62 226 513 906 156
44 499 232 177 166 453 420 430 956 11 498 8
45 448 461 269 434 142 576 494 24 39 165 223
46 63 4 252 89 183 531 78 62 210 238 243
47 925 333 455 116 340 339 165 32 473 427 160
48 47 172 14 47 251 860 438 26 37 84 366
49 87 412 195 516 517 102 323 125 323 100 100
50 153 107 74 905 215 197 207 206 793 613 163
51 198 197 918 207 917 918 167 149 6 168 840
52 157 390 396 379 61 266 565 266 466 8 950
53 440 447 272 428 272 812 87 642 121 21 222
54 532 107 467 85 467 160 319 209 285 65 178
55 738 281 990 5 55 193 826 192 192 102 100
56 738 285 105 5 375 477 69 64 937 404 422
57 619 56 160 252 83 420 337 133 261 361 160
58 814 262 160 496 5 170 249 355 137 63 115
59 990 803 1001 194 56 56 698 698 4 431 70
60 250 181 104 549 877 160 464 114 229 198 258
61 60 393 282 129 221 317 366 223 73 331 459
62 253 405 62 506 166 662 185 97 768 353 828
63 208 408 58 115 900 168 231 537 315 495 46
64 325 420 83 812 298 549 299 700 498 710 418
65 401 457 401 424 153 424 356 283 104 368 82
66 111 84 270 419 253 607 87 253 283 363 422
67 108 375 89 924 89 62 141 496 487 487 452
68 62 83 290 515 562 533 147 107 820 464 165
69 306 409 785 409 418 314 363 121 365 351 1
70 152 269 272 429 335 45 371 169 135 160 170
71 217 121 222 82 468 730 730 211 48 338 900
72 259 86 855 299 298 137 252 159 241 963 83
73 218 166 165 483 820 166 376 6 3 323 98
74 317 389 377 351 296 250 376 122 342 346 168
75 437 336 339 29 116 317 73 309 905 311 223
76 114 155 351 161 496 602 61 440 435 435 440
77 78 160 91 375 475 375 80 137 481 281 859
78 419 199 1 549 747 971 179 121 168 491 816
79 226 483 13 286 211 481 685 138 58 304 57
80 105 87 211 552 54 438 900 251 62 226 0
81 550 667 187 146 226 314 106 210 424 337 511
82 116 32 30 337 245 417 409 23 151 62 366
83 63 803 195 859 121 375 756 42 226 309 120
84 83 243 412 738 685 412 884 884 412 2 138
85 820 256 531 556 556 483 94 204 196 201 776
86 424 113 478 143 329 671 107 212 69 480 66
87 333 77 282 255 607 255 152 458 494 128 917
88 271 272 651 506 856 932 147 85 142 418 13
89 238 62 480 106 72 524 72 163 612 356 612
90 160 181 395 107 80 169 211 419 128 734 695
91 306 373 528 64 455 375 258 357 105 105 233
92 818 549 356 486 318 442 444 300 2 114 340
93 647 221 248 372 70 71 209 273 140 617 448
94 593 955 94 95 820 143 83 17 546 850 199
95 94 776 196 167 201 201 121 338 114 976 976
96 37 37 37 29 473 211 255 545 785 13 590
97 185 52 53 394 381 390 368 1 280 204 201
98 97 100 708 107 19 422 269 333 423 301 225
99 708 768 101 768 371 404 372 86 196 200 201
100 86 17 393 473 549 268 419 183 367 106 287
101 380 157 296 390 308 182 499 374 499 232 120
102 4 301 93 39 34 434 69 671 356 357 454
103 379 320 434 363 186 226 301 368 112 368 376
104 157 851 157 393 308 320 65 197 201 95 917
105 215 440 172 133 403 526 425 562 65 526 257
106 20 537 7 555 161 405 221 317 389 60 280
107 28 165 30 136 820 13 576 13 113 64 601
108 300 160 441 213 9 358 9 510 492 165 129
109 51 593 128 220 215 103 342 345 61 379 295
110 478 62 68 663 460 249 462 308 160 880 282
111 258 142 896 169 96 338 160 333 443 590 13
112 112 66 338 82 543 493 434 474 121 152 50
113 971 232 971 608 804 754 11 92 678 274 272
114 36 27 438 6 429 428 335 579 592 46 271
115 172 214 460 462 272 290 129 600 458 397 869
116 337 135 339 160 478 486 29 151 82 209 601
117 118 461 140 139 160 150 378 17 212 283 63
118 420 355 256 142 263 16 81 486 303 302 115
119 470 271 481 698 285 457 440 970 820 483 727
120 0 103 157 351 157 378 103 14 368 841 397
121 543 493 142 667 533 63 55 86 143 484 572
122 347 215 187 87 909 87 963 87 280 183 543
123 123 180 615 427 17 441 12 856 430 83 589
124 101 768 434 572 939 232 501 44 121 345 61
125 15 128 169 212 404 254 23 23 421 649 44
126 55 2 211 305 208 155 183 705 425 526 495
127 435 793 316 420 351 363 128 295 16 255 932
128 363 364 351 231 466 12 7 529 720 266 466
129 405 748 564 748 460 129 106 303 58 81 160
130 82 401 526 296 389 64 212 462 212 249 153
131 83 372 107 254 210 365 81 283 308 438 411
132 599 481 809 859 59 4 625 252 238 0 1
133 62 151 28 116 336 92 96 437 361 48 333
134 372 48 417 455 411 57 56 845 211 281 6
135 31 35 486 48 36 107 417 494 539 79 86
136 338 35 14 93 204 205 93 39 133 10 339
137 209 599 63 564 10 405 456 405 365 106 183
138 3 281 698 57 107 493 483 142 217 71 162
139 164 273 269 300 169 434 282 256 306 113 426
140 46 446 579 321 368 275 86 662 300 329 480
141 266 500 506 529 498 466 720 529 922 7 7
142 86 368 395 295 18 309 297 341 311 69 260
143 160 857 191 179 394 381 344 349 180 62 63
144 212 212 114 165 545 28 367 338 170 495 360
145 333 153 82 555 44 473 767 114 340 342 156
146 18 797 18 215 211 269 447 690 447 498 441
147 342 41 30 251 32 33 409 457 238 241 233
148 434 128 143 18 53 199 174 175 288 758 758
149 6 128 209 63 41 204 6 397 368 86 191
150 181 172 457 562 498 533 204 350 191 148 0
151 82 63 473 211 214 214 593 142 589 589 607
152 74 905 316 17 153 615 412 138 137 46 533
153 160 506 141 573 7 365 114 362 356 256 473
154 105 152 147 644 5 306 107 2 1001 2 886
155 285 4 665 107 139 445 62 256 160 486 51
156 320 94 218 315 519 405 102 2 685 949 56
157 157 150 104 61 499 488 421 19 61 378 385
158 4 13 478 110 258 410 258 831 258 469 108
159 963 932 142 254 441 166 820 327 249 16 395
160 166 74 86 458 543 249 131 249 253 259 519
161 707 12 681 180 350 861 350 320 179 377 177
162 83 458 13 199 83 430 672 543 168 494 75
163 86 765 86 425 285 302 809 89 423 547 437
164 216 429 160 105 508 363 152 87 215 221 317
165 844 165 186 83 83 209 601 333 153 366 18
166 180 419 68 366 856 666 441 374 293 293 12
167 130 342 219 121 144 615 513 83 243 132 58
168 543 576 543 494 39 33 39 93 201 593 196
169 114 564 190 420 5 82 318 318 442 245 405
170 26 251 437 170 900 40 417 434 589 283 169
171 318 282 218 5 76 76 75 494 83 589 424
172 115 987 123 337 6 429 155 181 351 203 179
173 748 460 748 106 615 493 522 563 484 448 617
174 57 57 305 56 685 408 516 5 430 765 707
175 63 371 183 12 8 44 856 62 188 129 308
176 656 177 86 142 151 409 21 777 259 248 73
177 200 777 482 331 177 297 74 121 242 210 810
178 440 232 705 183 480 971 324 466 504 441 466
179 214 301 170 513 115 339 30 30 31 427 166
180 122 156 160 353 249 160 290 121 365 258 112
181 395 389 321 250 320 94 918 917 445 917 204
182 213 957 9 358 502 502 301 115 531 363 249
183 602 707 7 212 546 493 107 326 92 21 183
184 299 184 63 269 288 506 956 933 335 97 354
185 97 323 3 281 131 209 490 165 547 114 96
186 345 82 555 754 720 11 161 707 627 549 162
187 1 254 81 363 87 255 137 57 271 518 615
188 420 139 46 145 462 256 489 434 169 371 65
189 215 218 308 434 236 236 5 64 665 665 4
190 509 105 142 820 464 249 131 2 59 6 285
191 122 150 295 107 295 250 181 295 320 389 585
192 271 589 459 223 160 440 266 266 213 155 147
193 6 438 165 13 118 756 613 288 199 201 202
194 192 102 6 685 194 54 58 210 212 68 20
195 516 2 58 371 160 218 248 73 17 696 74
196 207 820 362 488 499 19 13 900 987 169 115
197 908 196 280 204 205 14 256 345 61 177 533
198 229 560 386 560 73 331 225 494 268 0 266
199 776 377 62 494 281 56 252 2 546 377 959
200 908 41 166 158 82 261 23 40 28 166 459
201 278 345 178 498 500 501 406 503 358 510 12
202 206 231 624 409 418 747 184 301 100 98 107
203 495 384 363 115 422 153 333 153 107 8 971
204 206 207 128 450 168 166 253 373 311 223 74
205 917 593 95 204 198 204 377 562 533 65 290
206 936 14 12 700 570 264 441 720 804 971 754
207 908 95 41 212 41 918 593 918 207 128 955
208 738 211 258 27 136 417 251 251 136 437 165
209 158 4 55 412 162 820 644 64 515 552 698
210 254 227 253 373 411 400 222 227 127 184 301
211 661 19 533 15 128 340 251 370 318 64 222
212 371 99 98 155 367 151 35 35 486 48 547
213 358 699 529 466 856 265 451 7 537 473 549
214 207 183 62 283 128 226 309 316 905 215 283
215 211 586 233 654 121 145 950 249 183 473 108
216 164 322 933 446 334 592 140 334 592 321 376
217 288 218 73 268 309 219 172 204 41 207 200
218 215 114 152 21 624 651 118 20 21 560 283
219 483 493 166 18 366 131 411 981 527 443 85
220 74 460 533 61 150 541 405 128 64 224 221
221 312 256 187 329 419 591 96 591 83 180 950
222 365 419 445 77 121 612 474 546 177 440 608
223 495 309 495 296 607 253 62 333 455 423 89
224 64 840 457 294 160 142 133 62 86 12 264
225 312 189 536 20 306 511 215 20 163 131 62
226 301 115 208 635 208 121 280 405 142 128 377
227 254 128 127 377 148 224 365 180 214 179 13
228 160 405 253 366 886 59 586 63 635 63 184
229 198 776 200 776 572 294 401 457 65 818 549
230 121 474 474 419 62 754 466 7 922 956 498
231 316 17 120 5 192 3 236 211 281 424 233
232 120 120 74 400 96 107 340 405 174 107 702
233 234 654 288 282 84 111 474 329 473 183 91
234 587 194 587 832 63 194 54 132 859 303 137
235 244 422 272 15 216 428 448 140 446 140 282
236 46 828 145 249 221 14 593 320 308 83 453
237 158 241 232 501 406 504 504 569 602 496 160
238 2 845 865 305 271 528 644 489 2 285 96
239 63 371 62 548 371 128 377 0 0 316 0
240 240 424 240 57 552 424 340 553 134 64 306
241 240 210 249 160 280 214 172 172 486 714 813
242 927 237 174 269 592 46 132 249 577 578 577
243 412 211 155 145 234 241 440 275 542 129 490
244 301 262 262 62 450 419 226 300 42 333 438
245 486 357 81 300 145 404 282 577 518 271 2
246 44 638 124 214 160 478 486 303 63 815 286
247 12 573 86 229 28 405 45 446 269 17 160
248 268 74 220 47 135 26 370 427 42 667 184
249 282 357 356 638 640 323 5 520 305 520 971
250 368 146 316 424 405 16 183 302 419 652 163
251 971 809 208 552 58 333 233 212 173 518 519
252 89 211 243 241 237 174 58 63 63 169 860
253 106 147 152 355 107 216 428 335 933 45 892
254 427 367 249 21 44 11 19 957 12 11 566
255 169 326 64 354 323 768 323 640 371 105 589
256 62 133 280 60 219 314 340 474 434 137 6
257 401 276 401 401 424 151 417 76 76 318 417
258 478 183 29 51 113 29 116 420 222 219 280
259 106 142 1 218 199 918 199 128 256 30 473
260 400 678 48 47 129 107 812 447 446 592 446
261 333 82 105 422 180 907 156 181 376 393 393
262 342 851 214 214 345 483 205 922 488 922 499
263 168 829 168 611 252 434 17 87 128 46 107
264 498 92 238 506 506 496 602 182 395 377 546
265 674 661 856 707 247 12 166 23 38 421 365
266 11 420 283 46 256 363 155 95 6 59 194
267 608 267 498 407 332 720 700 213 358 43 566
268 459 86 372 433 70 86 38 847 263 169 318
269 140 2 89 165 51 29 32 26 438 436 115
270 14 226 82 526 53 18 533 529 466 231 172
271 210 236 210 21 46 107 372 70 288 218 85
272 272 461 428 272 272 15 353 935 125 618 323
273 274 86 98 99 420 28 40 816 116 74 690
274 272 334 929 592 335 140 447 46 145 269 617
275 542 544 183 5 82 166 473 508 82 420 18
276 401 399 166 480 678 48 367 417 133 681 851
277 14 563 484 494 160 877 160 377 321 381 157
278 621 781 621 401 434 515 172 212 226 256 355
279 118 597 62 730 62 80 230 107 128 892 45
280 494 168 284 168 167 426 283 204 196 86 191
281 105 152 467 17 316 297 49 612 115 31 367
282 254 329 286 880 305 738 698 211 194 238 89
283 106 300 226 390 391 776 167 207 172 251 340
284 1 85 537 315 537 243 242 926 963 238 92
285 379 283 221 459 759 459 695 607 296 296 190
286 174 408 462 506 502 44 407 498 62 441 569
287 21 333 166 209 812 971 174 237 236 434 441
288 58 82 190 62 417 136 135 136 339 464 165
289 425 791 425 256 128 105 612 163 434 89 437
290 643 48 547 443 114 160 89 5 285 121 219
291 542 183 854 420 69 329 81 460 115 355 21
292 160 347 258 66 146 21 184 114 76 417 437
293 12 700 971 406 501 504 494 539 380 120 101
294 290 584 272 183 15 183 271 210 158 599 3
295 393 154 513 74 366 86 85 51 593 342 262
296 121 796 121 249 377 231 203 249 209 42 243
297 215 188 486 356 256 30 27 128 355 105 371
298 549 146 0 101 65 664 694 484 515 493 526
299 509 107 828 169 105 69 282 183 106 690 86
300 303 137 546 427 142 125 640 114 419 828 612
301 303 280 47 547 114 356 357 62 152 254 46
302 304 302 96 121 647 647 435 616 533 333 427
303 807 211 56 305 409 28 249 954 615 465 549
304 211 254 256 153 301 596 218 128 179 103 385
305 252 518 87 459 225 223 225 409 409 590 953
306 326 84 118 121 432 433 434 129 430 12 160
307 218 309 95 820 212 106 113 426 93 136 170
308 166 41 207 917 207 5 455 438 261 171 113
309 226 79 497 340 290 584 563 464 340 212 420
310 78 114 105 60 380 232 556 232 156 191 511
311 248 696 297 13 263 116 115 302 533 303 96
312 377 127 20 189 690 21 254 144 84 453 86
313 215 86 598 598 340 340 129 403 172 440 177
314 420 7 452 358 805 487 498 501 569 7 358
315 17 282 518 63 169 106 424 258 802 365 226
316 147 166 453 189 187 215 0 313 218 288 70
317 84 835 493 600 65 581 497 78 419 78 13
318 115 160 292 176 181 390 268 313 218 249 172
319 963 546 212 62 254 84 62 188 106 295 107
320 440 129 173 86 90 13 900 168 13 63 131
321 947 60 232 368 391 182 387 381 548 256 4
322 447 933 933 334 65 714 401 362 16 93 39
323 323 160 464 377 207 199 105 859 546 760 15
324 19 569 778 569 661 211 464 136 93 940 93
325 409 39 883 336 170 533 189 253 607 105 347
326 473 116 79 51 593 95 218 204 581 872 182
327 11 430 411 498 213 8 107 165 483 352 345
328 459 616 435 920 230 533 55 54 166 308 169
329 495 214 536 259 818 259 74 468 148 225 311
330 556 556 113 40 427 615 453 607 421 115 136
331 340 274 678 184 166 153 249 218 228 160 529
332 529 558 84 127 533 17 18 280 231 692 231
333 517 305 63 849 155 150 149 167 201 352 346
334 269 107 147 366 283 82 550 105 159 301 307
335 334 429 139 447 461 46 21 22 35 25 28
336 30 721 721 37 370 33 24 30 820 205 922
337 165 48 40 33 339 170 337 93 543 405 375
338 113 983 333 950 533 590 32 24 23 480 211
339 170 816 40 847 981 245 486 51 133 120 377
340 445 62 152 355 405 518 509 747 613 537 170
341 389 157 719 397 546 154 105 28 32 24 440
342 797 605 797 231 157 380 181 6 4 174 880
343 820 801 41 42 642 212 162 433 71 431 141
344 156 180 349 180 820 133 464 464 282 69 353
345 191 839 191 601 3 175 174 3 411 604 546
346 181 628 320 377 106 756 431 84 585 493 464
347 105 358 407 856 560 221 166 536 601 536 287
348 180 214 231 14 79 77 87 282 139 334 448
349 347 160 114 533 32 27 133 5 261 486 6
350 94 908 278 270 183 464 23 261 133 399 493
351 180 344 231 280 434 19 19 434 148 402 148
352 41 751 206 160 453 107 438 32 116 883 27
353 592 335 533 170 64 572 294 290 256 412 665
354 404 99 290 493 440 226 146 13 95 776 198
355 210 209 64 234 243 80 80 459 358 573 86
356 283 211 4 323 125 354 185 533 28 151 32
357 615 147 249 513 627 667 473 150 387 389 181
358 11 265 61 393 182 381 948 381 394 103 342
359 504 510 19 183 820 53 232 121 543 326 318
360 235 420 189 941 189 726 1 616 320 320 103
361 135 914 860 753 978 753 261 32 35 486 261
362 16 196 167 196 128 365 141 602 441 84 142
363 280 543 93 940 128 121 29 361 165 364 211
364 351 157 128 256 462 212 69 509 508 86 459
365 7 249 243 963 927 242 237 236 269 334 446
366 424 405 5 134 553 554 554 62 158 233 586
367 438 23 588 545 26 370 135 96 31 123 987
368 295 317 74 696 18 53 440 6 337 367 142
369 88 88 806 809 271 304 285 126 635 812 845
370 41 918 64 90 183 5 419 226 166 226 892
371 329 147 17 115 42 74 228 223 758 238 0
372 372 373 134 867 134 84 111 66 211 11 573
373 515 664 486 295 311 905 222 215 215 20 28
374 44 142 88 63 114 39 229 229 494 438 107
375 889 828 121 316 424 357 357 143 41 23 26
376 250 295 157 308 2 5 730 301 284 206 294
377 312 494 153 62 812 137 126 812 826 56 880
378 60 167 94 483 851 851 157 483 205 14 53
379 182 395 379 285 683 57 240 211 240 209 924
380 283 494 107 31 82 58 422 820 201 204 6
381 295 628 394 250 160 397 157 16 304 252 58
382 379 382 379 395 296 254 290 64 171 115 17
383 157 396 377 387 150 103 295 381 176 333 142
384 387 392 377 379 628 628 394 390 396 320 61
385 181 155 351 5 450 534 450 168 822 572 64
386 560 75 48 338 35 367 420 452 43 502 503
387 388 321 179 280 214 434 548 283 129 351 87
388 387 667 189 454 160 551 106 367 338 420 68
389 379 397 394 381 178 342 173 404 366 63 158
390 384 295 61 61 380 391 320 156 232 5 291
391 381 60 104 390 396 182 385 182 296 419 82
392 376 82 420 932 41 460 328 357 480 509 972
393 150 295 560 215 73 317 314 218 300 638 640
394 486 5 333 107 161 707 232 918 51 918 94
395 164 564 338 365 430 211 355 83 62 546 427
396 60 368 434 187 42 147 533 32 654 217 142
397 182 296 932 98 323 768 353 82 168 198 95
398 379 385 160 448 484 129 130 284 206 426 276
399 129 329 469 258 410 62 571 408 212 268 222
400 69 550 106 377 249 169 33 39 23 438 339
401 276 301 180 422 269 272 290 79 419 63 281
402 258 111 66 329 165 333 180 393 282 41 21
403 172 64 511 275 479 177 176 93 576 533 147
404 518 86 531 548 381 178 629 177 5 211 155
405 249 18 223 314 295 17 950 754 141 8 856
406 11 720 7 324 555 324 10 340 340 434 44
407 213 913 699 9 487 9 264 441 699 525 504
408 63 239 145 474 153 254 492 152 86 400 20
409 338 338 251 151 142 932 282 58 615 83 285
410 286 137 663 679 533 350 345 179 160 512 162
411 131 532 532 308 16 356 355 256 568 425 513
412 820 776 936 204 6 2 160 278 722 27 336
413 177 546 209 812 990 138 58 126 564 258 375
414 449 414 479 275 493 422 546 282 142 610 250
415 852 852 206 14 47 361 13 535 777 419 468
416 971 321 320 232 397 320 157 214 128 892 405
417 976 411 64 98 102 98 618 404 640 404 709
418 467 69 81 20 121 152 105 285 96 481 96
419 180 301 428 45 446 13 290 329 68 366 86
420 404 62 100 371 170 533 210 62 237 319 107
421 404 424 80 460 80 128 121 357 184 21 280
422 333 820 327 416 173 546 282 160 29 116 337
423 5 140 541 155 44 211 928 211 807 132 283
424 142 106 72 106 147 377 6 157 278 129 562
425 84 333 919 455 116 74 259 327 107 113 41
426 232 264 823 707 265 407 526 183 184 5 528
427 23 142 80 160 105 478 357 112 357 356 405
428 269 174 157 352 178 351 365 362 86 69 68
429 424 209 71 49 83 727 483 214 207 343 129
430 441 105 508 509 952 28 24 32 113 23 17
431 83 285 302 13 333 460 411 304 86 427 473
432 217 70 107 201 203 83 280 219 82 169 638
433 144 121 118 20 533 546 299 551 671 107 3
434 303 142 31 367 417 27 251 169 280 813 543
435 65 874 401 712 4 57 552 809 58 160 494
436 438 40 261 261 494 268 218 288 252 601 523
437 89 301 173 728 306 20 420 106 28 44 367
438 115 64 2 6 95 201 593 822 936 168 403
439 96 327 96 259 253 62 44 213 529 166 191
440 434 490 63 859 303 159 820 51 141 502 452
441 166 859 131 142 160 224 148 0 215 301 298
442 444 333 419 101 101 99 139 216 142 404 173
443 171 263 245 114 249 329 434 200 167 13 785
444 113 419 468 258 62 749 820 208 363 236 46
445 256 419 82 278 621 342 621 130 13 199 203
446 45 142 665 272 651 301 856 44 502 7 510
447 335 428 46 933 446 429 301 641 106 358 407
448 140 139 269 371 62 154 106 28 896 404 212
449 414 603 414 449 414 479 479 275 6 102 2
450 257 377 61 267 707 872 314 189 312 221 18
451 566 707 19 452 649 421 23 42 166 144 121
452 141 141 19 661 161 570 19 533 401 526 912
453 472 284 203 201 232 473 767 473 184 190 87
454 106 771 489 16 183 133 120 79 417 981 361
455 914 115 417 494 197 196 205 581 445 340 766
456 456 405 891 892 45 461 139 45 428 409 165
457 294 543 113 486 35 39 339 482 301 215 309
458 254 453 254 340 546 80 187 107 490 81 4
459 166 430 565 674 19 247 213 957 141 166 485
460 244 460 607 81 142 441 506 500 504 525 913
461 461 46 405 212 210 249 366 17 950 145 999
462 173 549 362 401 257 183 118 301 307 301 209
463 462 20 106 363 115 208 564 338 121 84 127
464 331 225 215 549 189 127 533 65 450 83 105
465 53 85 467 434 411 194 4 170 301 474 142
466 488 496 11 359 213 421 471 810 87 419 554
467 20 409 171 23 37 37 40 443 115 173 538
468 730 460 129 21 173 494 70 288 84 553 521
469 112 7 112 357 671 549 779 820 62 666 452
470 170 497 548 116 896 116 128 576 160 610 96
471 671 589 142 404 333 169 13 53 65 324 43
472 255 255 472 255 284 278 342 349 64 93 169
473 108 90 66 611 5 417 485 444 301 809 806
474 409 409 800 287 299 6 134 777 259 74 400
475 300 371 82 96 83 154 173 405 531 186 226
476 474 473 44 500 265 141 8 301 166 333 163
477 258 16 255 42 387 849 859 162 427 86 93
478 328 90 469 258 160 320 397 295 142 173 404
479 275 232 241 233 233 242 564 304 564 242 166
480 80 184 19 62 253 459 331 29 116 116 169
481 898 481 59 55 285 83 49 433 254 186 83
482 576 232 493 65 362 12 996 12 362 65 307
483 764 168 426 160 245 339 29 35 13 114 547
484 232 498 499 608 61 232 483 214 21 560 40
485 317 85 370 48 113 417 5 102 300 102 98
486 303 564 2 194 698 949 211 16 210 931 158
487 498 265 856 615 252 282 357 80 114 426 270
488 421 448 847 96 20 306 160 493 615 253 75
489 82 572 282 812 272 447 428 272 446 428 322
490 434 295 142 393 212 48 482 438 169 5 132
491 491 163 491 491 377 167 41 387 182 181 381
492 254 285 254 169 283 329 66 48 455 375 357
493 460 493 483 94 196 41 751 820 105 654 217
494 141 922 129 107 79 226 225 314 434 515 562
495 208 371 125 283 125 283 594 83 83 140 461
496 466 8 566 569 362 560 27 133 64 306 728
497 77 333 96 209 233 121 12 666 12 183 82
498 562 14 922 922 79 581 13 170 875 170 256
499 19 155 87 210 249 215 283 115 644 269 447
500 569 161 249 543 425 791 623 86 855 155 249
501 500 358 525 699 529 913 972 509 540 189 747
502 43 502 506 506 765 7 141 14 41 917 200
503 44 459 610 235 234 533 20 695 459 215 5
504 359 466 358 573 566 421 86 499 913 358 264
505 332 529 922 14 85 312 420 18 301 173 260
506 86 533 163 154 209 56 809 195 305 718 55
507 314 256 318 423 370 85 86 415 697 697 697
508 549 69 551 189 799 971 679 188 495 278 351
509 546 340 46 155 223 612 71 83 168 486 333
510 466 266 754 360 498 466 452 569 362 121 118
511 541 420 64 103 352 789 275 426 6 408 193
512 512 160 281 412 303 909 209 13 550 212 87
513 84 317 366 249 427 612 31 51 13 509 81
514 478 111 110 478 328 474 493 483 464 35 590
515 572 936 706 280 373 131 366 233 159 11 92
516 408 533 252 145 82 187 222 311 72 92 137
517 743 743 516 6 63 379 628 379 61 395 82
518 366 512 512 162 820 362 401 148 179 296 351
519 518 363 81 713 69 80 950 17 467 107 401
520 408 3 832 3 434 19 11 128 196 207 41
521 389 317 218 133 107 747 671 471 333 5 242
522 563 493 168 813 450 581 473 767 13 304 564
523 543 292 484 232 156 179 107 70 233 240 963
524 72 259 73 116 40 725 113 62 820 343 160
525 232 321 156 381 379 174 854 82 427 119 76
526 275 65 275 226 283 392 393 391 295 382 295
527 96 47 251 455 919 263 116 93 813 399 401
528 305 2 1001 3 886 2 4 552 481 58 372
529 913 560 27 301 314 295 717 788 788 717 106
530 92 520 160 129 438 6 316 146 17 62 12
531 212 183 5 21 278 722 278 114 363 114 405
532 17 340 217 142 62 262 122 656 176 178 575
533 406 505 62 12 293 44 44 672 160 318 442
534 450 534 813 714 413 168 491 490 149 349 321
535 777 69 287 494 113 925 114 420 666 823 264
536 166 249 141 666 661 121 357 106 671 411 116
537 403 377 388 150 82 168 936 706 290 356 142
538 733 551 106 242 13 497 811 531 165 420 180
539 380 377 734 284 6 562 6 349 349 122 168
540 82 215 187 256 304 57 619 96 338 165 550
541 764 314 434 450 377 458 275 86 82 104 283
542 172 115 492 166 146 226 546 367 170 485 333
543 292 493 14 368 82 252 82 422 42 74 254
544 105 607 533 581 409 29 27 37 86 459 253
545 462 82 41 41 370 41 114 105 81 509 190
546 144 546 44 360 971 321 296 389 379 16 46
547 133 531 300 121 1 106 582 582 62 131 481
548 203 548 121 226 390 390 390 321 579 272 409
549 550 68 420 13 343 129 308 494 438 440 226
550 107 99 121 296 60 376 160 474 84 432 433
551 303 170 251 30 424 210 494 210 208 285 285
552 63 58 304 806 304 87 166 105 129 21 777
553 84 209 236 363 249 388 150 389 389 486 129
554 29 26 24 33 35 486 48 252 303 356 13
555 466 720 804 608 529 496 498 529 466 912 504
556 464 455 171 114 896 169 932 129 546 377 495
557 445 45 216 164 139 429 46 128 940 93 108
558 324 63 41 105 569 707 602 496 602 182 719
559 559 142 932 86 143 758 61 301 199 51 908
560 1002 560 913 213 141 9 720 11 133 309 17
561 462 460 57 532 532 233 82 105 166 28 62
562 183 218 297 13 418 509 713 69 509 747 189
563 572 290 165 113 76 139 541 541 150 376 632
564 304 87 643 217 612 434 295 521 86 686 22
565 459 86 551 86 421 11 8 293 504 406 374
566 43 324 11 566 441 504 183 69 420 581 533
567 82 209 924 209 237 424 329 66 48 115 282
568 526 458 82 215 812 63 355 356 896 710 184
569 451 7 754 950 963 932 367 333 96 121 144
570 569 7 11 247 700 267 267 498 459 362 486
571 142 217 288 217 49 643 393 643 162 287 549
572 939 232 52 368 375 679 460 214 294 572 434
573 525 913 529 44 293 661 440 6 466 12 466
574 401 133 844 165 550 107 132 236 13 809 138
575 232 368 283 378 491 117 189 690 671 357 329
576 533 822 292 389 394 397 320 396 380 320 94
577 363 508 550 82 489 210 255 137 164 272 5
578 577 757 980 980 470 590 26 437 38 115 128
579 216 592 579 335 429 301 214 206 160 283 594
580 580 580 580 580 580 580 580 580 580 580 580
581 77 87 243 159 166 480 107 427 443 85 872
582 184 311 756 533 321 546 508 142 333 169 201
583 521 340 777 554 971 480 601 84 467 152 186
584 563 93 205 557 445 310 78 419 777 862 777
585 585 168 611 232 484 290 263 333 652 478 306
586 282 33 35 165 900 115 531 405 10 25 437
587 209 5 115 914 914 169 495 21 121 513 906
588 588 26 38 438 417 367 31 31 39 13 785
589 83 147 106 295 215 297 311 282 268 73 309
590 86 70 83 329 38 34 54 194 586 4 282
591 591 62 365 363 303 281 949 271 552 195 305
592 139 269 45 269 592 46 132 252 3 174 16
593 498 441 161 496 160 342 348 180 166 61 181
594 82 83 329 434 113 263 547 370 251 26 442
595 52 232 266 9 957 951 525 407 249 278 13
596 218 314 222 188 69 259 21 400 400 160 592
597 282 560 1002 560 474 333 627 62 269 932 489
598 84 493 142 105 74 438 263 424 256 450 172
599 63 366 758 223 311 74 226 513 21 367 419
600 133 367 39 38 29 301 298 551 69 81 166
601 404 233 115 280 42 387 296 256 355 121 355
602 707 465 465 83 458 129 62 84 288 296 495
603 414 414 415 852 851 907 262 342 13 409 428
604 411 981 48 333 442 114 83 812 46 371 249
605 797 797 18 103 232 1 147 366 443 339 123
606 495 228 314 301 810 420 115 208 236 96 23
607 243 412 809 411 537 178 65 457 562 498 359
608 267 674 506 500 44 555 265 957 9 823 358
609 609 609 30 133 116 136 455 39 494 328 328
610 610 250 741 103 215 222 1 74 221 268 223
611 389 537 781 52 377 150 381 344 377 961 377
612 791 493 280 706 124 98 124 640 98 102 5
613 619 5 133 11 602 213 957 700 19 293 374
614 613 793 316 268 248 549 276 276 426 93 51
615 318 114 531 365 209 174 15 929 933 956 430
616 1 84 144 144 434 856 533 322 46 81 21
617 448 429 301 263 114 367 438 135 115 421 471
618 523 493 84 467 189 222 106 828 107 532 56
619 89 3 371 106 184 551 671 480 142 610 255
620 620 290 143 820 918 593 155 145 183 5 115
621 149 344 180 277 284 180 468 162 253 121 651
622 238 239 238 758 143 548 78 420 450 419 169
623 84 510 8 301 963 612 147 435 435 127 128
624 231 60 150 191 645 697 321 384 181 280 290
625 412 552 13 461 272 461 15 929 140 139 140
626 87 325 409 418 188 282 577 366 86 106 189
627 473 855 473 427 153 211 138 698 305 281 63
628 389 376 385 82 783 654 233 88 54 665 63
629 177 94 955 593 917 200 160 882 166 191 64
630 369 304 16 305 949 809 160 329 90 66 90
631 159 927 210 166 529 502 11 434 81 287 536
632 376 150 393 107 532 520 121 58 832 160 183
633 633 633 633 633 633 633 633 633 633 633 633
634 635 2 13 171 590 24 24 31 367 757 980
635 137 880 949 271 209 107 236 319 243 87 518
636 211 89 919 981 417 437 26 30 169 89 132
637 233 174 254 74 331 340 474 340 62 554 971
638 210 183 329 303 235 210 269 424 100 592 273
639 639 638 124 706 280 14 289 280 82 81 356
640 564 63 518 771 16 258 932 212 191 349 349
641 641 333 145 142 254 367 35 464 444 84 474
642 121 125 100 434 46 748 182 104 549 184 115
643 290 184 129 211 612 612 115 421 13 655 183
644 296 212 859 58 62 417 32 32 339 361 133
645 231 289 231 730 231 262 377 103 283 395 295
646 211 54 194 586 2 252 302 455 211 333 441
647 435 440 241 238 210 169 129 562 129 176 231
648 648 648 648 648 648 648 648 648 648 648 648
649 84 87 64 51 261 160 375 89 5 120 120
650 215 812 174 815 208 58 434 412 281 552 518
651 624 461 15 592 216 446 13 164 388 388 157
652 478 121 654 333 96 455 170 115 282 820 160
653 653 653 653 653 653 653 653 653 653 653 653
654 340 531 116 79 166 146 146 183 419 14 181
655 167 165 531 165 486 285 131 82 340 282 356
656 352 346 160 539 178 61 380 61 181 869 376
657 269 236 107 180 350 533 435 160 85 147 695
658 658 658 658 658 658 658 658 658 658 658 658
659 659 377 207 820 167 292 129 278 493 909 493
660 660 660 660 660 660 660 660 660 660 660 660
661 363 188 671 690 107 429 461 819 139 209 131
662 86 572 86 233 237 319 158 209 56 610 235
663 137 107 206 149 157 64 395 557 917 196 16
664 425 835 789 5 236 241 498 74 226 128 474
665 4 552 57 859 57 305 880 685 685 4 138
666 166 430 160 493 422 19 499 533 168 35 169
667 473 298 536 184 162 612 282 375 90 469 411
668 157 6 644 115 812 447 62 169 29 964 29
669 669 420 453 82 186 856 466 362 362 81 671
670 670 670 670 670 670 670 670 670 670 670 670
671 356 62 263 444 361 31 932 174 2 208 63
672 406 407 525 407 141 500 525 729 971 430 441
673 495 218 549 371 355 115 208 812 3 256 83
674 265 7 360 235 158 4 712 255 421 258 476
675 675 675 675 675 675 675 675 675 675 675 675
676 447 429 166 351 364 433 372 87 304 599 208
677 434 506 332 529 44 9 487 332 505 43 43
678 747 142 474 91 143 166 160 132 82 179 320
679 68 142 828 87 107 429 461 592 334 274 272
680 380 65 600 65 92 65 818 549 356 564 174
681 851 483 473 471 84 582 971 416 327 820 100
682 191 256 362 81 82 151 494 268 756 597 142
683 411 516 517 192 132 489 434 180 249 460 169
684 684 684 684 684 684 684 684 684 684 684 684
685 194 411 698 194 5 57 408 845 303 351 172
686 245 333 28 283 271 54 438 30 51 28 420
687 353 434 282 271 209 160 45 46 137 6 2
688 543 129 585 544 183 526 257 278 420 188 459
689 689 689 198 207 207 94 294 203 280 373 197
690 671 249 424 183 63 131 366 173 233 474 143
691 691 691 691 691 691 691 691 691 691 691 691
692 231 656 177 601 283 63 490 186 31 338 136
693 366 518 209 240 243 132 249 159 931 927 237
694 493 422 82 283 153 856 823 19 666 951 525
695 597 301 147 142 80 357 474 932 340 134 10
696 307 114 83 19 183 218 196 41 166 347 349
697 414 443 981 361 13 214 180 82 395 387 667
698 281 859 271 209 242 233 87 63 57 54 438
699 506 494 86 83 253 162 252 84 494 662 300
700 332 406 505 525 65 197 143 469 478 514 478
701 462 546 352 160 346 820 208 133 142 249 80
702 107 490 165 113 38 592 929 164 592 273 271
703 703 703 703 703 703 703 703 703 703 703 703
704 107 932 253 237 6 458 13 444 438 340 867
705 211 138 86 163 422 17 177 905 309 225 223
706 124 99 101 96 113 83 533 40 27 121 419
707 602 365 183 145 533 342 348 349 64 229 229
708 708 371 300 183 493 909 303 129 464 455 48
709 404 412 991 859 366 163 86 21 520 164 533
710 747 663 533 473 32 367 546 508 299 287 80
711 711 711 711 711 711 711 711 711 711 711 711
712 995 712 255 366 820 232 501 406 466 720 529
713 69 434 69 10 366 160 424 695 106 480 211
714 62 125 185 124 82 44 19 11 430 421 498
715 799 166 133 403 813 172 114 464 169 121 147
716 5 53 18 160 20 695 597 411 263 30 82
717 295 290 295 389 628 181 321 394 389 157 103
718 55 160 68 474 13 339 427 339 136 169 30
719 719 395 379 321 295 181 6 184 129 346 345
720 213 182 61 301 180 615 144 615 180 130 351
721 30 41 333 283 282 269 334 933 46 548 62
722 28 212 431 71 217 50 48 560 282 45 62
723 126 138 54 411 96 336 27 48 38 409 447
724 338 424 295 383 181 541 139 447 446 429 166
725 96 119 96 123 438 437 26 27 545 34 30
726 160 200 201 200 206 546 906 156 181 628 181
727 483 178 629 440 542 275 526 840 168 568 1
728 535 728 92 65 426 130 82 296 607 695 695
729 525 466 141 107 597 118 183 318 615 474 477
730 468 224 17 87 190 549 190 459 218 128 254
731 731 731 731 731 731 731 731 731 731 731 731
732 732 732 732 732 732 732 732 732 732 732 732
733 825 723 551 189 695 85 820 856 405 758 366
734 172 128 495 62 216 446 448 484 64 445 82
735 140 644 296 494 39 27 172 61 264 9 141
736 62 423 301 68 306 549 667 549 800 409 457
737 737 271 209 107 54 949 949 55 481 63 809
738 55 698 59 160 826 160 809 54 305 815 286
739 82 186 272 6 515 94 206 776 198 200 206
740 82 567 843 290 283 300 748 256 357 13 333
741 179 179 60 296 103 250 61 166 147 105 450
742 546 255 545 29 438 26 170 816 411 88 304
743 102 323 300 10 971 554 62 338 485 443 820
744 744 744 744 744 744 744 744 744 744 744 744
745 282 690 366 443 527 527 5 132 532 131 963
746 746 746 746 746 746 746 746 746 746 746 746
747 82 87 258 365 21 129 544 133 206 290 291
748 283 82 210 638 124 300 419 531 254 17 654
749 776 917 776 908 918 917 206 160 113 361 136
750 88 57 286 532 162 427 212 411 867 134 523
751 6 206 284 472 471 421 23 31 165 107 834
752 121 215 434 515 168 434 10 327 10 329 20
753 116 40 318 183 91 112 474 477 469 96 263
754 62 41 200 65 324 565 608 11 700 247 707
755 211 698 131 160 400 589 589 434 320 61 166
756 166 143 328 560 221 218 85 443 527 976 547
757 757 757 980 367 280 405 424 356 69 80 340
758 288 283 58 880 2 489 434 199 917 95 918
759 121 130 936 232 1 548 340 339 30 51 29
760 15 211 582 62 174 854 183 513 422 393 378
761 393 295 397 458 494 107 8 86 427 261 261
762 516 517 743 516 411 305 59 826 59 481 6
763 763 763 763 763 763 5 820 143 121 253 405
764 541 209 166 82 104 376 295 393 615 404 932
765 498 430 856 265 451 558 9 332 407 332 359
766 340 777 482 64 142 105 180 121 326 173 513
767 121 71 217 160 541 249 3 46 283 129 418
768 404 687 107 237 963 319 209 11 506 288 654
769 559 282 222 85 86 10 160 342 147 473 581
770 353 82 63 371 101 768 99 937 640 937 99
771 145 142 427 31 256 345 352 41 42 226 82
772 772 772 772 772 772 772 772 772 772 772 772
773 773 773 773 405 304 806 304 455 58 42 329
774 285 685 481 13 476 108 155 420 810 520 286
775 560 518 509 13 351 231 440 426 568 426 121
776 14 482 777 134 867 411 809 481 208 481 286
777 69 311 223 758 424 424 86 165 75 560 810
778 160 2 300 45 139 137 22 22 137 87 212
779 146 316 726 316 420 312 222 810 520 685 64
780 84 442 478 328 143 548 106 106 189 188 69
781 621 160 292 82 546 129 600 493 153 513 490
782 82 373 184 63 158 233 62 18 143 758 366
783 420 362 81 362 498 11 106 495 203 105 128
784 784 784 411 286 138 126 173 533 520 195 809
785 545 133 337 339 34 339 28 114 168 900 987
786 407 43 407 502 8 661 87 474 38 847 47
787 21 160 611 6 285 65 206 214 94 974 87
788 717 295 398 379 384 80 105 431 152 114 263
789 275 276 426 425 714 813 458 420 138 57 532
790 544 257 342 147 329 114 63 854 420 434 180
791 401 621 149 349 5 133 52 397 537 268 549
792 121 166 210 533 88 750 88 57 54 59 63
793 435 533 435 160 321 162 643 48 486 35 32
794 335 124 51 143 42 21 364 363 169 495 83
795 417 76 333 113 232 60 384 105 329 42 87
796 828 121 426 167 13 326 533 32 37 26 13
797 605 414 443 437 26 370 333 212 162 45 15
798 798 798 798 798 798 798 798 798 798 798 798
799 715 799 447 46 271 252 738 424 100 708 599
800 549 694 290 531 86 457 238 499 452 529 922
801 41 14 203 548 106 548 459 473 550 667 533
802 256 445 366 234 930 238 252 419 351 182 103
803 4 193 160 361 263 442 423 121 329 405 283
804 498 496 560 215 549 306 733 825 723 538 733
805 487 466 912 765 44 7 913 358 765 44 529
806 304 809 285 62 312 62 548 249 255 419 789
807 132 62 541 15 362 480 564 263 547 981 171
808 808 808 808 808 808 808 808 808 808 808 808
809 59 63 194 137 371 107 366 229 721 721 30
810 471 84 111 84 121 432 84 18 258 477 329
811 531 116 32 417 30 409 504 8 86 310 309
812 950 266 500 266 533 461 216 269 87 64 149
813 450 568 526 280 515 484 86 206 292 160 320
814 344 200 176 232 484 936 129 93 133 120 232
815 92 530 249 121 137 880 174 237 159 233 121
816 816 860 330 74 42 128 209 140 617 618 404
817 515 664 401 714 494 121 615 546 233 86 203
818 259 248 73 106 365 137 138 685 738 63 81
819 140 447 812 102 4 174 520 991 859 281 564
820 950 754 971 190 459 328 375 469 5 41 85
821 163 422 115 914 470 261 367 44 249 329 434
822 292 953 822 563 584 290 357 64 302 438 33
823 566 451 161 44 892 405 828 419 154 533 371
824 191 346 180 84 492 144 186 162 654 121 308
825 733 923 825 923 733 306 329 286 126 56 126
826 192 195 826 6 232 611 450 600 129 256 351
827 506 9 266 324 121 152 212 191 352 345 157
828 5 207 94 196 86 69 282 221 280 282 21
829 203 83 163 821 163 546 2 96 304 599 708
830 452 9 359 359 213 11 11 754 804 11 661
831 258 90 64 323 353 185 354 185 124 708 353
832 102 101 380 157 321 377 215 221 537 189 1
833 62 45 828 160 336 92 728 5 128 367 420
834 107 3 107 137 20 329 4 121 236 242 926
835 401 873 425 289 482 483 128 377 659 377 203
836 813 129 351 95 93 407 466 374 406 374 505
837 107 3 845 865 56 13 371 768 371 533 408
838 45 211 89 375 411 481 4 121 362 466 504
839 377 1 224 64 379 378 296 61 380 680 380
840 5 669 641 748 62 77 87 215 222 160 454
841 869 181 321 377 214 211 84 77 82 225 86
842 96 481 271 152 115 340 329 363 188 189 434
843 567 843 290 515 177 18 155 236 233 147 233
844 971 26 171 976 455 981 361 27 27 48 427
845 89 619 56 619 89 64 95 128 483 377 384
846 846 605 851 851 575 149 575 149 6 140 139
847 423 76 76 417 30 764 331 223 221 215 66
848 340 218 310 272 546 509 107 357 249 388 378
849 155 520 138 160 401 121 651 511 215 650 215
850 199 419 14 168 280 289 180 87 69 325 64
851 350 822 464 129 62 518 445 160 498 538 326
852 18 420 53 280 142 256 548 434 612 50 162
853 82 173 434 187 146 183 229 119 229 37 127
854 174 685 252 480 494 438 562 515 122 376 295
855 473 183 188 710 509 183 42 492 83 591 145
856 212 152 492 678 480 508 10 256 165 186 363
857 301 81 303 571 137 183 366 249 671 187 21
858 306 366 44 8 466 856 506 13 306 511 215
859 845 2 896 173 748 222 106 62 314 218 315
860 116 152 105 77 557 51 128 143 142 129 280
861 350 377 395 377 342 277 203 95 51 114 303
862 777 482 438 169 363 21 253 333 283 182 18
863 57 411 174 411 949 54 138 809 412 281 286
864 411 986 470 116 47 220 68 62 98 353 935
865 305 683 305 494 12 573 452 499 246 247 661
866 96 57 859 254 296 377 61 368 376 18 280
867 340 934 163 106 358 332 498 441 12 8 566
868 5 440 215 187 1 255 419 290 822 53 199
869 182 181 383 181 320 60 172 585 706 86 318
870 401 430 11 92 530 293 362 28 133 113 434
871 231 74 317 307 307 872 307 85 537 268 19
872 74 254 58 333 280 196 204 200 344 344 200
873 401 276 401 600 813 515 533 269 84 533 187
874 425 425 426 956 426 403 221 116 183 371 365
875 170 27 953 590 953 28 44 300 2 571 288
876 564 748 82 338 165 434 159 240 160 526 13
877 28 533 29 40 245 455 251 27 883 339 339
878 27 438 64 64 68 183 172 207 200 776 377
879 242 160 474 950 249 221 42 495 460 215 747
880 308 6 362 661 12 12 365 310 74 152 355
881 96 263 338 900 170 427 75 427 119 470 367
882 160 676 160 23 421 448 484 168 291 493 180
883 339 261 48 75 165 816 860 169 306 160 3
884 412 665 64 106 83 365 338 160 292 515 94
885 21 363 518 183 460 170 16 187 518 187 932
886 59 303 62 498 496 359 699 504 8 265 661
887 92 260 20 462 463 463 462 121 828 107 36
888 412 552 271 211 420 285 129 426 129 30 367
889 300 106 356 256 83 44 649 466 213 720 707
890 890 890 890 890 121 427 333 180 262 100 102
891 892 891 405 438 89 301 209 131 212 48 981
892 314 165 116 39 38 28 151 116 121 254 285
893 971 444 263 232 176 176 333 263 976 361 367
894 327 486 362 473 87 489 929 429 46 269 473
895 333 355 152 434 417 895 114 340 165 847 40
896 892 114 767 114 486 172 419 87 300 158 240
897 263 300 283 249 661 252 194 54 107 506 160
898 898 230 282 163 615 249 377 284 749 167 205
899 2 89 89 809 138 305 285 271 273 13 39
900 168 203 196 200 918 776 391 182 320 349 644
901 137 249 180 352 483 342 593 155 128 16 379
902 5 291 543 493 283 221 107 932 303 236 96
903 907 851 377 918 51 93 361 981 171 590 533
904 321 388 182 103 123 455 411 308 532 131 373
905 309 268 313 313 295 376 841 397 381 379 380
906 156 180 62 749 284 749 284 292 450 426 183
907 156 160 87 258 249 548 256 152 365 351 278
908 922 129 115 128 820 171 301 368 395 424 483
909 183 13 489 300 434 420 494 86 222 256 557
910 65 291 294 425 425 129 283 46 434 243 233
911 189 147 377 228 342 346 105 180 70 494 283
912 504 466 504 161 107 63 236 235 963 86 100
913 525 967 504 502 9 971 93 260 10 366 474
914 860 338 987 339 339 987 123 302 88 304 57
915 38 31 170 212 422 166 152 258 16 404 896
916 414 415 414 697 5 517 305 138 54 138 409
917 206 200 562 202 198 485 84 229 31 338 337
918 232 275 426 956 498 65 324 10 971 448 847
919 443 333 142 84 624 231 180 86 765 720 406
920 435 920 435 942 95 183 108 190 494 308 438
921 285 286 6 3 194 4 305 483 320 947 60
922 488 499 358 525 406 498 710 710 184 129 187
923 733 440 840 426 168 28 256 14 181 280 572
924 303 520 532 175 288 333 609 333 279 118 209
925 263 426 232 266 754 510 8 971 700 238 236
926 159 440 542 256 160 520 89 271 323 323 300
927 159 927 159 927 926 210 158 931 599 96 46
928 211 455 113 527 424 69 166 147 85 309 317
929 140 160 467 971 361 165 135 338 338 123 987
930 158 236 252 269 932 142 44 183 203 201 107
931 931 5 763 763 763 763 5 269 301 20 183
932 249 84 305 738 271 859 849 63 114 154 419
933 446 429 155 541 162 190 494 576 232 120 17
934 268 221 314 301 89 285 552 949 56 859 121
935 353 434 97 640 99 708 323 6 193 411 57
936 907 377 249 2 64 66 211 481 809 301 35
937 640 323 323 84 555 19 184 68 424 106 117
938 611 419 714 419 789 93 493 572 533 530 538
939 350 822 280 362 249 255 254 453 745 282 62
940 93 78 160 283 368 397 295 18 221 18 225
941 189 287 68 366 758 288 104 388 61 181 172
942 95 6 611 66 66 328 460 147 233 124 908
943 295 331 856 44 549 104 250 113 86 38 409
944 748 182 150 295 424 109 424 401 542 458 568
945 409 409 506 498 569 362 430 462 211 518 183
946 641 424 483 172 130 122 376 393 380 321 384
947 947 394 376 6 64 456 405 518 366 65 334
948 381 379 389 320 389 103 741 741 741 103 394
949 252 285 457 232 275 60 250 1 568 168 263
950 266 720 332 358 525 498 200 344 349 13 476
951 213 141 332 971 430 83 23 87 282 401 664
952 81 108 190 459 177 218 221 248 366 184 188
953 27 417 96 13 949 13 177 64 527 333 288
954 154 147 473 269 84 305 174 126 635 4 13
955 955 936 232 321 60 390 438 436 437 417 62
956 506 827 506 13 484 822 484 822 822 494 281
957 700 441 566 608 754 62 362 129 127 20 519
958 509 958 509 299 298 812 373 134 84 70 431
959 377 120 218 201 86 163 612 272 272 140 5
960 377 160 18 533 147 233 460 233 233 434 173
961 377 342 851 350 180 107 329 329 300 97 371
962 958 962 958 509 508 480 405 161 667 184 311
963 58 431 4 4 162 412 625 4 408 56 4
964 29 62 74 482 521 217 132 243 507 243 930
965 936 130 13 2 517 6 195 738 285 806 89
966 21 314 283 758 316 495 739 82 80 287 184
967 498 777 134 340 179 296 390 250 321 250 166
968 299 855 473 489 21 459 29 21 118 83 180
969 184 86 121 367 81 607 243 375 477 69 409
970 51 375 889 300 312 256 133 346 133 464 23
971 452 360 169 290 14 35 121 160 189 582 184
972 913 972 509 287 20 462 173 300 102 832 412
973 971 29 32 29 455 48 38 23 38 13 199
974 87 495 329 147 269 657 269 474 422 21 106
975 971 235 252 845 6 458 64 290 263 160 450
976 361 135 438 470 753 119 229 494 377 278 365
977 242 132 118 300 434 411 988 24 34 545 133
978 165 165 170 537 460 225 460 473 189 818 189
979 170 424 308 390 391 60 392 182 61 182 499
980 261 980 261 27 25 29 229 338 437 438 440
981 361 29 545 37 39 480 405 102 300 68 400
982 137 252 183 301 170 434 353 160 820 593 377
983 114 655 513 642 642 642 642 121 15 353 640
984 333 115 38 24 39 93 473 187 679 482 79
985 376 181 384 157 345 178 413 562 160 393 947
986 411 126 6 949 59 2 211 473 280 556 14
987 816 40 34 35 121 51 100 107 544 813 836
988 411 271 285 412 991 859 153 404 212 173 154
989 989 329 249 489 105 371 121 543 183 714 401
990 1001 2 586 826 809 252 96 261 165 314 166
991 520 121 169 160 147 366 147 154 106 371 128
992 129 162 323 98 155 133 10 434 404 282 560
993 408 215 87 495 250 368 182 499 525 141 421
994 6 430 14 61 266 407 7 11 956 44 805
995 712 255 62 242 963 86 95 204 141 86 777
996 12 498 200 593 196 280 290 210 233 532 552
997 953 590 86 753 900 411 438 38 86 141 358
998 65 280 351 321 156 734 172 121 546 106 80
999 145 83 393 103 14 440 176 656 176 417 795
1000 918 377 95 776 95 197 215 218 248 366 820
1001 4 54 55 55 57 863 57 137 663 508 582
1002 560 1 187 300 662 371 283 372 283 63 473
1003 258 62 441 87 954 546 453 189 314 420 82
1004 55 2 86 662 323 768 371 249 283 61 498
0 74 5 102 5
1 450 292 167 122
2 283 365 114 847
3 57 683 285 286
4 102 832 408 3
5 207 13 489 771
6 252 107 55 107
7 511 7 546 30
8 672 7 62 314
9 421 249 602 249
10 13 361 31 31
11 327 820 256 312
12 266 441 121 233
13 167 168 900 860
14 86 425 401 712
15 448 971 216 216
16 157 395 424 125
17 309 549 64 133
18 103 104 549 362
19 166 422 427 82
20 520 55 58 54
21 46 82 115 83
22 301 368 391 182
23 249 21 375 477
24 169 123 900 860
25 27 38 113 338
26 171 339 116 183
27 24 32 34 28
28 877 155 44 533
29 169 136 169 252
30 38 86 103 526
31 96 13 95 41
32 35 23 26 590
33 13 418 409 23
34 24 30 263 47
35 486 410 286 174
36 165 115 280 60
37 36 21 137 254
38 474 160 431 70
39 31 186 82 747
40 847 919 114 609
41 474 258 143 121
42 128 179 295 128
43 498 765 7 922
44 21 560 48 976
45 45 445 13 526
46 405 161 300 2
47 443 26 113 361
48 27 172 130 401
49 71 84 510 12
50 84 87 17 363
51 751 167 936 14
52 537 459 221 17
53 420 137 209 244
54 174 80 473 299
55 411 89 63 252
56 3 665 411 283
57 532 552 131 281
58 57 4 126 56
59 859 160 245 96
60 420 7 421 496
61 434 768 935 100
62 454 82 468 224
63 329 258 27 23
64 157 345 180 347
65 776 391 182 157
66 90 86 687 185
67 160 105 184 190
68 667 68 92 370
69 108 90 143 484
70 71 83 932 597
71 432 121 665 3
72 163 643 269 546
73 311 297 0 221
74 460 211 599 96
75 75 48 560 363
76 485 318 84 142
77 82 172 346 105
78 424 132 434 329
79 116 123 302 809
80 16 187 365 564
81 4 425 294 280
82 93 168 114 533
83 62 210 238 0
84 467 460 116 655
85 370 427 431 372
86 151 31 165 64
87 351 371 212 371
88 411 304 82 252
89 845 59 481 599
90 162 404 152 84
91 108 375 357 301
92 723 733 551 21
93 443 427 165 420
94 377 960 377 181
95 377 365 152 132
96 326 118 420 190
97 353 106 560 775
98 62 467 17 107
99 371 81 63 211
100 937 404 422 154
101 98 100 97 300
102 102 743 516 2
103 393 378 103 395
104 250 320 533 106
105 474 950 17 316
106 169 860 165 251
107 541 107 82 540
108 469 329 28 365
109 51 128 365 223
110 84 115 753 470
111 84 77 87 325
112 368 104 388 379
113 177 223 74 482
114 290 822 292 389
115 493 522 523 457
116 473 44 569 570
117 491 340 173 160
118 132 106 80 431
119 165 170 81 188
120 101 0 5 726
121 86 393 434 210
122 377 1 979 316
123 122 347 61 264
124 97 97 97 101
125 125 371 256 234
126 286 738 303 302
127 189 255 256 51
128 355 282 35 160
129 611 5 284 257
130 692 130 278 363
131 532 532 552 54
132 282 124 139 139
133 405 115 546 212
134 553 86 445 5
135 370 361 115 422
136 116 38 34 34
137 114 212 393 321
138 54 2 252 89
139 209 420 669 615
140 174 209 237 240
141 754 360 498 160
142 338 263 925 47
143 166 577 375 154
144 121 228 17 62
145 249 231 177 177
146 21 184 301 284
147 173 342 199 301
148 401 129 198 200
149 278 292 172 123
150 301 140 46 932
151 40 409 38 258
152 186 533 435 160
153 256 221 560 316
154 820 53 18 133
155 615 17 160 826
156 181 386 393 391
157 61 14 284 179
158 137 298 106 771
159 440 447 272 428
160 210 295 386 295
161 160 250 1 221
162 432 121 458 168
163 533 262 342 345
164 174 305 57 96
165 550 187 932 82
166 48 847 40 339
167 128 167 182 320
168 544 450 129 11
169 333 485 423 438
170 419 848 445 366
171 455 116 136 160
172 82 548 143 480
173 22 137 329 208
174 812 217 71 431
175 3 252 107 170
176 292 168 121 121
177 905 311 905 309
178 166 4 194 1001
179 378 60 380 103
180 212 172 64 937
181 947 321 320 65
182 368 275 440 458
183 21 551 298 160
184 190 296 644 950
185 371 58 533 458
186 256 434 62 506
187 121 355 160 217
188 21 966 189 799
189 253 315 218 128
190 564 686 21 20
191 82 303 280 60
192 323 404 99 937
193 252 121 77 87
194 5 305 809 252
195 286 286 211 285
196 196 424 318 615
197 95 93 367 44
198 165 96 209 273
199 203 41 201 218
200 917 207 206 751
201 167 377 150 741
202 198 258 142 180
203 201 218 248 268
204 51 51 200 581
205 908 94 13 25
206 149 655 458 160
207 196 218 696 248
208 495 154 513 153
209 541 249 357 5
210 208 329 211 412
211 412 89 610 89
212 424 154 333 160
213 496 160 256 114
214 352 346 346 294
215 366 63 281 880
216 428 164 929 334
217 282 509 969 509
218 307 307 872 17
219 82 150 179 377
220 434 368 52 786
221 116 27 301 147
222 316 726 212 268
223 309 316 160 385
224 148 280 333 230
225 312 232 450 86
226 227 268 106 132
227 377 959 377 277
228 223 165 363 154
229 387 378 103 385
230 62 357 184 282
231 74 221 53 403
232 526 86 65 257
233 209 494 308 532
234 269 234 5 690
235 930 921 58 154
236 963 209 301 818
237 241 592 15 303
238 239 63 486 426
239 4 102 300 62
240 160 92 173 518
241 159 241 963 473
242 132 87 236 3
243 615 828 233 159
244 303 63 233 235
245 367 438 361 547
246 213 9 266 500
247 498 264 406 9
248 0 215 177 331
249 46 533 234 963
250 113 478 486 270
251 32 151 261 40
252 82 234 474 473
253 607 420 293 12
254 226 0 0 101
255 694 549 710 952
256 557 79 120 79
257 291 183 271 717
258 375 96 427 153
259 327 96 367 470
260 10 36 183 63
261 169 41 202 206
262 903 191 601 859
263 29 409 69 777
264 452 487 805 487
265 823 666 951 957
266 500 265 533 28
267 267 19 555 44
268 73 297 0 64
269 164 520 420 641
270 183 155 533 128
271 55 55 6 2
272 446 160 717 788
273 273 322 676 160
274 428 107 809 465
275 178 178 157 301
276 568 562 425 705
277 284 301 4 285
278 347 61 166 347
279 333 245 337 420
280 114 767 13 211
281 131 126 635 208
282 559 769 62 80
283 559 166 431 249
284 6 685 859 243
285 89 552 126 126
286 160 140 5 690
287 68 107 896 828
288 83 210 209 88
289 425 426 401 870
290 568 568 107 671
291 206 14 64 395
292 389 182 393 612
293 362 421 362 283
294 203 95 820 166
295 18 314 892 438
296 62 375 154 236
297 696 307 133 844
298 507 314 256 303
299 298 287 162 195
300 44 9 573 525
301 690 316 377 316
302 89 408 137 209
303 551 160 234 404
304 211 208 131 604
305 411 333 128 81
306 51 198 95 61
307 133 547 976 76
308 21 278 280 458
309 313 223 366 317
310 160 139 322 46
311 215 105 358 506
312 160 880 3 599
313 223 314 872 377
314 52 301 108 514
315 253 419 114 129
316 537 227 74 82
317 312 17 422 153
318 36 438 23 417
319 235 236 5 96
320 156 734 128 183
321 61 301 25 160
322 933 139 269 929
323 2 126 56 826
324 266 266 525 266
325 10 133 402 148
326 107 284 255 169
327 5 728 20 260
328 459 42 226 146
329 486 6 379 295
330 860 115 63 815
331 328 329 90 494
332 500 266 950 387
333 361 114 976 417
334 140 409 357 183
335 429 428 592 15
336 169 80 299 145
337 437 38 23 153
338 367 116 118 20
339 860 169 932 420
340 848 340 371 363
341 311 459 212 211
342 62 80 474 17
343 342 294 160 173
344 157 537 20 253
345 180 257 543 458
346 172 275 6 5
347 180 342 262 907
348 342 203 342 262
349 347 349 344 656
350 939 350 343 681
351 180 352 178 176
352 180 148 225 17
353 662 124 353 97
354 323 371 256 142
355 255 17 224 74
356 112 368 366 165
357 404 233 460 549
358 504 569 452 420
359 502 504 533 602
360 4 158 137 254
361 93 166 373 180
362 86 362 820 254
363 434 411 121 661
364 363 186 474 546
365 172 166 664 664
366 306 173 147 105
367 892 405 796 353
368 121 261 96 591
369 96 261 486 327
370 25 588 24 545
371 208 305 89 806
372 70 932 531 686
373 812 215 541 405
374 166 129 367 16
375 21 86 201 199
376 387 485 442 443
377 231 440 733 64
378 128 5 242 236
379 285 271 5 271
380 537 397 379 388
381 479 479 275 440
382 379 103 103 103
383 295 16 255 932
384 387 389 387 377
385 387 385 160 222
386 393 719 121 365
387 385 394 393 761
388 378 378 182 391
389 486 36 25 34
390 62 404 404 252
391 390 378 390 409
392 103 179 262 180
393 121 366 226 232
394 320 483 820 42
395 107 327 728 400
396 393 434 550 667
397 64 212 129 458
398 157 343 13 15
399 93 128 27 93
400 260 20 715 84
401 562 457 172 251
402 262 122 347 377
403 473 113 250 379
404 643 162 236 62
405 102 6 665 6
406 7 212 364 363
407 265 674 267 247
408 489 13 23 35
409 244 234 243 434
410 486 295 16 356
411 305 738 56 698
412 55 411 511 651
413 813 543 113 115
414 370 226 459 107
415 414 605 846 846
416 173 223 87 253
417 133 179 214 232
418 188 667 68 300
419 655 261 86 441
420 69 550 508 299
421 362 256 308 438
422 474 301 404 662
423 245 424 483 482
424 308 405 543 292
425 425 874 65 13
426 114 329 477 329
427 23 171 133 172
428 273 429 45 272
429 216 971 566 407
430 569 498 197 593
431 58 234 6 59
432 162 217 121 173
433 431 166 333 280
434 105 236 319 237
435 616 320 156 697
436 115 421 333 367
437 170 367 283 121
438 35 878 23 166
439 115 31 36 113
440 515 515 493 419
441 498 9 19 452
442 40 409 515 572
443 366 165 245 116
444 971 196 196 16
445 45 211 290 129
446 216 428 812 971
447 15 128 209 63
448 40 427 438 23
449 414 479 177 215
450 211 137 434 518
451 496 141 420 210
452 359 265 141 8
453 142 62 419 211
454 106 357 301 169
455 339 464 611 493
456 64 937 640 64
457 197 917 204 280
458 426 183 44 699
459 218 340 134 554
460 23 31 36 318
461 819 273 216 461
462 106 142 163 652
463 462 462 249 210
464 291 543 65 870
465 519 20 520 137
466 265 533 350 345
467 81 146 316 121
468 180 84 326 420
469 411 54 412 102
470 116 464 847 96
471 170 81 81 44
472 610 89 552 809
473 767 13 327 400
474 38 24 545 29
475 375 474 932 474
476 108 509 549 221
477 478 514 108 300
478 469 90 258 111
479 479 381 61 434
480 121 77 84 471
481 599 242 927 158
482 598 340 342 468
483 851 180 533 188
484 484 936 204 206
485 336 115 473 121
486 81 478 66 160
487 213 498 11 611
488 922 141 506 44
489 64 840 65 440
490 160 539 77 811
491 170 434 471 472
492 152 366 165 48
493 563 936 232 178
494 464 280 221 317
495 671 253 227 87
496 83 496 529 699
497 13 137 298 42
498 267 661 12 494
499 913 972 913 525
500 506 141 213 12
501 176 413 200 196
502 141 473 184 63
503 61 301 132 58
504 533 562 654 340
505 43 358 65 409
506 288 269 644 140
507 243 820 167 453
508 10 971 506 166
509 509 546 221 310
510 8 502 504 409
511 949 685 59 285
512 155 615 333 166
513 272 290 211 11
514 66 375 340 166
515 409 33 443 427
516 102 832 59 586
517 2 896 375 143
518 533 322 335 274
519 786 465 809 58
520 812 57 610 96
521 482 331 340 564
522 493 107 338 62
523 601 252 427 422
524 72 259 777 733
525 247 506 362 7
526 14 390 103 546
527 333 212 129 308
528 644 140 83 153
529 362 546 233 101
530 249 201 200 94
531 186 533 266 358
532 63 128 14 593
533 63 254 180 810
534 544 168 615 84
535 728 173 233 237
536 214 345 214 284
537 231 351 172 515
538 173 301 856 246
539 178 157 681 191
540 86 132 62 329
541 181 393 380 61
542 172 377 321 250
543 576 494 290 145
544 434 214 483 352
545 36 165 914 251
546 145 950 23 41
547 361 370 116 883
548 256 493 422 248
549 778 971 2 89
550 508 533 17 282
551 663 137 13 179
552 271 131 58 254
553 482 419 828 889
554 340 325 13 333
555 11 358 8 498
556 232 266 265 440
557 128 533 121 115
558 529 9 720 765
559 559 160 252 114
560 276 426 285 105
561 462 411 115 340
562 129 548 497 548
563 272 309 495 641
564 304 88 58 160
565 754 804 754 62
566 573 44 525 44
567 290 231 377 562
568 290 706 124 908
569 359 700 720 11
570 707 86 98 768
571 303 365 212 172
572 167 95 60 283
573 9 358 498 62
574 401 426 232 358
575 206 214 343 820
576 232 705 450 228
577 283 282 74 248
578 577 282 84 180
579 38 370 116 23
580 580 580 580 580
581 101 102 102 192
582 189 187 87 654
583 521 823 856 720
584 290 211 57 3
585 585 84 71 217
586 126 4 635 520
587 2 5 859 131
588 206 820 362 488
589 400 509 418 183
590 165 914 135 62
591 591 96 370 115
592 335 429 15 428
593 936 14 130 426
594 283 601 405 548
595 52 781 537 268
596 596 301 18 258
597 810 393 62 494
598 482 228 172 295
599 208 481 286 880
600 813 93 172 168
601 64 2 738 208
602 182 103 232 526
603 414 605 797 605
604 411 308 169 30
605 414 449 414 414
606 495 249 533 302
607 471 473 68 287
608 267 161 87 236
609 609 333 302 88
610 420 28 375 477
611 211 117 5 902
612 272 274 140 541
613 243 271 13 655
614 742 614 613 127
615 747 550 44 424
616 435 160 17 87
617 448 592 124 214
618 820 13 4 738
619 96 92 96 89
620 290 822 953 845
621 518 82 30 229
622 238 209 494 209
623 450 340 143 820
624 491 378 295 62
625 252 174 107 568
626 87 211 646 211
627 420 19 13 356
628 320 381 342 340
629 177 479 479 479
630 369 160 264 533
631 631 631 209 84
632 632 376 380 321
633 633 633 633 633
634 634 635 4 55
635 126 300 46 249
636 636 211 103 296
637 234 159 160 329
638 210 513 92 678
639 209 564 303 252
640 640 564 174 812
641 163 459 560 775
642 121 190 62 283
643 49 71 152 186
644 64 859 147 269
645 231 621 301 857
646 211 16 196 280
647 434 172 464 133
648 648 648 648 648
649 452 498 777 340
650 215 511 306 173
651 427 153 58 243
652 333 115 105 506
653 653 653 653 653
654 153 115 152 21
655 513 92 728 411
656 149 64 572 434
657 269 579 164 13
658 658 658 658 658
659 377 483 377 157
660 660 660 660 660
661 44 360 452 9
662 366 105 255 256
663 508 473 187 329
664 515 122 351 518
665 175 58 174 971
666 452 569 566 141
667 142 23 135 914
668 157 214 377 745
669 930 921 880 281
670 670 670 670 670
671 187 434 367 62
672 44 913 950 181
673 495 170 170 337
674 674 19 9 452
675 675 675 675 675
676 428 592 448 164
677 199 197 128 35
678 480 80 187 533
679 375 375 142 211
680 380 177 146 299
681 214 166 147 513
682 191 156 349 349
683 131 209 159 11
684 684 684 684 684
685 990 4 412 162
686 22 301 155 154
687 282 812 209 543
688 543 813 93 714
689 689 198 593 936
690 189 627 707 661
691 691 691 691 691
692 231 936 965 936
693 121 30 34 24
694 290 64 2 886
695 85 226 340 280
696 18 201 133 400
697 321 157 398 377
698 305 210 128 667
699 506 699 699 506
700 238 499 501 160
701 462 513 183 91
702 932 174 408 993
703 703 703 703 703
704 107 859 303 137
705 401 705 401 129
706 290 563 93 201
707 359 558 213 441
708 82 767 114 255
709 353 486 389 321
710 184 187 82 450
711 711 711 711 711
712 255 284 203 83
713 69 550 187 106
714 62 591 419 367
715 69 86 128 121
716 716 5 285 96
717 160 380 61 503
718 281 281 164 929
719 157 6 544 6
720 608 720 498 11
721 229 177 601 422
722 28 93 82 314
723 551 189 460 170
724 160 310 932 303
725 486 426 840 840
726 612 152 116 263
727 483 320 391 60
728 10 535 728 92
729 525 332 407 266
730 160 450 600 65
731 731 731 731 731
732 732 732 732 732
733 733 306 81 46
734 280 47 417 423
735 461 448 139 274
736 107 314 255 105
737 271 481 211 3
738 5 611 129 211
739 82 133 232 515
740 51 41 601 233
741 103 389 283 230
742 166 513 66 513
743 517 195 3 137
744 744 744 744 744
745 282 434 210 303
746 746 746 746 746
747 301 321 392 528
748 932 340 134 84
749 776 391 390 526
750 88 129 484 448
751 206 346 352 191
752 121 513 642 83
753 978 900 251 417
754 44 62 21 966
755 211 215 411 698
756 106 254 186 272
757 577 283 560 215
758 143 82 173 892
759 121 137 138 412
760 15 592 447 448
761 393 950 23 932
762 516 411 308 6
763 5 728 92 457
764 211 66 64 492
765 293 498 51 206
766 521 554 553 554
767 13 420 115 753
768 98 99 185 98
769 107 280 377 344
770 353 662 100 51
771 106 183 272 290
772 772 772 772 772
773 773 405 288 405
774 285 211 45 269
775 560 922 205 922
776 206 207 183 411
777 259 86 7 407
778 160 320 295 162
779 820 254 28 588
780 84 624 13 38
781 537 231 289 231
782 82 338 860 438
783 424 74 87 453
784 411 481 208 126
785 409 338 438 417
786 189 941 189 314
787 21 62 811 84
788 717 271 589 283
789 168 829 168 611
790 544 820 136 169
791 493 160 85 74
792 121 116 170 470
793 613 243 166 17
794 335 592 446 461
795 417 442 981 847
796 353 142 216 140
797 18 104 388 249
798 798 798 798 798
799 447 409 135 93
800 409 10 36 82
801 820 165 337 165
802 256 81 80 184
803 1001 6 59 859
804 720 213 496 560
805 44 28 38 116
806 304 252 162 295
807 54 4 96 135
808 808 808 808 808
809 160 453 472 284
810 180 212 68 509
811 28 34 438 32
812 601 166 133 64
813 440 280 256 21
814 52 52 61 602
815 194 411 261 31
816 170 442 333 180
817 543 542 275 178
818 301 138 685 193
819 273 83 121 131
820 464 249 87 153
821 160 113 62 666
822 484 292 950 533
823 558 9 823 661
824 191 179 295 486
825 923 923 733 64
826 54 56 619 613
827 506 87 434 19
828 353 185 124 640
829 523 522 493 142
830 452 359 754 971
831 258 490 258 417
832 102 192 102 516
833 833 62 283 104
834 107 820 918 776
835 425 4 431 152
836 523 387 377 390
837 837 837 107 748
838 45 424 527 114
839 377 177 629 177
840 526 221 223 155
841 368 393 393 62
842 211 209 83 203
843 290 129 600 65
844 165 35 338 96
845 953 28 27 721
846 846 846 846 846
847 448 216 274 46
848 419 170 282 74
849 63 272 334 448
850 546 147 1 0
851 342 199 205 557
852 18 85 537 315
853 82 279 279 118
854 252 932 237 159
855 473 188 189 667
856 956 183 19 141
857 301 228 301 170
858 306 509 480 509
859 601 494 448 107
860 251 40 448 494
861 350 377 215 220
862 777 340 179 231
863 57 240 424 434
864 411 88 142 46
865 412 552 89 96
866 411 506 674 265
867 411 809 174 121
868 5 763 5 99
869 841 719 121 426
870 425 90 474 424
871 231 347 278 351
872 232 284 167 206
873 425 130 776 917
874 65 483 340 521
875 170 38 258 18
876 564 303 283 60
877 155 101 185 124
878 23 31 186 450
879 242 879 242 233
880 281 552 949 552
881 96 367 82 219
882 160 621 278 168
883 27 31 427 473
884 412 162 482 74
885 728 92 530 11
886 665 142 263 333
887 885 887 885 106
888 412 921 6 299
889 405 419 419 932
890 890 121 29 165
891 405 162 405 371
892 226 419 329 114
893 466 500 44 500
894 327 21 1 142
895 114 80 107 963
896 368 390 391 391
897 263 96 847 263
898 230 420 312 309
899 2 107 702 107
900 464 165 486 327
901 137 665 886 273
902 5 464 900 900
903 262 344 149 575
904 321 483 128 908
905 905 215 255 46
906 533 282 139 166
907 907 179 262 100
908 124 429 334 446
909 546 513 87 333
910 65 377 231 526
911 189 710 549 467
912 499 440 368 112
913 700 358 73 756
914 116 165 35 367
915 38 437 39 339
916 414 916 414 645
917 51 280 556 556
918 207 95 122 167
919 847 263 318 183
920 230 366 74 120
921 138 412 89 806
922 499 232 5 362
923 326 82 184 314
924 96 23 249 747
925 417 113 494 68
926 234 242 240 160
927 242 96 439 96
928 211 290 531 405
929 579 334 272 461
930 234 233 107 47
931 599 209 5 419
932 576 129 188 533
933 334 933 592 100
934 268 221 82 50
935 100 768 323 97
936 935 100 51 165
937 640 97 98 708
938 611 5 438 34
939 232 121 546 909
940 93 172 249 541
941 189 187 459 166
942 435 65 362 133
943 295 393 321 38
944 748 932 3 174
945 325 325 508 69
946 641 106 717 788
947 181 628 394 320
948 381 295 396 321
949 131 532 308 83
950 913 506 462 21
951 213 957 700 913
952 28 438 588 600
953 822 572 86 14
954 107 162 249 169
955 128 211 842 211
956 700 358 501 358
957 951 913 525 11
958 509 306 434 518
959 377 163 333 87
960 377 129 173 86
961 377 148 179 820
962 325 5 96 91
963 950 55 131 305
964 40 816 437 336
965 936 955 593 14
966 189 941 189 312
967 44 486 82 210
968 968 184 69 86
969 509 306 478 325
970 128 152 105 161
971 470 590 533 87
972 509 667 627 627
973 971 2 586 4
974 820 82 854 174
975 971 174 971 520
976 417 971 488 496
977 977 977 209 271
978 900 165 75 48
979 979 979 1 17
980 655 458 789 168
981 113 367 283 371
982 137 3 6 181
983 333 518 405 274
984 333 847 205 908
985 376 385 182 157
986 470 271 285 164
987 900 183 695 317
988 411 816 151 361
989 989 91 258 417
990 812 880 57 56
991 812 252 427 339
992 129 353 99 100
993 408 252 949 59
994 6 859 366 10
995 712 401 160 529
996 12 666 19 155
997 953 301 45 160
998 65 352 681 278
999 145 234 145 828
1000 206 201 533 525
1001 194 192 412 411
1002 560 40 40 417
1003 258 142 1 85
1004 55 63 481 286
