0 120 333 113 971 754 608 213 332 720 720 856
1 254 433 432 433 432 84 71 393 932 586 58
2 5 438 438 86 98 125 86 131 832 4 434
3 6 327 160 190 16 15 140 45 812 57 56
4 158 638 126 55 63 552 281 6 195 59 54
5 438 361 13 550 19 506 407 406 43 566 141
6 234 282 478 160 576 295 103 157 214 157 130
7 529 332 406 506 358 504 499 406 672 359 502
8 7 212 145 58 55 160 143 197 593 434 256
9 957 569 8 569 500 7 666 661 44 83 329
10 160 78 581 205 557 51 199 53 440 562 714
11 406 407 525 856 720 707 9 957 700 956 922
12 7 674 9 19 661 674 565 12 573 7 11
13 552 55 56 532 308 376 64 323 124 404 62
14 403 526 426 93 306 728 92 434 191 346 206
15 16 63 278 13 443 366 121 71 288 282 405
16 379 104 104 395 83 431 431 249 365 184 969
17 82 214 284 296 212 183 106 287 81 21 17
18 0 221 248 372 134 173 134 5 738 54 56
19 183 353 404 160 41 593 14 167 340 473 150
20 86 450 377 382 157 180 231 645 231 280 280
21 10 508 189 911 189 551 160 526 53 18 120
22 686 114 81 141 232 263 113 165 550 434 489
23 107 129 214 231 730 64 21 333 609 609 114
24 34 32 35 31 31 282 480 66 984 333 329
25 10 121 168 403 426 113 51 593 776 200 65
26 25 35 434 280 280 62 518 63 854 285 6
27 30 30 128 15 335 334 15 429 46 63 820
28 365 63 162 71 49 217 340 17 42 133 544
29 35 151 361 27 13 78 497 78 93 438 470
30 82 199 53 85 146 166 141 421 566 7 44
31 51 198 167 434 236 96 100 102 3 194 58
32 40 29 13 552 271 305 411 304 455 455 302
33 590 23 40 47 339 818 259 74 331 362 121
34 30 31 198 95 123 820 114 919 976 527 48
35 128 333 283 63 718 55 160 153 427 62 100
36 127 130 167 198 5 198 229 494 226 419 84
37 37 590 38 37 39 37 96 337 136 336 170
38 25 10 405 288 83 141 246 213 496 362 6
39 23 113 76 245 405 42 129 486 6 738 303
40 261 339 135 455 251 338 66 480 86 106 551
41 63 82 166 133 337 5 272 6 290 65 14
42 106 169 89 165 229 39 229 338 365 303 845
43 569 9 500 406 533 582 62 666 166 441 360
44 155 284 301 4 803 4 211 990 408 516 195
45 271 737 737 737 737 271 859 211 636 211 481
46 236 211 571 2 333 279 333 473 459 21 44
47 26 113 169 115 87 615 714 183 278 106 188
48 38 86 687 353 106 365 353 323 100 300 828
49 433 84 70 433 121 752 84 229 169 419 526
50 612 173 325 962 325 325 549 779 549 274 424
51 112 51 409 272 183 602 362 486 82 212 357
52 377 546 144 212 63 210 424 45 533 168 47
53 103 394 393 86 236 87 41 95 129 210 434
54 949 305 243 159 235 303 303 57 286 880 138
55 55 4 166 74 482 301 446 335 461 46 169
56 698 56 2 132 211 489 405 856 366 74 260
57 252 304 211 194 281 160 251 115 31 282 880
58 142 165 41 280 170 303 665 54 252 654 234
59 812 932 253 80 121 80 480 66 91 89 252
60 105 48 442 84 654 249 421 249 357 142 480
61 295 314 21 64 11 365 353 86 177 60 231
62 15 62 494 747 69 81 460 81 114 184 549
63 880 63 281 845 183 207 820 654 783 16 258
64 62 426 206 307 588 23 820 13 349 321 381
65 568 130 280 83 223 228 253 373 106 300 531
66 112 84 58 249 283 166 12 498 86 223 177
67 549 276 276 276 276 549 146 85 18 232 608
68 184 419 101 354 404 87 77 282 248 268 421
69 190 549 6 140 644 489 771 145 21 36 25
70 212 408 533 460 467 20 459 362 420 810 210
71 70 431 84 336 560 48 444 442 36 30 38
72 21 301 856 452 360 971 452 499 332 487 9
73 248 317 310 309 297 218 482 133 181 280 813
74 106 133 42 160 78 581 51 371 125 142 226
75 261 455 847 417 443 423 438 892 896 173 87
76 981 113 426 457 92 238 64 106 748 118 461
77 79 290 108 90 64 445 45 335 274 45 933
78 93 128 11 358 525 525 573 44 21 287 162
79 557 83 333 23 409 190 409 325 69 299 81
80 183 338 183 19 247 700 699 602 699 358 504
81 303 365 62 183 137 62 35 953 699 406 500
82 367 23 170 169 326 86 425 621 301 340 251
83 513 747 105 771 106 367 48 361 25 160 458
84 582 189 533 186 62 153 859 249 419 161 441
85 726 121 86 67 533 204 776 65 294 493 82
86 107 418 183 95 13 35 27 31 23 41 123
87 448 45 424 337 337 82 548 1 495 250 320
88 129 585 706 86 138 63 486 295 84 252 249
89 76 119 980 427 142 107 326 318 318 426 86
90 143 121 647 256 63 365 169 28 339 167 515
91 329 169 326 118 607 537 259 327 6 308 74
92 400 215 717 459 331 615 820 205 199 201 103
93 971 470 119 470 590 38 28 892 44 546 362
94 294 65 107 212 411 84 249 541 155 208 126
95 200 51 28 26 165 482 423 160 799 971 608
96 135 13 12 166 83 212 83 42 44 300 209
97 371 98 107 856 331 295 103 393 381 548 82
98 13 118 20 533 105 493 932 420 133 557 128
99 101 102 100 708 124 323 3 271 552 126 285
100 101 131 481 949 511 284 130 160 526 275 123
101 100 97 124 706 124 51 593 199 399 440 368
102 405 283 187 679 187 1 221 215 255 249 518
103 526 526 103 378 376 182 395 107 280 283 5
104 387 950 292 64 168 840 65 910 65 714 65
105 533 461 812 971 29 588 27 494 484 563 86
106 290 829 523 168 128 355 152 254 256 492 212
107 164 269 272 428 160 116 64 166 58 586 408
108 474 859 601 252 412 411 193 59 160 327 128
109 108 183 245 367 128 51 306 550 434 147 460
110 474 357 81 671 357 68 62 283 387 376 394
111 66 469 411 2 114 3 56 58 138 990 408
112 478 66 514 514 328 459 661 121 222 537 537
113 486 176 231 196 51 200 498 266 500 699 499
114 366 83 308 405 283 105 607 420 453 745 189
115 473 549 212 550 189 551 549 356 480 142 74
116 460 117 189 67 146 601 58 597 651 2 193
117 86 259 83 372 42 199 13 242 132 5 417
118 116 361 93 407 566 823 15 429 335 274 424
119 229 198 205 79 166 374 441 142 665 665 87
120 79 419 351 734 211 114 420 351 5 455 136
121 84 454 357 486 94 486 35 13 474 493 413
122 515 122 103 537 178 413 562 654 249 747 494
123 987 169 437 170 427 612 212 282 641 495 250
124 173 405 132 249 82 278 231 624 13 271 366
125 618 98 640 99 5 466 649 44 498 62 154
126 4 13 172 515 526 407 502 506 411 646 646
127 84 144 615 427 162 195 194 5 271 400 20
128 220 114 87 154 62 447 440 264 406 505 62
129 434 184 366 132 210 105 384 105 84 729 441
130 280 115 460 116 30 721 721 721 37 721 28
131 281 718 5 11 21 22 301 22 520 286 138
132 301 312 366 305 210 927 210 63 126 63 635
133 367 438 361 135 437 115 417 96 113 443 423
134 482 48 166 163 377 60 214 95 122 60 320
135 339 338 35 282 572 294 160 138 412 63 625
136 115 914 338 338 252 611 389 317 223 223 655
137 174 880 4 698 56 209 137 56 286 880 6
138 211 329 367 212 371 107 236 105 152 79 152
139 269 252 4 96 121 118 83 13 33 590 27
140 428 335 447 446 461 812 285 809 138 921 56
141 51 409 33 590 165 29 24 5 281 408 625
142 128 62 390 393 103 250 379 157 385 181 386
143 405 433 83 140 209 128 430 411 981 245 981
144 254 174 420 373 373 58 84 411 122 342 17
145 234 319 963 142 222 80 460 518 11 159 434
146 177 64 57 408 271 45 160 280 65 526 515
147 546 115 23 229 31 367 44 546 441 362 6
148 402 133 44 430 420 174 473 108 13 27 172
149 440 562 232 562 714 486 44 473 367 249 438
150 473 404 105 493 399 166 431 152 154 209 236
151 29 51 165 113 925 981 114 365 530 246 499
152 212 269 365 314 314 405 124 97 300 255 1
153 493 84 272 46 371 768 100 404 323 84 585
154 647 121 173 325 87 154 647 82 215 494 170
155 589 271 243 241 234 166 559 769 107 280 130
156 122 347 814 58 921 845 924 845 58 252 46
157 5 102 6 2 571 2 194 587 238 194 132
158 240 243 132 552 571 520 21 624 651 428 272
159 159 183 223 459 190 299 287 69 107 137 281
160 339 860 978 115 155 465 707 161 141 699 441
161 707 61 381 342 172 457 65 135 31 142 217
162 169 336 135 336 41 215 549 877 533 45 273
163 652 333 333 654 87 329 62 209 56 303 114
164 735 140 541 162 129 184 365 19 264 707 627
165 64 306 612 311 248 309 225 223 365 401 533
166 252 615 615 106 80 129 922 560 218 317 366
167 296 393 396 61 60 342 851 377 526 65 357
168 515 206 94 820 482 129 130 290 160 453 615
169 363 186 420 624 420 408 58 84 119 980 5
170 979 745 189 786 206 133 155 18 17 932 932
171 133 39 455 245 485 48 981 333 89 515 413
172 123 302 438 390 283 271 13 90 143 229 198
173 166 178 344 156 342 349 180 153 249 393 368
174 46 355 82 168 93 204 776 200 581 533 40
175 63 211 364 165 340 142 45 933 447 461 15
176 176 200 908 917 51 65 377 156 645 156 166
177 297 17 105 252 105 400 69 81 161 44 300
178 231 206 426 457 426 621 231 692 130 426 458
179 377 851 851 352 65 290 64 198 129 232 1
180 644 489 300 739 300 102 812 142 253 162 133
181 526 515 206 203 351 365 184 747 508 299 146
182 308 424 820 79 601 177 377 182 61 381 182
183 5 59 586 412 87 296 283 308 390 13 130
184 582 62 454 62 375 411 469 478 160 90 375
185 101 101 155 183 493 486 365 129 166 158 132
186 420 235 240 236 930 927 931 238 506 288 83
187 20 932 211 571 252 273 272 448 164 273 46
188 160 832 192 132 859 64 815 174 59 619 613
189 69 713 81 129 93 169 29 417 895 417 494
190 459 90 86 400 20 22 137 59 57 194 59
191 166 666 362 6 458 623 202 562 275 178 345
192 132 738 56 305 528 392 86 601 536 473 367
193 58 494 318 86 18 307 307 317 73 316 420
194 192 517 516 516 192 826 56 3 256 290 706
195 412 271 408 58 145 188 424 280 543 168 6
196 917 200 177 214 593 907 377 104 155 98 708
197 201 143 328 357 106 726 189 225 81 667 508
198 203 294 401 543 405 541 15 335 533 306 141
199 167 342 493 543 688 543 688 543 478 143 82
200 201 278 179 345 152 548 129 30 25 13 209
201 95 51 13 211 214 232 292 168 840 840 129
202 562 425 84 305 243 237 319 237 5 489 229
203 495 377 376 82 184 290 567 290 424 209 62
204 581 65 64 271 192 193 59 949 55 3 323
205 483 219 483 493 403 425 130 621 781 537 21
206 133 62 99 404 124 429 273 447 45 210 63
207 128 303 137 420 490 81 375 679 68 64 24
208 698 271 3 46 428 216 142 356 107 702 107
209 16 269 254 180 122 60 395 64 395 719 64
210 121 372 283 518 954 518 366 165 128 734 280
211 96 57 195 809 809 107 28 87 459 21 174
212 612 340 459 615 856 282 17 726 342 277 296
213 155 183 91 66 215 820 121 121 859 162 468
214 681 123 61 396 393 342 147 17 493 294 290
215 201 201 918 776 593 342 203 829 203 86 33
216 461 269 82 854 63 533 359 466 53 61 434
217 404 125 768 323 84 30 41 474 328 478 91
218 311 295 16 106 74 188 62 283 320 734 156
219 79 121 752 283 14 473 189 818 440 65 65
220 177 546 86 67 108 509 105 48 36 23 165
221 222 107 174 420 509 216 164 15 335 533 493
222 256 424 196 917 776 167 460 249 54 88 183
223 106 351 280 183 28 107 428 592 428 46 273
224 148 377 316 537 268 223 459 610 296 389 390
225 409 776 593 482 340 13 820 950 404 145 183
226 107 252 611 292 232 493 440 447 272 13 26
227 377 320 157 301 166 214 460 256 308 434 83
228 519 85 17 696 18 258 27 560 20 160 410
229 86 229 84 134 373 194 6 149 180 145 106
230 62 98 708 371 208 155 495 371 107 454 82
231 179 150 820 94 320 377 157 382 393 422 333
232 484 572 776 201 160 282 597 695 491 753 170
233 424 16 424 20 92 678 747 166 536 229 86
234 252 803 4 6 527 424 329 105 180 932 82
235 209 160 776 200 94 515 290 128 167 575 377
236 932 295 292 822 563 484 936 167 205 820 421
237 62 87 160 44 128 204 65 160 308 320 232
238 0 734 128 36 409 292 377 947 60 104 283
239 63 28 877 549 160 349 180 178 275 479 479
240 57 859 991 412 154 269 46 271 528 528 191
241 209 977 242 926 64 99 290 83 253 166 12
242 235 210 494 187 518 62 153 211 683 683 131
243 373 197 955 205 908 395 296 121 174 212 170
244 210 810 88 210 142 577 166 818 62 28 278
245 42 493 820 776 409 336 165 883 336 338 263
246 608 7 608 406 358 856 8 569 500 498 266
247 267 707 570 247 570 359 496 160 226 307 226
248 221 549 459 421 459 87 533 756 86 572 377
249 203 434 166 856 922 79 601 536 189 549 508
250 320 61 498 141 601 166 23 33 878 33 438
251 47 168 183 6 397 381 391 391 379 391 295
252 269 615 249 218 160 450 228 309 5 931 294
253 237 237 160 80 508 86 197 13 371 303 249
254 74 223 221 166 399 183 473 213 360 569 9
255 16 783 154 647 93 789 835 401 457 568 401
256 552 126 812 665 63 405 314 309 222 1 146
257 231 575 351 182 182 53 199 64 103 86 74
258 559 142 494 170 116 160 526 568 420 362 331
259 777 86 23 128 970 820 327 160 153 820 42
260 21 695 424 255 546 355 21 36 914 135 47
261 37 29 331 856 533 146 147 424 87 495 384
262 122 168 413 426 275 440 168 290 82 333 87
263 361 62 726 314 764 168 450 714 458 434 433
264 498 707 265 440 14 290 87 424 83 495 739
265 804 265 707 359 754 510 19 555 324 43 569
266 720 86 362 81 533 607 222 0 65 352 178
267 266 804 565 430 19 533 145 87 183 90 329
268 340 173 173 87 153 422 601 82 78 405 695
269 301 81 161 569 558 529 494 318 326 10 509
270 129 130 345 343 345 343 129 291 543 458 714
271 142 571 3 114 419 28 37 29 36 486 35
272 3 193 3 166 147 366 169 128 955 593 200
273 886 59 56 520 533 129 121 612 84 235 234
274 86 593 908 908 124 908 820 79 51 201 62
275 226 227 756 42 671 68 366 30 172 61 166
276 560 221 223 165 438 263 531 115 282 20 409
277 289 280 228 377 120 232 51 232 176 515 813
278 168 129 19 49 152 115 366 86 285 86 215
279 82 533 234 64 786 407 502 502 504 301 482
280 93 16 164 164 15 303 13 145 422 180 533
281 412 921 138 685 137 88 129 377 177 218 224
282 16 642 513 518 490 149 180 278 183 286 80
283 426 206 133 373 194 59 5 496 83 612 726
284 511 949 55 208 121 217 71 217 521 295 382
285 854 420 123 987 914 64 116 160 223 64 302
286 859 3 272 422 147 85 74 282 560 223 655
287 896 303 87 128 63 114 283 320 434 142 576
288 70 83 223 17 255 212 363 174 377 321 295
289 231 53 182 392 296 296 60 95 593 197 206
290 526 537 178 629 177 231 575 232 176 656 122
291 181 351 296 277 971 277 377 207 95 196 820
292 278 13 96 31 51 124 640 638 124 282 254
293 44 105 489 21 121 278 486 303 424 404 612
294 290 584 563 822 494 25 23 24 997 953 28
295 381 295 385 160 80 424 4 81 188 189 537
296 388 377 621 149 655 171 263 48 36 438 450
297 316 435 435 519 228 226 106 255 160 8 502
298 137 174 199 94 41 918 1000 918 196 231 60
299 710 747 282 726 282 427 427 107 100 96 326
300 145 405 434 208 249 28 28 96 236 243 209
301 214 536 20 259 74 105 543 813 526 440 65
302 57 84 144 144 615 58 211 365 363 21 787
303 411 900 170 256 493 615 412 87 290 546 41
304 303 137 57 193 826 194 54 174 174 859 366
305 16 221 537 221 155 17 105 404 115 23 86
306 215 0 226 309 177 221 280 292 278 63 412
307 307 133 5 351 191 178 232 312 311 260 336
308 17 431 372 594 121 345 121 748 160 133 346
309 215 313 85 467 971 777 200 94 94 200 908
310 249 41 171 263 301 856 498 9 141 451 360
311 190 418 81 710 498 332 504 971 778 569 12
312 62 505 525 359 264 406 505 661 252 661 247
313 560 775 560 84 77 121 142 121 117 106 223
314 340 166 577 282 531 438 900 183 418 62 295
315 495 606 495 290 128 27 170 40 35 282 687
316 560 142 58 698 271 737 737 737 271 55 193
317 312 420 81 329 255 137 114 362 15 420 189
318 442 370 135 914 455 914 338 860 116 118 748
319 107 222 543 689 198 776 196 231 172 413 200
320 160 441 566 441 160 282 69 184 162 512 366
321 533 65 275 6 458 285 458 6 137 62 78
322 929 579 428 676 322 448 448 461 273 812 46
323 271 46 283 366 254 492 152 70 217 132 82
324 65 910 65 818 62 418 480 405 249 179 741
325 87 304 54 252 481 58 832 826 832 612 859
326 306 21 314 309 73 317 218 249 3 56 305
327 400 81 114 485 417 443 444 263 419 365 365
328 90 86 601 58 921 138 2 865 63 62 474
329 255 312 17 726 726 316 341 248 74 424 128
330 73 756 227 695 164 13 809 4 738 4 552
331 459 490 165 254 211 518 492 115 533 55 411
332 487 529 487 498 293 141 566 573 19 107 837
333 546 115 336 260 400 20 42 309 495 342 495
334 140 819 461 624 223 220 220 128 41 336 92
335 164 748 424 230 920 435 533 321 250 113 13
336 41 249 21 409 10 509 260 325 325 10 405
337 464 338 82 748 424 326 932 128 41 460 189
338 35 5 351 105 495 671 375 455 847 171 339
339 79 482 339 29 590 533 616 435 920 230 333
340 553 598 86 470 151 142 474 160 494 94 974
341 218 315 519 519 465 316 187 129 714 65 197
342 62 314 228 172 130 388 160 25 533 342 340
343 128 42 427 367 666 86 404 950 74 0 88
344 200 41 94 533 18 120 0 178 214 345 121
345 346 5 420 28 340 16 748 173 82 142 593
346 206 593 572 776 200 196 231 262 191 282 217
347 460 440 238 243 237 160 400 81 375 455 485
348 349 148 262 377 257 183 504 967 504 301 21
349 64 223 215 756 227 268 513 422 212 28 721
350 939 350 593 776 41 776 199 776 130 280 263
351 284 278 270 493 133 106 756 73 248 0 250
352 350 352 180 214 483 280 256 254 404 185 687
353 142 222 82 161 161 105 145 121 35 25 27
354 97 100 768 125 323 101 120 380 101 97 662
355 518 132 236 587 194 54 211 402 420 165 816
356 612 82 327 400 678 69 13 286 481 211 586
357 5 738 195 809 137 249 440 440 226 221 283
358 374 407 503 406 504 856 466 266 61 380 539
359 332 9 506 499 912 466 649 649 121 29 588
360 11 44 661 363 508 480 357 112 356 480 223
361 32 116 340 934 549 74 223 173 223 228 226
362 405 601 197 167 277 231 280 572 563 822 280
363 364 21 260 400 325 945 325 173 134 340 333
364 152 79 419 652 108 494 310 272 164 13 191
365 438 54 4 301 273 322 592 579 13 483 342
366 690 74 764 168 166 201 86 297 13 579 334
367 318 107 434 393 86 373 964 23 153 424 188
368 275 526 498 405 375 62 201 207 41 180 86
369 88 121 693 283 191 681 214 419 468 82 30
370 39 84 333 84 31 338 252 738 271 252 117
371 99 97 354 101 581 310 218 420 325 306 327
372 431 80 21 145 518 63 896 355 473 44 503
373 552 305 865 412 3 239 13 352 180 381 176
374 466 358 913 700 267 674 9 487 451 452 570
375 80 815 138 57 698 412 81 667 42 184 107
376 392 86 184 183 411 304 82 277 203 434 367
377 227 695 21 86 153 152 283 296 284 5 466
378 181 64 211 88 57 812 4 58 183 165 169
379 5 133 82 279 107 128 157 387 61 379 157
380 166 159 241 209 56 738 58 366 256 269 152
381 394 104 104 549 877 155 849 252 211 128 329
382 157 397 64 411 430 308 405 253 249 440 264
383 377 382 393 212 856 186 254 355 405 115 212
384 388 182 376 166 573 7 922 205 167 751 51
385 296 351 350 180 262 349 262 301 35 473 531
386 181 61 434 424 93 260 89 482 64 222 911
387 389 283 226 300 12 249 180 615 147 377 458
388 296 434 813 544 534 440 24 27 417 115 165
389 389 317 116 370 361 976 847 464 727 84 174
390 368 60 380 397 232 18 86 173 533 185 323
391 368 86 65 371 283 362 165 336 820 42 474
392 376 262 533 189 434 210 210 121 594 372 64
393 395 164 160 323 84 487 498 533 194 132 518
394 60 390 384 495 367 113 113 494 106 340 654
395 181 179 214 176 176 232 705 425 401 971 361
396 379 628 394 393 392 283 363 81 418 582 84
397 6 204 908 205 581 450 83 152 147 460 440
398 377 249 533 323 2 520 552 121 20 142 405
399 93 40 725 318 245 165 725 116 169 261 116
400 81 169 753 860 170 875 170 419 12 264 267
401 533 473 362 661 666 267 570 264 406 505 525
402 211 114 767 82 249 301 446 164 46 329 367
403 473 329 208 408 138 211 256 186 31 96 816
404 937 404 166 234 121 222 314 317 17 23 153
405 83 747 121 269 173 259 259 259 536 184 419
406 358 823 19 293 498 533 204 820 280 363 21
407 93 29 113 84 422 363 21 424 45 62 27
408 59 812 46 255 932 506 64 456 456 64 615
409 40 135 443 33 34 40 113 62 186 856 264
410 486 21 405 173 513 249 172 251 251 438 892
411 115 486 232 52 1 127 160 158 546 513 642
412 685 298 549 473 232 483 165 226 106 147 189
413 493 256 489 211 96 866 96 455 442 478 469
414 443 26 30 336 260 728 10 509 710 189 86
415 697 414 605 846 846 605 851 157 60 387 950
416 173 325 10 434 459 249 5 41 280 142 338
417 162 163 20 259 260 400 400 106 695 971 480
418 190 69 671 549 667 188 183 480 92 678 69
419 777 134 373 306 13 809 89 107 326 473 473
420 139 6 377 577 249 81 490 295 106 187 671
421 255 283 212 172 420 106 211 84 70 433 83
422 474 233 237 210 142 173 173 612 434 245 485
423 442 333 441 161 569 44 7 19 513 116 135
424 16 379 387 250 182 385 377 214 294 457 285
425 714 714 172 365 128 917 51 30 165 223 228
426 518 155 1 377 468 74 424 355 932 115 337
427 160 41 30 26 438 588 37 37 127 227 756
428 140 447 46 96 86 283 560 276 301 93 30
429 140 447 335 447 799 189 62 736 736 160 690
430 430 362 28 23 878 27 722 27 545 473 113
431 212 367 44 504 765 44 28 128 486 5 125
432 162 181 376 985 376 150 473 581 0 215 314
433 70 932 174 174 174 211 183 434 495 371 97
434 116 548 377 458 526 515 409 244 303 63 63
435 793 316 221 223 152 183 419 434 509 260 93
436 437 48 84 333 405 5 6 140 209 159 159
437 860 251 170 537 316 218 5 183 154 282 212
438 482 289 277 280 170 62 44 155 173 366 271
439 96 527 318 976 47 455 48 165 36 409 23
440 661 362 434 329 300 460 730 64 165 165 229
441 729 441 213 9 506 2 54 412 154 82 453
442 115 31 30 25 361 547 370 25 533 114 420
443 547 263 256 291 294 65 13 63 363 531 183
444 263 274 15 335 15 541 541 420 172 820 917
445 77 78 93 86 601 333 62 355 166 601 333
446 322 434 363 215 155 593 200 380 393 154 954
447 335 335 579 38 48 847 417 40 318 370 171
448 428 301 22 127 1 17 654 783 82 249 165
449 414 916 414 415 414 370 361 47 547 437 96
450 705 232 557 160 333 404 154 493 932 46 211
451 7 420 434 458 64 10 20 80 459 212 115
452 7 112 896 114 256 107 152 160 130 621 425
453 301 298 301 511 337 82 368 376 203 167 296
454 189 147 434 589 155 209 494 305 604 211 281
455 370 339 160 349 344 377 575 377 321 160 47
456 64 173 462 21 624 301 52 814 344 176 381
457 440 14 493 419 113 417 23 215 159 183 36
458 172 585 84 372 82 782 82 77 539 380 0
459 467 971 29 971 823 558 823 565 823 570 12
460 537 366 166 160 42 820 41 115 147 107 296
461 533 20 480 221 403 168 203 376 307 537 403
462 256 173 400 560 221 249 209 238 412 162 58
463 462 424 283 212 355 183 257 284 179 347 258
464 340 892 891 892 438 136 336 560 316 147 107
465 809 465 707 674 267 61 395 557 133 373 706
466 160 90 220 377 52 53 231 645 645 231 277
467 81 225 148 225 282 69 81 106 367 361 245
468 419 405 107 114 375 474 476 375 476 112 80
469 474 166 194 300 11 504 86 662 366 249 283
470 470 170 160 287 80 121 17 153 434 87 236
471 295 395 103 393 86 627 627 62 201 41 204
472 295 717 271 859 254 303 551 86 42 183 504
473 121 306 141 957 951 957 9 506 699 913 183
474 254 531 186 533 55 718 305 494 593 776 918
475 375 96 113 483 41 169 283 411 517 333 281
476 13 337 30 34 151 85 467 86 295 331 73
477 474 932 258 22 20 187 107 314 872 182 388
478 62 125 124 892 423 5 528 6 305 58 107
479 275 458 600 585 129 114 234 114 411 194 815
480 667 473 32 339 136 96 6 126 300 210 295
481 373 83 86 540 549 473 767 803 2 4 859
482 48 361 31 51 28 21 420 166 128 133 844
483 205 581 445 139 45 405 489 249 301 931 927
484 494 268 311 494 170 107 493 282 58 212 64
485 170 495 371 45 428 216 142 859 991 412 64
486 292 523 829 290 829 168 526 93 32 26 588
487 452 264 19 754 293 525 505 374 506 247 264
488 362 51 197 917 94 205 498 205 204 205 79
489 434 210 233 242 927 241 237 62 505 499 406
490 107 642 212 489 6 738 424 211 54 107 963
491 170 485 48 171 133 844 971 20 253 189 69
492 186 420 190 184 667 184 422 518 188 424 474
493 403 133 65 357 454 357 62 361 171 171 820
494 142 105 161 314 106 473 495 106 726 316 726
495 434 62 666 166 153 212 147 152 615 331 177
496 64 375 64 173 728 96 58 131 282 318 64
497 562 562 275 200 167 340 173 549 44 565 266
498 0 581 204 93 28 183 256 121 480 223 316
499 7 500 504 161 105 21 300 283 14 61 394
500 374 293 374 502 11 64 506 374 7 161 434
501 176 113 106 519 316 316 468 342 156 321 157
502 358 765 7 754 569 957 12 44 498 529 359
503 358 406 44 407 358 500 501 498 440 64 115
504 301 89 54 131 612 42 820 121 714 615 465
505 502 406 525 332 421 481 898 898 481 285 457
506 503 358 459 223 317 223 106 72 311 297 17
507 507 507 507 513 507 298 685 4 990 138 921
508 663 663 137 22 127 129 58 166 380 376 388
509 434 408 408 215 188 679 460 256 170 136 170
510 754 211 211 44 555 856 560 295 296 190 418
511 301 27 878 33 24 988 24 31 151 417 976
512 512 155 495 203 376 181 162 4 193 192 412
513 355 329 46 428 447 269 579 428 15 446 334
514 328 86 41 82 541 162 252 105 92 723 126
515 526 498 92 137 303 369 96 135 136 133 307
516 102 102 100 185 353 828 87 64 354 125 99
517 195 6 411 194 195 174 254 445 820 202 623
518 513 372 48 361 251 860 375 230 230 230 420
519 786 160 611 493 483 473 667 187 129 576 176
520 3 236 13 10 173 68 420 115 152 366 86
521 340 548 169 93 260 336 115 338 16 222 695
522 493 460 493 426 87 153 16 187 667 188 69
523 464 483 172 47 86 572 776 204 908 820 79
524 72 21 581 820 53 820 179 191 13 325 325
525 232 294 401 430 365 419 172 468 258 328 459
526 515 64 280 53 182 60 105 154 474 514 328
527 113 367 329 212 105 173 494 93 135 27 34
528 191 122 411 163 82 53 466 213 266 441 8
529 558 487 488 141 360 265 707 913 856 421 333
530 358 765 525 967 913 499 566 570 19 9 720
531 497 531 165 39 480 508 81 550 165 363 371
532 175 63 586 131 285 520 532 233 105 285 304
533 265 957 12 573 525 247 213 359 452 498 406
534 813 714 129 486 303 63 586 738 57 738 6
535 728 10 728 92 513 627 86 753 914 170 13
536 189 106 363 283 16 820 483 340 256 345 262
537 61 537 20 166 12 957 265 264 441 374 166
538 723 546 62 153 427 119 96 59 832 520 183
539 160 562 129 115 123 337 860 116 367 546 7
540 952 710 81 69 508 80 480 508 533 87 161
541 140 166 380 390 150 104 179 107 329 306 327
542 256 356 424 748 82 163 249 249 18 301 362
543 292 950 481 809 481 58 950 812 58 963 931
544 568 401 362 7 161 351 81 162 820 169 116
545 473 298 549 299 546 256 129 576 176 178 342
546 422 474 81 105 255 212 340 450 623 623 450
547 87 42 255 312 300 892 438 302 96 119 165
548 121 118 597 142 19 324 65 366 115 63 58
549 800 615 331 74 152 433 217 282 559 282 191
550 508 62 44 459 473 69 777 86 215 459 473
551 679 551 509 216 254 233 366 82 203 86 21
552 481 373 180 434 35 301 273 812 4 826 192
553 84 533 546 299 549 6 563 493 458 93 426
554 553 340 167 201 206 280 377 65 176 232 804
555 409 225 1 224 160 339 336 116 860 438 361
556 232 204 141 666 666 856 434 191 157 342 575
557 445 557 160 169 531 114 171 114 229 366 134
558 529 332 529 487 452 506 374 5 312 17 643
559 518 62 430 365 513 210 183 405 143 82 318
560 142 145 612 162 541 533 188 671 589 155 18
561 462 506 86 113 483 226 114 820 654 453 654
562 177 312 317 312 14 129 460 57 863 57 56
563 822 572 533 15 929 334 322 676 447 139 592
564 365 87 546 909 183 531 107 74 177 0 283
565 804 720 441 360 360 430 62 79 162 133 170
566 700 299 700 247 707 661 211 210 16 404 586
567 425 90 409 69 551 106 287 68 68 80 16
568 493 221 121 131 271 412 921 880 59 55 412
569 754 84 754 44 499 602 213 499 8 11 64
570 823 570 570 452 823 19 293 12 856 160 173
571 303 909 183 356 366 84 478 13 356 329 245
572 434 62 79 120 133 79 445 133 309 223 152
573 213 44 129 280 367 434 16 495 671 357 112
574 401 399 457 426 572 5 730 730 301 269 735
575 351 5 286 880 281 949 949 54 88 183 366
576 160 221 493 82 372 75 48 361 547 133 114
577 282 577 578 577 333 5 189 5 379 390 296
578 577 757 577 142 19 19 569 81 63 283 758
579 429 124 233 142 340 121 308 581 41 169 306
580 580 580 580 580 580 580 580 580 580 580 580
581 450 186 492 42 343 42 87 473 105 607 419
582 667 142 300 87 105 546 211 473 327 416 971
583 521 86 172 482 331 225 17 473 767 803 1001
584 86 353 353 354 323 618 820 82 572 593 94
585 129 413 526 86 531 115 280 342 381 377 393
586 233 147 301 155 137 208 3 81 108 405 891
587 234 166 376 385 296 380 396 379 6 1001 193
588 29 971 196 917 27 24 23 165 40 119 165
589 424 429 274 549 473 408 6 57 304 424 15
590 590 438 655 151 34 28 367 23 121 121 890
591 83 340 445 86 572 377 546 615 963 930 927
592 929 164 424 422 105 170 491 497 491 491 378
593 917 557 77 581 533 306 21 480 375 143 201
594 121 110 91 419 365 224 218 495 278 82 642
595 52 1 189 106 255 82 404 357 424 304 809
596 282 142 124 107 129 133 60 390 321 592 269
597 282 142 143 714 425 121 550 189 453 115 41
598 521 295 84 70 433 372 513 170 115 820 63
599 242 238 176 93 133 18 424 329 128 420 325
600 585 493 526 537 53 221 549 189 786 166 79
601 79 162 45 273 592 933 46 424 366 109 51
602 238 158 237 107 468 160 672 7 661 211 469
603 414 697 321 389 64 375 51 31 121 300 121
604 211 646 411 114 215 74 549 299 6 544 62
605 414 414 603 414 449 414 370 151 370 423 171
606 495 5 189 786 465 473 189 190 473 93 291
607 128 210 114 411 516 516 195 738 498 765 7
608 267 498 967 504 332 525 499 406 160 676 447
609 114 283 60 182 385 385 376 395 719 52 232
610 420 783 16 395 385 160 153 107 300 160 92
611 86 65 752 84 752 65 129 95 309 872 309
612 4 96 173 932 45 933 592 241 241 440 232
613 288 296 157 380 178 191 278 495 290 572 572
614 613 793 435 147 62 448 269 105 252 285 990
615 404 105 612 41 387 250 387 118 409 117 62
616 320 628 628 320 333 261 40 135 65 581 21
617 618 125 768 124 405 3 3 195 2 494 308
618 323 371 340 371 768 353 124 51 165 438 89
619 5 106 357 143 121 411 430 308 133 336 338
620 620 290 128 734 695 316 377 380 321 697 321
621 342 173 494 106 290 329 333 411 455 170 453
622 238 89 806 809 271 285 486 286 252 494 510
623 813 275 60 295 424 495 278 343 13 445 62
624 651 427 115 48 444 361 361 333 212 163 652
625 408 625 4 625 63 175 15 140 160 201 486
626 87 422 42 459 21 355 183 705 256 115 147
627 189 117 409 336 92 480 143 480 667 142 828
628 295 142 216 142 283 28 44 141 438 165 165
629 440 129 486 155 393 386 295 388 379 320 379
630 369 96 86 143 143 484 448 461 272 446 301
631 631 209 282 256 86 706 563 936 955 936 955
632 397 378 390 368 366 367 75 367 495 188 170
633 633 633 633 633 633 633 633 633 633 633 633
634 634 634 634 635 634 634 635 286 815 208 58
635 63 272 513 93 128 27 165 280 367 44 913
636 211 107 63 486 357 64 107 417 245 116 118
637 233 460 615 253 932 576 295 381 179 321 156
638 10 256 607 695 189 459 107 859 303 544 817
639 209 237 160 171 444 84 48 48 105 569 739
640 353 125 124 64 243 607 544 790 544 212 63
641 669 930 931 159 159 210 932 355 472 284 277
642 83 747 189 663 549 679 13 179 191 212 64
643 217 612 963 963 244 810 597 651 301 311 222
644 180 950 533 88 129 450 420 15 322 929 489
645 645 414 697 415 86 494 312 255 160 336 13
646 411 193 411 132 481 252 238 758 61 232 65
647 221 312 14 196 280 16 489 121 20 480 375
648 648 648 648 648 648 648 648 648 648 648 648
649 441 430 365 329 10 508 189 418 142 434 128
650 215 341 222 189 465 786 786 64 42 212 174
651 2 880 685 408 516 6 440 5 53 52 786
652 333 405 419 154 155 108 300 269 174 377 127
653 653 653 653 653 653 653 653 653 653 653 653
654 84 594 82 333 153 105 856 573 166 20 259
655 114 547 370 41 169 29 183 223 73 950 754
656 176 94 177 546 58 826 586 83 114 81 329
657 269 820 121 752 283 932 173 651 427 651 597
658 658 658 658 658 658 658 658 658 658 658 658
659 659 377 389 157 52 197 205 201 352 789 275
660 660 660 660 660 660 660 660 660 660 660 660
661 420 218 366 253 258 831 258 62 168 936 706
662 494 190 121 209 243 319 107 489 106 351 105
663 747 107 106 355 420 133 206 199 174 164 273
664 93 664 401 543 113 96 245 485 442 333 162
665 54 194 698 194 4 145 300 87 129 403 542
666 19 452 360 293 754 11 608 452 19 247 525
667 480 601 405 44 546 282 74 166 93 543 168
668 157 391 157 60 104 61 181 64 528 271 88
669 615 518 621 401 82 28 254 233 586 462 561
670 670 670 670 670 670 670 670 670 670 670 670
671 551 549 316 424 212 64 950 292 822 183 19
672 7 374 441 661 674 141 431 83 372 107 86
673 495 419 848 419 128 295 16 211 169 306 400
674 19 560 84 373 84 50 217 643 404 86 21
675 675 675 675 675 675 675 675 675 675 675 675
676 322 447 498 956 362 362 11 573 19 107 164
677 434 236 238 241 236 243 237 242 13 281 494
678 492 115 370 96 10 282 283 210 926 963 241
679 663 663 137 13 239 373 184 536 259 72 92
680 380 377 389 296 389 14 206 198 207 917 483
681 682 511 306 329 116 32 339 123 338 339 10
682 681 133 83 236 932 586 462 546 252 238 587
683 683 412 57 243 963 160 91 478 66 66 146
684 684 684 684 684 684 684 684 684 684 684 684
685 59 859 174 15 424 464 420 60 393 212 191
686 531 79 13 95 155 367 367 142 106 183 542
687 404 173 114 329 147 166 351 350 939 350 351
688 543 87 543 817 515 6 286 58 373 163 115
689 543 494 506 374 466 602 699 720 466 804 266
690 549 189 508 663 137 272 21 127 107 99 323
691 691 691 691 691 691 691 691 691 691 691 691
692 130 121 82 68 62 447 164 137 194 698 126
693 366 44 501 498 406 971 975 971 321 38 39
694 549 173 896 28 168 611 64 80 747 550 667
695 734 211 586 83 210 242 927 241 592 46 429
696 307 301 375 494 932 98 124 708 124 124 125
697 697 645 231 692 130 65 204 128 424 422 163
698 55 55 131 271 63 434 515 434 275 562 457
699 922 856 331 328 327 894 327 728 5 134 133
700 720 324 555 84 594 372 431 50 71 162 90
701 462 463 462 462 21 11 360 951 913 506 506
702 932 252 138 2 826 832 520 412 411 728 20
703 703 703 703 703 703 703 703 703 703 703 703
704 704 704 704 107 355 107 21 13 156 907 593
705 705 450 515 552 54 305 880 59 685 809 137
706 124 592 334 140 164 2 587 2 89 933 322
707 809 132 121 80 184 667 465 53 380 379 397
708 404 301 68 86 310 581 820 908 128 168 434
709 404 45 16 783 669 420 188 81 486 389 317
710 952 69 282 64 665 254 170 28 81 28 82
711 711 711 711 711 711 711 711 711 711 711 711
712 995 712 255 249 105 533 82 748 367 366 147
713 81 280 167 292 515 122 130 936 130 426 168
714 813 600 168 413 178 180 352 342 483 352 346
715 20 86 21 282 356 80 459 537 316 420 249
716 716 5 469 108 301 22 520 635 2 166 290
717 106 249 602 238 601 64 5 517 516 762 516
718 55 86 840 440 608 141 142 405 169 308 283
719 157 278 292 295 255 314 166 226 440 129 123
720 699 924 57 698 949 285 481 83 395 103 385
721 229 494 690 20 282 518 58 154 492 64 124
722 278 160 496 529 44 8 358 247 707 73 106
723 971 627 707 358 823 12 564 4 195 63 371
724 160 312 222 331 19 365 802 802 258 38 115
725 486 664 58 288 233 601 252 611 278 621 277
726 160 321 250 166 347 349 342 468 316 316 468
727 84 404 154 393 393 424 139 15 175 288 233
728 411 333 23 460 419 270 14 79 78 531 445
729 358 44 283 594 84 754 466 494 142 1 616
730 107 68 142 236 159 927 241 927 210 329 495
731 731 731 731 731 731 731 731 731 731 731 731
732 732 732 732 732 732 732 732 732 732 732 732
733 551 671 68 494 169 896 107 237 159 236 46
734 211 734 280 575 149 420 210 137 329 105 518
735 592 461 735 140 617 140 6 237 240 209 273
736 62 371 129 572 426 133 283 103 150 387 182
737 271 56 880 685 298 184 301 169 438 588 206
738 54 520 137 81 533 310 62 498 608 440 413
739 495 377 384 181 295 398 295 255 107 467 81
740 252 518 546 209 249 393 391 182 295 62 434
741 377 342 340 564 589 400 96 619 96 21 11
742 546 206 199 206 51 114 172 231 820 107 163
743 743 102 101 0 250 104 250 393 396 308 256
744 744 744 744 744 744 744 744 744 744 744 744
745 377 577 366 30 32 34 116 170 249 128 367
746 746 746 746 746 746 746 746 746 746 746 746
747 612 50 612 31 254 458 813 399 199 65 776
748 460 421 466 754 804 498 359 264 61 392 61
749 820 581 445 45 274 424 16 362 488 498 593
750 88 63 533 572 426 130 14 79 14 64 169
751 51 112 373 243 615 153 820 171 261 75 84
752 121 494 588 24 34 37 32 590 171 172 129
753 151 655 35 34 165 363 174 84 254 186 121
754 19 249 180 433 83 340 474 41 113 333 654
755 211 928 211 58 282 131 586 86 95 450 493
756 614 614 614 742 742 614 106 282 10 329 28
757 980 119 261 438 361 981 444 114 981 547 444
758 316 379 386 560 74 152 249 159 166 121 404
759 121 612 427 142 226 546 163 546 105 212 665
760 592 617 618 404 100 424 82 215 20 222 64
761 393 308 424 87 189 537 232 284 749 776 204
762 516 195 6 549 212 74 282 166 191 180 83
763 5 0 380 391 157 156 342 726 282 166 473
764 211 430 501 232 526 167 434 338 28 113 28
765 430 765 44 324 754 84 253 509 189 147 460
766 521 134 482 497 548 129 333 444 86 707 566
767 473 533 422 474 478 66 469 474 212 131 209
768 323 533 121 792 121 44 765 912 504 674 19
769 559 518 363 174 59 59 96 285 285 281 949
770 353 708 404 518 105 187 145 87 132 249 162
771 64 181 395 368 537 74 230 420 494 58 586
772 772 772 772 772 772 772 772 772 772 772 772
773 773 773 773 773 773 405 541 764 74 495 211
774 285 174 254 186 533 906 513 147 301 169 548
775 560 75 36 438 29 554 340 375 96 209 639
776 908 167 197 457 421 496 529 11 502 359 498
777 86 30 721 27 36 35 301 963 131 63 408
778 971 777 10 535 164 564 4 533 189 311 223
779 549 678 69 473 201 128 128 211 698 285 126
780 84 555 754 510 499 502 43 406 499 43 44
781 52 157 345 343 345 278 345 256 557 79 13
782 82 129 184 81 607 434 859 142 165 129 820
783 669 783 82 221 106 68 80 663 460 80 68
784 784 411 517 517 102 517 743 517 517 333 21
785 13 484 936 822 464 424 151 29 169 364 21
786 52 537 459 615 318 86 44 892 340 521 134
787 21 214 280 14 14 291 543 688 543 689 543
788 788 788 788 788 788 717 106 80 64 173 896
789 275 458 285 105 280 333 361 318 115 753 914
790 544 257 284 681 180 345 483 820 165 48 96
791 65 232 214 345 152 142 105 169 329 82 859
792 121 107 859 105 327 259 519 465 809 63 285
793 435 647 420 450 95 94 120 94 198 776 167
794 322 269 274 269 644 147 87 642 932 642 419
795 417 367 340 654 234 930 301 356 362 107 99
796 121 71 612 356 375 375 142 80 62 70 932
797 14 1000 918 200 908 201 249 856 246 504 160
798 798 798 798 798 798 798 798 798 798 798 798
799 549 480 508 188 74 220 223 459 189 509 480
800 287 299 508 69 777 971 514 514 971 973 971
801 820 486 14 86 372 106 537 20 715 69 212
802 256 283 137 271 20 183 87 448 448 448 448
803 826 586 285 121 324 65 870 425 870 401 44
804 266 498 608 7 922 956 856 615 163 422 153
805 358 459 610 235 96 259 818 166 214 214 284
806 285 552 131 131 54 305 195 160 28 363 63
807 54 520 137 107 730 107 4 59 685 738 412
808 808 808 808 808 808 808 808 808 808 808 808
809 971 360 570 265 213 44 211 738 411 671 549
810 269 173 69 183 859 107 87 282 641 82 549
811 497 340 766 766 134 133 361 116 417 494 173
812 13 820 208 131 281 281 252 96 619 96 400
813 275 413 177 515 458 168 122 60 250 376 250
814 262 511 306 409 776 203 277 377 947 377 6
815 63 160 228 218 196 94 207 820 199 197 498
816 165 113 115 914 165 89 76 485 263 121 20
817 544 544 183 286 815 208 812 208 520 56 138
818 189 82 401 425 664 58 518 445 518 513 507
819 139 448 461 13 32 116 251 172 820 172 440
820 483 128 409 33 27 997 27 13 2 886 665
821 163 212 82 20 215 309 183 292 64 665 303
822 280 373 83 105 351 483 61 64 199 205 917
823 707 359 421 332 500 501 406 11 300 45 892
824 191 903 191 130 342 62 467 106 132 236 62
825 923 923 326 105 281 412 665 685 252 803 812
826 63 256 450 128 42 199 94 199 95 450 534
827 506 499 332 505 62 859 434 296 393 180 333
828 106 424 758 283 453 142 404 173 327 733 777
829 203 183 418 184 105 509 81 409 35 339 27
830 452 502 301 138 286 305 528 64 172 13 588
831 258 477 90 107 340 79 820 196 207 207 94
832 3 128 820 168 403 425 493 413 214 207 343
833 856 355 210 137 175 685 54 96 411 209 63
834 107 400 411 698 738 271 305 57 64 66 258
835 425 714 183 329 210 235 209 82 187 366 271
836 332 707 265 570 7 249 249 493 835 425 289
837 107 478 90 478 84 295 150 160 143 108 64
838 124 404 434 245 424 311 341 17 145 212 223
839 377 386 377 398 377 231 60 368 275 86 68
840 440 232 556 531 62 467 86 95 64 99 101
841 719 395 295 386 181 379 5 194 300 255 316
842 96 339 38 329 473 269 84 162 90 86 400
843 567 843 567 567 82 131 209 963 319 963 612
844 971 457 285 532 233 209 282 340 654 32 883
845 63 486 394 53 822 953 35 169 107 152 434
846 846 605 846 846 605 414 415 697 697 415 697
847 448 735 461 592 274 15 175 252 404 249 362
848 445 13 576 166 662 185 323 654 820 955 205
849 387 377 548 160 418 480 39 40 427 107 28
850 546 422 19 267 666 86 531 133 171 114 423
851 681 180 160 726 612 152 86 115 282 357 121
852 852 851 352 201 473 340 892 128 283 395 107
853 82 129 484 494 252 193 58 5 716 716 5
854 183 562 6 157 5 285 155 615 115 437 860
855 155 104 388 249 172 655 458 82 489 256 132
856 956 933 139 124 282 131 552 63 305 683 683
857 191 352 160 200 41 581 41 41 201 249 419
858 306 825 723 777 733 440 249 21 145 591 96
859 809 58 288 613 793 435 942 435 440 608 264
860 165 142 210 243 211 16 211 107 237 160 268
861 350 352 789 168 172 483 142 300 263 485 976
862 777 173 256 546 184 127 613 537 231 53 397
863 57 240 159 236 87 45 139 46 812 209 963
864 411 304 285 408 4 158 166 431 372 42 280
865 412 803 63 283 378 179 284 342 178 157 174
866 80 16 187 671 495 256 450 813 714 65 990
867 340 74 64 611 292 160 495 316 409 140 819
868 320 182 167 199 296 203 95 201 82 493 142
869 397 537 259 508 189 519 518 211 755 211 604
870 401 133 29 533 321 947 377 294 129 936 130
871 231 180 17 283 105 420 63 859 271 56 520
872 232 292 82 281 5 464 455 58 252 212 169
873 401 44 401 600 133 307 133 181 166 666 86
874 401 714 93 13 304 256 306 5 859 546 269
875 170 371 285 132 249 160 29 339 464 133 25
876 564 114 184 509 260 20 189 67 189 17 533
877 812 215 459 560 223 117 211 480 221 225 82
878 35 107 254 180 351 329 129 286 211 464 420
879 242 879 242 237 424 4 126 6 362 133 493
880 408 58 814 58 880 58 408 462 254 269 145
881 96 170 40 590 32 33 282 586 63 434 424
882 160 474 66 661 856 82 340 564 190 418 13
883 336 438 114 211 62 21 152 355 83 114 338
884 412 105 518 83 210 249 82 963 926 234 166
885 887 92 426 956 700 525 332 720 804 971 324
886 273 579 272 164 424 15 820 183 845 63 971
887 887 885 887 887 885 21 11 452 700 299 549
888 412 888 412 137 82 51 41 152 288 333 165
889 375 80 474 145 252 63 114 438 437 75 36
890 121 21 885 21 211 365 63 55 208 564 876
891 892 128 46 45 429 216 461 335 461 428 592
892 438 165 40 590 13 767 82 249 431 756 311
893 466 608 466 421 249 173 748 151 361 444 464
894 327 306 28 533 323 97 124 335 140 209 16
895 114 609 333 113 176 576 129 482 423 48 367
896 405 695 971 723 538 733 327 473 301 307 85
897 263 256 145 160 209 166 529 529 558 84 510
898 898 481 211 84 127 129 563 522 563 6 921
899 2 114 62 78 160 20 183 531 333 165 75
900 123 95 167 182 392 392 295 490 365 114 129
901 137 6 79 115 23 171 370 417 113 29 964
902 5 35 32 32 590 438 170 96 610 459 610
903 191 142 597 695 249 351 283 314 309 17 615
904 321 579 334 164 63 169 434 420 404 97 354
905 316 297 341 248 297 13 168 13 266 555 84
906 513 425 493 474 110 111 66 654 453 607 256
907 851 191 207 41 152 212 531 438 417 162 333
908 908 205 93 197 207 206 86 261 29 229 86
909 183 405 126 723 825 306 28 409 305 138 481
910 65 498 488 496 362 6 389 295 150 388 376
911 222 341 218 312 366 387 387 849 155 105 509
912 765 499 407 213 487 9 213 913 499 602 358
913 560 810 597 460 533 326 21 363 17 177 381
914 900 123 860 375 160 427 950 23 950 856 246
915 38 321 579 429 164 335 794 335 794 335 274
916 414 697 156 157 343 350 351 351 130 284 342
917 27 28 166 818 166 114 96 119 427 42 243
918 820 581 450 169 326 923 825 923 326 105 546
919 919 847 464 41 128 23 83 591 160 166 446
920 435 942 435 147 233 828 5 931 599 132 58
921 859 880 424 240 243 249 81 44 441 573 525
922 488 141 293 765 44 441 720 11 452 12 293
923 733 420 11 265 407 93 515 440 399 440 813
924 252 273 140 216 160 892 290 706 836 332 487
925 245 546 393 396 395 395 201 128 734 157 668
926 301 641 424 142 77 62 340 766 521 482 172
927 963 546 518 254 367 82 30 609 24 32 533
928 211 89 252 194 5 305 281 160 424 337 30
929 335 429 579 321 697 414 449 414 370 151 424
930 243 859 271 305 58 244 420 5 252 803 812
931 210 211 464 377 316 316 73 248 549 306 28
932 531 142 19 366 44 51 200 167 908 199 83
933 15 579 446 334 269 62 253 228 160 188 663
934 268 405 166 128 28 363 105 69 184 549 934
935 100 142 932 44 213 558 324 555 11 19 83
936 129 211 924 96 375 21 174 283 303 285 305
937 100 353 99 371 285 625 285 6 418 409 47
938 611 252 235 96 470 470 271 333 820 115 932
939 350 352 41 581 581 557 160 136 136 93 563
940 93 337 5 318 485 444 76 981 48 560 12
941 189 582 971 554 419 434 220 215 105 256 802
942 95 123 116 39 455 304 302 533 65 325 962
943 295 424 589 564 209 139 819 422 601 84 443
944 748 151 32 13 748 222 85 151 424 82 367
945 325 13 128 557 83 142 856 121 105 190 311
946 641 748 460 233 828 371 212 170 339 115 145
947 320 103 526 86 584 272 290 87 121 438 470
948 381 393 60 320 376 392 393 62 238 235 243
949 511 215 690 301 81 283 132 236 208 155 31
950 23 38 370 25 409 555 7 546 255 256 211
951 957 213 498 441 142 211 45 301 857 160 641
952 710 69 710 747 509 473 367 280 114 30 40
953 845 2 665 412 195 2 64 527 443 423 303
954 546 272 45 15 929 429 579 273 15 334 140
955 128 205 79 160 230 82 160 663 189 155 269
956 183 105 173 155 101 102 812 373 306 160 906
957 9 332 529 558 823 674 265 265 661 252 303
958 509 551 86 666 951 666 362 421 213 466 500
959 377 562 285 738 411 114 455 89 5 351 160
960 377 347 181 628 295 395 908 922 499 182 53
961 377 250 1 1 616 602 11 804 754 360 371
962 325 96 135 169 169 318 13 209 283 363 249
963 131 163 932 46 355 115 337 424 147 435 920
964 40 116 420 60 296 387 377 344 148 148 349
965 936 706 280 232 1000 166 429 124 98 371 495
966 189 222 420 143 420 280 203 198 206 14 128
967 525 86 444 444 971 29 33 615 146 17 532
968 968 299 508 549 298 507 298 42 105 543 450
969 184 69 400 336 560 1 280 172 403 129 114
970 820 751 206 6 141 957 19 121 301 262 402
971 26 442 444 442 442 113 919 114 51 29 160
972 913 707 12 856 452 358 407 498 720 720 406
973 971 232 292 450 212 283 355 282 252 241 592
974 87 152 492 48 114 3 812 272 462 462 462
975 971 520 164 533 23 590 27 883 337 336 165
976 976 76 417 895 417 27 338 860 123 455 114
977 977 209 126 698 126 131 271 88 304 405 211
978 115 115 160 168 936 572 533 83 147 13 478
979 745 189 312 218 313 295 378 376 60 396 390
980 119 980 64 372 134 554 482 655 171 48 38
981 925 263 417 443 96 866 96 333 527 64 249
982 137 355 249 231 377 572 936 572 5 726 316
983 113 160 896 2 166 308 211 153 155 105 84
984 153 474 254 17 160 501 430 765 358 8 301
985 376 388 150 148 148 401 130 155 337 96 115
986 411 24 654 453 453 84 533 18 115 41 460
987 123 165 133 18 249 203 351 1 52 595 52
988 24 36 128 82 209 62 730 107 932 107 81
989 91 183 184 162 249 147 533 362 533 290 107
990 59 971 812 252 132 121 255 366 153 615 309
991 412 2 571 2 271 64 685 285 412 64 211
992 129 840 275 835 275 176 204 141 86 23 35
993 408 516 5 157 64 131 249 218 495 365 19
994 6 0 223 655 458 494 543 209 11 247 267
995 712 255 107 221 549 104 181 628 320 283 426
996 12 161 504 510 141 11 11 240 243 930 238
997 953 26 654 252 121 300 444 423 62 377 6
998 65 324 971 93 168 434 17 87 426 206 292
999 145 20 728 535 13 272 322 533 822 533 303
1000 232 918 128 28 24 411 3 193 412 55 208
1001 194 208 411 864 411 166 529 529 608 141 44
1002 560 106 480 20 424 132 106 249 377 128 197
1003 258 559 559 258 802 258 375 860 116 121 132
1004 55 271 411 375 889 828 5 581 581 133 419
0 120 333 113 971
1 548 46 495 329
2 685 859 826 1001
3 272 546 828 796
4 826 194 832 4
5 305 949 809 13
6 5 438 438 86
7 247 566 11 161
8 672 672 8 510
9 9 502 359 359
10 20 187 155 153
11 247 700 19 49
12 183 518 155 101
13 137 58 412 64
14 64 171 64 68
15 420 326 10 509
16 64 149 64 786
17 21 46 548 115
18 160 389 391 376
19 573 441 12 247
20 326 107 100 96
21 367 105 159 303
22 92 538 530 533
23 254 493 294 342
24 5 105 161 44
25 23 166 69 189
26 590 470 470 438
27 883 165 28 409
28 301 276 301 157
29 533 83 107 340
30 114 51 917 204
31 198 167 426 280
32 251 437 531 811
33 86 196 776 917
34 434 420 106 353
35 32 367 546 856
36 10 508 69 68
37 588 206 290 567
38 590 443 26 23
39 455 48 75 427
40 533 55 698 2
41 87 211 389 53
42 309 314 309 73
43 498 777 482 576
44 19 267 498 447
45 16 63 278 13
46 428 579 273 269
47 245 417 183 401
48 482 79 78 548
49 50 48 263 121
50 217 404 154 963
51 35 62 314 310
52 157 851 191 851
53 526 172 27 25
54 2 285 285 532
55 285 129 482 553
56 138 815 63 59
57 138 409 338 135
58 54 271 192 832
59 281 305 516 192
60 172 419 302 285
61 64 94 95 129
62 151 116 207 198
63 4 685 160 856
64 191 207 908 278
65 94 64 62 137
66 984 66 91 107
67 86 366 693 121
68 86 627 678 627
69 212 129 214 231
70 494 152 92 336
71 84 601 494 268
72 92 152 153 105
73 84 601 84 217
74 438 900 464 340
75 36 36 37 84
76 318 48 47 263
77 107 478 143 42
78 77 107 489 229
79 219 17 253 87
80 230 898 898 230
81 82 80 243 57
82 327 820 169 116
83 145 58 62 586
84 478 83 154 87
85 1 254 420 99
86 36 21 129 611
87 153 254 367 28
88 0 266 498 197
89 515 167 450 543
90 107 179 103 104
91 110 108 111 258
92 728 733 64 64
93 136 170 123 339
94 214 180 434 210
95 918 41 165 86
96 170 38 13 552
97 335 322 448 87
98 101 371 405 255
99 768 97 101 101
100 371 285 132 58
101 102 411 473 147
102 97 99 371 97
103 150 397 378 17
104 368 397 393 103
105 281 411 308 17
106 582 508 549 325
107 74 366 82 123
108 328 331 222 187
109 51 124 124 142
110 108 190 473 80
111 110 478 258 142
112 258 282 747 86
113 442 245 370 116
114 41 17 431 166
115 62 89 114 640
116 160 353 185 52
117 5 215 82 256
118 409 36 48 96
119 753 40 847 444
120 146 189 301 820
121 219 218 219 222
122 262 179 149 490
123 82 104 160 150
124 405 748 121 366
125 768 185 97 5
126 57 131 86 190
127 130 290 16 128
128 179 342 284 749
129 936 86 271 252
130 408 58 494 601
131 481 138 520 183
132 131 366 366 10
133 493 563 584 272
134 6 438 405 184
135 115 816 914 860
136 337 6 426 401
137 164 535 134 535
138 211 301 502 7
139 322 447 690 74
140 541 420 29 26
141 12 362 165 113
142 85 370 27 337
143 41 198 64 166
144 84 254 518 546
145 121 693 83 211
146 615 153 249 765
147 533 121 58 664
148 179 191 907 180
149 149 284 377 575
150 393 295 382 393
151 39 480 356 356
152 153 249 210 300
153 142 74 468 180
154 152 62 58 698
155 877 81 215 306
156 349 348 180 254
157 64 271 2 59
158 639 639 158 58
159 166 529 533 45
160 278 292 278 611
161 667 128 168 600
162 859 366 215 114
163 170 282 80 184
164 174 269 933 322
165 47 14 181 104
166 513 87 131 604
167 377 394 103 181
168 533 94 13 126
169 251 165 364 363
170 151 121 66 328
171 261 261 96 116
172 275 440 533 177
173 950 23 464 900
174 137 155 95 214
175 63 107 18 84
176 178 345 351 283
177 459 616 459 44
178 178 681 343 345
179 214 107 65 334
180 86 30 336 96
181 541 140 429 273
182 387 380 200 581
183 218 221 14 65
184 13 748 107 541
185 708 100 92 152
186 31 30 424 758
187 16 290 356 362
188 184 106 249 546
189 911 81 329 514
190 108 109 51 109
191 284 734 128 200
192 3 434 183 357
193 845 56 880 308
194 58 404 404 353
195 586 83 282 80
196 199 218 183 15
197 27 32 116 533
198 165 115 42 212
199 205 198 387 385
200 344 157 320 296
201 593 204 141 161
202 198 434 4 58
203 495 46 322 735
204 199 301 115 442
205 922 14 339 337
206 294 294 290 495
207 167 776 14 130
208 698 281 63 128
209 285 15 46 81
210 242 242 533 460
211 464 172 47 455
212 255 303 924 89
213 141 569 358 499
214 450 600 493 292
215 222 20 86 107
216 69 362 666 367
217 162 195 305 13
218 226 186 186 31
219 172 365 405 304
220 177 413 200 777
221 493 294 291 543
222 86 105 81 170
223 74 537 7 833
224 1 147 173 233
225 223 480 601 177
226 390 296 385 377
227 377 918 204 95
228 695 106 424 434
229 31 34 26 24
230 106 748 118 461
231 157 377 150 122
232 65 776 14 14
233 252 174 56 949
234 158 158 3 236
235 303 129 81 141
236 363 63 281 211
237 926 210 255 13
238 457 129 611 66
239 63 128 198 95
240 211 389 295 61
241 236 159 249 62
242 121 649 121 340
243 242 243 63 194
244 210 82 23 42
245 370 318 127 160
246 499 8 452 360
247 506 365 451 466
248 696 226 314 221
249 530 538 173 896
250 296 419 542 458
251 123 37 48 455
252 615 244 301 209
253 21 728 259 20
254 367 340 167 420
255 483 219 60 133
256 492 212 142 211
257 425 425 705 183
258 111 375 114 89
259 20 106 1 127
260 93 14 141 232
261 367 32 338 339
262 349 156 166 340
263 333 518 256 296
264 232 705 705 183
265 264 440 65 358
266 608 61 283 256
267 161 264 823 566
268 222 74 134 5
269 644 269 447 46
270 183 159 926 243
271 45 164 13 340
272 612 356 355 424
273 301 214 284 180
274 448 429 335 533
275 86 23 166 81
276 426 280 706 585
277 277 280 231 232
278 199 205 198 128
279 333 361 47 427
280 377 577 363 495
281 949 13 461 429
282 268 0 18 167
283 371 51 93 169
284 621 277 231 179
285 285 5 29 23
286 252 305 411 867
287 509 958 962 958
288 217 50 48 113
289 180 87 372 75
290 272 21 221 248
291 294 203 198 820
292 232 1 268 282
293 506 452 830 452
294 65 178 14 526
295 162 512 512 162
296 377 179 820 142
297 74 215 189 745
298 299 590 35 40
299 287 549 190 329
300 108 290 437 860
301 444 423 303 355
302 303 533 188 74
303 137 59 160 548
304 82 115 41 232
305 685 698 281 285
306 400 259 106 771
307 206 776 936 546
308 424 274 272 579
309 549 667 68 420
310 272 164 107 279
311 69 329 283 5
312 311 905 297 13
313 215 87 426 270
314 62 173 612 31
315 537 405 796 828
316 17 317 312 301
317 73 358 569 43
318 318 925 455 114
319 160 30 115 373
320 628 379 393 381
321 296 254 226 307
322 164 428 273 461
323 160 66 480 405
324 666 951 913 856
325 409 118 84 333
326 143 128 218 204
327 259 127 128 283
328 327 945 327 13
329 328 474 110 375
330 556 464 129 694
331 328 494 70 372
332 421 488 496 529
333 48 437 438 5
334 140 269 272 271
335 322 269 929 489
336 860 116 513 546
337 155 269 429 448
338 564 209 587 587
339 437 165 135 65
340 80 249 464 133
341 17 366 820 169
342 350 178 350 593
343 231 343 191 645
344 177 440 813 275
345 346 409 128 607
346 206 207 343 231
347 231 575 206 94
348 349 64 325 13
349 191 350 681 133
350 191 379 16 209
351 122 191 150 377
352 13 147 424 183
353 640 99 5 417
354 100 424 113 419
355 546 106 582 418
356 13 352 191 365
357 121 355 283 61
358 498 200 275 440
359 452 823 707 265
360 170 438 339 987
361 171 976 919 40
362 430 5 455 136
363 114 367 531 581
364 165 547 976 76
365 440 497 562 426
366 820 94 86 736
367 116 123 170 455
368 150 376 841 397
369 630 303 434 221
370 333 981 245 424
371 99 708 371 226
372 84 471 256 306
373 93 399 493 403
374 7 5 281 481
375 476 13 550 82
376 6 64 412 473
377 320 381 157 214
378 60 95 155 533
379 391 393 308 494
380 166 252 546 533
381 177 166 747 508
382 377 907 593 776
383 383 295 391 61
384 363 210 105 160
385 82 105 569 452
386 17 282 424 80
387 388 181 376 166
388 249 184 582 189
389 385 157 719 379
390 379 160 504 86
391 61 295 576 212
392 60 378 491 170
393 342 593 128 11
394 61 394 181 166
395 64 719 393 182
396 379 380 440 434
397 296 389 585 585
398 377 172 130 425
399 457 533 361 135
400 560 329 495 21
401 562 232 498 499
402 349 6 204 196
403 425 121 316 0
404 254 121 13 286
405 424 356 80 375
406 608 441 282 340
407 213 525 65 574
408 126 812 373 372
409 292 611 66 90
410 486 188 282 747
411 281 949 13 526
412 87 963 240 237
413 542 403 971 59
414 449 414 605 797
415 697 414 916 414
416 971 216 62 201
417 171 245 38 29
418 183 303 209 209
419 828 45 838 45
420 326 183 326 306
421 498 65 169 64
422 424 168 840 64
423 62 478 84 624
424 290 206 51 112
425 513 226 309 400
426 133 62 390 393
427 62 172 275 6
428 322 461 140 448
429 429 446 140 160
430 141 504 510 504
431 84 752 82 859
432 162 190 473 447
433 364 152 283 387
434 320 166 308 2
435 440 450 714 121
436 437 482 497 440
437 48 27 38 437
438 333 83 49 153
439 115 155 371 183
440 152 79 445 518
441 661 66 64 323
442 40 34 24 261
443 85 317 248 0
444 547 40 29 229
445 310 340 612 121
446 446 13 27 172
447 579 579 216 461
448 933 447 273 579
449 414 603 414 645
450 581 310 82 541
451 452 569 43 499
452 7 365 223 221
453 83 186 254 128
454 357 112 896 169
455 438 470 171 409
456 405 268 313 268
457 493 835 275 450
458 86 215 268 0
459 513 83 243 84
460 467 84 598 521
461 13 290 108 477
462 546 155 150 368
463 462 145 234 474
464 23 128 490 170
465 786 189 314 255
466 267 666 62 168
467 549 268 300 108
468 82 356 828 106
469 478 105 450 167
470 75 75 261 24
471 84 87 106 5
472 471 295 103 741
473 106 424 121 143
474 329 434 114 725
475 375 111 84 811
476 108 971 444 300
477 90 91 183 493
478 112 476 108 478
479 381 157 181 351
480 329 638 896 63
481 96 325 962 325
482 79 120 380 178
483 851 180 347 231
484 129 183 106 230
485 318 84 333 261
486 160 371 128 340
487 84 166 218 0
488 499 525 19 288
489 644 180 333 654
490 160 453 654 26
491 816 96 302 89
492 932 44 573 160
493 172 214 124 142
494 209 166 662 366
495 105 327 733 723
496 421 421 856 558
497 13 476 375 367
498 421 504 674 12
499 61 104 103 250
500 9 466 555 720
501 452 570 661 11
502 8 499 141 166
503 499 602 61 321
504 510 141 51 581
505 525 700 267 661
506 529 359 569 739
507 507 298 507 513
508 509 546 508 259
509 183 116 987 115
510 754 565 12 823
511 342 621 377 494
512 160 30 820 970
513 173 68 550 121
514 514 91 329 486
515 290 106 548 337
516 102 323 533 406
517 192 192 826 54
518 121 211 304 369
519 228 226 282 77
520 208 635 2 164
521 134 366 311 268
522 493 460 81 162
523 134 372 494 215
524 72 311 494 68
525 293 362 405 129
526 426 840 285 160
527 443 423 443 33
528 6 169 753 900
529 141 754 62 180
530 533 520 20 83
531 340 96 57 243
532 57 863 57 863
533 434 161 44 300
534 450 176 423 485
535 482 483 345 343
536 83 44 661 570
537 411 949 698 138
538 173 400 68 329
539 77 87 227 74
540 971 569 500 569
541 215 60 395 103
542 256 280 165 115
543 672 543 249 208
544 585 706 936 350
545 37 123 170 114
546 209 518 771 16
547 847 919 455 547
548 203 82 356 258
549 6 59 586 412
550 69 107 372 115
551 434 353 15 162
552 571 2 612 2
553 553 340 169 129
554 340 256 86 458
555 44 155 213 359
556 531 77 581 473
557 160 171 133 114
558 529 487 466 466
559 769 107 8 466
560 29 438 115 62
561 462 701 462 506
562 413 65 282 233
563 129 160 264 141
564 183 859 211 174
565 823 566 573 7
566 573 11 496 602
567 82 641 282 129
568 107 23 785 13
569 500 569 754 674
570 661 87 106 371
571 3 520 552 211
572 515 94 201 121
573 19 700 499 8
574 401 542 399 51
575 851 350 320 368
576 160 730 62 312
577 377 734 177 215
578 577 578 577 366
579 164 446 335 139
580 580 580 580 580
581 301 89 405 300
582 189 695 597 651
583 521 340 13 418
584 86 283 280 575
585 544 257 426 92
586 86 430 765 7
587 832 832 59 2
588 588 34 29 51
589 638 46 16 106
590 34 29 28 722
591 142 141 494 312
592 216 428 107 207
593 214 124 838 124
594 121 420 367 340
595 52 397 546 508
596 218 313 268 227
597 282 356 486 394
598 598 553 84 432
599 158 319 234 114
600 450 440 200 440
601 82 96 443 847
602 11 10 20 173
603 414 370 25 38
604 211 552 121 116
605 797 797 797 231
606 495 256 51 172
607 296 107 448 87
608 358 8 569 451
609 609 333 333 77
610 142 450 623 791
611 419 371 183 44
612 474 91 64 271
613 288 83 366 58
614 742 166 17 316
615 412 211 949 698
616 459 340 218 307
617 272 812 193 4
618 100 97 100 494
619 56 859 82 46
620 86 18 121 58
621 180 348 191 420
622 238 234 243 820
623 791 65 92 21
624 491 490 42 23
625 408 473 667 188
626 87 106 690 160
627 62 253 222 222
628 295 389 326 533
629 440 447 933 46
630 303 356 419 611
631 631 631 631 209
632 376 203 548 337
633 633 633 633 633
634 635 137 209 273
635 286 412 54 132
636 636 636 636 636
637 637 233 546 906
638 589 607 393 396
639 158 210 105 74
640 124 662 366 254
641 333 983 114 464
642 932 98 64 455
643 404 618 404 937
644 296 473 296 250
645 231 280 922 847
646 646 646 131 963
647 221 107 78 62
648 648 648 648 648
649 84 422 84 555
650 215 66 90 459
651 434 144 546 355
652 163 546 509 259
653 653 653 653 653
654 333 355 16 106
655 37 84 121 759
656 380 379 397 150
657 269 174 859 859
658 658 658 658 658
659 659 659 377 94
660 660 660 660 660
661 265 451 141 160
662 366 18 18 215
663 189 146 85 519
664 515 484 232 562
665 4 329 405 456
666 362 488 487 805
667 533 616 602 498
668 157 64 108 190
669 420 293 498 265
670 670 670 670 670
671 747 473 35 160
672 160 492 162 427
673 673 495 170 338
674 19 422 427 431
675 675 675 675 675
676 428 335 448 45
677 199 280 133 167
678 69 306 538 538
679 189 459 20 106
680 380 166 28 27
681 342 262 148 191
682 191 83 86 295
683 57 304 455 76
684 684 684 684 684
685 57 3 128 13
686 21 29 40 427
687 107 233 142 129
688 543 493 212 431
689 689 543 168 128
690 74 105 543 493
691 691 691 691 691
692 231 180 419 82
693 83 142 963 142
694 549 627 809 465
695 597 810 511 346
696 248 459 560 223
697 321 390 320 321
698 208 599 708 124
699 845 2 698 4
700 264 65 172 212
701 462 545 93 133
702 932 597 62 17
703 703 703 703 703
704 704 107 856 107
705 211 210 810 269
706 86 19 823 452
707 957 141 608 720
708 768 323 102 812
709 353 99 97 300
710 188 184 508 533
711 711 711 711 711
712 255 712 401 249
713 81 303 286 126
714 62 859 56 54
715 799 189 627 86
716 716 5 53 199
717 215 20 728 535
718 55 131 209 63
719 296 284 301 597
720 9 823 971 174
721 28 93 32 438
722 28 588 438 93
723 126 812 217 654
724 160 445 5 308
725 486 245 183 11
726 160 158 926 234
727 483 305 865 845
728 885 887 887 20
729 525 359 951 360
730 460 495 118 549
731 731 731 731 731
732 732 732 732 732
733 420 278 280 47
734 0 0 5 346
735 140 617 618 662
736 333 577 166 518
737 271 400 306 326
738 552 6 517 305
739 82 509 81 329
740 252 288 296 250
741 179 907 593 176
742 742 166 222 215
743 743 516 408 252
744 744 744 744 744
745 453 167 655 96
746 746 746 746 746
747 184 551 189 911
748 932 489 419 337
749 167 205 581 445
750 88 54 698 57
751 206 917 200 204
752 84 754 569 674
753 115 233 147 1
754 510 84 252 494
755 211 329 473 113
756 268 496 362 256
757 367 16 121 71
758 316 1 979 316
759 459 253 106 80
760 592 353 101 100
761 393 389 377 296
762 516 195 211 211
763 763 5 99 99
764 541 162 492 42
765 9 957 213 707
766 134 173 533 40
767 121 324 754 510
768 708 99 937 640
769 62 582 160 8
770 353 166 4 145
771 64 496 496 359
772 772 772 772 772
773 405 105 106 86
774 285 4 625 252
775 560 21 187 105
776 130 342 351 249
777 971 179 61 283
778 971 59 56 610
779 820 121 651 118
780 84 664 486 261
781 621 518 546 377
782 377 960 377 163
783 82 107 375 896
784 784 784 411 665
785 545 27 438 436
786 64 173 282 318
787 21 183 478 478
788 717 131 366 84
789 352 157 668 157
790 544 820 87 626
791 65 457 421 488
792 121 568 168 291
793 206 593 95 123
794 335 139 447 933
795 417 114 564 209
796 828 353 434 303
797 605 846 605 851
798 798 798 798 798
799 715 84 533 266
800 409 39 86 131
801 41 801 820 202
802 172 251 437 135
803 546 206 133 340
804 608 266 266 13
805 358 525 265 823
806 285 59 481 845
807 192 5 184 549
808 808 808 808 808
809 845 305 4 738
810 244 209 286 410
811 497 409 190 184
812 137 982 137 859
813 413 542 168 133
814 344 180 366 68
815 57 131 859 57
816 40 116 32 33
817 515 381 61 465
818 259 818 259 106
819 461 140 46 334
820 434 243 615 64
821 160 140 216 160
822 280 494 539 531
823 15 353 185 404
824 191 86 340 78
825 723 546 906 156
826 1001 3 665 2
827 506 462 58 115
828 796 353 183 165
829 523 64 828 615
830 452 466 6 458
831 258 329 210 351
832 4 826 252 494
833 5 170 497 811
834 107 100 5 64
835 401 289 482 47
836 706 523 168 280
837 107 509 325 13
838 124 892 828 169
839 191 511 262 511
840 65 14 141 249
841 231 231 278 681
842 211 495 223 495
843 567 843 290 531
844 133 83 191 130
845 699 359 452 452
846 605 851 852 852
847 547 417 30 366
848 419 170 310 85
849 849 155 105 405
850 199 288 83 368
851 180 123 860 860
852 852 852 18 201
853 82 77 950 23
854 63 571 137 281
855 549 779 146 779
856 913 707 499 488
857 160 223 64 302
858 306 10 306 329
859 162 252 153 16
860 135 437 169 860
861 350 377 149 157
862 777 498 710 509
863 57 683 211 646
864 411 84 268 0
865 194 4 533 170
866 96 370 135 75
867 134 5 235 319
868 5 828 106 533
869 841 841 368 366
870 425 705 232 840
871 231 60 385 378
872 232 176 656 122
873 401 457 426 257
874 425 835 65 562
875 170 40 151 438
876 564 2 114 47
877 155 154 209 365
878 23 41 173 256
879 242 121 495 74
880 63 272 812 273
881 96 438 423 527
882 160 611 938 611
883 116 183 343 160
884 884 884 884 412
885 106 259 327 21
886 3 166 250 390
887 885 21 222 341
888 412 587 412 59
889 828 106 183 252
890 890 121 552 520
891 892 405 211 340
892 290 484 572 563
893 466 267 12 494
894 327 173 160 135
895 114 208 55 54
896 12 247 525 8
897 263 486 245 925
898 481 373 58 654
899 2 114 78 405
900 170 453 472 295
901 137 812 373 106
902 5 285 457 232
903 262 903 191 284
904 321 396 379 384
905 311 297 260 21
906 156 166 141 86
907 936 204 6 305
908 918 377 65 874
909 303 845 209 236
910 65 525 247 570
911 81 306 538 92
912 504 293 12 265
913 951 957 951 525
914 470 171 847 443
915 38 48 654 121
916 414 479 275 178
917 918 95 13 167
918 201 5 325 340
919 114 145 950 113
920 230 121 30 263
921 412 162 2 409
922 488 529 922 908
923 923 825 723 777
924 88 411 604 546
925 423 547 113 423
926 159 233 105 371
927 234 282 139 445
928 211 66 111 478
929 322 46 169 820
930 301 27 133 201
931 294 290 82 279
932 963 107 318 127
933 139 428 139 592
934 340 212 408 412
935 768 708 323 5
936 130 425 664 363
937 99 640 124 99
938 611 168 611 166
939 572 822 86 142
940 93 29 51 41
941 189 127 92 160
942 435 163 641 166
943 295 179 741 377
944 748 460 80 287
945 409 590 533 302
946 641 301 166 222
947 321 181 380 562
948 381 180 87 552
949 285 6 375 474
950 754 9 213 407
951 913 967 44 401
952 509 747 83 41
953 35 23 337 135
954 546 362 293 856
955 593 176 501 232
956 430 8 160 748
957 9 498 700 957
958 69 260 325 478
959 377 147 377 292
960 377 403 526 290
961 377 65 425 664
962 325 96 474 419
963 926 158 160 18
964 40 31 198 203
965 936 168 121 79
966 189 551 533 667
967 504 11 555 265
968 968 299 710 81
969 509 82 327 327
970 546 526 168 166
971 823 566 247 19
972 509 969 184 678
973 971 93 133 367
974 820 202 201 776
975 971 466 9 506
976 527 5 379 387
977 977 977 977 977
978 753 75 367 333
979 1 351 342 60
980 13 4 57 304
981 485 113 83 496
982 137 880 4 712
983 114 363 303 351
984 66 108 478 81
985 376 385 82 87
986 470 367 44 555
987 339 251 27 917
988 411 717 106 372
989 91 89 455 123
990 4 859 249 533
991 412 138 63 832
992 992 992 129 460
993 408 520 92 336
994 6 64 269 256
995 712 995 712 401
996 12 638 329 371
997 27 25 38 329
998 65 199 83 820
999 145 105 314 255
1000 292 953 35 28
1001 193 845 520 685
1002 560 922 856 820
1003 258 143 62 23
1004 55 6 473 80
