0 377 149 180 289 231 180 153 615 142 23 37
1 199 399 401 129 86 138 412 473 213 358 12
2 55 520 183 12 300 124 429 446 272 5 57
3 211 303 236 319 319 158 930 235 963 107 142
4 552 131 281 62 29 151 470 271 145 612 924
5 820 256 362 5 64 389 585 168 276 568 425
6 281 54 698 57 243 234 234 252 84 282 531
7 324 466 555 466 912 466 6 527 981 114 423
8 358 498 44 932 212 41 908 207 107 127 533
9 213 141 365 421 86 143 419 129 13 95 198
10 260 259 86 226 282 107 210 300 10 142 253
11 700 7 700 498 525 238 176 611 623 202 820
12 13 25 35 28 128 280 204 917 196 820 150
13 748 564 876 564 242 599 132 46 283 132 211
14 35 655 149 575 342 13 550 81 142 859 147
15 45 282 420 285 286 738 412 102 743 517 195
16 308 434 81 490 459 189 67 160 36 121 473
17 252 81 166 128 917 167 820 283 133 403 168
18 146 13 730 730 468 342 350 320 616 533 97
19 267 265 674 506 62 174 54 59 826 2 174
20 11 441 8 141 754 7 7 511 411 194 815
21 22 21 145 771 105 424 367 932 81 356 82
22 35 473 855 155 19 661 44 430 430 501 176
23 590 86 225 218 309 224 148 401 430 64 234
24 590 24 609 24 40 47 47 38 115 21 278
25 26 170 875 170 900 40 170 183 544 257 183
26 171 318 115 58 63 329 147 121 10 260 509
27 128 197 494 287 189 508 549 248 73 116 23
28 183 35 14 205 557 77 62 417 116 370 27
29 151 24 40 47 129 105 393 378 128 215 560
30 30 28 256 170 537 232 231 168 64 209 599
31 32 165 186 165 166 69 306 173 333 393 388
32 27 437 39 30 44 10 256 121 151 23 165
33 169 82 445 820 196 198 290 493 543 494 168
34 23 42 560 1002 560 21 10 535 13 980 119
35 442 245 48 847 925 47 976 361 251 47 86
36 438 123 860 339 75 75 753 169 375 367 116
37 96 339 443 165 165 113 76 119 455 171 590
38 39 339 123 275 178 380 379 316 519 809 552
39 133 400 74 756 223 495 315 218 696 248 17
40 409 448 15 13 418 549 19 362 434 333 13
41 820 206 206 6 552 809 137 249 107 417 29
42 212 283 389 390 181 182 157 179 203 351 172
43 406 44 504 407 7 266 441 254 393 932 180
44 283 191 130 345 345 342 172 27 39 29 38
45 210 244 460 490 434 203 820 486 664 515 177
46 355 21 355 654 562 654 83 404 185 709 404
47 116 361 370 113 115 363 577 142 820 254 21
48 105 508 546 221 459 25 459 560 856 932 338
49 19 441 707 9 466 466 893 466 602 499 238
50 152 71 217 142 248 301 482 497 581 5 716
51 232 226 106 424 783 142 963 131 717 160 520
52 301 356 434 828 169 254 152 121 172 377 548
53 394 283 320 179 295 717 295 172 133 426 62
54 826 832 102 64 357 68 679 533 504 971 184
55 411 434 172 458 93 93 647 93 165 220 377
56 859 58 880 3 283 748 377 280 169 337 115
57 285 183 81 69 86 822 822 86 326 325 509
58 434 371 105 169 337 424 245 301 428 429 301
59 971 740 252 949 552 55 1004 55 533 303 367
60 390 394 376 321 377 734 172 802 365 114 36
61 232 483 178 575 167 53 820 581 420 7 212
62 269 272 334 335 933 933 334 448 40 38 443
63 46 271 142 474 419 554 971 975 971 444 171
64 417 29 486 493 256 183 229 489 211 434 651
65 264 265 608 406 506 238 89 2 3 183 105
66 64 133 11 12 7 12 681 284 734 0 221
67 66 329 184 480 375 514 478 476 375 112 108
68 121 856 504 160 685 3 281 183 19 560 19
69 958 509 325 478 329 568 450 256 212 518 163
70 212 129 377 365 187 546 184 365 672 543 450
71 431 4 571 252 174 157 320 483 128 115 41
72 163 83 106 279 279 82 730 468 172 655 183
73 560 229 165 329 106 820 200 820 165 443 333
74 764 211 183 155 465 14 41 387 392 60 181
75 135 160 27 197 199 338 263 232 292 953 822
76 119 455 370 92 100 937 937 937 100 618 323
77 166 163 107 828 615 800 549 276 275 232 51
78 424 125 404 963 154 422 19 434 408 194 5
79 539 380 390 491 816 170 419 329 20 287 800
80 357 16 80 490 128 210 83 355 932 20 536
81 533 362 141 699 406 525 707 161 87 615 856
82 371 269 105 283 256 129 231 526 296 419 270
83 308 438 436 437 75 40 30 609 333 932 295
84 50 431 50 49 297 905 74 64 367 300 367
85 467 509 108 91 11 804 971 332 487 84 494
86 114 96 100 424 483 205 908 167 377 280 181
87 253 222 142 418 582 211 210 405 253 282 35
88 210 351 203 284 257 401 430 6 134 867 411
89 64 665 58 193 63 252 685 880 286 411 308
90 62 754 360 971 505 502 7 555 161 87 64
91 110 258 474 514 514 971 971 10 400 173 535
92 513 459 215 306 81 434 431 152 186 152 256
93 280 430 83 106 979 170 165 32 113 478 486
94 95 13 169 123 122 342 575 377 316 495 367
95 6 440 458 526 129 270 611 252 183 62 506
96 439 115 115 249 161 264 19 957 141 365 531
97 98 640 114 411 63 56 271 64 191 82 121
98 155 58 55 59 586 282 190 162 253 106 155
99 98 768 101 419 365 765 720 529 498 707 73
100 96 302 160 303 283 187 710 184 121 353 82
101 120 94 776 820 206 918 908 204 200 581 0
102 3 886 58 921 63 193 195 5 237 963 142
103 377 839 377 163 83 253 106 551 189 536 229
104 104 250 61 707 700 913 141 86 820 779 146
105 105 249 333 455 860 165 490 149 88 0 222
106 68 121 187 107 86 318 113 847 165 362 283
107 665 412 238 243 373 528 191 231 457 62 113
108 375 81 329 254 147 62 509 546 245 62 314
109 62 83 253 434 252 254 23 546 954 518 577
110 478 81 494 458 440 53 420 218 128 327 486
111 108 109 366 218 222 311 424 518 404 371 62
112 80 424 478 84 121 263 426 82 46 461 461
113 113 84 70 431 84 727 83 366 84 366 62
114 655 114 355 82 642 254 74 537 74 106 221
115 145 82 252 63 184 627 86 105 329 333 367
116 245 976 423 96 847 417 107 107 480 211 214
117 252 286 532 56 63 129 115 160 592 579 46
118 667 160 343 13 748 222 537 221 403 14 292
119 980 980 470 116 263 263 423 62 206 426 457
120 377 764 168 491 624 651 506 7 504 529 496
121 127 92 21 333 460 80 473 549 160 78 13
122 656 352 347 231 172 123 455 123 170 900 5
123 337 23 545 87 252 236 155 269 420 108 110
124 429 929 269 83 496 213 473 129 346 21 459
125 101 155 429 216 269 140 46 495 329 303 371
126 812 193 408 473 627 513 226 222 1 549 84
127 21 966 189 549 184 329 896 114 210 256 351
128 1 224 64 66 474 41 83 366 372 32 361
129 14 41 166 178 61 103 60 321 368 368 250
130 280 60 182 377 219 280 113 232 232 493 405
131 963 159 215 222 311 312 228 495 473 411 981
132 54 807 132 405 892 128 917 820 28 365 62
133 445 160 234 121 233 88 252 244 236 107 480
134 84 442 26 437 438 339 123 900 437 531 114
135 133 60 352 60 378 376 179 971 729 44 7
136 133 83 62 15 820 820 41 256 278 365 179
137 88 304 424 393 153 859 815 174 3 408 990
138 160 116 417 455 339 438 494 539 160 51 820
139 140 209 490 377 296 296 405 15 929 579 334
140 46 424 69 551 434 333 249 954 546 221 549
141 451 7 608 452 498 506 44 699 720 11 209
142 44 283 363 303 81 80 508 86 563 493 932
143 42 560 27 339 32 24 997 24 151 28 363
144 434 441 324 666 951 44 11 360 452 971 63
145 42 296 256 405 184 971 284 642 419 290 210
146 183 107 372 366 215 81 87 280 183 63 552
147 42 492 212 212 166 301 153 82 256 283 518
148 149 575 232 804 266 141 430 765 498 197 201
149 64 326 473 170 6 685 880 921 56 252 209
150 820 21 308 256 548 497 440 526 221 1 17
151 753 491 378 387 182 381 342 107 173 10 324
152 87 236 234 160 306 728 173 83 292 950 393
153 82 420 212 268 419 489 300 303 271 305 285
154 404 404 62 245 423 981 318 84 288 58 586
155 105 258 256 303 244 13 19 823 521 553 134
156 232 936 484 143 375 80 549 877 549 778 549
157 104 250 61 172 13 535 134 6 79 62 210
158 639 209 13 266 141 500 332 504 374 856 823
159 237 252 83 96 375 514 66 91 357 105 420
160 59 63 249 401 294 94 908 592 735 140 273
161 129 129 166 137 210 434 252 812 58 601 79
162 532 308 166 129 28 212 81 877 81 911 189
163 166 223 518 519 519 189 87 812 826 4 431
164 272 563 290 114 30 86 686 86 404 100 353
165 82 81 86 226 128 434 677 434 172 180 350
166 79 166 141 729 84 268 160 20 163 212 340
167 181 157 283 221 282 173 400 509 710 971 466
168 285 58 254 303 371 62 423 925 976 547 87
169 438 588 26 37 34 40 171 5 516 411 717
170 105 74 120 79 282 269 274 448 484 86 620
171 370 171 299 418 142 283 280 333 119 76 333
172 515 813 168 900 438 28 34 40 370 417 107
173 82 285 131 411 434 97 640 640 638 126 286
174 212 820 5 170 96 261 27 997 27 197 128
175 685 685 64 926 159 234 963 615 800 185 124
176 381 61 393 533 17 173 62 582 103 582 189
177 215 18 182 388 150 61 172 47 443 245 725
178 656 149 342 450 581 204 232 486 362 62 450
179 191 82 395 377 490 107 233 474 375 318 442
180 681 343 343 231 385 296 363 105 173 129 562
181 628 394 388 390 295 61 19 365 133 483 133
182 748 121 372 82 249 363 256 129 82 747 366
183 695 129 936 232 498 440 515 593 494 480 671
184 422 84 233 159 244 210 255 283 392 528 644
185 354 185 708 371 99 98 155 46 448 46 448
186 490 81 82 152 70 372 431 58 249 7 765
187 42 405 282 163 20 173 62 44 142 133 25
188 366 180 681 178 231 347 191 645 697 415 414
189 377 350 352 160 812 366 248 74 459 759 459
190 189 312 494 141 64 11 211 212 142 271 859
191 283 21 128 362 602 466 856 44 19 293 374
192 195 533 546 820 917 200 204 283 129 413 176
193 4 303 280 655 37 655 367 283 17 643 49
194 990 803 54 211 755 211 807 54 166 129 572
195 252 54 34 361 434 145 405 106 210 107 62
196 282 139 107 954 546 936 290 356 303 807 132
197 457 65 562 497 13 209 518 557 51 409 90
198 419 161 141 7 500 506 503 502 499 922 280
199 288 654 84 166 127 130 342 381 60 495 82
200 434 208 129 813 623 86 74 309 18 280 486
201 18 115 361 29 165 135 26 38 48 643 290
202 562 438 86 83 278 548 381 150 157 537 537
203 377 179 820 13 304 971 695 228 223 152 254
204 65 232 263 411 986 261 753 115 232 473 855
205 95 143 420 133 128 115 79 482 340 17 467
206 86 83 368 83 963 83 243 58 183 450 83
207 207 198 258 802 256 434 404 98 932 153 87
208 174 80 129 585 813 93 116 337 336 92 287
209 564 81 107 338 365 191 156 345 262 191 121
210 255 114 160 318 443 133 531 282 612 311 189
211 256 132 16 258 402 133 134 598 340 342 348
212 283 820 107 211 636 636 211 932 296 212 642
213 359 951 44 565 266 533 170 816 151 339 245
214 434 280 572 493 457 65 204 280 167 284 214
215 249 12 267 19 513 459 268 934 268 248 221
216 579 592 929 140 216 139 429 592 334 46 272
217 432 162 288 162 321 156 381 149 490 546 163
218 226 186 144 212 856 249 490 160 278 292 168
219 218 160 65 486 725 96 369 252 625 412 845
220 47 333 932 68 357 258 356 375 211 117 460
221 405 495 365 765 707 265 529 494 128 333 145
222 519 227 74 317 85 147 154 105 115 473 536
223 468 167 751 167 290 283 209 62 405 158 132
224 224 221 129 308 182 385 82 23 261 32 417
225 222 64 430 141 8 430 674 823 566 141 365
226 314 363 255 303 564 174 932 147 166 218 282
227 127 227 537 259 509 105 303 21 400 306 733
228 82 219 17 105 441 573 166 573 166 282 80
229 169 251 370 443 427 252 282 560 518 509 81
230 230 5 183 168 533 362 81 69 259 259 537
231 257 284 203 179 160 180 810 597 58 86 425
232 413 178 214 450 275 562 426 285 2 160 786
233 404 217 431 4 880 80 28 27 121 226 314
234 404 473 362 666 566 247 498 447 429 322 334
235 971 778 549 221 403 168 35 878 27 35 438
236 107 98 102 101 99 640 638 126 174 63 121
237 159 249 179 148 402 402 377 395 181 385 378
238 211 255 137 272 710 409 450 295 490 186 420
239 234 114 278 405 221 83 612 963 241 498 405
240 159 244 252 54 532 532 308 182 182 181 386
241 927 158 237 210 927 159 166 303 121 226 121
242 240 209 977 977 977 977 977 209 240 234 210
243 63 81 121 174 665 64 280 493 585 493 133
244 158 209 564 686 114 426 93 16 63 826 832
245 40 590 40 170 133 405 480 143 478 434 368
246 856 82 4 6 3 812 880 157 296 810 471
247 267 359 359 504 494 287 800 615 83 373 404
248 221 316 74 230 62 627 667 747 424 172 458
249 84 112 476 13 211 582 160 197 593 142 812
250 157 380 181 379 396 395 103 321 381 177 479
251 26 35 5 157 150 149 349 13 177 546 397
252 63 128 64 91 66 64 430 64 280 706 523
253 249 105 393 424 142 223 518 145 950 424 124
254 23 36 165 35 14 473 201 41 482 598 598
255 314 85 41 546 84 174 46 236 87 20 695
256 280 388 181 385 182 390 60 179 181 280 232
257 284 231 203 179 203 121 127 377 378 61 498
258 477 478 112 258 132 217 432 217 50 431 83
259 400 106 531 282 269 272 334 322 273 886 366
260 248 372 107 601 404 252 480 223 220 128 129
261 980 64 232 321 396 395 390 387 198 183 142
262 376 377 120 380 178 498 446 164 735 140 64
263 686 86 30 32 23 438 545 23 421 249 58
264 499 407 505 971 740 82 132 809 56 2 13
265 608 441 11 498 526 13 698 305 243 209 924
266 720 529 44 86 166 141 265 407 856 932 46
267 61 483 94 206 231 290 169 89 806 806 88
268 340 282 393 393 391 971 504 441 324 121 393
269 82 81 166 58 105 42 184 107 300 121 203
270 84 84 366 690 86 521 554 29 113 62 554
271 698 58 533 264 267 359 499 707 872 581 101
272 617 618 125 404 615 106 358 510 754 608 358
273 209 241 238 412 971 805 487 488 922 560 39
274 140 448 269 46 355 82 548 21 64 129 294
275 835 401 664 515 381 381 479 275 835 84 87
276 549 187 546 850 546 651 420 367 155 541 249
277 277 621 160 319 209 845 924 57 174 303 63
278 908 917 204 205 593 377 129 533 818 160 189
279 62 554 554 553 134 372 87 426 440 200 777
280 515 168 64 430 430 420 810 87 13 214 128
281 281 738 55 166 880 3 2 564 4 121 301
282 234 637 234 233 240 11 569 451 496 602 441
283 87 363 128 183 19 264 266 0 250 295 490
284 257 377 95 205 95 917 445 518 519 316 409
285 15 274 45 932 211 155 533 525 500 141 431
286 4 990 281 411 305 738 698 2 587 412 303
287 81 4 520 420 402 262 349 348 342 94 41
288 613 747 509 190 420 249 132 194 859 281 281
289 280 232 413 200 176 423 245 339 29 443 361
290 563 563 706 694 664 425 664 515 167 53 18
291 294 342 377 86 74 85 147 612 434 473 465
292 231 457 409 280 16 357 486 292 450 142 589
293 765 504 500 466 421 141 421 457 65 515 450
294 543 478 62 458 655 980 427 47 129 936 546
295 292 64 455 318 424 69 667 6 515 484 13
296 607 460 467 84 13 281 685 137 183 544 133
297 13 812 685 408 208 121 252 105 173 87 856
298 536 259 248 268 215 197 13 39 40 35 169
299 700 957 951 913 967 44 8 452 11 159 183
300 11 11 608 441 254 303 249 371 254 255 82
301 473 150 820 342 340 46 448 579 334 65 324
302 57 243 63 586 59 281 64 420 12 264 213
303 932 269 644 349 156 381 61 602 213 700 12
304 424 139 282 68 183 152 211 153 87 424 880
305 210 242 233 212 422 513 906 513 372 248 459
306 21 274 549 248 74 225 148 401 399 168 822
307 177 231 871 231 181 181 296 495 203 829 203
308 129 544 105 86 128 167 450 123 450 413 168
309 905 215 20 519 85 85 53 231 179 62 84
310 222 218 300 64 379 164 428 45 429 335 428
311 16 196 205 922 129 58 153 142 300 166 376
312 5 105 28 371 495 329 160 337 438 64 91
313 310 314 434 550 306 141 12 823 264 856 301
314 218 696 297 177 307 218 222 142 508 260 20
315 519 160 207 172 130 280 60 392 61 388 249
316 255 105 236 243 209 924 612 41 202 820 779
317 73 297 260 336 96 92 11 90 425 86 38
318 981 442 263 919 847 171 423 547 38 37 545
319 209 11 359 504 246 504 912 504 569 602 213
320 379 60 387 61 347 377 147 435 147 249 856
321 592 735 461 819 422 17 671 356 410 62 509
322 322 13 418 187 549 855 549 44 486 426 121
323 100 404 98 618 820 346 181 947 60 394 61
324 971 324 720 804 266 324 720 555 161 264 510
325 21 86 714 486 6 562 202 820 412 286 859
326 87 405 253 283 132 89 845 305 683 412 812
327 301 420 490 932 17 615 518 355 365 802 129
328 494 281 164 520 635 285 379 316 187 129 419
329 989 989 989 91 474 932 748 748 160 194 412
330 248 311 17 340 226 282 170 13 342 167 572
331 215 0 101 98 97 102 2 63 54 89 4
332 213 320 283 378 378 103 181 351 231 262 160
333 355 169 172 419 542 256 51 740 82 401 870
334 933 45 107 361 93 86 518 83 153 474 477
335 929 592 334 446 322 429 592 124 404 366 859
336 883 339 39 13 10 96 20 420 137 546 211
337 82 161 530 538 326 409 506 249 856 141 8
338 113 84 249 147 424 281 107 474 160 717 295
339 47 333 76 444 300 303 114 303 551 299 700
340 82 453 105 84 82 708 62 282 355 21 6
341 389 379 174 56 6 751 41 612 163 154 820
342 17 309 64 64 411 866 96 455 919 981 919
343 160 282 745 453 745 189 690 215 434 19 570
344 656 178 231 624 409 2 612 82 169 364 152
345 214 460 129 232 450 105 856 466 267 570 570
346 511 64 173 405 308 160 258 802 172 23 41
347 215 249 505 43 406 160 214 124 125 424 329
348 180 343 681 342 468 180 349 179 133 681 214
349 262 160 423 96 242 158 114 83 273 301 23
350 861 350 572 776 41 17 142 338 116 816 953
351 179 122 397 160 234 282 20 68 160 426 62
352 178 53 922 847 919 443 226 106 363 208 738
353 353 15 269 592 164 564 564 10 69 216 139
354 100 124 371 494 340 638 126 54 174 379 308
355 329 91 110 258 932 371 62 84 318 83 292
356 410 62 666 12 666 12 160 474 142 216 446
357 121 232 611 176 381 390 104 182 394 388 60
358 560 295 389 211 571 137 665 63 932 494 24
359 533 430 765 498 720 720 332 707 602 249 932
360 293 11 434 41 593 197 908 822 86 36 28
361 438 54 88 129 80 187 16 280 181 384 321
362 661 44 805 487 922 856 405 133 169 65 450
363 364 211 129 840 285 990 65 840 285 107 319
364 165 121 228 280 419 113 494 121 110 110 111
365 564 190 106 5 132 234 963 131 604 131 285
366 662 371 549 69 80 460 597 597 411 683 211
367 82 145 166 331 615 493 562 654 121 83 154
368 61 381 394 60 150 149 420 209 209 238 963
369 630 369 160 529 441 266 555 754 569 558 213
370 116 317 313 223 316 74 537 537 613 117 170
371 174 685 698 552 411 604 131 82 169 30 590
372 58 412 252 434 187 105 282 662 124 662 353
373 92 530 533 321 387 376 390 409 515 533 210
374 44 30 84 211 132 301 963 932 255 283 752
375 405 758 120 120 120 0 283 62 365 114 725
376 394 160 133 79 86 12 896 405 856 7 466
377 95 143 10 271 57 3 210 208 329 69 141
378 182 18 0 120 5 281 303 212 131 809 54
379 150 820 776 342 173 86 480 329 486 286 4
380 440 172 93 261 40 40 339 482 14 290 892
381 397 157 155 133 445 848 340 280 167 203 179
382 157 382 379 64 914 28 409 117 211 128 197
383 157 719 376 368 83 105 203 776 749 167 203
384 363 422 166 1000 206 284 511 284 257 130 776
385 394 628 295 255 255 62 90 106 747 549 298
386 181 947 377 280 706 585 295 459 226 459 223
387 388 164 269 533 393 607 255 314 312 232 178
388 61 14 232 275 813 817 813 714 401 835 789
389 379 5 437 115 900 953 24 151 251 47 361
390 378 388 296 393 612 832 63 896 107 834 107
391 426 168 93 493 611 450 426 572 82 410 258
392 60 393 212 226 232 526 280 655 114 326 21
393 379 385 157 278 365 569 754 720 699 9 264
394 295 255 434 489 6 349 13 13 242 879 242
395 908 593 320 393 389 537 14 168 486 664 166
396 60 377 189 155 377 377 262 301 278 21 329
397 181 167 450 377 157 284 257 231 377 278 409
398 377 741 741 741 150 157 128 283 395 104 150
399 526 425 874 425 86 141 608 264 823 521 217
400 728 10 96 339 10 82 227 268 934 163 105
401 574 65 401 664 166 353 687 353 434 478 329
402 402 211 560 295 450 95 183 16 375 142 223
403 542 399 168 114 261 470 914 338 932 420 152
404 249 401 714 562 440 13 113 83 84 174 16
405 143 42 280 434 420 280 706 585 129 936 776
406 358 358 247 246 141 496 560 363 495 214 278
407 249 355 300 183 542 458 604 96 842 96 336
408 552 160 12 498 488 971 307 18 107 77 811
409 93 86 553 553 134 340 375 108 155 333 62
410 107 84 288 654 87 152 86 236 183 257 426
411 170 117 409 207 160 306 173 20 188 667 533
412 884 884 884 884 412 89 375 356 114 82 376
413 813 534 544 121 544 62 143 121 143 758 288
414 449 414 414 443 165 29 24 367 128 254 28
415 697 156 734 128 388 390 459 87 283 495 278
416 971 971 804 266 500 504 510 466 602 602 569
417 339 135 914 860 165 167 593 86 82 77 557
418 480 221 280 199 776 776 908 201 198 95 908
419 462 462 411 211 106 671 68 400 971 608 406
420 932 269 45 210 244 159 244 13 421 249 434
421 359 332 506 932 492 42 493 474 96 131 132
422 404 473 269 145 405 255 249 747 106 424 245
423 925 48 171 820 115 373 812 3 114 609 24
424 357 64 367 36 25 494 252 174 379 157 178
425 4 405 21 296 342 157 345 254 820 136 338
426 114 919 976 925 976 417 443 113 486 327 728
427 153 301 45 140 592 321 396 390 103 0 223
428 446 429 100 820 159 242 159 183 405 256 41
429 164 46 82 377 397 390 389 160 133 308 581
430 14 167 468 82 329 91 160 261 333 925 245
431 434 220 165 129 542 440 61 301 963 234 587
432 71 612 393 421 359 525 466 602 249 87 223
433 180 851 214 342 296 397 393 61 388 379 377
434 229 28 409 28 63 212 48 105 518 560 386
435 316 6 137 809 55 107 83 355 137 22 520
436 438 26 29 35 14 79 922 280 473 509 546
437 115 87 654 154 393 387 60 392 392 295 379
438 25 23 34 39 23 212 64 69 679 679 188
439 96 47 423 13 698 57 240 242 106 400 20
440 661 823 707 674 707 627 333 443 919 89 859
441 333 212 152 142 58 54 194 3 137 329 80
442 423 442 84 112 108 509 713 509 667 409 151
443 171 333 367 116 548 337 437 135 443 455 455
444 444 86 236 208 411 866 96 209 235 240 234
445 917 200 178 352 546 77 79 339 39 34 31
446 592 272 274 428 579 447 15 303 544 568 82
447 473 493 820 129 365 351 303 423 925 113 483
448 274 273 252 533 359 359 951 951 213 496 922
449 414 415 86 14 426 572 290 301 170 987 339
450 434 128 35 442 545 34 37 721 229 366 217
451 487 213 558 324 65 568 1 351 377 562 426
452 649 421 452 11 400 509 81 420 312 301 23
453 166 250 250 1 142 441 661 12 19 422 615
454 107 834 107 68 424 263 29 169 4 586 58
455 442 263 301 423 417 96 57 57 610 694 290
456 405 221 0 459 610 610 59 738 586 282 41
457 562 275 232 526 420 278 83 252 932 338 199
458 285 302 123 61 103 86 191 903 907 262 262
459 464 282 333 329 42 115 254 210 546 526 172
460 81 280 419 12 420 651 420 256 191 344 178
461 118 387 379 191 121 368 82 129 28 351 178
462 463 462 460 23 34 39 370 135 115 105 362
463 462 20 230 420 12 452 487 466 7 672 506
464 211 281 2 880 56 610 610 610 459 163 17
465 667 480 142 249 464 424 263 171 470 438 340
466 529 265 161 434 89 88 96 75 165 492 144
467 84 49 297 49 152 114 527 318 444 96 76
468 107 429 269 820 16 169 135 438 531 556 232
469 211 169 308 6 408 215 197 172 734 695 317
470 986 411 738 286 137 3 271 400 105 280 284
471 84 333 527 443 133 201 103 103 393 810 597
472 610 296 932 41 751 51 165 245 337 30 263
473 121 424 18 366 121 543 576 82 550 81 249
474 121 143 329 652 108 494 283 577 363 114 564
475 300 312 420 624 223 222 690 215 197 908 820
476 474 612 173 121 518 519 518 490 473 855 549
477 258 564 164 322 334 164 269 592 38 847 423
478 91 478 486 48 976 76 76 113 301 35 24
479 479 414 370 41 342 350 320 181 103 320 377
480 329 137 194 6 169 533 302 115 165 13 190
481 107 230 5 900 251 151 655 470 438 339 151
482 318 442 245 442 423 48 105 199 201 197 52
483 483 167 340 169 301 473 419 932 427 212 612
484 494 106 695 734 695 365 28 62 279 5 141
485 417 76 318 96 209 319 319 319 243 249 256
486 263 121 533 441 729 441 84 107 343 183 42
487 421 333 279 160 963 612 612 393 105 87 547
488 487 213 265 555 141 856 506 434 411 976 417
489 106 340 179 869 376 308 462 408 59 89 919
490 365 602 182 60 378 390 756 118 51 118 279
491 490 258 421 649 452 830 452 506 13 27 40
492 107 45 419 249 80 80 28 39 133 971 444
493 458 62 152 92 259 260 311 678 48 229 115
494 17 189 1 495 377 396 393 157 386 181 162
495 21 314 310 74 872 377 82 252 285 168 167
496 11 327 160 117 118 183 53 103 160 480 971
497 419 101 124 64 489 489 132 131 63 6 544
498 360 498 7 360 235 319 237 241 240 211 636
499 359 11 44 529 499 707 809 412 803 1001 4
500 569 12 570 971 444 976 455 76 333 261 86
501 499 374 44 661 9 332 141 729 141 500 498
502 43 324 720 324 43 502 43 499 700 12 674
503 61 103 390 389 395 376 308 83 49 612 162
504 533 406 720 856 166 296 82 474 420 568 450
505 502 503 498 232 264 440 65 357 80 299 968
506 452 9 498 503 213 265 525 232 263 531 256
507 314 314 222 420 654 163 249 236 533 663 663
508 363 21 118 651 2 323 162 252 243 237 234
509 87 64 611 129 343 681 352 41 166 644 296
510 12 823 566 247 661 264 804 720 699 699 525
511 118 20 459 218 167 197 197 457 526 14 562
512 366 169 21 690 671 690 21 20 42 183 913
513 422 42 298 137 520 22 20 187 1 146 549
514 329 128 211 4 63 832 586 412 809 89 136
515 552 281 408 990 211 101 101 96 234 282 258
516 2 845 281 859 826 1001 826 859 286 486 286
517 192 807 303 665 107 4 712 255 295 60 250
518 661 265 500 501 44 362 434 245 547 444 527
519 786 160 290 183 211 355 142 280 283 726 342
520 121 130 388 61 440 438 136 160 430 956 933
521 482 133 41 908 51 399 542 275 413 275 479
522 523 457 421 9 359 529 913 967 498 501 504
523 829 290 206 342 726 342 277 82 210 121 423
524 72 311 190 509 260 92 96 66 480 211 424
525 729 44 129 133 367 340 160 55 552 208 411
526 221 223 18 120 133 120 0 73 317 218 248
527 444 527 48 115 64 141 19 560 222 219 222
528 64 157 384 363 303 303 371 51 112 37 151
529 720 608 332 500 141 213 247 7 608 246 608
530 246 421 359 558 84 443 370 92 80 282 129
531 367 39 560 218 282 509 107 418 480 549 188
532 404 373 283 253 21 495 351 1 142 141 6
533 460 467 189 465 83 186 654 25 409 624 409
534 256 283 145 180 420 189 453 166 405 314 255
535 777 733 923 326 10 133 600 588 35 25 34
536 259 260 92 513 93 135 93 576 295 60 384
537 74 218 166 644 349 6 412 665 142 163 107
538 326 424 269 140 209 271 285 137 365 486 232
539 77 121 316 435 316 268 390 390 459 166 21
540 184 540 86 41 206 232 358 406 608 406 720
541 215 18 301 284 621 518 188 549 362 529 359
542 172 205 172 292 822 350 572 280 405 796 828
543 688 543 478 282 166 249 530 365 210 638 564
544 257 278 284 157 395 283 17 145 571 288 105
545 36 170 6 55 949 511 411 243 159 210 208
546 206 440 497 562 533 950 173 82 280 228 74
547 847 40 533 360 498 503 407 358 331 73 268
548 434 28 375 357 183 365 338 135 27 128 430
549 173 20 10 160 3 208 63 552 195 826 6
550 105 362 62 338 199 53 526 232 5 76 76
551 533 800 185 404 62 357 212 518 771 64 129
552 82 30 434 132 252 304 806 89 2 971 403
553 84 467 106 979 316 549 173 153 154 546 723
554 777 134 133 280 219 232 280 53 380 385 380
555 466 160 431 83 285 635 285 126 286 305 604
556 232 61 389 397 841 231 157 391 379 379 378
557 5 163 932 489 107 17 215 820 751 206 202
558 9 525 265 500 506 238 700 238 209 155 150
559 166 426 568 81 62 554 340 438 261 114 2
560 276 295 84 780 84 48 560 276 275 813 543
561 462 462 5 496 529 7 264 406 499 504 86
562 457 457 285 286 285 854 183 159 931 234 5
563 706 694 484 129 486 486 357 64 107 314 160
564 81 877 533 473 106 83 280 655 458 280 16
565 804 11 106 73 0 65 280 231 65 130 351
566 7 529 452 358 504 500 466 649 729 525 500
567 567 567 843 567 290 167 749 776 572 86 85
568 357 82 77 581 13 418 509 671 582 473 550
569 43 569 105 252 63 419 255 421 452 529 720
570 566 11 700 19 331 295 376 379 389 390 438
571 520 412 138 301 184 6 430 674 265 232 41
572 426 114 895 417 258 474 82 4 625 285 183
573 160 233 212 162 427 75 75 655 149 420 235
574 425 562 425 568 457 65 543 292 172 847 443
575 280 169 438 900 953 28 405 17 177 905 297
576 128 42 607 471 160 880 880 80 16 221 546
577 375 89 238 931 963 235 360 754 293 498 407
578 577 333 280 116 30 30 31 35 168 615 800
579 929 322 273 139 933 592 321 368 14 270 129
580 580 580 580 580 580 580 580 580 580 580 580
581 420 474 404 333 133 51 112 80 490 81 46
582 184 82 215 283 589 434 92 100 100 97 124
583 521 389 60 420 363 296 719 841 841 376 307
584 563 290 295 308 320 213 320 868 5 279 62
585 295 142 88 149 284 180 381 149 342 346 294
586 59 137 59 286 880 63 5 232 486 278 342
587 6 308 17 546 115 208 546 184 582 508 480
588 307 588 24 609 609 24 494 128 42 280 130
589 459 295 283 518 256 340 268 74 254 210 249
590 533 401 160 316 73 317 312 189 184 166 641
591 83 478 84 494 160 496 459 19 569 141 166
592 447 140 64 95 94 64 142 340 46 164 46
593 14 130 290 145 239 238 235 209 909 280 486
594 283 392 295 381 948 381 394 376 342 173 99
595 52 814 262 100 124 173 306 478 476 375 107
596 597 142 23 878 23 494 282 372 62 856 856
597 597 301 61 181 219 172 171 370 115 404 152
598 521 217 812 877 160 162 129 353 142 128 133
599 211 506 651 420 647 154 820 820 79 601 405
600 168 35 183 450 413 526 168 840 562 401 65
601 886 812 282 404 98 185 687 282 233 424 113
602 525 421 393 546 290 366 19 506 956 183 210
603 414 645 191 345 130 290 643 290 211 269 17
604 411 261 23 28 351 495 228 377 257 401 712
605 414 603 414 370 151 86 233 86 14 498 500
606 495 254 453 420 82 544 257 401 873 401 791
607 81 329 80 82 18 223 183 318 455 169 360
608 265 232 971 113 485 423 485 442 26 40 75
609 609 114 36 129 162 654 186 450 534 440 232
610 472 453 82 373 515 434 187 166 156 342 493
611 278 179 378 388 182 181 157 103 162 195 809
612 404 153 160 369 252 4 698 412 192 2 281
613 117 170 548 459 328 459 362 303 80 663 679
614 756 225 309 223 220 177 331 295 585 706 523
615 453 115 160 726 106 11 573 11 11 700 7
616 320 368 375 301 327 301 209 42 671 21 624
617 448 484 160 405 81 128 86 459 565 674 565
618 97 124 139 447 448 140 461 812 4 59 6
619 303 106 129 548 143 290 405 362 141 529 166
620 86 172 413 183 133 165 314 215 331 707 73
621 377 189 679 189 225 18 121 301 511 5 76
622 238 158 132 518 771 518 559 160 509 473 533
623 791 425 457 493 17 671 249 405 489 6 284
624 491 753 86 421 765 246 530 358 161 371 340
625 4 812 46 334 335 269 446 164 424 497 482
626 87 252 615 281 301 166 474 96 4 552 698
627 189 627 667 184 299 418 69 189 420 29 24
628 394 628 628 295 384 393 301 446 45 429 45
629 178 0 498 58 82 283 601 404 532 162 107
630 303 362 434 132 256 283 758 758 316 1 316
631 209 64 326 409 590 26 971 8 823 452 700
632 632 719 393 380 65 130 14 172 420 190 971
633 633 633 633 633 633 633 633 633 633 633 633
634 635 126 208 155 114 981 361 32 367 16 258
635 2 845 859 408 993 408 194 990 2 126 131
636 211 430 7 247 661 666 566 666 11 434 210
637 234 494 93 27 121 427 115 245 338 31 367
638 640 353 618 323 100 708 99 101 185 97 124
639 639 234 236 211 83 259 818 549 104 395 86
640 640 937 640 323 2 412 832 192 132 121 107
641 1 459 42 427 40 725 443 13 667 6 486
642 121 820 165 75 76 976 114 46 107 418 480
643 290 405 438 417 494 515 93 86 438 113 116
644 950 303 909 87 236 86 225 226 300 405 78
645 645 231 65 483 165 883 39 480 971 740 971
646 211 46 155 495 367 36 301 108 66 117 409
647 647 93 563 493 133 5 308 405 249 44 254
648 648 648 648 648 648 648 648 648 648 648 648
649 441 504 11 300 210 420 137 481 586 826 685
650 215 434 142 367 366 82 142 133 450 5 198
651 546 249 518 460 421 481 586 282 268 73 218
652 419 45 404 896 107 954 546 954 615 492 162
653 653 653 653 653 653 653 653 653 653 653 653
654 17 121 29 26 438 86 47 925 48 252 153
655 980 13 590 27 37 24 39 24 24 964 24
656 122 103 394 385 378 376 378 295 397 632 632
657 269 643 162 288 549 162 512 155 189 184 373
658 658 658 658 658 658 658 658 658 658 658 658
659 659 659 659 659 659 377 61 250 174 269 256
660 660 660 660 660 660 660 660 660 660 660 660
661 87 107 129 515 93 172 419 63 419 280 284
662 353 101 0 166 84 474 23 474 83 44 161
663 679 69 409 278 301 281 5 125 142 576 932
664 58 286 252 153 856 823 15 461 428 409 624
665 303 58 3 128 210 244 64 11 183 11 265
666 86 720 699 499 43 406 699 441 213 360 44
667 187 473 28 722 38 165 545 27 116 38 39
668 157 155 173 342 851 350 345 350 343 13 980
669 783 420 81 183 257 183 129 139 137 305 132
670 670 670 670 670 670 670 670 670 670 670 670
671 329 652 163 82 215 189 966 189 537 403 172
672 44 638 638 158 241 240 233 654 162 433 254
673 673 673 673 495 222 256 82 318 375 671 188
674 569 12 166 114 547 437 438 655 526 121 129
675 675 675 675 675 675 675 675 675 675 675 675
676 322 434 353 640 114 919 89 114 531 290 160
677 199 95 377 1 726 283 387 377 351 122 150
678 509 189 745 74 309 272 46 271 281 683 211
679 69 184 142 291 256 460 663 533 116 860 337
680 380 562 413 458 142 560 12 300 748 121 306
681 157 384 105 412 162 15 164 46 303 254 106
682 681 157 180 343 231 129 180 231 347 166 77
683 412 57 304 285 401 434 142 173 513 642 405
684 684 684 684 684 684 684 684 684 684 684 684
685 6 157 389 389 317 307 65 533 530 358 407
686 245 210 63 208 815 815 63 411 859 886 59
687 107 393 212 546 80 28 486 478 108 13 129
688 543 401 426 113 28 51 93 373 106 462 58
689 198 207 160 292 280 434 19 86 47 96 170
690 400 10 20 83 533 44 43 358 700 332 504
691 691 691 691 691 691 691 691 691 691 691 691
692 231 53 440 426 568 65 776 65 413 542 403
693 82 127 82 420 81 82 612 404 17 431 58
694 664 363 661 19 324 558 569 570 7 700 720
695 607 87 20 409 23 36 48 48 48 423 971
696 307 74 64 379 296 284 14 226 370 135 116
697 697 645 697 321 387 380 296 607 548 249 41
698 738 552 87 326 143 197 373 552 131 422 424
699 11 211 464 23 878 35 38 847 40 24 35
700 823 570 161 363 365 191 824 191 284 232 219
701 462 545 27 136 136 337 27 878 33 370 245
702 107 3 256 87 189 453 121 114 78 340 811
703 703 703 703 703 703 703 703 703 703 703 703
704 107 448 62 714 62 726 1 450 543 425 65
705 183 411 174 880 63 564 686 531 62 708 125
706 280 169 211 252 138 305 89 809 859 546 526
707 627 189 5 357 143 90 91 375 81 363 161
708 353 121 233 433 405 121 493 270 426 86 47
709 185 353 365 490 87 546 723 971 184 366 747
710 189 536 189 255 169 434 283 166 300 126 57
711 711 711 711 711 711 711 711 711 711 711 711
712 4 859 105 173 538 306 825 306 409 65 664
713 81 362 529 504 406 43 406 11 211 138 54
714 425 791 493 256 308 390 320 440 458 789 654
715 69 108 13 113 115 283 137 46 107 77 282
716 5 171 417 113 725 318 170 495 329 286 58
717 271 46 303 610 235 238 243 83 19 155 215
718 281 54 6 237 6 290 14 203 291 256 212
719 182 60 368 395 368 82 51 204 218 340 342
720 804 971 467 460 347 122 103 157 180 180 107
721 30 34 361 339 165 420 79 226 371 212 494
722 278 345 262 180 434 97 97 353 434 478 356
723 173 105 256 356 419 101 354 354 185 323 162
724 160 550 81 896 173 282 28 96 47 79 497
725 165 900 5 157 393 86 518 661 440 970 546
726 107 428 139 420 408 2 865 2 160 147 166
727 483 764 377 181 346 133 181 172 130 155 31
728 20 259 509 400 96 24 23 153 82 173 115
729 649 466 86 223 313 295 84 372 121 132 489
730 160 856 62 458 64 106 212 83 71 50 82
731 731 731 731 731 731 731 731 731 731 731 731
732 732 732 732 732 732 732 732 732 732 732 732
733 777 419 14 93 30 764 314 226 365 802 802
734 280 351 129 180 421 765 293 365 209 424 30
735 269 461 447 428 322 429 446 461 624 461 13
736 736 107 338 337 245 326 173 10 329 66 64
737 271 949 880 4 285 586 738 57 698 281 880
738 698 281 16 356 671 375 896 375 5 29 133
739 82 142 17 105 48 361 48 482 160 493 473
740 82 5 7 246 649 499 141 529 699 500 332
741 250 60 379 393 301 25 165 420 68 474 434
742 614 742 614 613 747 667 409 590 13 30 169
743 516 516 195 192 2 192 271 285 683 211 48
744 744 744 744 744 744 744 744 744 744 744 744
745 453 453 82 114 434 28 129 434 412 154 154
746 746 746 746 746 746 746 746 746 746 746 746
747 82 820 42 58 281 481 54 2 564 190 162
748 118 117 100 424 230 375 108 469 112 476 112
749 167 172 207 116 136 170 64 229 30 409 318
750 88 810 87 484 13 84 598 598 482 172 86
751 820 820 44 128 300 312 221 537 222 365 419
752 121 438 34 23 215 41 581 581 205 557 128
753 169 81 141 473 498 441 166 644 489 64 484
754 84 585 172 228 301 423 76 443 361 370 41
755 211 654 323 124 51 256 133 256 318 48 105
756 42 474 474 13 15 404 142 597 756 223 365
757 757 367 48 211 375 514 328 514 474 340 766
758 288 295 107 166 950 393 87 954 154 105 269
759 459 188 20 885 728 259 127 160 393 391 393
760 592 273 252 209 183 15 140 64 95 196 593
761 393 377 0 178 65 51 232 65 401 543 113
762 516 102 64 318 409 555 409 190 509 260 336
763 763 763 5 133 367 75 96 339 179 278 681
764 331 177 231 797 797 18 219 280 116 207 191
765 7 674 823 707 86 506 765 246 298 536 229
766 766 340 142 303 128 974 917 483 157 719 182
767 121 79 601 859 4 211 755 211 5 828 892
768 434 467 107 441 19 11 92 326 932 338 142
769 107 532 63 803 252 685 92 100 323 99 323
770 353 129 562 533 17 146 316 297 49 19 160
771 64 80 880 252 520 281 412 238 237 927 210
772 772 772 772 772 772 772 772 772 772 772 772
773 773 405 83 256 473 550 480 69 325 962 958
774 285 83 249 421 566 499 7 506 366 521 823
775 560 361 25 361 133 167 450 458 515 813 440
776 749 776 94 483 255 282 184 162 63 921 880
777 259 106 546 803 2 102 4 82 337 133 291
778 160 501 374 293 530 358 141 332 7 365 209
779 549 67 74 218 218 549 509 509 259 83 273
780 84 282 230 160 85 778 569 358 247 267 674
781 621 401 401 276 549 162 84 121 36 128 143
782 526 782 82 261 171 263 486 129 922 205 51
783 654 323 3 599 304 405 695 211 807 211 518
784 411 412 520 408 625 63 3 971 540 189 509
785 409 10 69 187 679 482 133 402 402 377 227
786 407 525 238 963 235 209 209 564 10 564 174
787 21 422 473 269 335 97 102 192 58 63 564
788 717 271 323 533 84 555 466 504 301 820 200
789 419 180 348 191 160 717 215 460 167 483 424
790 544 434 333 283 559 518 426 263 301 655 261
791 612 309 74 73 756 288 571 252 57 303 412
792 121 411 318 170 979 1 450 526 377 257 544
793 206 41 254 115 166 333 434 256 160 533 581
794 335 164 335 124 45 271 2 107 429 269 592
795 417 444 245 405 274 549 473 667 184 187 62
796 353 185 52 719 841 368 82 179 394 397 376
797 18 280 296 105 314 317 218 199 850 199 203
798 798 798 798 798 798 798 798 798 798 798 798
799 971 488 922 496 496 268 513 655 301 23 40
800 287 20 118 116 133 93 417 62 21 127 37
801 41 171 93 940 93 291 232 156 645 191 83
802 172 256 280 515 813 600 600 600 458 600 450
803 195 193 193 194 405 62 662 353 101 419 91
804 754 19 121 411 498 608 266 266 525 700 452
805 358 331 44 10 160 250 394 321 483 205 94
806 809 131 132 82 96 303 209 365 63 411 408
807 132 166 340 521 615 800 409 135 135 165 32
808 808 808 808 808 808 808 808 808 808 808 808
809 412 162 252 571 303 269 272 334 272 579 335
810 393 379 397 150 301 337 5 859 82 20 223
811 340 554 340 129 694 255 5 100 404 16 258
812 193 685 281 64 96 47 114 371 132 859 832
813 168 6 921 859 195 195 412 683 57 305 815
814 347 307 588 438 339 883 337 135 93 171 261
815 57 924 96 725 370 41 14 339 251 27 160
816 753 119 333 320 296 376 632 632 632 719 379
817 813 93 176 486 493 611 211 212 665 303 665
818 62 249 19 700 247 19 957 9 499 504 967
819 461 735 592 160 333 393 152 86 392 387 667
820 283 820 115 233 63 233 612 163 422 115 114
821 163 145 21 254 23 785 23 878 33 409 371
822 183 152 74 105 155 363 531 419 63 41 282
823 566 608 971 307 226 405 537 405 490 212 268
824 191 86 275 789 93 563 82 410 286 6 5
825 723 126 211 131 58 865 58 58 81 114 121
826 194 990 803 4 826 4 2 162 90 220 215
827 506 971 336 13 35 36 128 249 464 563 290
828 233 240 160 56 880 880 56 305 489 249 530
829 290 86 129 413 183 108 405 255 421 504 699
830 452 502 505 374 502 9 19 142 83 812 285
831 258 424 174 137 20 301 312 17 431 70 71
832 252 924 699 529 359 608 566 407 7 555 82
833 365 365 211 6 327 728 21 966 21 20 92
834 107 356 434 275 172 128 667 465 189 184 420
835 789 352 351 87 547 423 417 485 318 113 434
836 706 14 93 169 987 116 39 86 540 184 513
837 837 837 837 107 642 642 42 226 222 16 190
838 45 282 82 86 280 486 115 486 176 93 417
839 377 546 105 155 157 128 420 326 327 96 116
840 840 65 94 95 181 179 347 160 786 407 566
841 841 312 232 241 440 608 359 499 452 971 799
842 211 764 74 177 533 189 62 129 249 473 642
843 567 290 143 474 328 328 474 112 469 5 789
844 133 336 27 339 167 203 277 277 203 62 290
845 281 183 366 19 160 361 13 483 280 284 301
846 605 846 846 846 846 846 605 797 797 342 262
847 448 461 45 139 160 19 44 525 856 533 171
848 340 922 280 130 351 161 107 132 152 121 401
849 387 385 181 377 262 907 191 283 314 18 314
850 199 377 380 14 440 434 64 134 482 438 96
851 342 376 632 376 60 393 382 393 71 84 326
852 18 215 128 51 280 160 552 809 845 685 59
853 82 681 350 345 342 393 376 869 841 397 232
854 183 705 401 600 450 399 493 166 141 249 301
855 299 700 570 264 7 62 662 494 191 351 377
856 932 236 303 859 252 237 62 448 812 665 4
857 191 682 191 86 2 990 826 192 192 517 517
858 306 509 216 46 216 46 155 18 301 278 231
859 601 141 12 365 141 672 249 236 434 180 289
860 135 339 116 437 27 38 38 421 498 411 986
861 350 351 420 60 385 377 350 191 420 568 450
862 777 498 232 320 379 379 376 182 397 150 381
863 57 305 13 33 39 84 582 671 187 16 434
864 411 5 135 455 925 89 6 157 104 82 739
865 865 194 208 481 599 481 57 55 54 59 89
866 411 126 209 909 303 924 88 89 474 546 812
867 134 6 170 249 16 311 189 189 311 420 201
868 320 628 379 391 391 389 394 283 371 329 68
869 397 389 376 321 397 397 103 377 577 518 351
870 401 249 671 188 418 107 132 371 549 221 121
871 231 537 405 456 64 57 271 303 256 318 283
872 74 260 950 145 518 513 229 29 261 753 900
873 401 148 468 167 575 167 468 74 215 255 255
874 425 835 275 276 426 276 560 39 409 464 136
875 170 28 953 23 590 13 285 481 137 303 57
876 564 748 105 405 519 315 537 411 412 845 408
877 549 934 340 280 922 922 560 222 690 21 107
878 27 878 33 438 860 251 338 724 338 485 485
879 242 242 105 333 211 64 445 160 255 62 21
880 137 301 298 507 243 613 243 241 499 499 238
881 96 236 132 599 211 460 115 63 820 42 333
882 166 125 323 300 101 120 146 66 329 169 405
883 27 437 135 860 336 169 932 70 431 70 186
884 884 412 285 132 599 158 963 932 107 340 212
885 728 92 72 524 72 524 72 106 188 189 582
886 859 166 366 190 329 190 184 357 486 353 354
887 885 106 107 74 20 253 282 21 327 10 11
888 412 809 59 96 438 337 511 342 278 270 278
889 828 169 409 409 13 346 351 181 156 906 513
890 890 890 121 174 809 174 932 296 376 307 301
891 405 183 203 376 82 133 362 293 765 365 695
892 300 371 828 145 591 83 145 249 231 167 203
893 466 374 500 44 499 43 324 441 649 44 503
894 327 473 29 31 86 38 47 820 202 198 434
895 417 79 419 263 16 190 533 86 353 183 411
896 710 69 107 164 174 57 286 486 36 160 212
897 263 48 113 473 80 92 426 493 526 450 340
898 230 533 461 335 448 274 334 334 929 429 269
899 2 738 5 21 400 327 105 281 107 19 365
900 914 28 229 84 1 548 434 215 60 420 28
901 137 155 181 104 377 572 290 822 494 932 63
902 5 815 520 552 518 405 433 71 612 162 468
903 262 344 191 130 280 377 94 41 42 298 287
904 321 103 393 321 250 166 12 700 452 570 707
905 222 312 177 377 167 751 206 908 94 120 758
906 533 350 851 214 450 107 82 420 5 29 5
907 262 215 197 457 457 65 133 557 205 14 291
908 199 94 205 847 113 116 987 123 275 86 366
909 209 301 21 10 326 245 455 136 30 30 136
910 65 358 466 720 86 172 523 457 129 107 405
911 222 225 312 177 409 667 582 473 531 932 859
912 466 12 8 504 506 452 141 488 971 59 303
913 699 602 496 488 529 499 86 115 58 859 849
914 170 164 107 46 638 495 296 62 357 486 65
915 38 438 336 136 115 48 976 485 76 333 211
916 414 414 697 5 106 83 46 272 462 5 201
917 199 203 168 829 290 108 90 494 366 256 221
918 207 214 211 21 550 434 314 17 180 333 486
919 847 922 529 421 529 362 249 255 295 179 394
920 230 20 42 145 518 509 10 306 400 21 308
921 845 412 55 412 408 281 194 815 63 365 363
922 496 5 242 210 160 520 89 405 411 194 305
923 733 728 306 10 105 258 454 107 410 286 635
924 57 243 373 180 347 377 82 572 82 782 526
925 976 442 84 513 365 489 212 494 407 466 506
926 930 669 420 256 308 880 252 243 507 513 218
927 241 252 408 212 64 498 562 401 791 425 526
928 211 269 46 932 83 615 17 23 172 133 168
929 164 272 446 933 933 334 46 174 815 63 845
930 238 237 236 371 226 79 107 490 377 782 526
931 234 319 319 160 232 537 486 357 91 419 280
932 586 826 195 533 163 373 373 131 646 211 66
933 269 216 45 429 334 448 140 819 273 592 428
934 340 483 424 4 107 319 107 99 424 153 301
935 100 662 97 768 124 662 84 243 963 319 243
936 572 515 122 95 155 181 231 351 420 520 166
937 64 515 177 409 13 210 241 237 5 249 661
938 611 86 100 353 106 169 280 284 160 252 82
939 572 515 14 523 457 65 64 918 95 41 160
940 128 474 62 571 2 162 287 536 601 146 146
941 189 287 549 248 309 73 259 83 154 147 85
942 435 920 230 80 64 232 18 420 531 282 83
943 295 290 643 162 186 129 87 518 283 144 144
944 748 129 802 802 365 106 355 21 365 226 370
945 325 400 160 314 365 256 518 155 520 812 63
946 641 212 152 187 256 234 404 62 21 169 533
947 377 342 219 172 183 309 133 162 129 275 275
948 381 380 387 250 321 810 301 22 11 128 340
949 809 826 2 859 254 226 105 351 13 145 255
950 266 358 502 407 525 466 754 565 804 720 213
951 44 419 493 585 585 600 129 329 82 441 160
952 69 329 38 35 114 531 365 672 249 18 62
953 292 389 61 166 127 92 818 533 18 103 179
954 154 209 209 637 234 242 241 234 121 242 241
955 593 342 201 5 462 254 17 146 166 857 166
956 11 400 509 509 509 713 509 253 237 319 107
957 9 213 558 213 529 608 804 466 451 466 406
958 962 958 509 513 166 73 498 500 358 530 365
959 377 397 6 285 812 877 812 58 126 174 4
960 377 189 67 533 393 153 23 438 114 83 450
961 377 782 526 420 351 250 495 314 82 27 48
962 325 400 160 136 27 417 176 381 176 440 172
963 241 237 233 238 210 174 395 86 510 86 28
964 29 438 900 978 115 169 329 87 545 30 82
965 936 706 836 836 836 836 332 699 924 96 131
966 189 155 615 412 586 462 254 453 254 21 187
967 913 7 44 213 466 231 129 557 128 365 765
968 968 299 299 509 518 86 372 86 666 11 209
969 184 42 128 940 93 62 184 301 857 166 42
970 546 41 212 252 826 809 845 3 571 4 169
971 430 362 420 82 303 82 693 366 518 552 121
972 913 972 913 707 86 459 188 106 615 168 278
973 971 506 411 511 346 13 478 424 880 3 587
974 917 196 203 776 593 176 292 377 377 776 749
975 971 805 44 967 498 213 951 141 672 506 105
976 444 847 981 114 165 93 176 292 484 129 457
977 977 977 242 240 240 931 158 3 195 305 6
978 860 170 251 32 654 211 462 430 565 804 266
979 1 250 351 483 377 572 936 936 167 776 572
980 13 514 328 331 222 215 363 364 169 464 41
981 442 455 438 436 115 254 458 813 458 813 440
982 137 901 137 254 186 256 58 193 192 5 100
983 333 89 238 930 301 393 607 537 52 52 61
984 333 155 470 151 151 35 168 62 303 13 281
985 376 6 195 305 138 921 412 4 3 2 131
986 261 753 816 151 39 455 976 919 981 318 455
987 115 173 17 424 139 933 45 300 405 212 408
988 411 116 405 108 329 198 5 411 665 254 170
989 989 329 28 877 81 424 641 946 641 641 333
990 2 308 434 153 173 107 809 138 56 89 107
991 812 83 557 129 430 504 332 529 720 498 232
992 129 123 115 644 296 256 153 434 173 173 932
993 408 281 333 76 263 426 270 28 362 107 550
994 6 994 6 486 303 551 509 508 81 146 316
995 712 4 425 257 526 420 209 241 240 235 238
996 12 569 12 8 856 922 141 498 7 506 332
997 24 988 24 35 39 84 594 84 662 323 98
998 65 53 52 781 537 232 918 204 533 441 707
999 145 13 661 363 105 242 241 242 533 28 533
1000 206 588 29 420 15 273 271 272 513 425 567
1001 4 285 55 131 281 211 755 211 128 106 114
1002 560 363 278 157 389 385 60 61 387 61 347
1003 258 417 133 464 172 143 31 170 460 663 533
1004 55 194 405 158 237 240 235 610 96 423 426
0 377 149 180 289
1 147 82 647 435
2 665 55 3 102
3 192 412 303 59
4 81 329 258 165
5 411 271 152 70
6 55 520 183 12
7 420 810 210 169
8 570 267 12 14
9 498 411 271 481
10 535 134 5 408
11 400 678 68 121
12 570 264 406 160
13 29 93 336 96
14 776 199 776 936
15 820 256 362 5
16 81 301 446 46
17 219 172 847 455
18 167 95 450 129
19 331 362 480 282
20 68 80 243 607
21 145 299 551 663
22 686 531 183 308
23 950 913 183 424
24 39 86 42 671
25 40 560 386 17
26 438 40 37 667
27 30 33 39 339
28 37 96 655 231
29 417 5 125 166
30 129 285 126 174
31 143 375 107 17
32 40 23 113 280
33 615 17 494 283
34 165 482 134 598
35 27 883 93 714
36 23 25 35 28
37 37 25 27 121
38 592 241 592 241
39 494 504 971 360
40 160 468 107 23
41 212 333 133 181
42 20 887 92 685
43 502 358 805 44
44 526 181 947 295
45 45 282 420 285
46 271 949 285 625
47 168 764 314 221
48 372 404 98 404
49 297 74 227 254
50 50 48 333 492
51 167 122 167 168
52 814 347 352 345
53 221 106 495 128
54 137 21 715 799
55 738 305 58 252
56 56 859 665 55
57 195 192 517 305
58 81 28 419 495
59 96 444 13 171
60 60 377 1 142
61 602 700 11 566
62 29 331 215 511
63 41 83 153 856
64 199 200 581 308
65 435 147 269 84
66 117 460 748 107
67 66 146 368 182
68 366 317 313 74
69 710 498 359 421
70 288 152 395 390
71 121 288 121 245
72 311 72 311 69
73 268 300 128 557
74 21 253 20 230
75 75 339 860 169
76 981 48 261 411
77 497 562 401 183
78 405 280 130 82
79 62 216 46 216
80 473 6 299 710
81 225 222 424 274
82 318 367 105 252
83 496 64 106 5
84 323 4 6 204
85 317 295 341 316
86 480 143 340 78
87 269 17 249 169
88 142 19 13 336
89 63 89 302 455
90 64 66 329 116
91 478 514 474 476
92 457 86 212 544
93 41 204 201 167
94 204 820 47 135
95 450 419 336 339
96 47 444 86 85
97 124 142 31 143
98 100 102 2 285
99 353 99 404 708
100 185 52 820 203
101 581 531 445 86
102 3 138 815 880
103 122 411 24 367
104 157 103 741 150
105 492 160 58 859
106 642 419 5 89
107 98 125 97 101
108 478 143 548 278
109 62 82 133 405
110 91 419 365 184
111 258 402 402 258
112 108 652 478 478
113 280 340 226 483
114 160 440 264 441
115 155 133 165 128
116 367 405 892 438
117 189 550 69 747
118 209 420 218 95
119 333 976 527 5
120 218 316 0 0
121 411 170 145 121
122 156 345 278 21
123 900 411 283 2
124 662 124 908 201
125 125 97 404 62
126 208 285 533 440
127 37 40 13 526
128 14 231 526 221
129 188 80 384 321
130 13 137 87 353
131 282 424 783 154
132 192 192 5 411
133 403 542 458 254
134 535 134 62 159
135 75 339 464 464
136 361 136 151 29
137 685 880 685 137
138 412 3 323 662
139 581 78 13 576
140 209 166 611 486
141 246 499 506 358
142 142 355 282 726
143 482 679 482 41
144 145 546 513 211
145 474 366 387 250
146 66 654 789 419
147 17 314 764 30
148 191 352 789 129
149 179 378 377 172
150 191 83 333 162
151 136 133 166 156
152 494 601 41 581
153 366 180 129 425
154 954 249 161 570
155 150 393 160 520
156 342 349 344 814
157 320 349 160 539
158 89 158 243 607
159 249 201 215 89
160 339 35 128 378
161 555 82 526 44
162 820 593 196 95
163 422 166 4 137
164 735 461 819 140
165 338 338 142 480
166 87 963 83 654
167 296 215 223 612
168 813 168 840 5
169 308 396 395 719
170 485 170 411 183
171 299 298 137 54
172 62 457 526 782
173 513 272 446 498
174 371 353 101 101
175 288 571 288 269
176 181 384 379 377
177 734 351 256 820
178 440 238 587 587
179 397 393 378 379
180 433 393 342 277
181 291 291 203 198
182 320 390 157 60
183 159 252 159 820
184 80 880 166 374
185 353 434 3 81
186 272 290 291 290
187 710 498 86 17
188 215 18 115 486
189 67 146 85 507
190 420 404 937 353
191 160 397 368 150
192 411 24 609 609
193 160 338 318 113
194 832 193 685 880
195 192 192 516 333
196 282 434 168 611
197 128 5 215 86
198 31 38 23 26
199 1 215 183 411
200 167 751 6 308
201 18 221 218 314
202 562 840 5 184
203 284 342 181 182
204 172 820 282 84
205 922 908 592 448
206 820 28 438 27
207 918 377 312 314
208 371 208 58 283
209 543 280 515 176
210 242 158 242 236
211 183 62 365 82
212 114 895 417 370
213 608 7 573 166
214 179 148 468 342
215 105 105 159 89
216 269 84 105 255
217 643 163 162 163
218 220 128 751 128
219 342 257 291 290
220 74 82 225 460
221 116 136 361 245
222 810 296 203 168
223 365 489 249 211
224 221 419 18 115
225 218 226 17 309
226 256 258 469 478
227 537 268 756 459
228 253 316 424 160
229 64 94 214 294
230 62 135 370 135
231 249 183 114 925
232 576 142 217 132
233 173 92 238 62
234 404 142 434 859
235 209 139 124 97
236 46 405 161 19
237 587 408 533 800
238 758 366 109 424
239 233 58 305 845
240 240 57 55 685
241 232 177 60 61
242 927 963 82 550
243 607 453 142 665
244 233 612 41 128
245 361 47 547 981
246 499 500 141 421
247 358 264 406 608
248 366 223 459 311
249 356 509 546 249
250 150 103 376 841
251 417 438 860 375
252 55 520 6 54
253 366 217 404 105
254 355 303 302 304
255 371 533 88 88
256 21 189 799 166
257 291 203 83 465
258 111 84 152 345
259 537 243 243 434
260 297 260 248 260
261 121 226 146 226
262 814 58 131 282
263 367 245 367 30
264 359 569 362 434
265 452 8 441 282
266 232 121 963 932
267 161 661 121 199
268 222 218 696 248
269 546 393 392 321
270 14 918 204 936
271 301 294 65 835
272 84 288 104 82
273 164 412 809 809
274 448 271 589 106
275 129 482 301 511
276 549 549 248 317
277 180 121 1 82
278 621 278 179 284
279 107 474 107 86
280 922 53 13 423
281 3 236 252 812
282 77 62 168 172
283 157 180 621 278
284 214 214 351 345
285 4 481 421 487
286 58 3 990 826
287 800 409 30 434
288 434 184 107 230
289 231 60 283 748
290 357 107 254 490
291 65 664 166 420
292 82 304 86 840
293 141 293 11 92
294 342 107 41 107
295 386 560 19 265
296 288 288 121 144
297 49 612 131 832
298 507 513 226 314
299 81 365 564 63
300 64 305 210 241
301 284 203 201 200
302 88 121 353 82
303 210 174 564 638
304 285 88 137 13
305 494 226 390 13
306 20 728 21 896
307 177 0 309 120
308 121 210 931 210
309 311 678 480 86
310 74 221 434 144
311 309 215 331 328
312 62 209 63 896
313 310 1 560 607
314 74 872 581 21
315 218 222 282 424
316 726 106 560 222
317 73 73 0 222
318 48 115 171 114
319 158 114 280 820
320 232 176 417 171
321 579 447 334 334
322 448 592 272 84
323 300 367 23 38
324 555 19 405 263
325 87 533 15 929
326 533 204 93 361
327 82 96 235 610
328 331 362 856 141
329 81 911 189 747
330 860 116 455 443
331 340 128 62 251
332 707 213 499 649
333 145 121 420 212
334 322 794 322 428
335 140 428 409 27
336 96 408 587 4
337 93 494 588 25
338 35 23 474 422
339 47 79 51 399
340 215 309 0 18
341 218 86 306 20
342 593 167 342 107
343 820 159 249 642
344 176 177 86 177
345 160 85 226 82
346 160 320 593 214
347 681 284 284 278
348 342 851 377 149
349 907 903 262 376
350 191 434 220 113
351 350 377 562 183
352 160 549 508 260
353 160 592 579 46
354 354 124 354 64
355 856 498 430 360
356 434 419 28 254
357 589 638 480 69
358 500 266 266 232
359 264 266 500 504
360 569 754 141 502
361 434 812 140 812
362 107 338 437 337
363 129 169 28 303
364 351 256 291 257
365 169 96 47 5
366 886 665 254 227
367 62 531 116 207
368 121 233 654 17
369 303 58 685 252
370 116 860 900 169
371 285 411 122 156
372 283 748 121 74
373 515 94 377 397
374 293 498 61 395
375 111 258 454 106
376 321 250 104 179
377 149 347 262 377
378 491 377 378 378
379 398 377 199 205
380 295 17 495 82
381 149 656 262 377
382 295 377 385 231
383 295 311 301 327
384 60 296 129 63
385 385 157 386 560
386 17 386 17 386
387 41 23 128 168
388 104 182 167 284
389 377 284 280 206
390 380 60 182 377
391 321 320 182 250
392 295 295 391 379
393 950 145 160 270
394 381 342 94 128
395 201 533 342 820
396 61 537 221 405
397 869 376 122 95
398 157 53 420 30
399 526 296 254 81
400 173 777 733 733
401 249 231 180 421
402 211 420 11 506
403 526 655 28 486
404 963 242 879 242
405 211 81 351 94
406 503 502 11 518
407 249 518 16 15
408 174 80 68 20
409 667 509 473 68
410 490 258 424 139
411 132 305 552 424
412 105 255 424 164
413 840 5 437 860
414 449 414 605 851
415 697 414 479 381
416 327 249 41 801
417 114 168 542 419
418 188 145 856 212
419 121 767 473 355
420 78 424 69 551
421 430 765 358 232
422 212 474 160 809
423 417 29 443 409
424 280 115 436 115
425 403 493 93 129
426 82 214 342 349
427 75 470 494 93
428 461 592 335 933
429 46 579 38 370
430 19 362 15 405
431 288 295 82 426
432 288 434 226 434
433 434 184 173 748
434 283 366 950 64
435 127 169 210 303
436 437 89 183 309
437 30 417 263 263
438 337 82 371 360
439 115 366 115 129
440 159 234 96 438
441 17 493 426 263
442 115 474 282 745
443 547 339 169 588
444 76 485 317 389
445 133 39 367 48
446 429 301 153 256
447 45 404 612 145
448 16 338 28 29
449 414 414 479 381
450 813 93 336 251
451 566 247 570 569
452 608 265 7 11
453 745 453 166 467
454 84 513 340 535
455 442 115 5 346
456 64 215 268 218
457 409 504 967 913
458 494 310 581 310
459 62 418 188 311
460 473 201 203 280
461 446 322 447 428
462 419 340 74 228
463 463 463 462 145
464 133 181 60 389
465 83 253 228 309
466 407 266 804 498
467 166 214 284 160
468 167 917 204 172
469 375 143 340 80
470 494 494 588 37
471 160 240 57 88
472 255 83 430 211
473 422 58 83 214
474 494 190 16 258
475 300 42 86 573
476 474 153 984 333
477 258 424 81 86
478 424 78 366 440
479 177 344 176 440
480 62 115 252 333
481 132 106 82 190
482 554 777 10 256
483 167 168 172 129
484 290 166 2 126
485 263 82 518 86
486 430 498 246 246
487 9 264 359 569
488 971 188 971 403
489 132 211 695 597
490 490 434 367 44
491 340 548 46 340
492 160 501 374 293
493 62 77 87 132
494 229 198 95 203
495 107 69 105 249
496 161 11 266 754
497 419 172 180 350
498 62 253 121 654
499 86 41 203 820
500 266 264 358 503
501 232 121 187 183
502 452 501 44 499
503 506 699 971 466
504 409 29 160 376
505 502 43 43 452
506 211 730 460 117
507 507 513 116 136
508 184 129 418 68
509 105 453 420 526
510 19 42 106 169
511 342 342 376 380
512 512 366 86 620
513 365 293 374 499
514 108 160 435 435
515 413 168 64 354
516 743 743 102 832
517 333 153 820 160
518 533 350 822 290
519 85 309 177 321
520 305 208 371 212
521 134 598 134 521
522 523 836 332 406
523 168 285 286 571
524 72 92 370 48
525 856 573 19 856
526 128 94 176 93
527 444 971 8 160
528 373 83 433 431
529 7 511 301 36
530 161 82 853 82
531 212 41 173 366
532 56 252 411 405
533 87 489 157 668
534 813 172 285 533
535 728 327 128 900
536 601 333 89 455
537 222 18 280 351
538 723 306 858 306
539 78 420 285 532
540 971 554 554 521
541 405 249 462 408
542 544 133 134 598
543 689 689 689 689
544 133 79 13 581
545 36 30 473 105
546 909 183 367 113
547 333 393 301 290
548 203 86 753 261
549 779 146 779 549
550 306 434 367 531
551 671 480 509 952
552 424 87 189 190
553 521 134 173 538
554 340 521 823 971
555 161 363 422 424
556 113 83 318 976
557 83 494 81 533
558 674 9 213 247
559 142 508 533 87
560 74 231 53 537
561 462 462 411 192
562 14 283 320 734
563 584 272 183 19
564 281 164 695 222
565 324 666 141 438
566 358 699 529 421
567 425 457 421 180
568 562 440 24 169
569 43 505 971 554
570 359 496 602 238
571 6 611 176 413
572 350 204 205 955
573 166 28 86 457
574 425 430 533 121
575 149 88 209 236
576 212 459 560 775
577 757 980 13 168
578 577 282 372 82
579 38 171 301 820
580 580 580 580 580
581 310 17 643 49
582 971 710 184 298
583 521 86 152 494
584 563 373 121 552
585 493 65 65 581
586 462 121 180 932
587 587 194 58 62
588 392 157 149 656
589 434 28 151 24
590 35 121 665 87
591 160 44 555 409
592 15 160 353 708
593 199 51 409 90
594 283 160 169 16
595 52 146 187 549
596 597 596 597 142
597 597 932 129 168
598 86 113 367 254
599 2 4 971 113
600 585 389 160 812
601 523 64 173 306
602 362 16 340 553
603 414 415 697 5
604 305 949 211 269
605 414 449 414 645
606 495 314 165 51
607 419 495 419 28
608 440 177 601 536
609 609 30 609 24
610 255 211 243 80
611 389 182 250 320
612 42 145 187 329
613 793 748 118 128
614 756 223 313 623
615 145 160 492 115
616 320 394 14 12
617 592 335 15 533
618 98 97 371 97
619 613 619 56 865
620 620 290 515 89
621 401 426 425 873
622 238 587 2 832
623 450 813 403 133
624 231 177 176 576
625 412 2 516 408
626 87 371 82 261
627 707 86 90 258
628 389 317 389 321
629 178 350 320 156
630 369 89 158 237
631 631 159 252 153
632 719 719 393 154
633 633 633 633 633
634 635 634 635 812
635 286 209 249 401
636 636 636 211 243
637 637 233 121 147
638 495 309 218 560
639 209 977 209 518
640 100 92 336 116
641 106 147 366 285
642 473 355 638 355
643 269 473 249 543
644 180 166 269 256
645 414 370 113 29
646 411 408 571 288
647 221 223 215 150
648 648 648 648 648
649 421 141 499 8
650 215 249 28 249
651 511 309 272 183
652 419 290 107 395
653 653 653 653 653
654 211 183 128 203
655 980 13 10 11
656 262 301 301 147
657 269 145 58 455
658 658 658 658 658
659 377 575 377 741
660 660 660 660 660
661 441 504 409 28
662 371 210 128 526
663 549 678 509 958
664 664 93 301 225
665 87 137 301 153
666 666 161 7 537
667 105 450 133 445
668 157 155 495 473
669 783 154 783 424
670 670 670 670 670
671 80 379 250 150
672 406 500 266 407
673 495 128 367 303
674 267 570 19 555
675 675 675 675 675
676 160 338 229 29
677 434 314 106 282
678 492 510 492 212
679 663 68 473 25
680 380 232 277 280
681 123 411 683 285
682 681 5 417 107
683 281 424 326 733
684 684 684 684 684
685 698 126 208 434
686 564 263 333 89
687 185 354 353 796
688 543 494 62 478
689 689 689 689 198
690 222 7 324 63
691 691 691 691 691
692 231 232 312 366
693 121 208 195 192
694 290 405 174 175
695 164 15 121 366
696 226 218 218 366
697 414 415 86 521
698 481 2 160 786
699 720 441 504 7
700 957 213 61 265
701 462 254 211 420
702 932 393 378 397
703 703 703 703 703
704 704 704 704 107
705 705 450 275 200
706 585 168 813 526
707 267 359 265 608
708 98 98 102 101
709 185 98 13 322
710 184 253 84 118
711 711 711 711 711
712 995 712 4 137
713 69 282 474 328
714 172 207 128 254
715 799 160 821 163
716 5 728 173 333
717 411 102 192 516
718 56 738 56 921
719 121 278 409 244
720 213 499 503 44
721 229 23 546 760
722 28 46 121 458
723 971 4 286 138
724 338 914 816 115
725 318 114 220 68
726 212 121 859 665
727 483 113 133 346
728 5 303 242 160
729 44 63 115 166
730 468 122 349 907
731 731 731 731 731
732 732 732 732 732
733 420 68 107 165
734 157 53 537 473
735 140 592 334 334
736 86 82 179 181
737 271 518 460 462
738 738 6 0 1
739 12 362 65 101
740 51 133 844 971
741 179 262 215 296
742 614 613 756 533
743 516 5 420 367
744 744 744 744 744
745 189 550 19 331
746 746 746 746 746
747 105 128 557 51
748 164 216 274 428
749 776 776 130 776
750 88 285 155 351
751 820 486 278 493
752 65 377 177 479
753 40 48 27 38
754 62 163 366 188
755 211 195 803 546
756 74 121 88 63
757 367 748 151 165
758 238 242 963 241
759 459 80 379 391
760 335 15 269 422
761 393 932 355 137
762 516 6 411 64
763 5 408 434 41
764 30 434 544 932
765 499 86 44 672
766 134 372 513 66
767 121 99 5 763
768 185 640 114 426
769 62 833 5 47
770 353 160 251 165
771 105 269 173 153
772 772 772 772 772
773 405 282 58 665
774 285 921 63 249
775 560 229 31 36
776 377 65 493 212
777 538 326 424 240
778 549 184 877 28
779 820 160 896 303
780 84 549 309 511
781 621 130 122 347
782 82 249 253 162
783 669 420 235 243
784 784 411 859 3
785 13 126 131 121
786 465 519 61 608
787 21 214 178 440
788 788 788 717 131
789 654 83 44 81
790 544 534 440 426
791 65 498 200 94
792 121 215 400 690
793 748 424 211 695
794 322 46 3 46
795 417 318 13 375
796 405 303 142 211
797 14 256 170 914
798 798 798 798 798
799 189 467 152 434
800 533 856 932 46
801 41 483 94 206
802 256 145 533 266
803 767 803 826 54
804 608 359 533 440
805 487 332 720 7
806 88 210 235 303
807 5 76 113 40
808 808 808 808 808
809 971 457 232 232
810 210 87 303 665
811 62 211 705 256
812 428 273 46 548
813 714 143 419 263
814 262 262 347 681
815 57 849 859 162
816 914 914 116 420
817 813 600 585 168
818 160 882 166 209
819 140 301 216 274
820 950 644 950 644
821 160 591 145 86
822 292 493 254 31
823 661 661 66 661
824 191 122 150 295
825 923 733 777 733
826 408 408 412 87
827 506 932 86 83
828 434 147 513 642
829 523 134 5 154
830 452 421 529 502
831 258 564 114 280
832 131 552 195 194
833 5 209 285 62
834 107 671 329 283
835 493 283 103 537
836 813 836 523 292
837 107 642 419 371
838 45 62 280 424
839 191 420 143 480
840 526 181 95 232
841 719 719 64 164
842 211 2 238 158
843 567 843 290 211
844 971 343 278 548
845 58 6 137 255
846 605 851 681 178
847 443 333 601 233
848 445 424 695 228
849 63 355 115 232
850 199 42 492 678
851 350 533 252 740
852 415 697 5 351
853 82 86 627 420
854 285 625 285 304
855 86 251 32 654
856 331 362 165 860
857 160 343 128 214
858 306 858 306 400
859 249 531 133 557
860 753 816 914 251
861 350 13 418 467
862 777 86 62 627
863 57 302 13 13
864 411 646 411 183
865 412 271 88 210
866 411 866 96 259
867 340 301 312 222
868 5 379 719 296
869 179 104 388 295
870 425 574 425 621
871 231 797 14 537
872 61 177 17 62
873 425 513 462 21
874 65 664 93 664
875 170 471 607 490
876 564 365 283 280
877 28 420 211 66
878 33 282 132 518
879 242 242 240 236
880 166 114 280 170
881 96 21 434 365
882 166 420 15 448
883 883 27 35 533
884 412 194 1001 194
885 21 28 405 263
886 601 333 919 263
887 885 728 400 10
888 412 586 408 137
889 300 210 142 483
890 121 233 546 184
891 405 889 828 371
892 226 340 310 62
893 971 321 177 656
894 327 325 306 141
895 114 93 647 420
896 107 207 116 338
897 263 925 981 485
898 898 230 107 687
899 2 56 89 91
900 5 34 434 282
901 137 571 6 994
902 5 308 295 106
903 907 191 907 593
904 321 182 602 699
905 309 248 74 226
906 156 320 103 392
907 180 254 74 62
908 128 11 240 209
909 546 333 652 419
910 65 426 6 346
911 222 86 573 8
912 526 199 206 94
913 506 141 8 672
914 455 113 434 856
915 38 170 251 165
916 414 449 414 370
917 94 377 383 383
918 51 172 526 250
919 89 375 340 553
920 435 435 316 793
921 63 255 712 4
922 205 925 847 171
923 825 723 971 400
924 89 520 54 57
925 205 498 500 569
926 930 930 921 58
927 963 209 16 405
928 211 2 164 564
929 933 89 6 102
930 301 199 280 82
931 599 211 928 211
932 128 363 303 263
933 15 209 244 615
934 163 612 311 189
935 936 563 373 373
936 14 93 25 437
937 640 45 933 139
938 611 486 94 95
939 572 533 576 543
940 128 63 54 6
941 189 187 932 210
942 95 942 435 316
943 295 106 107 164
944 748 641 301 28
945 409 69 212 169
946 641 641 748 62
947 947 60 378 283
948 381 160 251 361
949 131 249 12 739
950 260 297 905 905
951 141 420 351 345
952 69 434 371 351
953 40 448 46 46
954 615 333 271 738
955 820 87 661 264
956 44 7 266 565
957 141 6 308 376
958 69 64 950 820
959 377 548 434 113
960 377 86 504 19
961 377 250 495 83
962 325 65 371 768
963 931 930 930 963
964 40 37 40 38
965 936 593 14 526
966 21 5 450 214
967 913 950 173 21
968 299 509 671 80
969 184 373 106 550
970 917 27 590 38
971 59 5 716 5
972 913 506 672 672
973 971 740 971 444
974 917 201 196 280
975 971 179 820 422
976 47 38 171 114
977 977 977 242 963
978 115 387 376 379
979 106 211 734 351
980 119 753 860 860
981 442 443 485 981
982 137 210 283 548
983 113 442 981 47
984 333 283 191 494
985 376 392 377 395
986 470 151 40 417
987 914 816 953 24
988 411 304 96 21
989 329 160 194 412
990 211 365 12 560
991 520 57 57 460
992 129 371 114 495
993 408 2 137 81
994 6 611 493 615
995 712 4 137 4
996 12 264 247 566
997 27 997 27 151
998 65 357 183 89
999 145 170 188 473
1000 918 776 196 197
1001 3 194 412 884
1002 560 20 72 259
1003 258 62 135 338
1004 55 86 521 615
