0 103 103 376 283 2 59 859 991 812 87 372
1 52 314 166 282 188 971 971 3 2 494 141
2 899 2 285 138 408 571 373 280 82 393 393
3 193 195 193 194 859 434 2 283 144 212 357
4 281 481 208 546 212 431 431 70 233 238 92
5 279 5 218 133 340 134 553 86 404 937 100
6 486 280 473 269 592 38 258 108 477 329 671
7 246 504 7 7 406 43 324 555 409 140 274
8 430 533 46 249 615 249 173 366 254 226 105
9 332 407 498 525 510 9 502 358 699 529 494
10 44 406 332 500 44 16 363 560 19 560 12
11 64 93 133 179 62 170 987 438 6 296 212
12 419 554 482 133 10 64 482 482 172 27 438
13 169 169 254 21 367 757 367 39 86 196 94
14 141 452 265 674 661 66 560 106 671 68 473
15 533 590 32 31 24 23 142 160 417 434 64
16 105 48 847 547 245 434 203 206 207 160 121
17 297 215 297 905 309 225 1 310 74 310 445
18 17 83 101 120 74 73 166 576 142 589 638
19 161 452 498 765 912 499 7 422 473 465 465
20 121 36 367 366 662 84 441 360 533 40 170
21 146 779 549 19 160 169 533 63 803 1001 4
22 20 74 312 222 256 160 183 35 128 362 569
23 545 40 165 198 31 612 309 73 259 83 113
24 261 23 27 917 206 346 172 60 395 60 380
25 26 545 36 75 253 212 296 363 63 59 305
26 29 116 860 455 981 47 129 440 399 401 365
27 82 333 163 435 65 435 616 459 218 166 290
28 420 222 420 269 592 216 274 592 38 35 438
29 21 137 420 155 183 302 183 545 93 813 93
30 116 245 434 243 537 607 106 64 292 486 245
31 37 31 256 249 256 492 144 212 211 402 402
32 590 443 976 245 62 375 258 478 258 183 210
33 438 5 99 937 99 404 145 326 105 474 143
34 35 40 417 64 149 160 591 83 86 10 777
35 953 997 24 30 51 13 53 486 28 172 129
36 333 654 252 117 62 281 183 116 64 318 96
37 370 251 26 545 23 434 145 299 146 52 314
38 245 301 61 321 393 250 368 0 5 445 79
39 38 34 116 513 355 405 889 405 419 255 694
40 409 448 15 405 891 405 4 587 238 506 141
41 105 83 405 16 337 883 39 39 494 12 666
42 280 199 42 199 258 469 469 143 714 426 391
43 566 43 505 406 504 529 466 912 504 183 411
44 9 332 487 805 487 213 247 525 7 213 487
45 448 140 5 64 419 62 310 62 283 211 210
46 748 300 100 640 371 132 285 160 170 16 45
47 86 753 165 490 63 486 394 182 499 246 44
48 115 169 160 278 199 301 13 550 473 174 809
49 83 496 498 200 178 177 321 351 303 249 7
50 612 153 254 366 253 17 612 747 215 128 490
51 165 437 38 847 443 171 361 444 438 129 53
52 133 362 114 473 232 265 161 569 12 560 386
53 183 756 459 464 331 215 283 379 386 295 82
54 520 552 412 256 312 494 86 521 295 384 388
55 160 355 82 533 234 927 926 963 643 963 142
56 89 56 54 809 738 809 685 845 303 807 303
57 863 57 683 411 517 517 411 54 807 303 58
58 63 121 130 14 256 211 990 685 481 4 55
59 160 400 20 145 20 728 5 189 67 533 360
60 377 734 169 326 173 223 226 232 284 257 377
61 320 232 358 264 213 913 141 498 178 0 283
62 82 154 87 412 832 520 59 132 152 440 321
63 271 528 373 571 373 184 971 488 922 53 65
64 234 233 654 211 214 95 593 936 484 494 187
65 200 777 538 777 173 212 490 209 210 107 89
66 338 900 822 292 129 340 531 556 531 340 167
67 189 82 366 68 220 218 215 1 549 274 216
68 679 508 80 174 284 301 225 459 74 254 458
69 259 20 690 282 747 121 27 40 37 545 40
70 62 77 142 74 218 249 17 145 271 152 726
71 433 405 300 300 495 290 14 339 151 96 160
72 163 170 261 151 113 160 362 129 62 531 183
73 311 312 225 309 64 466 856 434 295 434 408
74 307 376 841 376 203 86 404 45 445 557 79
75 560 361 547 423 121 601 79 282 494 233 17
76 75 339 251 136 438 64 91 514 971 506 500
77 557 201 18 280 556 330 860 978 115 155 520
78 482 47 76 976 417 361 48 105 546 226 42
79 497 409 457 457 533 302 285 698 126 13 93
80 256 412 809 252 518 282 226 114 105 820 820
81 222 107 210 244 615 168 167 207 207 172 183
82 99 101 155 351 371 155 877 155 301 36 169
83 654 249 356 303 362 301 276 426 114 145 533
84 338 82 129 909 303 129 346 214 232 321 378
85 51 51 970 128 115 31 28 877 549 173 17
86 572 515 176 232 133 333 932 586 462 121 792
87 132 131 683 683 131 209 233 612 272 63 115
88 750 88 96 326 245 40 417 96 339 116 113
89 933 322 735 140 139 137 57 411 57 412 192
90 162 160 278 409 555 466 496 213 266 525 573
91 66 338 107 327 486 188 473 105 351 203 377
92 538 173 249 548 497 562 200 178 275 177 297
93 95 60 104 393 607 128 494 113 220 377 228
94 593 572 280 204 176 275 458 121 154 155 44
95 183 28 29 301 963 83 212 364 21 346 6
96 725 96 135 914 900 338 16 106 212 404 709
97 125 142 450 434 64 914 115 421 460 117 211
98 155 153 105 533 160 379 389 486 36 30 29
99 124 100 100 935 353 404 896 355 62 189 147
100 353 662 97 185 687 185 353 371 63 174 15
101 768 100 96 116 455 438 93 93 647 82 357
102 405 419 263 274 549 299 546 211 402 402 258
103 377 160 27 133 568 121 144 546 536 166 453
104 182 872 377 385 182 181 179 62 314 340 811
105 173 212 64 730 13 375 142 187 21 222 74
106 184 357 258 249 83 141 494 747 86 152 255
107 375 301 655 171 333 154 546 155 301 294 301
108 405 424 188 81 189 5 445 160 278 257 278
109 62 393 422 84 13 812 665 2 160 366 662
110 111 110 110 375 411 282 154 404 249 506 765
111 258 112 108 108 375 318 409 184 301 930 926
112 368 321 396 60 179 133 134 173 147 249 589
113 426 306 62 434 256 460 244 244 422 19 700
114 300 158 239 3 81 108 300 173 107 828 121
115 155 150 301 89 845 252 233 160 323 4 6
116 816 165 35 38 915 38 47 38 417 976 443
117 106 44 211 63 379 368 392 157 393 84 443
118 420 249 231 351 13 167 197 13 820 153 87
119 427 87 114 171 13 164 137 137 880 286 5
120 232 1000 918 974 917 95 41 460 129 275 515
121 531 340 114 527 423 96 337 123 339 860 914
122 168 543 222 495 62 23 546 58 249 569 161
123 180 179 971 554 521 823 558 569 8 971 710
124 838 45 142 508 473 213 707 441 107 342 348
125 121 172 93 36 27 31 155 285 59 56 865
126 564 81 82 86 686 564 748 944 748 164 412
127 105 326 543 249 159 105 329 106 114 895 333
128 249 83 450 440 200 176 177 94 95 201 203
129 188 459 537 307 226 892 314 892 423 925 443
130 127 169 169 318 96 437 261 443 171 820 199
131 738 498 332 525 213 533 94 64 199 41 215
132 282 80 299 299 473 627 420 53 85 314 160
133 5 64 140 644 820 121 80 546 474 87 283
134 5 527 64 430 421 141 107 153 932 490 460
135 30 417 47 160 877 184 5 105 329 13 483
136 133 27 883 883 115 212 665 2 102 516 411
137 982 137 46 495 932 46 300 10 777 733 440
138 408 587 236 242 5 464 35 953 24 953 699
139 274 263 62 188 508 81 671 189 627 62 4
140 166 105 434 393 154 375 107 44 254 129 172
141 473 642 82 464 340 419 168 121 184 420 854
142 256 357 82 279 279 62 153 654 186 129 802
143 419 828 353 796 405 253 62 494 81 351 172
144 121 285 486 292 515 593 482 655 419 337 464
145 114 168 14 537 368 841 397 232 368 395 82
146 368 275 562 413 562 413 178 629 440 177 380
147 316 231 203 179 150 393 434 363 63 738 303
148 280 18 177 60 219 222 121 31 932 303 4
149 347 215 255 254 147 249 203 829 168 129 290
150 181 368 392 295 385 378 390 296 377 398 379
151 165 223 366 283 365 114 892 44 956 933 322
152 256 412 803 546 210 494 226 14 86 14 486
153 333 166 506 238 302 5 29 13 211 215 215
154 533 518 577 249 310 313 268 309 177 533 404
155 215 408 685 845 209 243 105 493 290 515 275
156 907 903 191 179 394 387 667 582 671 375 896
157 60 352 345 345 351 575 206 793 613 537 61
158 89 271 209 158 158 930 963 209 300 183 480
159 89 58 366 147 342 191 82 161 81 160 319
160 69 299 80 69 259 728 96 336 400 173 260
161 441 264 265 498 205 922 908 51 167 197 41
162 321 351 364 211 238 499 44 141 494 209 166
163 420 116 531 405 173 728 173 142 217 654 404
164 170 23 34 116 317 223 121 187 121 462 460
165 336 13 444 171 655 427 142 80 106 486 367
166 12 564 12 82 365 363 161 754 161 265 359
167 204 6 429 592 617 140 541 541 420 28 87
168 231 232 226 370 38 113 426 457 425 513 655
169 135 133 367 36 24 114 168 544 133 162 492
170 117 613 756 223 228 172 212 612 162 432 71
171 423 443 38 579 592 908 51 112 7 246 608
172 655 367 367 318 245 442 40 847 47 96 469
173 134 373 180 422 23 128 94 95 205 14 390
174 58 62 189 467 549 64 372 32 438 440 6
175 252 83 141 502 9 358 498 525 707 661 518
176 214 157 397 719 182 351 181 231 53 486 201
177 214 206 197 167 526 542 440 24 114 36 48
178 575 231 178 200 344 156 181 381 342 122 351
179 741 179 191 601 480 223 560 283 426 457 231
180 420 106 615 21 129 169 434 65 160 323 404
181 321 388 130 345 278 82 748 222 424 269 322
182 384 157 398 295 86 165 314 300 114 527 424
183 518 422 105 258 469 66 560 224 560 74 513
184 357 282 139 107 506 13 337 464 337 16 518
185 353 323 64 323 100 101 233 532 286 281 552
186 856 405 548 160 165 51 232 562 493 121 513
187 74 215 460 189 473 116 40 13 156 180 345
188 69 212 494 225 331 222 690 107 506 651 428
189 679 679 68 184 64 5 408 5 469 66 48
190 62 419 14 292 64 124 838 124 838 124 51
191 851 157 214 232 61 602 700 238 233 828 145
192 323 354 125 142 303 174 282 401 526 425 256
193 859 990 281 281 137 88 924 252 611 211 132
194 815 64 215 717 271 80 375 455 370 226 307
195 533 440 321 376 160 362 356 301 818 86 233
196 95 129 270 426 562 275 177 74 330 64 64
197 143 201 166 107 153 282 641 371 98 371 45
198 198 198 128 667 582 473 301 52 128 420 283
199 196 918 918 974 87 812 461 45 533 265 707
200 65 320 182 380 166 73 116 245 444 333 627
201 917 974 94 13 450 568 129 65 450 813 836
202 41 23 113 981 48 66 560 106 221 225 215
203 129 401 457 440 6 949 132 301 307 872 61
204 198 95 232 232 41 152 364 21 495 739 155
205 172 714 425 835 275 426 714 172 115 387 182
206 352 201 133 280 87 222 74 537 243 235 159
207 820 107 132 285 15 216 429 929 334 65 92
208 363 212 142 300 97 371 640 100 768 353 129
209 83 180 349 347 307 314 166 480 106 537 178
210 82 426 292 160 290 620 86 68 20 223 117
211 604 57 54 126 13 207 116 338 251 340 10
212 70 932 98 98 768 99 124 640 937 125 283
213 529 441 430 107 687 404 233 63 303 107 401
214 207 167 13 481 252 826 859 434 183 270 160
215 17 404 546 269 282 357 64 815 685 4 286
216 107 46 355 254 329 363 508 82 131 586 86
217 431 80 105 17 494 151 29 40 917 199 82
218 311 72 92 685 412 271 273 15 16 308 283
219 342 776 936 935 353 354 404 373 706 523 172
220 434 256 4 158 638 210 236 46 447 446 164
221 82 78 482 64 244 244 235 242 243 132 5
222 225 309 73 223 173 86 68 68 306 28 932
223 106 489 249 366 44 129 186 272 461 592 15
224 74 690 671 249 533 121 96 165 123 165 26
225 314 495 424 283 182 869 397 52 128 464 82
226 79 340 553 521 389 394 321 349 5 6 587
227 405 889 405 333 473 174 254 129 399 543 291
228 450 813 543 425 714 526 543 405 245 365 451
229 513 211 646 131 55 58 244 238 239 145 303
230 82 531 581 41 776 41 152 269 820 87 131
231 53 215 309 5 11 421 504 699 529 9 213
232 264 9 502 43 505 62 597 301 25 27 28
233 234 121 222 494 281 208 635 4 896 160 82
234 114 424 483 226 494 305 880 252 183 900 455
235 210 638 46 254 165 364 433 217 50 433 121
236 154 153 859 271 303 56 865 305 305 520 20
237 158 82 365 489 121 93 482 521 134 64 281
238 194 55 1004 55 1004 55 107 70 494 420 21
239 13 263 547 113 220 47 455 211 195 6 826
240 234 241 234 121 228 17 160 681 180 342 349
241 963 238 211 304 54 2 300 128 955 94 176
242 879 242 243 64 549 221 82 173 124 354 323
243 615 244 615 546 290 493 422 473 163 86 166
244 244 244 64 116 361 165 492 160 529 922 14
245 546 377 391 381 380 295 381 381 342 284 351
246 856 7 661 141 407 499 525 406 498 9 720
247 707 765 506 11 359 608 358 466 525 765 720
248 311 282 255 137 880 252 236 209 587 194 192
249 569 707 465 14 14 390 103 526 413 177 562
250 174 363 278 180 162 643 49 83 308 74 311
251 116 533 55 949 809 465 615 820 749 62 70
252 859 612 474 66 328 258 932 544 212 405 128
253 84 118 279 160 221 177 321 179 351 94 128
254 453 170 165 226 419 434 221 312 53 440 6
255 105 474 513 19 506 166 420 355 105 41 107
256 170 28 168 493 585 706 124 82 27 301 226
257 377 280 515 89 260 260 20 223 223 612 212
258 802 172 714 526 424 401 107 233 333 547 361
259 400 68 142 23 171 23 107 333 271 10 96
260 509 551 434 322 794 322 447 428 216 45 210
261 115 41 171 13 478 476 329 560 386 393 377
262 342 206 232 103 376 380 182 283 601 160 56
263 169 280 464 338 123 169 254 651 420 624 13
264 7 823 19 504 967 44 360 430 421 525 913
265 440 61 519 315 537 222 420 230 282 373 528
266 232 204 203 434 19 707 73 116 34 588 545
267 19 441 569 674 558 451 365 152 114 486 184
268 421 430 543 450 534 440 177 377 577 578 577
269 322 794 322 592 15 46 428 216 107 295 283
270 486 51 283 44 500 501 44 856 264 440 241
271 45 404 618 618 185 124 618 125 100 96 866
272 63 28 282 411 430 166 218 120 18 143 478
273 819 273 812 63 564 242 243 820 301 13 25
274 263 86 166 214 343 107 2 131 101 380 182
275 177 86 415 86 445 301 155 465 14 936 546
276 560 74 248 142 17 459 1 199 203 434 506
277 277 971 570 661 661 459 222 106 311 72 106
278 21 5 117 66 67 74 438 337 123 115 978
279 333 58 285 921 56 520 533 458 64 456 405
280 170 355 472 295 390 368 896 287 81 952 69
281 281 494 318 48 113 168 440 447 272 513 226
282 17 248 311 424 518 560 282 115 820 136 30
283 376 394 53 18 310 307 114 183 42 183 165
284 621 278 28 86 184 355 16 68 68 663 80
285 990 211 489 132 481 83 118 83 458 160 236
286 6 362 466 421 473 14 141 502 499 602 141
287 20 329 419 468 167 820 64 271 448 269 335
288 162 482 340 483 232 176 176 515 89 305 815
289 277 180 351 231 249 41 42 820 64 74 42
290 256 607 106 615 281 195 193 193 1001 6 346
291 420 53 822 290 493 424 106 717 131 586 62
292 295 313 223 0 1 127 435 793 435 793 748
293 374 374 506 430 107 114 165 212 41 105 367
294 526 103 181 60 495 495 673 673 673 495 62
295 392 387 485 76 47 220 47 427 339 818 301
296 60 150 377 277 214 345 157 385 157 392 387
297 341 311 420 18 366 248 142 216 429 107 340
298 246 246 765 86 165 438 36 301 273 216 216
299 508 546 604 211 129 127 107 221 549 276 301
300 12 8 86 586 126 174 199 65 910 65 910
301 641 495 154 493 41 105 255 371 128 41 160
302 809 208 114 442 263 419 63 46 210 238 506
303 63 635 4 698 4 160 495 107 253 20 127
304 88 88 137 166 18 424 115 155 518 509 418
305 494 714 172 365 293 360 141 213 359 754 161
306 93 458 280 65 562 457 533 141 729 441 17
307 347 191 191 824 191 903 262 903 191 214 124
308 5 106 420 121 58 87 426 391 379 250 61
309 133 403 493 422 474 254 173 892 28 87 547
310 1 495 315 218 459 331 222 107 366 160 237
311 73 221 317 485 74 177 440 168 14 563 493
312 160 251 86 129 840 129 440 661 700 359 9
313 268 494 484 822 563 272 409 171 847 417 170
314 283 58 803 826 252 238 210 83 433 84 494
315 222 1 316 758 85 151 31 38 409 51 114
316 17 467 21 121 143 758 424 395 377 133 600
317 226 459 421 459 358 44 44 21 214 129 568
318 5 215 440 526 495 459 19 513 116 93 458
319 319 319 107 64 458 142 296 215 377 277 280
320 533 322 322 140 301 482 679 971 277 296 607
321 295 377 388 387 385 380 178 53 822 168 167
322 46 140 15 933 429 424 166 250 60 231 257
323 662 404 932 163 282 357 62 125 323 640 353
324 7 222 314 310 74 468 223 183 822 183 822
325 326 118 51 165 79 128 405 161 87 211 256
326 424 15 183 460 244 420 81 211 54 54 96
327 945 325 326 409 33 169 80 62 355 254 531
328 329 190 418 187 16 157 734 156 160 812 877
329 434 490 209 62 375 160 748 932 856 466 451
330 223 459 218 341 309 219 60 393 84 553 340
331 73 330 438 115 340 473 412 615 669 615 153
332 141 407 505 249 129 422 184 183 413 426 572
333 76 417 165 443 417 27 251 86 128 557 5
334 335 269 615 493 221 222 0 313 295 392 321
335 760 592 139 819 422 513 269 422 248 218 314
336 96 23 13 351 160 799 189 467 86 427 160
337 337 420 494 312 841 312 309 5 323 300 11
338 136 151 263 338 169 355 183 81 405 133 116
339 136 251 27 32 361 423 971 582 667 509 494
340 74 215 905 311 223 317 313 85 226 62 458
341 316 459 496 83 214 191 82 612 309 549 540
342 593 907 262 215 347 61 296 932 474 477 329
343 971 416 971 251 115 82 277 277 231 177 905
344 180 17 307 17 228 495 87 513 173 20 83
345 352 180 810 222 513 355 82 495 606 495 160
346 6 252 411 717 131 126 131 455 113 438 860
347 377 491 377 122 347 149 420 624 409 306 21
348 349 149 167 128 142 263 76 96 13 118 51
349 160 559 142 223 495 160 21 306 21 249 137
350 822 533 129 30 336 437 75 36 128 62 35
351 179 340 654 420 430 141 666 160 401 526 413
352 157 343 128 917 167 526 498 141 452 420 661
353 434 199 419 168 280 419 106 283 166 353 142
354 404 373 280 284 174 21 489 21 686 301 93
355 16 379 16 280 419 44 856 421 19 184 184
356 357 212 546 233 11 159 62 125 142 249 440
357 80 230 533 663 187 1 218 177 17 252 211
358 505 249 310 222 607 256 303 423 361 25 473
359 608 440 366 249 145 234 244 963 950 74 460
360 360 549 274 273 886 3 89 552 131 4 412
361 370 113 556 14 1000 206 65 371 63 434 159
362 434 11 502 8 566 451 265 957 9 466 754
363 210 365 303 859 803 4 55 698 552 305 56
364 433 144 492 152 83 141 264 498 496 498 538
365 421 7 913 560 84 252 369 88 121 552 13
366 174 107 393 382 295 947 947 321 904 321 377
367 892 173 254 404 420 30 337 82 180 433 233
368 395 377 94 320 616 1 215 214 214 180 342
369 630 303 513 355 333 492 518 490 186 531 169
370 333 652 163 82 932 254 186 162 333 441 546
371 828 160 353 354 97 99 101 233 83 121 147
372 106 480 80 815 815 174 210 255 932 82 128
373 282 662 124 638 158 137 54 89 809 809 137
374 166 73 221 53 178 656 377 128 142 88 183
375 183 845 58 158 160 347 377 296 215 197 198
376 376 308 320 295 396 321 810 296 107 81 434
377 403 221 546 333 320 160 226 256 647 93 526
378 128 157 382 157 16 210 87 256 86 233 101
379 377 659 377 172 714 65 14 419 302 303 280
380 387 295 386 379 381 176 93 367 419 336 27
381 178 14 440 542 275 511 810 471 256 401 285
382 295 386 17 269 160 290 567 425 543 493 129
383 377 395 201 94 908 820 114 278 347 814 52
384 495 214 346 157 377 174 63 131 422 493 291
385 394 368 440 206 199 205 93 971 412 55 520
386 560 607 460 244 58 411 122 397 53 232 457
387 523 457 426 426 62 820 333 925 47 333 58
388 394 295 450 932 114 303 87 484 572 290 424
389 394 53 403 172 292 515 270 11 44 300 444
390 61 160 298 299 551 86 23 229 170 513 211
391 379 386 295 320 377 468 342 393 107 362 105
392 390 150 321 389 379 157 378 296 283 263 121
393 950 249 201 918 206 342 179 869 179 339 26
394 389 296 61 499 912 499 466 9 452 160 856
395 321 378 296 42 255 160 189 663 80 282 142
396 182 380 101 185 404 16 46 254 256 291 256
397 53 526 399 133 79 51 581 409 624 84 166
398 379 164 139 137 58 685 63 815 5 496 488
399 440 176 65 362 420 30 121 828 889 828 107
400 259 248 0 309 183 245 333 162 17 317 226
401 289 425 714 450 232 608 267 666 452 487 922
402 402 420 311 312 5 325 87 255 607 419 214
403 14 430 64 68 509 400 160 445 139 592 908
404 434 303 411 271 142 106 190 106 259 173 340
405 282 271 271 183 172 585 295 292 484 563 936
406 502 358 500 406 502 359 11 233 70 107 81
407 786 160 29 32 37 29 23 953 822 290 291
408 533 61 301 818 533 520 305 174 405 128 419
409 306 81 419 184 968 968 299 590 40 900 987
410 107 113 976 455 165 32 417 361 971 93 41
411 286 303 174 174 54 698 281 859 832 859 59
412 192 59 54 126 408 533 84 549 309 42 44
413 232 294 214 180 212 283 494 170 318 86 417
414 916 414 449 414 605 846 846 846 605 851 852
415 697 321 394 321 349 122 180 373 372 64 131
416 173 326 92 80 880 80 340 547 444 976 76
417 32 261 437 170 183 218 340 491 753 169 137
418 129 714 121 221 107 828 889 405 256 306 121
419 128 209 365 434 97 662 282 74 468 223 256
420 83 453 105 21 480 106 230 5 133 166 420
421 13 481 373 515 14 61 380 200 160 338 251
422 820 232 265 141 407 44 430 411 285 63 88
423 303 351 365 12 564 4 6 139 274 340 867
424 168 615 828 106 489 106 184 536 287 162 133
425 426 391 377 464 523 493 450 65 176 611 493
426 280 228 309 314 106 80 459 390 459 717 271
427 75 753 261 119 84 664 486 353 770 353 121
428 812 46 21 221 17 309 221 405 184 62 454
429 274 272 13 421 856 504 765 720 213 720 529
430 4 625 252 338 860 339 38 592 447 473 551
431 84 142 441 84 73 106 282 248 260 400 133
432 162 63 571 137 877 549 371 46 210 283 394
433 162 432 71 152 128 15 216 69 173 173 462
434 308 434 295 398 295 389 387 42 221 317 1
435 942 95 214 82 225 301 271 333 393 254 227
436 115 114 419 495 62 237 162 321 390 396 182
437 290 121 654 323 354 354 354 125 86 67 533
438 455 64 640 99 420 666 452 823 566 421 457
439 115 340 128 371 98 98 124 371 323 640 404
440 149 656 377 204 936 86 30 545 26 25 24
441 84 211 560 84 555 84 443 444 527 263 338
442 318 443 919 263 151 24 35 14 65 129 256
443 133 168 284 14 226 256 263 981 114 932 169
444 417 64 330 556 483 167 342 533 155 495 60
445 424 115 58 126 271 809 160 493 62 666 86
446 13 343 107 730 231 231 231 871 231 342 343
447 269 155 183 107 96 24 40 533 393 333 114
448 617 448 322 929 269 273 4 193 194 859 121
449 414 449 414 645 414 603 414 603 414 916 414
450 426 166 144 121 281 990 1001 193 194 586 194
451 566 11 362 86 666 160 285 366 169 896 2
452 666 823 265 533 115 64 229 29 34 434 296
453 115 163 613 747 550 160 306 533 499 359 265
454 189 146 146 177 65 257 377 52 377 1 568
455 211 990 193 411 84 180 17 459 20 22 686
456 456 405 642 16 222 225 148 179 181 179 347
457 426 113 51 197 64 10 638 46 273 45 371
458 450 186 363 384 393 249 173 546 245 113 417
459 80 490 546 77 581 133 129 166 529 502 407
460 116 317 85 41 249 82 371 3 283 210 931
461 819 273 447 15 121 261 86 551 303 145 434
462 463 463 463 463 462 82 128 46 447 46 132
463 462 212 518 490 410 356 183 207 116 464 409
464 900 464 291 129 41 166 210 83 70 212 431
465 786 64 11 324 754 569 498 569 249 5 374
466 324 19 141 674 504 359 569 754 9 498 967
467 509 160 164 62 131 249 187 667 508 663 747
468 148 150 157 179 320 283 577 363 165 135 40
469 474 66 469 5 520 571 142 856 186 129 211
470 470 655 280 294 129 333 318 36 29 25 34
471 333 280 458 93 28 170 35 442 976 245 405
472 284 257 65 257 284 6 517 2 59 6 285
473 411 511 411 408 193 411 671 17 386 377 384
474 663 533 434 236 63 564 258 932 281 845 6
475 300 121 493 820 180 381 387 229 494 70 932
476 375 108 160 54 89 3 195 5 128 918 167
477 91 11 90 62 749 167 483 345 254 173 269
478 478 111 84 305 286 13 190 160 466 496 64
479 414 697 697 697 321 103 123 438 136 30 764
480 86 840 275 511 275 458 426 275 178 0 166
481 63 271 717 717 717 411 506 932 371 21 184
482 47 820 63 283 249 543 494 576 142 86 310
483 214 301 327 326 183 90 478 13 285 425 90
484 494 690 189 17 378 393 212 303 619 5 931
485 976 417 114 226 365 486 365 329 165 914 169
486 81 473 129 363 186 492 518 254 651 173 254
487 805 487 421 23 464 93 13 497 340 521 217
488 499 529 502 332 506 494 539 79 121 520 6
489 16 338 37 39 151 142 474 409 346 291 181
490 460 256 107 295 381 377 960 377 320 440 5
491 892 438 32 438 427 473 667 508 299 184 418
492 83 654 163 533 434 229 513 627 809 685 520
493 41 593 434 612 153 474 329 371 300 166 786
494 191 907 851 575 167 908 205 167 351 371 360
495 932 44 367 300 183 236 237 424 612 404 142
496 487 332 7 12 996 12 957 951 525 499 61
497 79 160 859 849 859 520 635 520 13 322 139
498 720 720 406 720 525 505 332 506 674 510 86
499 510 8 570 569 570 7 661 19 265 529 504
500 502 505 43 498 707 332 707 499 182 321 384
501 499 510 504 506 9 466 500 502 374 499 8
502 529 502 9 823 856 141 430 421 180 950 260
503 213 533 127 1 568 183 108 356 490 258 108
504 160 83 434 408 552 4 283 162 184 678 274
505 407 786 465 667 549 287 21 480 671 582 184
506 956 7 19 525 247 498 441 254 23 878 35
507 243 5 980 470 455 914 753 40 25 34 36
508 212 162 287 800 549 221 222 911 189 69 86
509 299 171 263 444 113 245 183 168 263 62 493
510 466 529 374 505 407 525 913 560 363 420 280
511 651 272 273 216 301 301 263 423 361 437 531
512 160 310 314 85 146 18 201 51 172 64 170
513 124 98 101 380 120 232 51 283 453 87 211
514 478 121 36 13 301 641 160 892 160 690 301
515 64 330 556 113 26 25 437 27 197 409 581
516 762 516 743 102 101 125 404 15 45 273 448
517 516 517 102 4 281 880 286 303 286 571 286
518 445 518 87 661 265 19 560 229 37 30 33
519 435 440 413 129 399 129 188 129 198 128 23
520 832 826 859 286 815 137 329 128 86 306 478
521 295 379 380 177 413 413 426 160 21 283 351
522 523 172 93 513 372 106 73 221 0 166 81
523 601 233 159 215 249 64 140 140 6 232 413
524 72 21 86 142 128 152 211 195 2 164 269
525 967 504 506 502 406 44 212 115 333 62 58
526 128 377 659 377 839 377 284 280 65 581 77
527 444 423 417 925 205 93 29 51 28 25 34
528 6 362 7 359 264 61 389 252 153 87 255
529 359 466 754 293 420 165 86 234 5 128 160
530 161 707 161 12 213 360 430 498 956 933 956
531 686 22 127 22 137 80 679 533 562 129 401
532 54 285 62 310 222 215 150 160 290 87 115
533 303 137 21 306 5 236 86 573 566 452 649
534 544 544 585 493 254 23 41 95 196 776 14
535 340 473 483 165 186 433 144 615 714 373 131
536 189 690 160 188 21 462 121 232 575 280 167
537 411 211 6 21 86 395 557 232 380 390 385
538 92 22 686 21 5 53 199 218 36 34 24
539 78 160 641 669 783 424 371 210 249 932 495
540 184 21 187 107 169 36 129 484 563 484 87
541 140 322 735 269 615 309 0 734 320 734 320
542 399 543 65 998 65 714 450 142 296 249 179
543 105 914 860 753 169 638 55 166 128 495 227
544 107 428 140 273 15 45 448 40 35 39 494
545 438 900 987 900 438 438 107 468 167 460 663
546 233 84 86 229 366 190 106 589 357 615 252
547 339 40 47 245 981 919 333 736 333 21 422
548 203 377 120 218 316 459 106 589 160 314 62
549 467 86 822 922 7 529 487 213 11 804 971
550 69 187 74 696 218 120 232 707 331 177 221
551 189 467 84 243 241 240 11 365 531 256 445
552 532 17 494 281 59 4 520 815 815 286 411
553 340 152 365 438 115 494 23 86 142 1 317
554 62 450 581 139 447 440 813 172 714 183 169
555 409 165 186 450 14 35 129 482 289 14 256
556 113 919 263 976 455 58 57 863 57 812 45
557 129 88 58 195 252 849 57 552 411 469 66
558 674 265 8 11 324 65 135 62 183 229 536
559 166 177 65 177 94 294 294 214 107 393 320
560 84 441 504 506 494 714 486 168 544 82 567
561 462 506 504 301 856 405 143 196 282 33 282
562 275 789 654 121 116 460 421 404 97 354 64
563 272 84 18 167 515 409 318 36 93 399 133
564 304 87 13 444 455 136 151 82 281 3 138
565 9 510 661 459 0 218 309 177 515 572 5
566 7 537 231 262 903 262 179 156 645 231 278
567 567 567 290 843 290 143 405 268 222 85 317
568 107 859 845 699 529 7 498 0 17 366 187
569 249 253 607 249 161 667 549 582 667 549 248
570 264 661 459 106 295 268 513 166 12 957 213
571 288 269 592 448 274 269 152 49 643 163 612
572 82 81 713 509 513 509 513 84 252 54 685
573 856 83 365 191 86 233 239 13 343 278 168
574 280 655 37 84 373 121 649 729 141 452 700
575 851 214 413 458 813 585 295 387 667 68 142
576 176 292 160 258 105 28 93 493 292 295 210
577 283 356 419 255 694 664 58 138 412 303 924
578 577 375 889 300 889 300 371 98 618 98 353
579 46 121 513 210 169 254 290 340 212 145 546
580 580 580 580 580 580 580 580 580 580 580 580
581 420 143 197 409 785 23 785 13 94 908 908
582 62 168 822 290 168 284 284 133 135 455 64
583 521 295 311 297 73 560 607 106 371 211 949
584 272 6 429 160 394 160 504 8 971 3 971
585 706 836 523 601 480 69 400 215 314 74 696
586 285 57 84 442 114 895 333 318 443 333 527
587 209 154 419 351 191 180 348 342 376 166 641
588 206 86 38 37 30 160 550 165 170 607 256
589 607 490 249 489 106 434 105 48 47 26 170
590 590 26 29 121 280 342 167 218 248 459 17
591 591 96 116 261 655 114 365 506 9 707 267
592 335 269 45 211 11 555 754 360 169 318 981
593 206 291 290 620 86 7 62 730 13 21 518
594 121 544 303 351 351 5 496 496 421 496 161
595 52 377 352 377 546 121 1 549 299 546 62
596 366 310 313 218 226 232 872 377 204 918 494
597 810 296 157 5 106 62 818 189 67 86 353
598 84 366 886 58 2 685 59 138 990 2 54
599 209 107 183 28 23 121 36 409 390 395 104
600 133 333 84 13 278 83 143 93 337 115 82
601 79 417 245 263 976 976 47 86 17 316 690
602 707 872 309 313 623 791 493 280 196 16 105
603 414 605 846 846 846 605 797 797 231 74 226
604 411 54 411 123 123 275 840 285 854 63 249
605 797 18 249 152 615 492 160 548 497 424 281
606 495 222 18 533 498 74 316 160 206 199 419
607 255 249 84 338 82 612 311 74 905 215 434
608 498 44 249 859 87 372 84 31 29 5 177
609 609 333 47 76 114 80 249 327 301 809 137
610 296 254 642 212 434 506 7 86 68 418 129
611 86 425 873 425 543 87 495 309 311 678 678
612 282 518 173 748 495 748 160 377 296 82 82
613 117 223 365 401 257 568 133 417 455 89 375
614 613 537 20 690 106 300 42 215 650 215 183
615 144 212 21 249 420 30 409 65 178 380 397
616 320 380 296 103 296 190 418 299 298 42 128
617 272 63 845 89 438 135 160 440 438 361 47
618 662 494 539 178 351 363 115 301 294 291 5
619 303 571 552 373 131 532 162 512 366 366 30
620 290 515 14 47 160 395 283 752 82 86 98
621 180 254 355 255 472 355 46 140 644 140 448
622 238 158 239 13 900 115 169 21 550 44 401
623 313 17 87 255 355 184 710 69 958 962 958
624 420 5 807 211 107 132 208 211 734 169 21
625 4 256 338 135 26 545 37 35 409 69 81
626 87 131 252 427 261 339 438 531 263 232 167
627 667 533 581 101 96 56 520 738 481 131 160
628 320 947 947 60 495 300 64 330 223 330 64
629 177 275 493 282 20 230 160 380 65 307 301
630 303 285 82 142 531 333 546 23 29 169 338
631 631 631 631 631 631 159 926 234 132 166 347
632 376 390 396 157 6 562 438 165 226 366 223
633 633 633 633 633 633 633 633 633 633 633 633
634 634 634 635 208 698 211 57 815 815 57 56
635 634 635 63 363 81 550 165 223 365 607 533
636 211 256 258 105 86 201 342 160 84 249 661
637 234 242 240 963 159 159 242 62 582 473 447
638 55 271 54 2 651 428 269 121 158 546 245
639 65 51 280 62 279 106 17 363 210 242 158
640 100 494 590 26 47 245 443 455 443 437 482
641 946 641 371 494 590 37 655 96 337 860 338
642 249 278 106 365 548 753 115 30 38 592 140
643 963 859 859 58 412 683 131 58 42 83 101
644 180 153 17 221 215 150 166 857 191 283 932
645 156 321 394 320 283 226 222 748 164 160 194
646 411 738 481 4 586 126 6 89 58 856 282
647 647 685 298 473 63 239 243 537 53 14 593
648 648 648 648 648 648 648 648 648 648 648 648
649 441 573 160 275 275 226 366 44 28 486 245
650 215 589 215 215 366 109 424 15 592 216 69
651 428 216 140 273 272 584 563 822 936 965 936
652 513 184 549 298 549 309 225 215 313 73 74
653 653 653 653 653 653 653 653 653 653 653 653
654 820 203 14 918 200 593 199 342 167 572 434
655 231 936 231 178 413 168 167 284 472 610 459
656 262 160 18 74 107 249 438 23 96 245 76
657 269 322 929 579 15 429 929 164 63 128 256
658 658 658 658 658 658 658 658 658 658 658 658
659 377 0 283 133 426 93 260 93 280 133 681
660 660 660 660 660 660 660 660 660 660 660 660
661 754 360 4 305 56 160 27 722 27 301 36
662 662 124 166 125 5 323 64 445 254 285 949
663 551 723 733 538 733 723 971 480 74 86 17
664 65 435 147 546 87 909 546 184 129 419 489
665 303 371 185 97 708 100 708 371 404 105 127
666 160 89 412 2 971 975 971 504 44 254 216
667 550 44 754 359 265 440 562 440 366 86 441
668 157 385 379 628 181 541 62 99 708 768 323
669 930 963 131 419 221 316 255 160 329 474 859
670 670 670 670 670 670 670 670 670 670 670 670
671 80 950 913 506 434 363 278 343 207 214 278
672 44 661 363 560 40 24 455 5 305 137 138
673 495 309 312 228 695 20 467 86 170 914 900
674 754 565 324 555 141 498 765 246 266 7 707
675 675 675 675 675 675 675 675 675 675 675 675
676 322 46 3 6 21 114 160 859 183 19 452
677 434 489 434 677 434 282 20 536 83 101 83
678 400 411 438 136 27 437 816 165 167 203 820
679 188 710 69 480 106 373 372 431 105 856 555
680 380 61 123 95 181 628 181 296 395 393 342
681 160 30 764 541 15 428 448 269 107 340 482
682 511 511 262 533 285 371 82 169 33 34 38
683 411 981 527 113 176 231 231 277 231 178 380
684 684 684 684 684 684 684 684 684 684 684 684
685 174 305 685 990 826 6 181 61 377 494 190
686 381 182 103 104 18 62 82 86 681 123 122
687 86 450 714 65 177 74 187 366 518 621 231
688 543 689 543 399 401 424 493 154 152 105 145
689 689 543 450 93 280 206 290 434 338 136 337
690 301 35 22 155 371 210 363 236 233 101 581
691 691 691 691 691 691 691 691 691 691 691 691
692 231 290 568 568 107 96 242 209 11 720 466
693 121 438 365 106 459 328 90 375 211 208 815
694 255 405 128 211 89 136 361 135 437 900 822
695 147 316 223 758 143 133 208 126 405 290 356
696 297 259 400 971 467 81 333 442 114 47 971
697 415 852 852 415 852 18 84 62 546 245 160
698 13 333 442 318 121 649 121 338 183 21 22
699 11 434 401 533 282 253 932 453 546 187 69
700 971 505 358 500 502 374 44 332 421 86 94
701 462 545 785 13 113 417 32 338 245 547 443
702 932 249 506 141 142 163 145 290 694 290 106
703 703 703 703 703 703 703 703 703 703 703 703
704 704 107 17 173 69 299 968 299 700 661 754
705 232 557 518 362 133 79 539 78 424 474 356
706 836 836 706 280 526 377 148 224 64 489 107
707 73 485 318 494 106 828 5 697 645 645 414
708 86 932 77 539 178 65 835 493 183 371 355
709 404 233 86 372 248 459 20 163 107 63 169
710 409 326 326 96 327 6 305 305 174 126 131
711 711 711 711 711 711 711 711 711 711 711 711
712 995 712 255 105 366 387 250 741 741 741 377
713 509 81 490 212 165 212 191 857 191 346 133
714 373 194 58 158 546 82 221 116 411 102 3
715 799 715 69 679 80 189 549 508 679 13 35
716 5 325 96 370 414 479 414 645 645 191 160
717 271 552 126 638 44 498 406 503 498 266 61
718 305 815 137 175 288 58 234 242 879 242 210
719 52 781 537 366 226 106 405 183 160 389 53
720 213 496 560 12 569 44 951 951 141 672 359
721 721 27 545 442 478 110 474 340 598 340 535
722 38 30 409 13 325 509 253 315 222 513 655
723 173 533 326 143 474 340 424 183 223 215 301
724 338 256 304 806 304 57 126 564 4 121 278
725 486 232 176 333 421 529 488 529 452 466 754
726 152 82 23 545 183 309 495 365 83 747 366
727 464 338 27 33 31 261 494 25 437 251 27
728 327 325 10 173 160 512 366 234 926 237 241
729 441 213 11 161 363 63 107 708 323 99 64
730 211 506 494 100 371 87 282 154 154 252 533
731 731 731 731 731 731 731 731 731 731 731 731
732 732 732 732 732 732 732 732 732 732 732 732
733 923 923 825 306 121 427 119 84 144 283 548
734 177 905 311 260 509 107 201 93 28 25 10
735 448 847 423 442 245 417 76 113 36 23 31
736 736 333 984 333 546 422 115 171 655 223 218
737 737 271 142 271 272 446 334 579 273 272 252
738 281 271 738 6 299 146 187 183 473 19 504
739 155 130 155 95 204 198 51 143 258 107 372
740 51 256 133 600 813 526 403 377 160 400 271
741 179 388 160 724 160 298 184 183 756 756 311
742 546 397 64 395 107 494 690 107 237 62 27
743 517 305 483 320 377 62 23 460 462 145 82
744 744 744 744 744 744 744 744 744 744 744 744
745 745 221 313 0 268 222 459 218 317 248 422
746 746 746 746 746 746 746 746 746 746 746 746
747 105 203 198 820 95 6 59 138 137 571 520
748 944 748 107 591 96 165 40 135 23 533 210
749 62 21 145 434 314 295 471 84 254 665 412
750 88 809 208 820 618 820 443 113 171 13 579
751 128 494 17 248 459 358 374 501 358 459 421
752 82 201 41 21 259 297 49 217 643 217 404
753 170 256 269 288 549 288 613 747 142 216 461
754 141 674 823 971 893 971 403 473 508 747 513
755 211 255 483 482 438 33 878 27 30 33 878
756 74 366 131 366 285 254 254 144 615 269 420
757 577 518 351 350 572 939 572 533 408 194 408
758 405 493 280 473 256 471 473 141 504 971 488
759 459 19 247 525 602 602 362 529 166 250 0
760 546 963 154 83 434 296 181 64 98 155 739
761 393 84 485 485 976 113 543 280 181 250 181
762 516 5 41 464 459 87 859 845 812 215 74
763 763 763 763 763 5 726 212 165 883 165 220
764 483 47 5 154 82 145 615 800 533 46 21
765 246 213 529 7 362 15 592 335 579 592 38
766 766 340 564 365 363 115 548 160 221 313 215
767 803 803 194 533 950 913 951 913 529 362 496
768 97 335 274 46 274 140 322 140 447 140 592
769 107 68 282 121 153 301 482 679 460 467 222
770 353 87 954 546 299 546 209 235 319 236 587
771 13 242 235 84 454 258 183 413 493 440 533
772 772 772 772 772 772 772 772 772 772 772 772
773 773 773 405 356 356 486 160 896 12 564 686
774 285 96 24 23 107 78 366 311 301 245 318
775 560 856 153 154 783 142 282 87 426 280 303
776 130 122 351 106 695 227 254 106 489 121 552
777 482 47 427 932 283 390 283 356 258 357 108
778 569 707 570 452 506 44 699 44 661 19 549
779 820 820 79 6 140 592 447 164 424 429 428
780 84 336 136 30 165 123 170 371 340 62 708
781 52 103 352 41 85 14 172 482 129 88 924
782 377 546 103 60 378 390 321 947 320 350 861
783 142 151 37 590 40 251 116 464 5 271 243
784 411 537 1 254 441 12 213 441 166 64 2
785 13 327 128 365 87 222 365 607 118 121 316
786 52 61 379 157 321 179 278 409 450 450 291
787 21 560 218 82 441 506 452 666 661 9 765
788 717 788 788 788 717 295 391 776 167 53 182
789 835 493 212 160 29 964 40 47 14 53 820
790 544 568 1 280 181 346 352 160 526 129 168
791 493 129 256 282 160 81 252 138 481 131 552
792 121 255 316 0 148 149 157 60 219 172 526
793 316 979 106 221 310 494 529 602 700 358 374
794 335 140 139 446 498 238 243 166 242 236 244
795 417 160 141 327 416 173 301 641 748 121 489
796 405 758 61 503 502 406 505 502 502 504 409
797 797 18 424 404 357 142 508 667 118 549 551
798 798 798 798 798 798 798 798 798 798 798 798
799 166 473 114 983 333 627 333 333 152 71 71
800 287 80 340 564 876 564 4 896 160 821 163
801 820 615 243 84 649 649 466 324 44 324 558
802 172 171 370 26 437 27 128 179 280 179 349
803 195 57 610 57 863 57 412 281 107 601 57
804 265 266 11 324 10 366 166 137 329 486 184
805 971 679 460 460 170 117 409 710 508 82 62
806 304 411 434 145 269 16 404 709 353 82 184
807 54 532 131 373 515 493 426 166 374 502 500
808 808 808 808 808 808 808 808 808 808 808 808
809 5 859 142 129 371 125 640 185 353 770 353
810 296 62 77 84 233 828 434 489 129 438 340
811 28 914 165 531 173 531 367 62 263 333 21
812 886 3 183 909 493 563 129 486 285 155 518
813 440 61 264 499 499 452 700 238 758 366 84
814 52 314 434 65 910 65 776 200 581 101 768
815 138 921 859 82 130 257 426 92 887 20 81
816 491 548 283 820 21 283 58 404 654 288 121
817 817 515 484 83 147 233 121 77 79 128 249
818 92 498 9 823 707 913 44 699 500 7 365
819 273 819 140 335 461 812 461 269 533 322 446
820 283 211 131 698 54 137 520 832 520 832 586
821 163 107 318 494 529 44 501 569 105 154 252
822 533 154 495 932 115 443 133 39 165 51 141
823 7 362 820 486 292 232 60 296 351 342 214
824 191 351 214 351 94 120 218 314 405 365 405
825 723 546 137 62 281 411 89 10 728 400 64
826 832 195 192 832 160 61 179 820 167 917 970
827 506 160 320 391 320 376 387 390 380 14 563
828 64 11 434 295 368 103 215 188 184 971 812
829 290 108 329 989 329 419 249 505 525 856 820
830 452 700 602 569 358 498 710 69 418 187 366
831 258 249 5 423 370 47 976 443 165 531 405
832 195 211 389 162 103 14 430 249 340 129 495
833 249 954 87 828 356 121 151 470 271 142 132
834 107 687 404 424 478 113 47 251 30 261 494
835 275 6 252 740 51 65 562 568 121 211 62
836 836 332 487 213 913 972 913 141 246 856 293
837 107 285 160 482 437 251 26 32 113 62 189
838 45 446 448 62 19 533 525 967 498 73 309
839 191 277 277 206 290 206 786 160 8 441 504
840 5 481 281 571 6 430 360 7 537 259 173
841 368 397 321 157 387 393 394 387 381 391 380
842 96 48 370 442 48 643 49 152 548 753 169
843 290 13 169 46 447 335 269 333 17 316 297
844 165 38 579 273 429 933 334 592 160 78 107
845 305 880 138 285 137 183 845 520 174 15 929
846 605 414 479 414 916 414 415 414 414 605 414
847 172 180 615 800 287 536 546 397 377 393 380
848 445 531 173 62 163 17 177 309 215 1 616
849 155 465 53 922 913 525 332 836 836 706 280
850 546 963 926 237 242 62 237 963 930 926 927
851 191 434 283 115 644 269 820 362 280 172 121
852 852 206 786 189 966 189 966 189 69 188 418
853 82 81 568 458 93 136 93 513 84 754 804
854 420 172 486 106 279 160 776 198 198 387 381
855 299 590 545 442 84 111 258 417 417 165 30
856 62 117 121 281 2 57 160 140 409 27 301
857 166 269 513 19 288 252 160 236 244 64 498
858 306 409 785 409 504 765 499 359 267 466 494
859 815 880 2 271 323 124 82 453 283 368 434
860 169 301 108 301 22 127 189 188 363 129 270
861 350 936 563 6 349 344 149 191 342 107 343
862 777 554 553 84 601 84 268 316 147 424 4
863 57 286 4 137 56 137 21 287 69 325 96
864 411 318 527 424 222 160 113 165 169 29 971
865 59 58 303 87 28 160 224 74 690 494 932
866 411 671 747 162 237 160 107 459 0 148 179
867 134 777 10 21 400 20 145 533 342 493 62
868 5 417 5 215 311 69 184 299 146 601 523
869 182 396 182 53 167 918 128 226 301 184 357
870 65 325 409 40 40 900 411 411 511 682 191
871 231 292 183 3 62 459 80 137 137 92 728
872 707 332 44 114 455 165 51 205 51 118 607
873 401 65 366 83 333 211 464 340 179 365 141
874 401 82 486 155 465 809 465 549 690 189 667
875 170 427 169 261 93 413 542 543 82 445 160
876 564 190 13 32 29 438 170 537 227 932 3
877 533 45 160 40 38 590 438 135 160 672 160
878 27 23 33 615 21 13 413 526 390 60 393
879 242 234 252 84 243 5 900 251 23 422 19
880 157 155 351 155 739 82 576 329 638 896 114
881 96 173 306 533 234 587 209 15 62 254 296
882 166 453 283 61 758 223 0 64 124 97 533
883 336 115 31 361 361 547 245 405 356 362 441
884 884 884 884 884 884 884 884 412 55 411 174
885 106 278 106 230 283 252 96 444 981 485 84
886 273 447 62 361 370 442 485 455 925 847 464
887 887 885 887 20 121 16 434 544 790 544 542
888 412 832 160 337 464 494 420 363 283 594 372
889 828 16 379 308 390 396 308 218 420 318 318
890 890 121 301 375 28 116 251 370 27 997 24
891 405 142 375 80 256 142 236 243 58 286 303
892 226 307 85 726 85 307 74 419 82 142 256
893 466 494 169 256 210 129 425 705 256 340 79
894 327 416 173 114 473 434 427 151 142 249 84
895 114 686 245 370 115 361 245 981 527 5 828
896 12 8 441 566 666 7 247 12 420 641 669
897 263 274 272 5 644 5 438 333 245 171 318
898 230 920 435 519 435 440 450 329 160 592 272
899 2 880 157 296 199 200 275 177 344 180 420
900 822 292 129 346 820 301 168 206 593 128 44
901 137 63 28 367 170 135 136 251 165 427 546
902 5 272 63 55 271 2 55 194 373 112 373
903 191 528 5 306 21 787 21 174 211 101 155
904 321 384 295 181 181 64 133 581 41 196 41
905 316 519 518 63 87 419 270 28 473 441 430
906 546 105 296 166 331 177 176 200 51 51 593
907 262 345 82 151 113 981 442 84 615 615 828
908 822 350 320 156 13 2 812 447 428 409 47
909 546 536 546 103 211 363 211 560 12 700 699
910 65 334 592 461 446 269 322 46 405 498 499
911 222 16 404 687 404 249 531 932 963 242 977
912 466 64 244 422 546 187 106 371 548 381 150
913 951 141 525 504 971 859 211 215 255 405 21
914 860 135 13 661 247 19 11 247 570 267 12
915 38 847 981 114 455 485 170 114 2 126 285
916 414 603 414 605 797 605 851 851 852 851 180
917 51 30 172 365 419 121 420 190 105 187 21
918 377 156 157 295 380 53 486 35 32 13 390
919 333 83 118 667 387 283 226 390 387 41 581
920 230 230 898 481 83 405 227 87 13 375 375
921 138 2 283 380 537 103 582 184 329 328 258
922 340 62 377 6 168 291 280 424 326 538 326
923 733 538 173 333 154 419 333 169 5 249 131
924 88 210 83 589 83 233 404 185 353 121 199
925 417 442 96 263 485 333 609 30 256 183 107
926 242 240 158 63 718 305 252 5 481 3 880
927 930 930 926 930 669 783 420 19 86 121 513
928 211 96 37 40 165 725 318 121 84 180 86
929 579 592 335 533 458 168 491 377 150 473 422
930 243 64 124 908 776 198 229 48 166 296 434
931 294 572 290 493 294 280 219 218 86 494 168
932 283 389 379 250 610 459 756 183 212 665 411
933 269 592 274 21 495 214 301 228 280 655 13
934 340 142 559 559 166 132 6 204 172 133 41
935 936 776 203 199 280 21 371 255 932 154 249
936 484 160 17 219 121 424 172 515 526 160 356
937 125 101 98 13 12 569 161 300 81 306 825
938 611 493 87 107 509 87 23 107 216 62 158
939 350 320 376 103 397 380 381 60 396 157 178
940 93 128 51 280 106 107 282 4 281 333 919
941 189 726 314 405 28 896 300 44 114 220 177
942 95 199 278 180 422 393 761 393 396 308 283
943 295 379 295 128 340 340 79 160 440 320 394
944 748 708 97 640 937 640 98 64 142 747 508
945 409 710 188 183 172 65 714 65 135 160 80
946 641 946 641 495 203 129 123 172 219 232 167
947 60 376 308 16 255 283 131 271 252 305 174
948 381 149 88 304 87 137 22 301 222 1 568
949 13 78 539 79 419 12 160 736 86 372 32
950 145 58 54 412 845 303 81 550 480 480 971
951 957 141 332 359 608 332 506 7 407 374 499
952 710 299 473 14 290 291 257 377 207 199 207
953 40 32 533 4 990 803 193 812 137 56 845
954 249 363 364 433 84 555 266 407 504 332 359
955 128 80 375 478 469 211 211 194 193 685 138
956 498 61 266 264 358 729 971 59 195 516 305
957 707 700 19 362 16 363 351 210 3 208 738
958 962 958 509 400 106 671 932 283 174 283 182
959 377 464 23 36 36 82 373 197 143 142 271
960 377 214 345 214 450 275 511 420 490 365 63
961 377 62 79 557 77 107 474 121 58 281 164
962 325 508 68 183 543 424 15 353 592 269 300
963 243 244 243 58 107 163 643 404 353 371 170
964 24 28 36 82 377 386 181 155 183 256 46
965 936 86 2 283 254 474 62 571 63 126 286
966 189 519 315 537 368 250 394 390 379 63 4
967 504 967 44 141 306 62 361 533 483 321 379
968 184 184 68 418 13 38 258 183 203 198 689
969 184 509 713 81 509 253 84 372 32 24 38
970 820 283 211 126 137 54 131 63 329 87 183
971 480 23 460 333 279 107 404 323 102 517 517
972 509 494 714 458 129 87 129 28 419 226 221
973 971 844 165 33 34 40 31 24 411 122 156
974 820 420 280 822 936 546 427 48 171 40 443
975 971 59 412 884 412 281 137 571 6 296 160
976 976 114 981 444 263 280 1 560 75 655 261
977 242 977 209 56 303 355 152 458 83 249 356
978 115 229 37 32 23 249 434 393 719 393 393
979 979 745 189 301 420 278 249 404 950 644 147
980 261 170 424 81 162 237 6 826 193 826 58
981 527 5 57 64 234 6 440 238 622 238 525
982 137 138 59 194 698 411 283 376 60 387 380
983 333 133 5 417 455 375 81 300 145 115 263
984 153 254 28 363 128 820 445 256 184 971 174
985 376 394 182 351 345 352 546 954 107 201 143
986 261 437 39 494 312 218 268 494 311 366 84
987 411 859 166 441 504 765 86 304 809 949 252
988 411 683 281 3 990 281 286 4 162 90 328
989 329 80 671 189 467 62 258 62 115 263 426
990 859 434 236 371 128 210 249 210 82 166 125
991 412 59 192 102 411 986 411 981 485 170 27
992 129 180 82 410 286 195 174 58 131 87 77
993 408 571 285 271 256 263 976 847 464 136 336
994 6 458 623 791 612 340 128 172 403 14 426
995 712 4 107 856 546 493 791 401 65 197 908
996 12 365 121 288 199 53 312 309 297 316 905
997 27 29 36 48 75 76 75 437 25 23 460
998 65 64 201 62 90 220 434 420 191 434 89
999 145 212 106 480 329 283 145 249 80 21 17
1000 918 94 177 146 66 160 2 57 849 57 4
1001 4 282 184 434 340 217 121 726 726 107 174
1002 560 362 303 610 694 493 42 212 70 494 576
1003 258 22 127 435 793 748 793 206 198 5 194
1004 55 718 56 58 286 211 990 281 5 450 13
0 103 103 376 283
1 0 65 483 205
2 62 255 107 361
3 55 285 131 283
4 174 252 105 28
5 115 16 338 114
6 921 285 271 132
7 506 494 593 955
8 8 44 501 499
9 466 451 365 245
10 638 329 473 371
11 159 209 233 243
12 365 419 253 373
13 207 197 198 5
14 380 380 321 160
15 273 2 194 59
16 338 455 271 738
17 950 404 937 100
18 307 307 537 232
19 570 12 569 365
20 187 546 340 892
21 105 384 60 61
22 92 86 218 309
23 37 151 82 252
24 40 547 48 252
25 533 950 173 153
26 442 333 271 56
27 36 36 127 227
28 329 478 105 21
29 30 437 337 169
30 30 160 152 212
31 31 35 129 371
32 417 30 434 17
33 28 37 34 35
34 23 83 368 181
35 36 10 260 93
36 114 609 114 113
37 23 421 86 510
38 47 135 13 481
39 37 36 113 26
40 417 494 115 245
41 199 205 196 94
42 128 254 144 546
43 502 506 651 546
44 62 597 107 441
45 533 590 32 31
46 16 281 105 363
47 976 455 438 33
48 50 49 643 290
49 83 82 279 118
50 48 252 154 107
51 199 201 207 918
52 314 106 979 106
53 82 87 363 434
54 6 59 57 194
55 63 365 223 311
56 718 55 718 305
57 126 408 408 859
58 950 58 209 235
59 865 412 683 285
60 214 83 513 459
61 533 121 166 333
62 82 486 35 121
63 162 820 154 17
64 134 5 283 411
65 130 568 562 200
66 66 91 356 283
67 146 533 67 549
68 357 249 427 651
69 678 311 260 259
70 62 405 290 526
71 432 162 90 86
72 259 21 28 896
73 309 400 20 183
74 756 613 117 211
75 48 547 245 245
76 139 819 422 145
77 87 58 82 295
78 93 183 820 365
79 922 560 316 218
80 82 314 283 215
81 184 357 107 393
82 30 31 28 721
83 812 174 126 271
84 544 257 450 295
85 695 424 256 568
86 536 20 106 546
87 28 87 489 107
88 183 329 356 82
89 375 301 856 7
90 160 294 425 430
91 469 96 119 76
92 728 260 336 251
93 108 109 366 217
94 207 172 515 270
95 6 285 379 389
96 725 370 547 133
97 98 99 99 768
98 100 301 211 238
99 434 3 63 896
100 99 768 98 124
101 211 131 646 211
102 101 120 232 115
103 160 245 171 41
104 376 104 18 797
105 856 950 55 57
106 188 663 187 533
107 468 82 277 180
108 474 546 427 105
109 51 593 320 349
110 121 82 325 65
111 474 356 16 434
112 7 452 359 9
113 725 114 113 361
114 318 245 76 245
115 420 218 309 272
116 470 86 453 107
117 117 100 429 461
118 409 30 545 24
119 753 753 170 900
120 218 316 1 310
121 828 356 357 108
122 191 352 377 167
123 115 79 417 29
124 405 28 367 329
125 283 560 0 368
126 285 172 47 220
127 166 353 101 371
128 365 695 316 435
129 611 66 480 221
130 345 180 17 218
131 698 281 62 423
132 5 154 173 728
133 346 206 575 178
134 64 2 102 300
135 370 41 17 85
136 338 932 671 582
137 520 252 211 210
138 880 282 106 533
139 428 447 440 399
140 272 186 62 17
141 142 812 193 832
142 17 219 218 315
143 108 494 152 74
144 166 163 154 252
145 170 229 229 366
146 0 316 223 518
147 145 518 490 149
148 179 320 157 278
149 180 349 180 41
150 393 249 286 410
151 151 121 87 552
152 431 141 204 776
153 212 450 93 820
154 393 390 60 295
155 223 282 212 62
156 180 352 178 498
157 308 295 142 85
158 234 86 441 569
159 235 963 615 460
160 269 236 132 158
161 754 569 360 11
162 427 443 427 165
163 411 132 132 210
164 45 164 395 389
165 160 355 82 533
166 218 223 366 223
167 342 468 495 114
168 167 94 94 918
169 464 172 426 263
170 753 170 816 953
171 847 171 455 423
172 440 215 82 963
173 20 695 607 105
174 56 59 89 4
175 137 137 211 338
176 486 329 28 28
177 178 380 53 167
178 14 65 275 515
179 61 64 466 498
180 347 612 147 316
181 320 394 388 130
182 321 378 321 385
183 256 169 303 145
184 127 318 976 485
185 533 128 5 450
186 83 145 83 373
187 550 249 286 571
188 42 163 615 309
189 420 568 401 835
190 494 115 486 169
191 86 586 58 87
192 194 166 857 191
193 192 2 126 58
194 859 252 389 211
195 160 589 400 971
196 143 714 373 134
197 201 197 86 86
198 205 925 455 136
199 65 92 400 10
200 177 479 381 179
201 280 82 366 68
202 206 198 593 197
203 829 523 332 407
204 918 377 127 107
205 206 290 198 31
206 280 83 273 461
207 183 6 667 188
208 815 92 728 21
209 243 158 638 300
210 13 53 182 104
211 209 371 65 64
212 163 377 250 741
213 913 951 666 420
214 450 1 224 560
215 460 256 222 221
216 272 274 273 272
217 282 58 431 80
218 218 73 498 246
219 222 331 260 325
220 47 79 497 424
221 309 272 579 446
222 309 316 793 435
223 165 409 65 94
224 256 401 705 211
225 460 473 551 533
226 142 210 63 252
227 226 405 212 21
228 82 295 384 295
229 494 12 494 404
230 74 872 309 312
231 624 301 20 366
232 804 264 856 573
233 174 59 138 809
234 404 58 89 919
235 240 158 174 121
236 249 602 365 21
237 424 172 464 455
238 602 238 194 698
239 3 174 46 114
240 235 319 319 235
241 440 200 95 94
242 105 129 922 922
243 236 107 210 244
244 615 83 118 116
245 686 381 181 250
246 141 213 452 529
247 661 754 510 84
248 259 297 17 333
249 695 317 307 301
250 377 215 0 459
251 455 96 101 380
252 271 56 59 971
253 316 215 150 191
254 77 282 280 249
255 82 93 971 216
256 160 533 46 83
257 526 546 144 84
258 476 375 110 111
259 83 433 83 166
260 260 400 81 896
261 40 40 560 810
262 148 434 163 249
263 290 294 203 121
264 700 971 190 329
265 466 267 498 503
266 533 393 254 115
267 707 332 707 73
268 160 467 166 611
269 216 46 329 128
270 278 179 249 495
271 589 215 42 190
272 322 272 462 463
273 13 329 91 328
274 429 272 617 448
275 840 413 214 434
276 560 29 133 482
277 515 292 14 450
278 365 255 152 255
279 82 58 56 859
280 526 546 355 303
281 698 194 859 166
282 546 509 184 190
283 157 851 907 907
284 157 191 180 84
285 174 21 29 301
286 880 59 812 3
287 82 62 357 21
288 654 48 211 928
289 425 65 377 60
290 272 269 424 641
291 203 199 377 393
292 83 506 500 466
293 365 365 114 365
294 342 191 150 397
295 255 363 384 495
296 295 103 104 82
297 215 74 120 758
298 299 6 880 921
299 551 69 259 86
300 226 405 81 212
301 473 367 129 308
302 304 57 138 3
303 950 113 47 116
304 424 950 180 148
305 58 814 52 368
306 400 336 260 248
307 696 218 201 204
308 434 322 592 272
309 311 184 19 293
310 581 310 18 223
311 756 459 166 453
312 221 745 745 377
313 215 560 496 498
314 21 326 409 667
315 222 225 74 690
316 17 612 924 88
317 310 17 226 85
318 127 166 285 209
319 158 158 4 738
320 166 79 120 133
321 390 379 394 295
322 434 859 132 301
323 100 371 269 288
324 558 674 430 44
325 143 128 133 83
326 245 329 212 163
327 21 375 476 108
328 66 654 17 87
329 128 121 340 638
330 248 297 74 366
331 362 365 187 671
332 358 452 649 649
333 320 213 332 359
334 429 140 812 950
335 447 429 933 447
336 337 245 442 26
337 93 260 728 173
338 84 211 304 599
339 338 336 92 498
340 325 420 68 420
341 297 341 17 615
342 296 249 351 13
343 128 207 172 129
344 177 113 971 304
345 178 200 207 95
346 409 506 466 504
347 262 344 149 64
348 349 156 157 250
349 907 342 483 157
350 681 345 681 342
351 161 12 249 81
352 350 204 917 200
353 709 404 83 393
354 323 185 353 404
355 46 83 333 367
356 329 671 187 105
357 290 114 89 165
358 9 332 699 845
359 558 856 506 13
360 452 971 975 971
361 434 322 335 579
362 488 362 283 390
363 422 248 142 560
364 212 191 907 907
365 133 362 666 856
366 173 531 173 533
367 39 28 106 278
368 82 261 486 128
369 252 175 685 481
370 151 113 116 473
371 409 21 932 490
372 494 107 113 494
373 311 106 717 788
374 505 249 365 365
375 121 172 93 36
376 104 182 378 181
377 103 61 123 860
378 387 118 83 86
379 395 164 579 273
380 320 65 294 377
381 180 342 621 231
382 295 107 450 440
383 377 156 906 533
384 377 130 388 377
385 182 395 61 283
386 560 39 93 280
387 295 387 393 376
388 249 424 405 162
389 292 450 581 445
390 157 379 285 366
391 295 60 385 385
392 368 182 719 376
393 546 546 233 288
394 160 352 180 420
395 152 166 19 441
396 379 103 342 262
397 377 179 60 352
398 295 172 351 155
399 51 41 115 612
400 678 400 106 351
401 401 543 121 278
402 133 419 91 375
403 426 121 480 107
404 45 932 490 460
405 64 484 83 199
406 971 608 11 611
407 526 413 13 483
408 174 16 771 518
409 177 229 29 32
410 107 90 425 562
411 988 411 63 738
412 991 520 174 366
413 93 883 337 136
414 603 414 603 414
415 86 285 685 665
416 173 69 710 509
417 245 245 62 188
418 473 81 211 88
419 78 497 13 10
420 152 87 489 405
421 213 499 765 430
422 82 209 131 132
423 426 621 149 420
424 281 211 338 455
425 129 186 433 434
426 280 362 82 279
427 470 119 980 980
428 15 285 96 842
429 446 933 429 592
430 365 338 28 278
431 70 83 288 199
432 71 209 411 408
433 405 142 210 295
434 100 429 334 592
435 160 207 13 552
436 437 339 338 434
437 547 361 444 84
438 444 333 627 513
439 338 424 125 283
440 241 927 234 366
441 466 359 359 360
442 113 151 34 54
443 245 47 483 351
444 438 25 40 27
445 128 21 211 364
446 335 933 446 13
447 447 409 280 228
448 216 579 579 334
449 414 415 86 264
450 186 363 384 295
451 487 84 50 84
452 358 504 506 699
453 254 227 537 316
454 189 82 404 252
455 914 987 914 165
456 405 419 489 300
457 285 281 16 263
458 168 114 13 476
459 362 129 543 209
460 434 420 474 476
461 272 273 216 164
462 513 513 642 82
463 463 462 173 400
464 444 114 547 423
465 473 483 533 582
466 359 11 525 700
467 189 301 453 166
468 730 460 183 165
469 474 234 82 296
470 96 599 211 949
471 160 337 169 409
472 610 59 619 613
473 627 627 473 80
474 83 259 127 105
475 300 444 971 470
476 478 357 184 536
477 69 87 363 154
478 356 356 303 845
479 381 156 180 301
480 66 215 42 44
481 132 599 304 88
482 48 427 169 280
483 362 249 210 252
484 129 342 203 206
485 318 283 157 60
486 303 235 420 218
487 452 830 452 501
488 487 496 359 421
489 256 132 518 404
490 209 240 211 734
491 163 212 576 526
492 144 84 86 441
493 419 468 82 188
494 187 121 462 460
495 314 17 404 145
496 560 84 404 124
497 409 40 443 443
498 7 537 52 103
499 504 8 661 700
500 504 301 222 222
501 374 5 423 925
502 504 301 686 245
503 265 533 35 35
504 359 421 333 460
505 62 447 440 24
506 506 452 499 912
507 298 299 546 82
508 69 663 747 282
509 282 174 195 738
510 84 811 531 256
511 342 511 118 21
512 162 186 490 42
513 459 464 82 572
514 971 695 183 170
515 813 93 86 546
516 743 517 411 412
517 195 281 57 54
518 518 62 132 481
519 222 282 188 518
520 13 238 2 899
521 823 566 7 510
522 493 93 169 318
523 829 203 204 93
524 72 311 424 17
525 504 141 161 441
526 93 28 115 254
527 976 847 464 464
528 191 150 393 761
529 359 360 452 499
530 365 11 608 359
531 186 226 146 85
532 404 373 112 368
533 18 221 17 215
534 813 434 113 160
535 340 419 365 12
536 298 301 63 420
537 537 222 221 480
538 733 306 728 10
539 494 515 515 168
540 549 118 651 2
541 150 295 157 396
542 172 93 301 429
543 401 493 121 365
544 534 450 232 291
545 473 471 421 448
546 377 163 641 301
547 47 5 462 430
548 78 107 532 233
549 679 508 105 258
550 473 93 129 106
551 733 923 723 923
552 305 409 81 105
553 554 535 777 971
554 971 423 48 654
555 161 351 106 357
556 232 557 128 932
557 160 445 301 445
558 856 405 548 160
559 166 129 473 116
560 358 530 92 538
561 462 249 530 246
562 440 818 440 64
563 129 166 139 335
564 12 264 608 358
565 754 971 747 282
566 247 570 700 498
567 843 567 82 212
568 82 820 44 213
569 9 573 8 7
570 12 565 9 506
571 3 252 803 412
572 5 809 412 3
573 573 7 332 502
574 65 409 443 113
575 206 200 918 197
576 295 389 321 368
577 366 68 287 896
578 577 375 367 96
579 579 929 429 274
580 580 580 580 580
581 409 474 233 142
582 667 81 252 845
583 521 615 106 607
584 563 494 310 307
585 600 585 493 292
586 63 854 285 286
587 4 845 58 233
588 27 48 252 369
589 607 460 462 586
590 37 127 21 36
591 96 245 171 64
592 241 252 832 3
593 41 85 443 29
594 84 253 87 654
595 52 397 103 215
596 596 282 480 282
597 282 745 979 979
598 84 478 176 93
599 304 564 258 478
600 65 320 182 380
601 105 358 407 44
602 213 602 466 754
603 414 916 414 370
604 458 129 367 93
605 846 846 846 846
606 495 17 219 483
607 81 638 44 459
608 267 265 440 215
609 30 251 251 339
610 56 412 192 517
611 66 375 860 116
612 153 86 457 294
613 117 100 640 125
614 614 742 742 546
615 243 930 669 930
616 320 333 654 217
617 140 139 420 116
618 523 332 406 501
619 56 138 252 880
620 290 263 256 121
621 426 130 155 363
622 238 243 305 990
623 129 231 167 60
624 409 225 189 467
625 63 132 54 271
626 87 643 269 174
627 184 183 357 404
628 389 160 778 971
629 316 215 434 161
630 303 369 252 89
631 209 411 511 275
632 397 6 305 64
633 633 633 633 633
634 634 634 634 634
635 634 635 286 2
636 211 932 98 98
637 637 234 283 169
638 896 896 160 329
639 638 210 245 160
640 640 371 768 99
641 669 669 420 351
642 121 166 0 313
643 163 373 283 395
644 644 147 212 173
645 156 381 393 321
646 411 859 4 252
647 93 493 62 280
648 648 648 648 648
649 466 649 121 462
650 215 103 385 231
651 506 211 88 0
652 478 356 62 186
653 653 653 653 653
654 323 5 184 551
655 367 31 170 355
656 176 93 367 245
657 269 810 597 810
658 658 658 658 658
659 377 764 314 160
660 660 660 660 660
661 661 44 729 44
662 618 618 404 152
663 137 56 698 13
664 401 493 180 214
665 4 520 56 3
666 267 570 12 266
667 142 859 56 481
668 157 350 157 734
669 420 430 401 526
670 670 670 670 670
671 106 459 537 1
672 141 729 971 391
673 673 673 673 495
674 823 264 266 0
675 675 675 675 675
676 322 322 929 140
677 199 94 593 86
678 68 419 526 424
679 189 549 679 663
680 380 0 0 380
681 342 820 346 291
682 681 352 342 377
683 412 481 809 174
684 684 684 684 684
685 812 991 520 408
686 21 259 260 400
687 404 217 643 49
688 543 87 154 647
689 198 200 199 288
690 107 509 747 86
691 691 691 691 691
692 130 692 130 130
693 82 245 370 25
694 129 748 641 424
695 424 303 15 82
696 218 5 306 68
697 645 414 449 414
698 412 54 58 62
699 506 86 222 494
700 498 64 98 618
701 462 586 194 54
702 107 450 542 399
703 703 703 703 703
704 704 107 859 412
705 232 840 64 234
706 290 106 230 333
707 265 8 573 19
708 99 101 581 308
709 353 353 82 20
710 549 326 409 29
711 711 711 711 711
712 255 83 579 334
713 509 105 127 130
714 143 62 818 62
715 799 160 333 155
716 5 789 419 62
717 160 268 513 116
718 56 412 921 138
719 393 212 69 747
720 466 451 360 44
721 30 420 351 87
722 28 142 282 373
723 971 417 115 301
724 160 206 852 852
725 96 867 96 83
726 342 157 385 103
727 483 851 852 18
728 173 124 354 323
729 649 421 566 700
730 160 562 14 205
731 731 731 731 731
732 732 732 732 732
733 728 5 318 326
734 172 483 917 40
735 592 428 429 335
736 160 321 397 869
737 737 737 737 737
738 738 2 665 63
739 155 249 179 376
740 252 236 13 526
741 741 377 450 14
742 614 614 756 118
743 743 743 743 743
744 744 744 744 744
745 979 1 310 309
746 746 746 746 746
747 667 549 306 10
748 13 357 301 271
749 167 292 183 545
750 88 302 285 138
751 51 261 116 129
752 82 329 69 420
753 151 470 96 816
754 804 266 804 466
755 211 705 211 62
756 614 742 742 166
757 757 367 329 187
758 424 210 290 160
759 121 125 166 424
760 335 592 321 181
761 393 395 80 106
762 516 305 195 211
763 763 5 557 128
764 331 73 358 7
765 86 536 546 2
766 521 482 47 444
767 473 63 13 118
768 101 83 252 411
769 559 282 474 96
770 353 82 357 143
771 106 253 459 44
772 772 772 772 772
773 405 256 548 203
774 285 126 698 685
775 560 12 19 366
776 160 430 543 405
777 538 173 126 4
778 549 459 565 324
779 820 200 65 199
780 84 549 316 424
781 621 377 656 377
782 526 221 14 178
783 154 82 228 17
784 784 784 784 411
785 409 447 676 428
786 206 204 204 94
787 21 128 526 440
788 717 788 717 106
789 168 346 346 181
790 544 542 458 129
791 493 278 611 6
792 121 661 121 405
793 748 377 181 385
794 322 447 676 447
795 417 32 533 280
796 828 16 783 669
797 342 296 385 390
798 798 798 798 798
799 160 69 424 153
800 615 64 820 751
801 41 215 400 509
802 258 476 13 172
803 58 132 481 138
804 720 525 707 602
805 971 307 65 264
806 304 564 638 126
807 192 807 54 552
808 808 808 808 808
809 56 63 283 174
810 471 170 437 27
811 340 934 340 367
812 83 168 413 183
813 168 434 478 476
814 58 612 41 85
815 815 92 68 679
816 119 40 339 340
817 544 450 5 195
818 533 86 153 612
819 461 429 592 140
820 482 165 41 173
821 163 434 10 20
822 350 178 200 204
823 661 247 525 707
824 191 156 697 321
825 723 173 333 62
826 685 880 252 145
827 506 9 971 470
828 615 146 160 105
829 168 160 161 161
830 452 452 666 666
831 258 932 404 586
832 612 424 448 45
833 5 308 16 221
834 107 4 107 64
835 65 13 4 170
836 836 523 172 847
837 837 107 303 924
838 45 335 274 549
839 191 83 474 128
840 168 434 460 233
841 719 395 296 377
842 211 129 992 129
843 567 567 567 82
844 133 29 301 22
845 303 128 409 207
846 605 797 342 483
847 922 129 232 103
848 419 714 172 47
849 849 849 57 55
850 546 936 563 706
851 191 83 209 155
852 852 415 86 128
853 82 424 86 113
854 285 62 582 103
855 549 298 536 189
856 707 359 11 209
857 191 379 181 250
858 306 326 327 249
859 546 963 242 234
860 330 438 444 76
861 350 572 572 563
862 777 134 64 62
863 57 619 57 408
864 411 671 357 375
865 63 803 812 803
866 96 47 333 654
867 134 84 453 189
868 5 237 587 3
869 376 103 61 61
870 401 873 401 714
871 231 167 182 213
872 307 971 284 257
873 425 86 756 142
874 425 129 493 282
875 170 81 478 90
876 564 209 236 3
877 28 36 13 2
878 33 86 572 776
879 242 159 820 212
880 63 408 420 15
881 96 13 118 420
882 166 74 219 17
883 883 883 883 93
884 884 884 412 58
885 728 400 589 107
886 2 57 812 812
887 887 885 887 885
888 412 63 379 295
889 375 28 892 340
890 121 78 497 531
891 892 438 438 26
892 828 106 340 114
893 971 608 213 496
894 327 96 725 113
895 333 77 142 68
896 116 251 136 160
897 263 443 485 245
898 230 80 28 170
899 2 886 217 282
900 13 13 95 450
901 137 546 17 147
902 5 900 128 932
903 907 593 196 424
904 321 376 181 219
905 74 173 69 259
906 546 249 115 443
907 349 122 123 860
908 204 199 205 593
909 129 544 81 550
910 65 307 177 218
911 222 249 17 177
912 499 141 246 298
913 7 374 500 499
914 531 531 482 339
915 38 847 171 370
916 414 605 846 846
917 557 133 681 160
918 196 282 217 71
919 919 40 113 370
920 230 898 481 4
921 845 252 174 815
922 529 359 529 496
923 723 306 141 69
924 57 64 397 157
925 48 84 752 121
926 926 243 211 48
927 234 494 438 330
928 211 209 236 159
929 592 15 174 564
930 158 599 211 101
931 930 158 234 96
932 281 408 174 208
933 46 164 446 592
934 163 518 954 87
935 936 14 563 493
936 204 200 176 200
937 937 99 173 41
938 611 493 290 62
939 350 851 681 682
940 128 15 429 335
941 189 799 447 335
942 435 127 435 793
943 295 388 280 922
944 748 424 106 490
945 327 5 430 765
946 641 301 307 971
947 181 381 176 214
948 381 394 61 179
949 59 174 269 273
950 333 422 58 865
951 360 569 501 452
952 540 184 282 4
953 26 40 34 438
954 87 190 473 498
955 820 79 531 914
956 700 238 159 303
957 707 823 7 86
958 962 325 325 340
959 377 464 280 294
960 377 381 182 167
961 377 163 643 87
962 325 87 474 612
963 160 318 409 474
964 40 113 486 176
965 936 965 936 206
966 21 145 42 820
967 504 912 526 183
968 299 80 183 211
969 509 551 733 420
970 440 526 280 575
971 63 303 571 285
972 509 108 375 375
973 971 235 252 241
974 87 828 64 840
975 971 332 141 360
976 171 417 494 662
977 977 209 174 211
978 860 115 165 455
979 170 117 613 127
980 655 35 24 32
981 981 114 283 379
982 137 298 549 296
983 113 370 151 655
984 153 180 352 206
985 376 841 719 296
986 470 119 980 757
987 816 860 336 41
988 411 462 145 13
989 989 989 329 245
990 193 832 145 533
991 812 373 86 466
992 129 58 601 163
993 408 520 412 194
994 6 57 54 59
995 712 995 712 255
996 12 362 488 421
997 24 40 26 32
998 65 498 459 616
999 145 333 253 405
1000 232 204 128 62
1001 3 138 815 5
1002 560 84 598 553
1003 258 477 375 424
1004 55 411 506 409
