0 74 259 21 105 92 815 57 59 137 183 229
1 568 357 107 453 472 255 16 249 404 125 424
2 63 303 107 132 89 3 114 318 423 527 981
3 473 422 269 424 68 424 160 63 305 738 211
4 160 529 529 498 44 212 69 434 550 667 118
5 419 495 315 222 21 1 616 435 533 264 61
6 4 58 366 254 329 424 495 739 300 62 423
7 502 358 498 720 754 19 823 565 324 441 700
8 441 87 326 932 355 303 371 28 46 46 334
9 265 7 608 499 608 804 466 487 488 529 506
10 69 260 297 696 74 218 309 85 74 177 381
11 365 513 271 282 142 1 155 18 310 366 372
12 823 565 674 754 565 324 720 498 9 558 9
13 38 38 443 116 32 165 337 337 27 560 218
14 776 776 917 41 908 201 64 87 115 443 47
15 125 323 98 932 453 105 184 627 62 151 748
16 169 115 23 964 24 588 307 85 317 313 313
17 219 18 166 818 166 296 61 150 122 191 351
18 120 380 390 181 397 841 397 376 295 62 447
19 62 430 430 486 128 152 71 71 152 186 363
20 163 652 163 154 86 225 409 93 128 226 696
21 533 213 529 602 365 489 121 161 555 44 141
22 92 68 366 63 481 54 665 412 587 2 586
23 33 37 34 30 25 13 169 638 480 601 107
24 590 953 301 180 212 253 434 548 249 353 770
25 27 26 588 169 367 300 166 3 194 533 461
26 443 38 115 252 303 235 243 42 280 167 280
27 721 37 370 414 414 414 603 414 605 851 180
28 952 710 549 160 685 252 949 6 308 438 36
29 32 13 63 126 63 635 208 210 405 107 84
30 27 48 443 47 333 83 140 164 533 155 326
31 40 75 372 404 373 528 271 809 211 455 96
32 372 58 832 4 532 520 971 514 108 328 494
33 339 171 113 442 114 283 201 776 908 917 199
34 39 133 340 371 409 20 142 418 467 166 128
35 151 86 563 86 210 256 303 269 322 461 322
36 113 914 531 405 518 249 54 304 16 221 160
37 31 361 25 473 269 644 140 322 15 16 356
38 38 26 113 28 892 300 108 64 372 121 432
39 37 112 474 404 100 937 64 57 601 121 191
40 23 86 113 486 357 404 654 323 271 20 21
41 493 399 450 93 409 371 174 815 5 201 203
42 343 157 231 655 149 377 214 166 69 141 473
43 498 856 142 20 127 613 243 166 201 203 776
44 638 46 256 357 290 16 375 258 198 51 740
45 892 340 142 424 509 952 69 715 69 409 371
46 81 211 88 369 303 950 80 114 366 86 263
47 444 113 36 160 173 184 355 249 474 333 263
48 338 37 35 51 196 167 94 65 664 425 457
49 83 243 239 234 82 333 121 283 210 282 64
50 643 50 162 295 490 377 163 932 495 154 209
51 114 318 83 81 301 596 301 180 278 179 345
52 185 354 125 935 100 404 963 927 931 963 235
53 5 140 461 46 145 462 419 482 450 169 170
54 271 46 254 153 393 424 230 82 116 35 39
55 56 880 6 486 48 38 421 430 411 208 211
56 880 80 222 268 295 424 109 108 357 62 404
57 481 421 11 64 375 107 221 405 282 318 333
58 96 92 68 418 184 160 105 159 160 494 287
59 57 271 58 518 577 757 980 119 980 470 494
60 380 181 389 397 321 377 741 741 377 103 295
61 394 387 182 396 157 174 195 193 1001 4 58
62 453 84 318 361 32 40 847 48 96 164 322
63 281 183 28 170 338 211 214 280 523 168 568
64 419 143 420 81 569 566 573 498 593 342 349
65 290 340 167 182 368 52 53 231 871 231 347
66 480 329 989 989 91 91 469 66 211 389 157
67 189 86 504 8 971 216 446 272 272 164 272
68 68 418 188 366 662 107 173 327 728 5 128
69 184 365 486 430 401 664 401 434 168 83 395
70 288 58 121 130 936 284 472 453 615 669 641
71 152 115 252 419 365 833 62 283 103 104 376
72 163 145 187 87 74 459 80 679 81 478 652
73 84 229 48 485 263 263 62 662 185 404 709
74 231 65 176 450 1 21 777 200 777 259 127
75 36 169 255 152 107 459 189 117 409 447 448
76 318 176 232 450 142 340 922 14 232 872 707
77 539 494 308 405 81 189 117 252 166 194 405
78 107 395 385 181 950 80 128 196 218 312 17
79 79 77 254 453 42 459 226 282 249 18 215
80 160 209 812 812 635 520 183 357 357 589 256
81 952 710 409 197 64 244 159 58 286 329 69
82 80 460 170 212 48 372 366 63 5 325 420
83 259 173 340 62 79 166 163 473 68 424 230
84 326 409 27 560 39 229 143 420 318 171 299
85 758 316 309 316 222 253 107 46 371 137 679
86 521 217 404 84 411 126 300 282 434 62 117
87 954 615 244 810 87 404 269 644 147 87 20
88 88 54 520 164 446 446 272 563 522 493 615
89 437 165 39 48 66 121 494 191 82 495 371
90 90 220 114 116 329 638 638 589 160 221 1
91 356 419 84 510 506 107 283 748 82 739 300
92 96 135 339 40 34 339 443 47 76 318 245
93 426 318 547 423 482 482 41 336 133 365 278
94 41 201 197 197 51 114 169 914 105 165 186
95 86 283 373 812 54 107 209 63 880 174 379
96 655 980 757 757 757 757 577 518 434 168 28
97 124 98 125 99 640 45 828 356 282 518 249
98 932 420 285 2 5 859 243 240 237 158 244
99 5 318 420 166 333 455 64 730 211 256 121
100 768 708 97 124 101 0 313 309 120 218 420
101 65 178 342 178 440 64 527 318 361 976 976
102 6 389 160 663 747 971 406 699 9 558 856
103 320 533 21 72 259 777 535 482 64 215 268
104 376 389 104 320 333 652 333 261 986 470 655
105 310 74 21 36 409 140 929 933 933 45 300
106 254 170 860 375 211 695 249 356 509 190 62
107 184 160 557 51 200 198 434 329 42 560 224
108 474 82 150 104 61 166 166 124 405 329 160
109 108 509 189 434 424 329 66 111 375 110 84
110 91 112 37 25 28 116 73 311 678 747 142
111 258 198 329 340 367 361 533 171 299 287 20
112 357 21 22 21 115 615 492 518 183 820 52
113 116 118 301 356 160 349 13 421 11 266 141
114 333 279 5 99 107 601 86 225 18 852 206
115 363 208 281 5 337 336 96 261 40 753 261
116 531 133 172 143 325 69 188 129 19 560 913
117 86 68 549 274 272 46 45 271 20 329 20
118 756 106 249 856 264 499 498 804 466 488 466
119 229 29 169 366 115 48 115 261 160 278 13
120 94 974 820 644 950 113 971 403 813 544 932
121 478 486 5 437 361 443 925 423 444 76 417
122 123 31 86 377 851 483 764 331 362 856 249
123 450 291 206 201 557 51 118 132 89 96 867
124 896 828 615 17 546 397 368 61 213 823 265
125 5 437 165 48 981 411 170 548 249 303 738
126 812 826 809 738 58 494 576 13 340 811 62
127 129 371 174 237 236 363 106 81 145 145 163
128 157 296 42 309 311 69 508 363 371 404 107
129 458 426 318 282 254 74 231 342 277 971 504
130 172 483 94 196 198 165 883 336 485 84 152
131 142 367 427 333 42 434 148 191 157 388 104
132 489 64 24 33 35 473 163 105 375 356 142
133 183 309 314 892 367 128 218 219 79 557 518
134 62 114 303 367 546 44 51 172 468 730 5
135 438 338 113 725 113 725 165 251 417 258 1003
136 165 245 263 438 251 32 116 121 168 263 531
137 546 850 546 86 584 272 15 139 216 428 269
138 685 56 209 587 412 820 13 137 22 686 263
139 335 592 592 15 541 181 342 294 301 596 218
140 322 933 933 334 929 579 429 447 799 447 933
141 488 141 451 161 107 481 211 249 550 187 21
142 367 24 31 151 116 896 81 155 470 116 114
143 340 340 16 81 170 533 129 270 426 290 329
144 615 115 883 339 123 450 142 300 158 159 963
145 422 546 226 696 218 513 272 579 579 929 269
146 0 377 321 376 295 521 823 19 360 11 406
147 254 252 88 233 159 237 160 188 42 459 467
148 225 222 560 42 492 115 493 562 498 238 622
149 179 377 918 908 822 563 272 428 301 278 681
150 103 295 172 483 424 109 366 254 531 282 269
151 251 30 34 31 51 160 8 11 400 222 696
152 494 510 358 608 498 14 706 936 822 280 51
153 474 89 5 99 640 64 42 160 129 515 494
154 153 121 661 9 506 462 462 561 462 82 576
155 105 69 311 184 86 238 498 529 9 141 11
156 13 147 377 181 14 440 172 655 470 119 980
157 295 128 200 207 167 483 219 342 376 392 295
158 58 105 550 21 127 377 122 377 294 290 484
159 158 546 651 173 69 299 146 0 226 419 268
160 27 545 27 121 434 417 27 48 229 170 86
161 452 421 473 355 856 765 498 359 7 406 406
162 31 165 119 165 494 225 459 190 13 273 15
163 115 28 25 24 455 48 263 30 263 171 361
164 216 509 671 17 233 546 208 57 601 84 142
165 932 83 368 379 384 181 104 376 82 368 366
166 18 317 226 107 420 133 361 434 19 160 261
167 181 231 343 278 292 232 14 203 14 196 218
168 83 465 519 259 297 311 612 828 106 287 160
169 932 450 86 328 514 328 329 896 375 356 112
170 13 333 925 976 527 444 84 86 765 525 699
171 113 424 375 411 408 56 137 4 520 685 408
172 204 280 405 493 160 446 447 448 272 63 212
173 333 279 118 209 286 58 880 4 281 412 481
174 520 20 495 208 520 532 131 366 163 107 154
175 15 45 269 424 357 212 70 212 665 137 174
176 214 211 411 481 373 404 82 145 239 4 62
177 331 615 412 991 520 285 83 424 99 937 937
178 381 548 82 36 318 725 114 527 6 95 450
179 62 726 726 160 148 0 178 275 232 292 284
180 249 286 209 241 499 913 529 913 699 359 707
181 347 814 262 349 342 348 180 284 206 41 167
182 60 420 654 340 531 539 79 115 16 187 365
183 91 758 238 158 239 238 525 359 533 371 269
184 21 333 82 115 372 373 282 478 375 62 292
185 125 404 643 404 422 84 485 981 113 113 26
186 272 334 274 549 248 17 297 260 297 311 366
187 518 16 495 278 377 748 424 124 513 518 283
188 155 215 87 152 41 63 41 908 167 277 289
189 189 690 494 160 240 235 610 255 405 290 563
190 86 95 167 655 149 88 252 427 422 363 384
191 179 181 182 387 380 178 539 79 77 87 63
192 2 160 163 613 127 435 793 435 147 513 83
193 685 63 809 5 466 11 240 963 86 425 513
194 194 192 132 242 121 405 128 280 483 424 340
195 517 6 286 635 812 520 285 166 125 283 157
196 917 918 917 167 483 556 330 223 228 519 21
197 820 180 352 65 199 342 147 1 537 403 493
198 199 167 491 695 21 29 29 121 441 504 912
199 200 820 13 356 69 424 258 476 112 474 249
200 413 840 13 349 6 473 187 533 371 434 460
201 201 215 314 223 215 262 215 363 278 495 128
202 623 611 278 409 10 82 209 209 238 506 441
203 294 931 159 926 301 730 64 528 5 469 474
204 280 51 172 115 160 495 424 308 83 283 4
205 199 174 210 208 495 223 18 232 872 314 52
206 307 971 570 265 856 44 430 504 358 729 441
207 116 169 263 115 256 105 518 166 165 329 66
208 546 2 599 63 114 367 30 129 438 860 438
209 599 708 99 937 125 98 125 937 640 564 114
210 241 963 209 58 859 212 63 419 105 80 121
211 57 54 552 126 812 932 236 233 210 963 83
212 288 434 41 21 422 363 518 21 187 300 367
213 533 572 563 272 272 429 461 447 272 13 272
214 128 283 107 17 283 356 112 258 468 162 287
215 255 83 404 98 155 221 177 74 87 329 42
216 579 272 563 706 523 829 168 113 96 327 400
217 654 17 233 70 107 129 280 909 280 813 817
218 297 309 226 222 225 283 820 204 918 206 280
219 309 218 36 165 336 116 513 340 169 172 82
220 17 121 173 129 36 13 329 652 333 5 419
221 459 42 422 473 489 106 280 363 186 272 216
222 160 171 470 494 690 301 473 299 700 956 362
223 331 295 215 189 184 106 363 165 340 450 186
224 560 363 664 84 649 121 77 581 79 419 161
225 82 283 234 256 221 0 377 227 405 5 980
226 440 447 592 321 376 391 971 108 409 450 464
227 226 419 489 16 190 13 552 481 421 529 11
228 482 89 211 254 106 73 950 180 420 325 420
229 387 389 295 290 295 943 295 382 295 398 379
230 160 405 304 252 244 252 6 79 922 847 96
231 820 362 420 212 357 249 80 490 258 18 103
232 231 457 409 506 44 30 169 201 342 178 0
233 212 226 314 107 395 377 62 748 16 338 860
234 166 611 232 413 426 956 11 555 466 213 360
235 233 474 17 615 115 155 183 105 544 121 495
236 183 859 131 586 481 13 809 59 286 281 845
237 158 963 131 142 450 169 64 269 121 191 13
238 158 235 360 4 192 832 859 147 644 644 140
239 243 240 237 210 128 419 607 170 136 437 47
240 211 63 865 194 208 2 408 832 826 812 461
241 234 927 237 209 587 412 138 412 102 2 6
242 13 78 531 77 546 177 309 511 342 206 918
243 209 71 71 162 404 99 937 100 5 183 36
244 409 336 30 30 336 115 283 212 223 117 5
245 546 129 86 233 63 520 59 132 599 481 2
246 213 602 525 967 913 560 73 116 914 987 411
247 661 666 160 209 319 243 210 132 481 281 990
248 311 223 309 268 84 623 202 41 201 202 41
249 357 404 473 465 189 467 971 805 971 9 506
250 321 156 181 526 498 359 533 404 404 269 272
251 417 79 581 200 200 917 974 918 377 157 60
252 880 58 13 27 31 282 597 651 254 21 128
253 671 551 86 70 288 550 187 107 493 129 280
254 84 422 180 434 236 63 365 362 114 254 17
255 63 586 412 404 142 19 265 466 856 331 295
256 269 617 592 448 271 528 644 269 303 211 107
257 231 167 420 189 509 259 818 440 533 204 581
258 90 91 474 560 283 105 393 368 368 121 548
259 508 62 78 62 367 470 655 513 211 807 5
260 508 81 141 327 20 87 371 98 124 896 169
261 28 115 493 290 426 391 182 872 377 60 391
262 180 178 345 178 483 232 804 754 11 452 8
263 245 183 128 820 79 539 160 368 366 131 62
264 160 156 344 344 349 402 133 336 883 32 151
265 533 590 28 351 345 254 81 467 222 911 81
266 0 734 157 387 41 336 30 417 339 116 121
267 700 498 247 12 560 1002 560 276 301 624 231
268 1 155 115 165 136 464 183 88 209 63 195
269 333 950 73 313 310 105 607 589 215 255 42
270 278 292 129 473 68 550 81 69 747 366 166
271 412 738 412 859 880 685 412 102 5 528 528
272 45 445 64 95 918 593 14 465 667 69 747
273 461 335 533 607 365 607 105 420 285 209 16
274 140 301 35 434 14 86 173 87 236 242 533
275 511 215 347 681 214 207 197 205 160 512 366
276 549 248 142 441 533 800 409 13 53 167 593
277 971 973 971 823 856 466 510 8 107 90 409
278 611 623 202 623 813 434 233 147 212 411 469
279 106 607 533 576 82 4 698 2 89 369 252
280 813 534 450 399 133 60 295 182 391 390 385
281 82 211 304 211 252 56 532 211 64 181 377
282 612 41 133 93 129 63 281 105 495 671 107
283 303 859 56 286 58 859 815 815 5 74 495
284 232 321 378 128 155 541 249 2 140 428 448
285 286 859 845 193 832 102 97 99 121 492 107
286 4 809 301 166 742 614 613 243 963 131 57
287 536 166 180 179 397 397 160 30 339 114 93
288 758 120 333 84 152 116 96 369 88 304 420
289 277 167 820 422 546 820 420 367 35 62 426
290 568 562 497 170 490 121 208 305 13 506 827
291 232 872 707 499 922 280 179 347 278 347 105
292 133 256 86 573 12 362 19 707 161 265 19
293 765 856 265 61 301 27 31 86 38 437 482
294 931 210 137 114 725 443 442 263 13 303 62
295 103 352 201 533 86 131 86 295 392 103 182
296 380 385 377 458 450 705 256 187 42 143 121
297 215 114 847 417 258 356 671 411 506 503 499
298 42 64 113 160 506 409 118 667 69 166 165
299 69 80 230 898 481 285 774 285 286 13 336
300 329 66 560 474 87 283 253 75 48 333 105
301 581 65 86 415 414 603 414 415 697 156 166
302 455 302 302 96 619 59 586 233 546 7 44
303 58 105 431 152 256 187 667 582 971 514 474
304 54 34 165 547 245 370 113 367 129 214 176
305 552 82 445 160 114 35 36 29 28 333 279
306 434 533 302 160 56 826 685 949 55 57 281
307 347 180 62 269 211 128 35 590 33 34 34
308 308 129 936 563 373 106 142 441 666 7 913
309 222 225 331 482 655 655 167 820 87 404 254
310 581 531 473 81 86 601 886 3 685 285 129
311 188 184 301 169 129 249 531 256 184 256 489
312 232 129 543 493 932 355 282 248 372 106 128
313 73 268 549 74 166 485 423 5 255 329 450
314 85 310 170 82 548 121 308 376 392 283 131
315 695 734 284 107 160 28 114 283 290 16 153
316 146 533 226 225 82 30 545 165 223 83 145
317 309 42 243 87 166 114 533 127 533 82 441
318 171 116 74 260 260 508 533 430 249 859 82
319 234 244 235 252 389 537 61 434 467 21 128
320 321 296 129 116 464 464 820 83 283 132 16
321 560 329 198 258 62 714 714 486 611 232 141
322 794 335 428 409 51 306 256 58 283 82 747
323 323 768 99 82 281 411 174 121 594 121 130
324 63 164 429 166 141 6 994 6 285 54 138
325 65 714 494 366 215 211 424 256 490 932 252
326 327 473 213 332 500 499 407 505 62 254 106
327 486 82 730 13 371 97 99 97 100 98 97
328 459 21 106 340 547 333 460 129 371 932 106
329 333 444 444 300 11 133 120 146 549 19 61
330 74 166 64 89 405 303 145 326 121 493 568
331 223 459 42 309 224 17 269 448 160 379 80
332 505 43 498 526 103 537 170 151 85 312 311
333 119 76 981 245 339 32 35 129 232 575 231
334 335 429 140 15 216 15 162 4 158 237 252
335 592 140 83 404 474 38 421 365 314 219 218
336 136 41 254 441 608 440 177 220 215 366 662
337 245 365 377 129 180 179 320 232 5 455 39
338 367 160 214 377 386 379 398 377 294 377 172
339 47 114 300 126 209 244 301 23 337 115 105
340 28 932 252 601 58 121 18 0 560 0 221
341 74 231 277 206 168 183 137 552 281 4 193
342 257 183 355 115 135 116 883 32 37 28 545
343 107 69 710 509 549 162 612 832 2 826 160
344 814 344 656 231 655 171 443 26 437 115 184
345 61 345 483 167 207 377 177 214 166 404 323
346 5 323 354 124 82 462 513 87 74 218 177
347 681 178 176 93 361 27 494 510 494 308 6
348 342 178 176 611 129 187 366 254 170 543 222
349 342 377 149 149 621 425 285 59 58 587 412
350 593 482 820 30 151 34 39 339 28 303 423
351 210 88 0 309 310 445 64 5 458 450 105
352 352 352 352 656 176 238 241 963 243 931 210
353 99 937 404 162 323 640 323 2 506 86 263
354 100 592 15 335 794 322 447 273 886 58 698
355 160 786 160 140 164 448 447 498 51 908 201
356 290 584 563 494 918 820 346 160 166 133 116
357 107 90 107 495 46 16 543 294 203 167 751
358 247 19 44 121 118 84 422 87 974 918 51
359 359 672 359 498 503 358 510 504 19 569 44
360 495 351 249 28 953 822 908 199 199 342 350
361 160 480 211 45 429 461 45 15 448 46 271
362 303 59 2 612 42 41 205 79 107 209 62
363 215 227 82 283 362 498 446 301 23 25 30
364 363 531 333 527 6 3 886 601 84 585 389
365 530 365 486 356 258 112 7 498 526 714 183
366 474 41 464 611 464 129 123 411 900 822 350
367 48 66 375 424 950 533 81 569 358 699 441
368 86 417 795 417 795 417 318 86 18 221 314
369 252 105 142 143 95 86 753 900 411 405 283
370 26 34 38 592 933 446 139 541 533 87 107
371 58 404 282 662 84 37 545 28 212 364 351
372 433 50 48 370 40 438 40 964 29 165 114
373 115 361 417 29 438 590 438 340 10 535 164
374 441 699 602 238 211 137 481 281 286 486 303
375 476 13 361 333 282 427 367 80 249 169 753
376 250 368 321 379 383 157 384 157 668 157 128
377 60 157 64 820 421 529 213 407 332 500 502
378 128 14 526 199 917 974 918 41 493 835 84
379 103 60 395 385 393 932 114 145 105 44 142
380 157 734 156 906 533 83 259 509 259 92 457
381 157 104 389 160 832 145 13 327 173 518 271
382 295 103 103 283 365 283 131 281 131 82 282
383 383 181 950 404 87 189 312 14 312 218 74
384 105 153 62 726 85 778 85 218 341 222 227
385 160 481 285 13 350 178 14 130 180 148 280
386 181 60 295 86 238 440 366 372 70 431 431
387 41 546 906 156 181 133 160 209 16 379 378
388 384 379 157 61 95 206 65 413 214 593 51
389 157 390 61 283 420 526 390 389 585 813 714
390 150 321 379 368 395 182 250 60 368 390 377
391 391 182 296 283 107 489 434 10 69 183 211
392 104 389 162 253 142 17 316 253 333 422 154
393 283 82 127 128 143 166 252 105 747 107 212
394 388 377 294 291 493 278 160 474 254 283 191
395 104 182 320 321 156 232 65 320 947 295 628
396 390 491 117 5 405 433 83 318 169 438 470
397 103 390 376 392 283 121 256 254 173 535 134
398 157 389 60 385 296 256 153 493 282 83 141
399 526 813 544 257 167 232 231 206 908 167 290
400 560 40 547 318 455 455 417 183 68 300 102
401 562 285 62 430 44 533 663 81 215 187 106
402 258 477 66 117 160 323 404 84 211 450 62
403 426 130 692 231 191 283 186 62 367 420 820
404 234 533 582 549 190 162 212 453 745 221 537
405 889 405 419 68 183 114 339 370 245 725 443
406 9 765 7 249 550 69 356 828 233 637 637
407 358 765 498 922 499 44 107 366 180 83 168
408 880 57 859 812 859 411 212 269 810 321 162
409 21 74 226 166 178 231 292 83 115 513 268
410 286 303 302 533 195 193 412 243 240 240 241
411 4 405 896 169 4 282 31 107 127 128 495
412 884 884 412 63 845 859 685 57 194 195 305
413 160 431 4 430 362 956 362 7 506 366 283
414 916 414 605 846 846 846 846 846 846 846 846
415 86 83 83 249 493 142 68 424 493 600 65
416 173 513 462 545 462 173 306 550 187 42 249
417 417 165 82 283 390 250 376 18 309 316 409
418 160 158 950 422 131 54 826 63 329 80 184
419 280 113 32 372 84 453 254 173 326 533 189
420 305 552 949 132 258 253 405 642 300 489 121
421 268 0 221 155 22 21 184 419 129 342 147
422 474 419 68 508 81 568 329 38 417 27 370
423 263 245 405 166 576 482 129 623 813 623 313
424 820 107 333 434 148 262 231 820 908 917 205
425 873 425 874 65 840 457 562 515 381 61 280
426 130 290 892 896 405 263 62 749 820 950 492
427 473 963 319 963 87 77 84 754 293 525 265
428 140 174 46 434 812 174 164 748 256 153 212
429 45 828 145 828 169 437 290 494 115 263 30
430 421 448 269 212 147 173 269 269 424 478 83
431 84 162 212 83 41 47 245 333 269 274 340
432 433 432 433 217 612 145 183 11 133 143 478
433 49 153 984 153 612 152 492 152 612 223 756
434 61 283 283 137 255 17 422 474 233 404 45
435 616 435 647 685 520 533 582 418 190 13 450
436 437 39 560 75 470 96 75 494 932 303 412
437 136 135 96 56 194 1001 194 195 2 193 803
438 333 441 11 233 637 209 546 173 74 317 221
439 96 474 107 726 283 211 5 868 320 156 734
440 264 570 971 777 200 207 917 200 65 358 358
441 249 747 663 474 950 481 586 58 845 59 886
442 478 442 444 976 263 86 714 413 515 275 493
443 13 303 58 597 107 295 292 183 218 297 86
444 981 361 32 372 48 333 129 183 399 129 139
445 531 263 47 547 87 212 166 142 62 375 230
446 322 273 216 592 428 15 820 336 400 222 315
447 812 45 404 404 234 114 30 473 551 21 121
448 428 651 597 62 548 203 284 377 342 377 872
449 414 449 414 414 370 339 170 251 914 816 816
450 183 210 158 638 355 255 16 820 232 280 526
451 161 267 700 358 498 499 699 845 699 406 525
452 499 499 332 406 407 494 470 170 455 423 971
453 142 151 165 438 165 847 47 417 162 63 532
454 258 108 110 91 514 329 68 419 445 581 445
455 900 13 164 447 323 6 58 832 57 305 738
456 64 5 445 557 160 300 194 990 5 2 587
457 562 183 518 283 560 336 336 485 423 527 981
458 813 399 440 813 172 426 413 426 166 577 377
459 498 738 552 698 131 212 21 280 142 450 515
460 233 474 183 211 375 455 423 176 200 204 820
461 446 166 253 106 287 189 690 494 93 407 502
462 545 37 84 443 976 981 547 847 976 318 494
463 462 411 986 261 35 473 115 914 753 86 620
464 523 457 399 129 212 371 3 3 137 301 245
465 83 86 132 236 237 238 235 243 83 42 473
466 466 494 662 62 21 254 21 211 238 525 65
467 971 179 869 179 107 4 160 217 654 24 29
468 419 419 5 140 929 579 38 339 437 26 545
469 96 80 384 105 546 508 582 103 103 150 149
470 494 563 290 290 256 180 348 191 179 381 150
471 671 747 550 306 326 733 733 64 244 243 537
472 295 341 248 696 17 74 74 67 189 467 549
473 422 184 536 546 208 133 52 814 347 215 222
474 404 249 421 566 971 93 41 199 218 596 597
475 300 642 249 280 203 231 645 231 797 797 342
476 108 143 474 409 292 409 417 245 444 417 795
477 90 258 18 115 160 736 86 444 171 13 21
478 469 329 184 189 459 358 452 265 264 441 608
479 479 381 393 434 147 434 450 83 115 79 811
480 160 270 183 203 82 509 509 549 627 86 14
481 132 166 223 612 404 422 404 518 87 81 357
482 777 535 164 579 429 139 819 140 322 13 146
483 533 541 641 371 533 230 282 35 165 290 340
484 292 486 115 405 329 210 132 62 458 93 41
485 336 135 13 476 478 375 108 301 262 344 349
486 48 36 367 337 170 427 23 116 251 123 170
487 9 406 503 506 496 359 570 566 441 82 490
488 499 649 466 231 196 201 249 41 581 473 747
489 365 353 770 353 708 100 98 124 618 662 97
490 546 121 820 204 776 918 593 197 143 142 494
491 340 78 79 290 843 567 425 426 426 457 840
492 510 466 267 466 407 566 407 249 209 42 81
493 183 504 183 29 28 30 27 39 86 714 419
494 590 443 590 590 470 455 24 36 318 114 307
495 283 453 420 189 550 121 256 291 346 13 4
496 268 405 15 322 45 139 592 321 560 459 212
497 424 371 303 355 329 371 100 125 98 618 618
498 12 293 360 170 310 307 971 540 86 84 83
499 7 264 7 141 12 358 608 406 672 365 141
500 9 707 525 7 823 971 216 428 15 174 473
501 374 499 407 332 504 765 9 359 529 720 332
502 7 498 360 371 365 802 172 655 151 417 725
503 61 602 466 441 333 169 21 86 818 189 627
504 494 225 312 420 654 83 492 254 114 21 80
505 358 913 529 525 44 362 16 367 375 211 81
506 827 506 856 555 11 621 231 385 376 654 153
507 513 170 23 83 453 166 857 301 23 160 820
508 142 531 212 544 820 5 466 856 612 83 372
509 494 601 64 306 373 282 366 217 282 856 166
510 264 232 61 387 182 377 577 363 420 21 169
511 215 89 165 30 136 136 437 251 27 170 251
512 160 747 83 236 434 144 212 183 187 533 40
513 184 968 299 184 480 184 546 760 15 45 892
514 328 514 514 66 480 601 64 412 412 195 3
515 572 280 556 556 464 464 450 5 135 5 279
516 743 743 517 517 517 5 464 822 908 820 85
517 5 900 5 438 114 154 424 147 301 504 161
518 363 16 80 384 393 386 17 226 892 405 10
519 189 941 189 86 68 549 68 420 115 252 6
520 859 411 6 411 5 184 366 115 184 355 856
521 615 146 67 549 326 318 107 98 98 102 4
522 563 584 86 79 6 544 168 523 493 464 114
523 618 124 429 274 335 139 819 461 447 690 74
524 72 524 72 311 309 219 377 120 5 440 399
525 358 266 13 130 377 156 734 284 149 149 148
526 576 160 877 137 3 239 233 105 424 121 252
527 114 283 44 249 87 474 473 412 586 462 249
528 644 296 295 86 206 207 13 170 6 316 223
529 359 265 440 160 512 162 249 249 329 638 169
530 293 12 19 166 426 283 559 283 51 30 86
531 282 427 162 2 809 88 57 5 690 5 41
532 132 121 395 164 16 311 366 215 249 155 153
533 360 170 13 32 339 30 337 420 13 661 9
534 450 426 166 23 25 13 171 116 30 420 541
535 340 173 326 145 546 526 399 93 576 329 329
536 166 166 664 93 493 419 131 646 646 131 717
537 307 218 196 64 103 182 392 379 398 157 150
538 326 733 923 733 723 306 327 486 245 329 210
539 178 200 413 450 5 57 481 552 252 826 826
540 952 540 189 87 160 548 491 497 531 165 119
541 150 393 87 441 264 266 441 720 441 360 549
542 256 173 333 460 233 494 252 480 252 480 252
543 82 142 338 27 34 23 261 170 438 129 363
544 129 176 232 440 970 820 343 342 178 351 28
545 30 151 748 460 533 163 546 212 131 809 481
546 427 950 181 60 157 389 295 296 60 392 392
547 423 160 173 723 126 138 990 2 55 718 5
548 365 362 121 212 62 23 964 40 427 474 142
549 74 152 615 422 87 438 30 135 443 115 48
550 480 252 282 404 420 190 299 968 184 81 434
551 299 700 971 184 21 283 133 531 932 258 211
552 481 421 473 211 46 254 180 365 209 252 285
553 521 823 674 7 430 308 462 20 424 212 303
554 340 547 263 564 81 685 208 685 252 419 270
555 466 7 406 406 504 466 555 265 498 8 971
556 556 464 409 20 160 78 107 173 74 219 483
557 205 196 128 290 495 309 310 105 105 441 602
558 674 558 529 487 84 727 83 430 12 19 249
559 283 28 338 169 308 379 103 179 13 239 63
560 329 114 249 954 518 283 282 77 166 17 249
561 462 701 462 20 533 145 13 949 13 301 189
562 413 813 399 51 917 197 457 533 322 434 137
563 936 232 277 280 377 392 393 393 62 245 547
564 263 318 338 160 526 82 531 249 856 153 23
565 9 466 804 971 251 116 152 186 345 350 593
566 971 412 138 420 932 419 170 987 115 338 229
567 425 256 10 509 81 160 224 1 495 129 256
568 357 671 249 310 307 177 413 526 912 504 332
569 566 823 15 420 165 847 455 361 437 116 251
570 823 358 505 407 498 266 141 62 571 211 153
571 6 667 409 30 29 32 339 438 590 86 444
572 572 563 563 464 377 294 129 275 232 103 182
573 358 105 747 301 21 690 366 443 725 96 83
574 280 231 656 231 434 153 107 834 107 450 93
575 206 204 206 167 53 178 191 156 232 176 478
576 128 450 534 256 460 23 254 474 212 142 124
577 249 46 448 271 2 13 27 165 339 40 171
578 577 518 58 3 971 514 328 327 400 509 259
579 929 429 15 334 272 812 13 949 698 194 6
580 580 580 580 580 580 580 580 580 580 580 580
581 533 160 493 791 65 533 129 275 176 501 44
582 62 283 125 62 233 82 82 143 142 333 492
583 521 295 947 947 320 61 440 458 183 87 152
584 563 484 694 664 84 553 554 535 10 306 215
585 706 836 813 817 493 611 292 160 320 393 320
586 462 5 690 160 892 423 847 922 560 856 407
587 408 2 286 520 533 322 273 812 2 635 286
588 23 172 458 426 840 13 342 381 157 851 851
589 607 81 62 174 16 282 572 426 166 18 74
590 40 23 153 154 422 180 62 666 62 453 167
591 160 28 409 418 508 509 260 325 409 30 546
592 160 180 393 761 393 121 221 313 218 288 758
593 908 908 51 205 925 417 79 78 79 497 424
594 283 132 532 175 63 88 63 921 138 286 209
595 52 185 354 404 950 55 412 991 859 64 102
596 597 810 597 756 142 106 377 494 68 173 233
597 62 356 419 128 526 275 515 484 160 189 87
598 134 373 515 493 93 78 581 409 272 448 735
599 242 243 209 234 533 877 549 276 426 92 11
600 588 29 51 118 83 142 256 546 377 907 851
601 57 683 305 528 191 342 199 42 434 269 404
602 466 452 452 43 498 496 64 238 158 58 89
603 414 443 417 443 33 27 39 165 34 31 282
604 57 138 815 174 158 89 2 63 195 194 2
605 846 605 414 916 414 697 156 160 141 661 7
606 495 82 23 254 210 137 208 57 6 169 105
607 296 283 548 129 86 494 932 249 2 5 59
608 466 912 499 503 374 441 161 504 430 533 323
609 30 38 29 339 25 545 23 30 424 74 268
610 255 13 126 812 950 533 172 169 333 393 387
611 11 11 362 86 470 171 443 113 114 155 95
612 282 129 203 206 280 179 180 70 62 18 53
613 243 373 508 663 187 932 340 116 655 261 339
614 756 225 1 537 243 80 431 58 303 351 345
615 513 66 661 267 700 956 213 533 473 42 333
616 435 519 435 316 519 465 707 602 533 303 533
617 140 273 301 93 13 326 173 20 160 255 17
618 97 98 404 101 125 100 117 170 136 89 285
619 57 4 408 59 160 471 160 255 211 57 460
620 290 86 191 148 224 224 1 215 756 227 226
621 301 263 527 6 859 87 353 708 768 404 708
622 238 194 193 803 2 651 173 405 253 84 326
623 129 162 323 124 768 371 360 7 608 754 555
624 491 695 491 753 75 372 513 355 638 638 12
625 408 56 137 281 520 571 252 87 473 326 87
626 87 353 371 105 44 11 573 856 833 833 833
627 62 107 131 64 222 311 248 215 820 346 181
628 295 378 150 368 181 95 206 203 377 257 180
629 177 232 201 593 908 592 164 748 377 177 321
630 369 304 806 304 58 175 137 329 419 78 340
631 159 241 963 131 2 409 710 189 747 549 19
632 397 60 947 320 376 321 697 645 156 349 13
633 633 633 633 633 633 633 633 633 633 633 633
634 635 520 571 63 183 356 419 78 548 169 162
635 4 738 2 506 674 267 570 267 466 488 498
636 636 636 636 636 636 211 169 63 164 160 400
637 234 639 639 639 234 654 211 195 826 990 194
638 10 121 115 338 251 169 427 42 190 282 210
639 639 158 639 234 121 649 441 533 461 272 46
640 185 97 618 185 98 97 99 640 64 419 87
641 106 671 690 301 28 160 287 184 187 249 401
642 42 169 371 409 346 291 542 129 162 492 612
643 404 709 353 142 405 102 101 0 380 103 537
644 644 64 820 269 424 509 418 188 82 494 93
645 156 320 103 342 797 18 0 368 393 86 180
646 411 215 494 233 424 121 219 483 345 345 343
647 256 318 527 113 183 568 562 232 133 232 368
648 648 648 648 648 648 648 648 648 648 648 648
649 649 499 452 265 161 19 183 155 105 310 494
650 215 314 165 883 39 34 33 13 177 381 321
651 434 249 533 493 546 742 614 106 155 154 155
652 419 12 700 566 971 324 121 173 301 312 62
653 653 653 653 653 653 653 653 653 653 653 653
654 453 491 816 151 116 655 171 165 123 900 123
655 155 589 142 340 74 74 696 307 696 307 206
656 380 120 74 230 230 80 230 160 179 296 393
657 269 513 652 513 268 309 511 118 117 5 134
658 658 658 658 658 658 658 658 658 658 658 658
659 659 659 377 376 181 388 164 137 901 137 303
660 660 660 660 660 660 660 660 660 660 660 660
661 12 569 358 65 752 121 796 121 494 70 62
662 282 300 355 170 27 160 329 363 518 106 353
663 137 571 6 184 418 62 206 426 621 130 157
664 363 364 165 245 329 495 254 340 256 160 336
665 4 360 430 83 168 172 183 371 226 275 450
666 367 367 16 448 269 46 446 428 812 859 685
667 184 62 158 243 249 209 240 211 290 184 420
668 157 395 557 518 513 83 269 735 461 461 533
669 641 946 641 106 255 295 368 379 376 378 397
670 670 670 670 670 670 670 670 670 670 670 670
671 690 222 400 215 86 280 291 5 306 478 83
672 249 62 582 418 160 209 137 46 473 509 259
673 495 160 550 68 86 37 33 38 30 13 476
674 504 430 765 249 353 592 216 273 322 334 446
675 675 675 675 675 675 675 675 675 675 675 675
676 428 139 273 273 322 322 447 473 147 189 911
677 199 917 95 309 183 29 36 82 963 244 236
678 400 971 506 141 502 661 121 371 419 199 197
679 551 298 184 968 299 287 20 163 86 573 9
680 380 181 133 308 160 484 822 908 395 61 320
681 123 41 47 483 219 17 434 393 376 342 280
682 511 64 131 96 86 261 121 215 128 526 280
683 305 683 305 63 132 194 160 454 106 480 405
684 684 684 684 684 684 684 684 684 684 684 684
685 698 194 411 208 2 516 102 5 140 812 107
686 21 690 86 297 49 612 17 0 88 810 296
687 282 280 60 385 380 0 6 949 285 252 145
688 543 430 401 621 781 537 21 647 434 531 811
689 198 165 483 128 80 384 80 474 340 546 850
690 160 15 429 424 209 924 96 56 718 55 738
691 691 691 691 691 691 691 691 691 691 691 691
692 130 129 283 81 170 261 486 417 361 136 116
693 121 269 155 98 323 2 412 57 208 635 137
694 484 448 971 360 169 588 24 36 23 953 590
695 222 218 315 218 0 248 142 296 199 174 164
696 17 218 308 183 302 64 601 166 201 232 60
697 414 414 697 5 29 165 254 144 615 83 495
698 55 208 815 286 6 64 411 516 195 162 404
699 358 44 107 400 64 102 812 373 121 10 260
700 12 7 570 700 332 44 550 106 86 459 331
701 462 254 290 272 13 25 588 392 103 741 741
702 932 28 655 155 98 99 100 937 404 100 371
703 703 703 703 703 703 703 703 703 703 703 703
704 704 107 69 473 184 301 298 137 46 424 258
705 450 1 189 225 223 365 62 206 160 786 465
706 373 253 932 702 107 4 2 283 157 130 426
707 441 249 405 129 65 639 234 252 812 990 305
708 708 353 640 353 796 828 371 409 33 39 13
709 185 101 354 185 800 615 121 161 555 720 406
710 188 282 153 283 367 93 78 539 79 14 394
711 711 711 711 711 711 711 711 711 711 711 711
712 995 712 401 172 123 338 638 81 375 112 112
713 81 474 66 66 117 170 135 361 48 36 27
714 419 143 82 693 82 41 167 203 201 64 318
715 20 495 254 211 364 169 409 169 81 375 111
716 716 716 5 669 5 351 105 41 152 105 87
717 295 276 401 257 130 257 426 160 329 514 328
718 281 5 423 981 847 455 131 132 152 355 365
719 397 103 162 612 4 323 768 708 99 121 434
720 804 754 661 66 375 21 615 309 221 745 745
721 229 170 117 62 63 625 4 698 54 194 300
722 27 37 667 160 228 377 172 542 275 60 397
723 971 423 62 505 406 505 661 441 661 161 452
724 160 212 932 495 468 121 856 249 215 89 88
725 114 86 170 255 17 310 313 309 218 268 227
726 106 614 742 166 44 114 87 208 599 304 455
727 84 252 5 437 27 26 37 38 27 38 47
728 327 486 367 434 116 464 822 53 486 820 47
729 649 421 365 405 19 61 389 394 103 60 275
730 468 180 352 178 53 537 411 96 164 137 21
731 731 731 731 731 731 731 731 731 731 731 731
732 732 732 732 732 732 732 732 732 732 732 732
733 728 92 887 885 20 188 170 96 5 716 716
734 0 248 549 360 971 406 501 160 23 26 24
735 164 45 838 45 933 89 64 615 404 937 640
736 333 393 424 4 2 2 54 685 305 64 354
737 271 455 318 485 114 160 280 165 33 28 105
738 285 685 665 212 48 654 153 173 126 408 252
739 12 560 142 58 803 1001 2 238 0 120 758
740 82 256 542 403 426 183 20 173 892 891 892
741 250 181 380 393 380 656 122 377 321 533 441
742 546 340 554 340 546 80 747 615 115 548 78
743 516 517 195 552 271 20 166 285 379 387 377
744 744 744 744 744 744 744 744 744 744 744 744
745 74 62 163 17 41 114 107 4 859 809 627
746 746 746 746 746 746 746 746 746 746 746 746
747 121 71 162 612 58 59 826 160 162 50 153
748 495 739 569 498 608 213 473 493 403 221 647
749 284 296 87 128 6 169 129 362 81 420 191
750 88 750 88 369 252 6 859 303 169 339 338
751 41 94 918 206 232 312 228 160 113 26 32
752 65 294 301 337 438 25 588 29 26 443 361
753 40 93 136 438 987 339 370 85 86 92 373
754 11 7 421 246 430 765 7 666 856 452 264
755 211 194 300 642 87 661 211 126 6 323 533
756 533 499 19 267 267 674 754 44 8 86 47
757 980 119 470 119 84 268 223 518 145 856 504
758 85 310 160 690 671 411 537 103 150 393 396
759 121 154 5 644 820 974 94 294 493 212 114
760 546 209 977 977 977 242 158 240 234 282 393
761 393 152 128 363 283 21 253 228 377 295 255
762 516 5 619 59 2 305 880 685 4 54 4
763 763 763 763 763 763 763 763 763 763 763 5
764 211 654 420 301 150 377 129 172 655 367 28
765 430 420 29 459 467 971 430 160 54 803 2
766 340 121 86 353 86 30 169 35 28 21 83
767 473 329 66 215 201 143 83 393 84 84 533
768 434 144 145 462 211 88 96 113 29 51 199
769 107 326 183 326 87 215 227 519 259 400 68
770 353 365 44 430 533 820 183 64 937 125 166
771 13 371 100 300 106 353 353 82 256 10 121
772 772 772 772 772 772 772 772 772 772 772 772
773 405 87 363 384 182 394 397 458 493 483 47
774 285 685 281 16 282 255 453 160 496 602 525
775 560 40 170 900 165 816 119 980 13 23 153
776 391 391 379 383 181 182 213 700 213 529 141
777 86 261 655 149 277 191 345 342 160 41 41
778 549 190 533 160 963 121 362 105 589 107 132
779 146 85 17 85 142 338 62 362 19 365 83
780 84 50 431 427 170 96 170 116 455 981 263
781 621 781 621 377 250 379 296 377 392 392 390
782 82 438 545 34 33 23 588 35 442 478 652
783 669 420 430 971 506 374 502 504 246 213 823
784 411 738 4 239 158 121 31 27 917 128 388
785 13 90 328 90 13 83 288 283 212 393 378
786 465 61 503 498 602 213 558 451 566 421 365
787 21 221 314 495 21 346 214 157 180 178 180
788 788 717 788 788 717 131 101 353 796 828 612
789 352 347 166 611 129 572 280 424 612 356 81
790 544 820 422 166 536 214 177 221 468 160 296
791 425 568 168 203 284 107 405 5 209 541 249
792 121 333 627 549 356 249 421 488 529 213 533
793 435 920 230 107 80 508 533 170 455 263 280
794 322 139 164 535 173 124 513 154 269 447 579
795 417 151 748 944 748 182 18 314 764 331 222
796 828 5 55 107 21 533 115 366 311 612 356
797 342 17 82 647 647 154 155 855 155 58 159
798 798 798 798 798 798 798 798 798 798 798 798
799 971 520 285 412 243 537 103 385 378 182 181
800 185 101 102 411 114 609 114 820 94 120 758
801 820 62 357 81 434 589 424 170 607 537 259
802 365 83 259 74 224 560 142 591 96 151 427
803 63 209 128 196 200 177 0 166 74 85 872
804 498 967 525 44 142 141 7 246 213 246 856
805 971 400 400 400 336 280 574 65 562 285 252
806 304 271 210 244 235 238 499 238 242 159 926
807 211 424 196 200 51 118 84 422 84 119 816
808 808 808 808 808 808 808 808 808 808 808 808
809 971 505 971 470 753 170 533 169 129 490 212
810 393 434 288 654 32 338 115 48 84 624 223
811 28 20 282 373 306 723 723 173 115 301 930
812 208 236 158 239 145 249 18 317 73 317 389
813 403 425 257 568 562 840 275 450 280 493 932
814 58 160 59 859 58 288 71 162 195 832 252
815 63 324 466 504 699 700 720 699 845 685 58
816 914 470 367 427 160 435 127 1 85 147 107
817 544 494 283 559 142 295 276 426 129 21 62
818 62 457 440 265 8 525 967 525 729 971 216
819 461 335 45 139 424 445 310 82 219 218 300
820 168 526 912 504 86 295 486 169 438 251 860
821 163 142 160 404 233 441 374 504 441 566 608
822 280 296 495 254 366 107 86 145 86 67 108
823 971 505 358 699 529 441 430 533 679 508 373
824 191 231 820 362 666 86 222 810 511 342 201
825 733 825 733 420 325 21 690 301 45 140 45
826 812 412 286 183 249 950 131 4 685 138 481
827 506 2 160 504 406 608 332 523 14 85 310
828 612 17 312 377 577 249 162 180 851 157 385
829 203 14 14 65 352 346 352 201 908 124 101
830 452 452 823 15 760 335 929 933 447 62 87
831 258 87 353 15 16 153 333 423 438 337 883
832 2 54 89 91 474 328 328 459 513 229 31
833 365 179 284 681 123 37 655 980 470 986 470
834 107 63 236 244 810 180 344 377 380 0 560
835 425 294 301 393 157 389 157 346 13 211 212
836 836 706 694 493 17 494 506 166 374 5 283
837 107 179 61 283 726 1 121 531 405 142 248
838 124 300 282 170 23 160 264 266 754 62 226
839 377 60 105 282 233 174 164 96 725 417 151
840 413 93 714 714 172 231 624 13 278 789 129
841 376 179 61 53 389 389 385 377 464 450 534
842 96 58 174 250 60 378 150 122 168 121 372
843 567 843 290 106 582 418 253 75 427 546 290
844 165 212 44 142 356 91 478 543 399 166 191
845 58 211 412 481 271 56 160 45 448 216 269
846 846 605 414 479 414 605 414 697 645 191 83
847 437 251 151 32 372 404 615 546 233 88 58
848 340 282 87 353 166 446 216 254 665 87 21
849 252 166 536 86 10 509 509 494 225 311 74
850 199 94 351 122 130 257 450 168 515 176 413
851 214 95 181 950 266 213 533 21 92 728 20
852 852 18 121 280 373 240 963 301 368 146 85
853 82 128 343 350 204 200 41 581 13 108 112
854 183 146 0 380 0 1 979 170 117 170 183
855 155 98 618 100 323 84 295 486 245 444 84
856 555 11 569 8 11 106 371 249 427 165 64
857 191 528 6 272 592 274 678 549 274 405 280
858 306 511 306 21 327 325 13 820 154 249 495
859 286 520 63 252 183 257 377 494 484 694 706
860 135 62 357 290 419 168 600 65 320 947 321
861 350 320 157 343 681 214 345 214 346 294 425
862 777 340 445 13 809 411 866 96 439 115 494
863 57 240 373 812 990 285 533 213 213 957 19
864 411 209 16 308 295 320 351 495 250 296 199
865 412 6 389 211 365 495 129 533 58 371 768
866 411 84 727 464 340 473 473 434 147 212 357
867 340 564 258 105 106 80 174 880 949 131 121
868 320 734 0 73 218 82 227 226 223 366 234
869 397 380 377 163 145 170 419 280 426 440 231
870 65 714 129 333 58 82 373 311 188 366 494
871 231 655 301 52 786 465 83 601 146 601 197
872 309 495 367 405 114 165 35 114 80 80 480
873 401 65 307 85 467 142 85 312 14 196 593
874 425 257 278 183 68 142 559 160 329 212 128
875 170 135 62 245 981 455 48 485 333 160 250
876 564 63 81 568 129 403 133 11 555 7 555
877 549 418 314 225 221 419 252 272 422 424 304
878 33 33 35 590 443 165 409 474 356 301 321
879 242 242 236 209 107 343 157 180 468 180 145
880 137 252 48 40 39 33 40 27 172 464 900
881 96 209 126 209 490 295 150 301 655 280 493
882 160 361 367 340 310 249 212 367 93 515 458
883 115 23 785 409 581 0 368 14 403 168 168
884 412 164 174 157 385 157 320 157 64 134 6
885 728 173 166 1000 206 307 314 223 560 363 249
886 665 272 665 174 80 169 36 35 30 366 537
887 20 536 546 546 615 146 0 65 290 65 874
888 412 586 481 421 448 617 592 353 796 828 142
889 300 475 300 121 494 191 346 172 30 263 564
890 121 693 82 854 63 473 30 39 28 142 191
891 405 19 666 324 63 233 460 300 828 615 393
892 314 726 342 776 776 199 342 262 814 52 397
893 466 267 661 87 253 434 338 96 336 135 361
894 327 820 231 177 177 515 409 325 173 68 679
895 417 485 114 329 477 90 143 166 61 250 321
896 828 45 322 45 446 592 446 301 857 191 348
897 263 527 263 245 183 207 198 94 65 275 526
898 481 132 738 685 698 56 619 613 243 930 926
899 2 285 520 571 63 16 495 254 186 162 17
900 860 978 753 119 84 612 747 83 249 215 295
901 137 174 233 282 105 310 222 223 309 317 221
902 5 128 212 17 83 173 233 11 12 293 754
903 262 100 107 63 212 408 286 59 586 4 256
904 321 368 301 931 5 59 520 520 845 4 586
905 905 311 106 419 170 4 587 412 238 242 564
906 156 697 697 415 86 453 453 472 295 215 283
907 349 262 160 188 459 759 121 145 999 145 17
908 204 206 203 495 468 377 249 184 62 137 982
909 493 835 493 290 62 366 387 157 181 231 292
910 65 275 276 276 401 44 133 308 121 513 652
911 222 80 169 363 283 372 58 271 13 171 976
912 765 249 367 114 114 82 518 518 87 325 173
913 950 856 186 256 87 438 482 438 450 611 278
914 170 339 79 290 13 121 269 644 140 15 121
915 38 438 427 160 160 342 280 165 365 83 506
916 414 479 479 414 414 916 414 449 414 449 414
917 94 515 270 419 655 75 253 459 87 160 351
918 494 173 896 828 46 446 592 448 447 62 282
919 919 263 151 424 552 121 552 515 89 405 211
920 435 533 458 420 408 489 132 160 3 1001 990
921 63 826 56 880 286 285 625 252 282 373 58
922 856 362 280 65 435 519 227 74 460 129 440
923 825 733 777 86 290 6 552 211 13 36 25
924 211 304 88 533 84 754 9 466 358 44 82
925 925 318 5 859 62 152 340 521 583 521 583
926 237 242 62 467 85 314 219 17 533 188 549
927 927 234 239 158 4 183 302 13 342 907 191
928 211 243 319 236 371 640 937 640 99 768 935
929 933 335 447 46 256 222 188 215 560 362 129
930 208 285 990 859 812 635 285 137 92 238 194
931 599 132 366 18 84 441 729 358 406 358 264
932 258 410 258 110 108 469 211 83 221 459 473
933 429 428 448 971 627 420 269 212 434 518 254
934 340 339 14 231 440 6 102 516 2 599 3
935 125 142 667 128 93 450 95 94 199 917 206
936 231 575 167 51 85 53 215 717 160 207 5
937 353 101 124 592 353 486 14 797 231 645 231
938 611 464 165 48 444 423 114 76 333 128 133
939 572 493 342 907 156 321 483 232 64 105 400
940 93 443 981 318 444 263 847 171 64 2 64
941 189 80 81 473 371 107 16 115 366 134 6
942 435 440 435 942 435 519 519 21 253 316 560
943 295 210 88 89 438 170 533 360 265 440 515
944 748 367 340 16 221 17 424 168 458 152 142
945 325 420 278 363 420 152 50 643 163 105 384
946 641 1 189 420 188 549 690 21 221 480 21
947 181 950 422 546 970 128 169 63 481 4 142
948 381 387 198 229 170 38 37 590 590 494 113
949 55 252 236 252 849 252 96 619 56 286 6
950 474 143 290 6 880 157 347 215 121 236 237
951 666 566 608 452 141 9 510 506 44 820 180
952 509 259 509 107 2 880 286 3 102 2 865
953 27 336 485 317 1 548 381 479 479 414 414
954 107 591 83 252 625 285 142 340 143 548 160
955 197 820 167 572 282 87 405 518 363 115 339
956 11 324 266 213 957 19 569 500 502 9 265
957 951 957 12 86 68 142 353 86 62 300 158
958 962 325 509 82 494 932 531 116 93 647 93
959 377 376 160 212 404 282 572 484 822 86 201
960 377 403 473 14 79 152 154 147 316 215 211
961 377 104 104 179 907 349 262 179 394 61 52
962 325 549 106 311 297 259 728 173 184 253 121
963 643 87 255 83 256 30 336 27 370 115 932
964 373 133 79 820 95 918 776 95 232 204 95
965 936 593 128 105 280 291 450 142 124 592 46
966 189 453 42 422 819 422 546 2 2 412 6
967 504 500 525 466 362 856 265 440 458 714 562
968 299 700 7 86 753 86 445 424 174 126 56
969 509 184 187 533 541 641 166 2 249 129 130
970 128 114 371 174 233 532 107 361 443 485 423
971 540 509 183 152 548 607 533 168 13 476 258
972 913 856 833 44 441 569 249 607 421 9 971
973 971 8 213 320 156 13 118 84 84 780 84
974 87 495 21 520 208 285 532 211 15 269 546
975 971 973 971 401 82 228 695 20 400 400 86
976 333 253 258 256 221 53 232 115 453 255 62
977 977 242 160 165 93 136 41 493 275 458 515
978 115 155 877 81 667 409 325 327 416 327 945
979 316 147 82 318 47 38 48 643 50 431 58
980 427 655 458 275 226 17 222 218 160 778 569
981 48 643 49 50 49 153 115 18 167 53 182
982 137 301 89 56 845 305 408 533 168 813 585
983 333 423 438 129 526 13 21 420 311 373 283
984 153 180 178 440 152 365 451 452 160 250 377
985 376 182 748 793 316 187 183 371 365 137 208
986 411 252 285 5 133 133 420 63 420 932 129
987 123 115 256 548 143 758 223 86 372 32 113
988 24 261 339 169 409 581 450 534 813 93 128
989 989 91 183 542 129 615 17 74 756 375 424
990 194 373 106 531 333 847 448 139 166 139 137
991 520 520 5 516 5 42 81 607 537 460 189
992 992 992 992 992 992 129 212 48 482 160 820
993 408 552 55 58 738 54 412 305 845 481 137
994 6 571 285 532 552 518 211 990 859 546 321
995 712 401 285 63 195 63 665 886 217 121 110
996 12 996 12 498 777 419 473 465 549 480 166
997 953 301 68 932 489 82 285 59 286 685 826
998 65 440 53 167 196 128 464 165 978 165 86
999 145 46 448 160 217 654 404 354 353 129 425
1000 206 1000 292 389 150 103 0 5 327 733 923
1001 194 305 683 412 845 2 195 809 195 411 517
1002 560 12 11 183 89 260 89 303 58 82 612
1003 258 108 69 952 81 418 190 16 221 107 300
1004 55 55 950 651 272 45 335 334 334 15 429
0 74 259 21 105
1 85 17 308 396
2 132 131 249 236
3 880 281 121 438
4 571 303 355 355
5 279 118 118 511
6 79 226 121 144
7 246 266 441 546
8 358 530 533 818
9 573 441 430 441
10 36 29 62 81
11 266 440 542 401
12 213 608 565 608
13 38 847 448 933
14 776 917 970 128
15 405 495 315 222
16 81 145 612 147
17 340 375 258 66
18 14 53 380 321
19 452 160 197 160
20 87 393 103 379
21 308 183 281 738
22 520 532 175 58
23 215 187 256 548
24 64 99 290 892
25 370 113 13 509
26 37 30 27 336
27 33 13 476 375
28 473 495 250 393
29 473 404 586 408
30 34 33 86 690
31 39 31 367 44
32 23 36 36 183
33 40 590 86 326
34 30 133 18 223
35 51 375 478 434
36 486 286 411 859
37 151 30 93 664
38 171 13 350 94
39 27 51 409 135
40 26 27 40 26
41 115 83 518 211
42 642 473 582 84
43 569 8 107 355
44 16 128 424 74
45 124 354 100 937
46 429 461 448 735
47 482 41 123 900
48 114 121 19 957
49 83 269 929 335
50 84 442 444 485
51 124 82 218 560
52 197 409 69 353
53 420 69 306 409
54 96 655 427 87
55 738 305 6 191
56 126 173 41 387
57 58 498 496 496
58 153 211 45 211
59 96 209 233 243
60 232 820 107 169
61 104 379 308 393
62 23 82 314 892
63 635 137 355 473
64 201 283 60 420
65 366 494 128 115
66 160 78 419 64
67 189 255 160 268
68 418 409 23 421
69 105 233 158 137
70 62 448 429 447
71 612 404 662 107
72 311 905 297 86
73 223 165 486 486
74 331 260 297 696
75 75 40 753 470
76 423 263 62 253
77 932 187 418 473
78 497 77 212 223
79 290 16 44 43
80 106 358 266 358
81 667 188 533 483
82 107 306 256 31
83 308 393 422 23
84 811 340 459 90
85 758 143 820 254
86 36 114 547 113
87 121 1 84 119
88 121 253 166 485
89 809 707 213 155
90 62 153 424 80
91 328 514 91 112
92 530 533 155 326
93 129 183 362 506
94 350 94 128 557
95 61 301 368 86
96 437 30 590 24
97 434 158 233 142
98 618 185 404 687
99 404 366 131 532
100 107 279 107 209
101 354 354 354 124
102 300 269 420 305
103 389 181 250 103
104 60 385 379 160
105 303 209 543 121
106 254 932 252 571
107 252 281 481 160
108 290 620 620 290
109 424 338 336 280
110 110 84 250 166
111 84 601 3 665
112 258 111 110 84
113 96 10 20 400
114 154 82 255 13
115 860 165 30 128
116 64 372 121 432
117 117 189 690 366
118 84 478 13 349
119 165 427 142 173
120 0 120 74 468
121 423 62 279 118
122 231 316 73 17
123 455 304 369 89
124 424 308 411 784
125 708 62 169 263
126 405 115 160 562
127 84 73 297 316
128 474 80 105 346
129 353 935 125 15
130 157 320 391 971
131 209 211 305 865
132 481 55 211 430
133 292 484 822 936
134 10 160 63 826
135 455 333 133 377
136 438 113 444 300
137 420 254 290 419
138 54 138 57 610
139 428 676 160 405
140 6 430 19 362
141 566 247 11 441
142 143 82 263 443
143 166 453 283 230
144 254 58 166 177
145 249 180 121 963
146 13 550 249 283
147 146 147 189 509
148 148 349 907 342
149 381 182 388 128
150 397 179 321 387
151 470 816 411 54
152 458 568 133 167
153 154 375 80 80
154 282 191 13 685
155 58 254 142 375
156 191 277 232 936
157 155 188 69 108
158 235 930 963 235
159 11 133 405 62
160 187 74 105 607
161 666 441 161 264
162 287 68 287 92
163 435 533 582 189
164 429 124 97 125
165 51 908 94 486
166 73 358 44 533
167 197 206 200 204
168 822 292 278 278
169 251 361 93 204
170 491 491 127 189
171 409 418 13 65
172 365 293 504 8
173 129 342 343 214
174 63 137 56 481
175 137 679 460 225
176 440 160 494 287
177 65 357 80 424
178 629 440 813 817
179 148 468 224 256
180 351 179 378 390
181 296 397 394 321
182 391 391 61 345
183 418 409 69 667
184 80 256 183 520
185 99 937 99 64
186 490 87 280 284
187 62 811 531 78
188 145 114 208 249
189 453 166 41 197
190 311 424 509 190
191 262 656 149 440
192 411 183 464 116
193 845 4 63 571
194 166 506 434 361
195 194 373 134 84
196 200 434 62 283
197 52 820 123 302
198 387 379 719 841
199 167 434 495 748
200 95 183 329 105
201 283 83 458 6
202 820 180 191 64
203 82 215 114 212
204 93 407 406 501
205 917 27 258 421
206 199 677 199 94
207 160 356 480 564
208 329 495 160 66
209 131 132 59 619
210 300 12 141 160
211 932 576 932 258
212 41 612 747 282
213 359 332 500 502
214 342 776 14 291
215 306 64 106 373
216 269 174 208 115
217 70 83 453 459
218 308 133 401 971
219 60 231 180 422
220 128 28 303 619
221 249 231 292 950
222 253 21 96 411
223 0 734 284 255
224 64 601 141 327
225 1 316 316 221
226 128 343 183 229
227 519 519 465 549
228 312 221 218 307
229 64 527 547 981
230 21 221 549 934
231 440 542 413 493
232 103 379 391 61
233 654 105 236 238
234 166 377 402 211
235 971 540 184 678
236 963 404 494 68
237 159 158 236 303
238 0 459 17 226
239 234 240 11 359
240 210 174 854 285
241 440 61 519 227
242 564 356 671 249
243 963 926 242 233
244 158 159 236 132
245 339 171 370 38
246 141 566 358 406
247 11 956 11 529
248 696 17 307 347
249 280 219 232 41
250 84 366 233 235
251 135 30 337 155
252 252 481 5 669
253 83 46 155 188
254 165 338 160 296
255 545 183 252 494
256 173 223 106 494
257 278 351 178 575
258 468 122 342 103
259 260 336 260 508
260 20 459 42 106
261 986 470 271 809
262 62 478 258 22
263 76 113 64 5
264 86 21 462 256
265 533 515 440 629
266 533 408 126 698
267 608 358 44 324
268 106 283 215 66
269 592 46 447 473
270 84 336 169 114
271 282 82 642 106
272 6 169 169 13
273 322 448 87 484
274 428 274 15 15
275 176 129 748 283
276 276 295 394 179
277 167 41 370 48
278 256 114 329 184
279 160 367 546 441
280 426 526 457 401
281 137 121 401 425
282 20 259 127 129
283 46 355 183 82
284 377 149 167 218
285 82 283 373 812
286 13 197 908 51
287 80 866 96 408
288 613 793 748 377
289 401 542 458 62
290 515 484 160 29
291 181 104 295 181
292 611 486 169 303
293 11 266 555 161
294 931 926 243 5
295 18 182 499 499
296 288 296 103 377
297 0 223 313 218
298 473 537 103 232
299 6 379 316 160
300 662 618 100 102
301 118 83 318 417
302 57 88 271 528
303 15 140 274 140
304 420 450 83 329
305 55 271 859 921
306 68 366 145 612
307 971 975 971 63
308 308 5 417 925
309 268 513 66 91
310 314 307 307 537
311 225 18 177 297
312 300 367 80 286
313 223 330 438 302
314 495 932 495 371
315 495 83 46 46
316 690 400 589 256
317 84 654 32 116
318 245 245 925 417
319 235 234 160 140
320 61 498 205 51
321 321 295 471 160
322 434 212 856 533
323 300 42 560 224
324 666 19 155 58
325 13 170 495 606
326 533 360 451 360
327 301 747 142 256
328 474 212 129 922
329 143 340 166 12
330 73 221 16 64
331 74 225 756 268
332 9 823 856 166
333 361 135 361 339
334 335 428 140 592
335 140 282 212 28
336 336 30 26 27
337 93 545 40 27
338 724 160 812 54
339 79 116 261 333
340 169 136 438 38
341 389 53 183 113
342 343 207 13 78
343 160 361 339 39
344 191 83 963 159
345 262 278 270 11
346 206 917 593 155
347 61 177 533 265
348 349 148 224 148
349 320 380 656 149
350 377 52 719 841
351 129 82 544 183
352 214 83 280 464
353 97 98 323 3
354 404 101 124 896
355 166 430 211 654
356 329 245 365 184
357 121 35 151 367
358 141 699 441 602
359 672 365 255 1
360 235 971 540 952
361 971 809 57 863
362 15 760 546 963
363 371 549 1 316
364 351 283 493 166
365 278 363 87 424
366 84 13 209 273
367 748 377 292 484
368 182 389 628 320
369 304 285 174 174
370 443 96 113 301
371 300 101 100 937
372 594 372 431 4
373 571 211 571 552
374 502 301 747 184
375 5 437 165 48
376 985 376 160 418
377 150 250 320 616
378 491 695 459 549
379 160 149 440 264
380 160 366 758 91
381 321 388 182 377
382 377 548 152 128
383 157 181 172 169
384 182 321 60 379
385 380 387 377 283
386 377 486 377 157
387 389 326 318 282
388 283 211 4 194
389 379 321 971 504
390 308 434 58 145
391 368 61 602 700
392 295 434 92 105
393 182 389 394 381
394 60 157 295 295
395 83 133 401 129
396 390 150 82 158
397 295 128 210 121
398 295 389 377 189
399 199 258 424 950
400 306 113 64 61
401 148 160 573 566
402 148 160 339 340
403 813 399 493 403
404 152 420 820 42
405 537 368 112 476
406 160 663 663 508
407 786 465 473 963
408 285 285 168 494
409 278 257 180 342
410 486 160 212 509
411 671 690 494 84
412 812 428 812 520
413 493 282 393 181
414 645 156 320 533
415 852 18 225 17
416 971 29 590 40
417 339 437 455 24
418 509 87 211 560
419 434 255 453 42
420 291 543 688 543
421 607 420 285 160
422 248 612 223 758
423 426 82 310 82
424 109 51 371 125
425 714 562 425 84
426 413 65 177 307
427 166 340 290 210
428 15 448 62 131
429 424 283 4 59
430 141 661 754 971
431 50 431 166 308
432 433 71 612 726
433 162 58 424 81
434 16 211 155 877
435 647 647 221 647
436 437 30 32 590
437 47 547 976 263
438 6 563 464 291
439 115 753 115 612
440 320 349 13 325
441 374 466 86 304
442 115 548 283 51
443 427 40 547 437
444 333 252 740 51
445 557 128 900 860
446 429 446 166 573
447 322 592 929 592
448 592 446 461 15
449 414 479 381 548
450 65 362 81 544
451 496 161 570 12
452 141 754 359 499
453 255 46 107 161
454 106 486 168 526
455 816 455 318 615
456 456 456 405 495
457 457 238 89 252
458 172 464 133 29
459 513 116 29 29
460 549 6 549 306
461 533 97 618 617
462 211 132 738 5
463 463 462 211 363
464 169 329 68 663
465 83 63 254 114
466 86 936 14 450
467 549 44 42 23
468 74 173 400 92
469 5 24 988 24
470 914 816 116 860
471 295 128 200 207
472 295 296 105 212
473 17 378 387 321
474 62 98 708 82
475 300 11 666 7
476 329 198 197 409
477 69 549 678 69
478 83 453 283 693
479 381 377 495 254
480 21 520 54 160
481 481 698 13 685
482 679 189 453 87
483 424 209 319 236
484 936 231 342 340
485 114 4 211 194
486 29 331 215 159
487 558 856 12 560
488 971 2 283 60
489 105 42 19 42
490 420 79 77 142
491 168 486 165 336
492 154 647 458 5
493 291 464 23 480
494 371 365 133 116
495 932 83 368 379
496 488 496 83 210
497 562 129 405 296
498 9 699 506 105
499 510 510 492 64
500 699 11 159 236
501 232 231 343 278
502 452 359 9 971
503 502 7 359 533
504 86 504 494 234
505 499 922 699 9
506 141 142 236 162
507 513 474 82 318
508 679 549 855 155
509 253 373 306 81
510 7 504 912 765
511 511 420 121 308
512 162 747 612 474
513 147 366 368 379
514 375 258 474 366
515 232 486 417 367
516 195 412 625 408
517 6 206 207 191
518 422 154 106 254
519 435 440 438 151
520 408 586 408 4
521 134 366 317 309
522 563 82 495 208
523 601 209 126 57
524 72 92 96 107
525 86 33 34 116
526 450 212 408 4
527 6 859 195 195
528 191 262 349 344
529 502 500 501 358
530 293 374 166 64
531 405 531 366 950
532 132 63 58 372
533 121 114 981 981
534 544 817 493 65
535 554 482 554 29
536 259 69 105 495
537 14 776 918 204
538 306 128 28 338
539 77 166 243 241
540 184 298 299 418
541 533 146 81 225
542 256 291 168 820
543 424 783 154 422
544 542 413 562 515
545 785 23 24 38
546 30 721 721 229
547 455 438 64 859
548 531 62 163 434
549 106 756 223 106
550 189 189 533 401
551 303 363 303 286
552 13 342 122 123
553 521 86 687 185
554 777 554 62 292
555 84 485 455 847
556 483 214 434 19
557 256 81 145 13
558 487 487 452 700
559 258 111 108 290
560 73 309 316 495
561 462 5 718 63
562 498 73 311 223
563 563 563 584 290
564 174 252 107 132
565 9 565 430 569
566 573 12 419 419
567 290 567 843 290
568 257 426 263 361
569 452 570 452 661
570 19 129 187 550
571 63 121 15 121
572 167 426 391 391
573 44 246 266 466
574 401 791 612 347
575 232 95 94 86
576 13 164 140 592
577 166 191 5 681
578 577 249 530 11
579 429 140 644 5
580 580 580 580 580
581 133 30 256 304
582 211 208 133 256
583 521 615 269 473
584 563 584 290 419
585 585 168 290 572
586 932 154 820 208
587 408 126 271 131
588 588 588 545 29
589 459 86 17 249
590 28 256 548 62
591 419 214 343 107
592 164 412 698 211
593 155 512 366 366
594 84 174 420 520
595 52 53 231 179
596 282 464 450 623
597 411 864 411 460
598 84 474 494 86
599 931 238 601 180
600 493 932 31 165
601 57 286 303 513
602 213 503 499 602
603 414 603 414 449
604 211 340 217 162
605 414 603 414 415
606 495 342 346 345
607 42 19 674 674
608 406 499 533 306
609 333 976 113 847
610 255 366 368 86
611 278 63 490 490
612 347 105 281 62
613 243 271 285 425
614 756 106 314 18
615 281 137 175 137
616 533 18 53 13
617 269 820 366 62
618 404 963 473 187
619 613 614 756 614
620 290 169 638 329
621 160 255 282 121
622 238 210 169 29
623 86 173 325 21
624 461 13 458 86
625 63 718 63 849
626 87 434 768 371
627 809 826 63 971
628 379 16 211 64
629 440 499 566 141
630 369 630 303 56
631 631 209 909 303
632 397 150 104 157
633 633 633 633 633
634 635 4 89 405
635 285 208 930 158
636 636 636 211 13
637 234 6 58 286
638 495 208 329 375
639 638 638 495 160
640 124 98 102 97
641 495 154 62 245
642 82 345 156 13
643 163 643 163 72
644 489 434 173 300
645 414 414 605 414
646 411 114 424 99
647 221 73 311 69
648 648 648 648 648
649 441 264 267 674
650 215 105 355 371
651 651 2 271 13
652 329 896 405 15
653 653 653 653 653
654 249 430 308 183
655 172 813 413 515
656 262 903 262 344
657 269 174 21 363
658 658 658 658 658
659 377 207 183 81
660 660 660 660 660
661 9 754 360 11
662 185 353 15 405
663 551 86 499 529
664 515 13 169 306
665 886 217 340 173
666 141 213 602 525
667 627 627 420 186
668 157 397 719 296
669 783 420 137 155
670 670 670 670 670
671 509 494 404 173
672 971 672 971 216
673 673 673 673 673
674 265 264 510 86
675 675 675 675 675
676 322 446 216 46
677 199 288 58 950
678 627 667 533 226
679 189 81 46 96
680 380 385 389 391
681 178 483 482 74
682 511 262 100 124
683 411 498 700 12
684 684 684 684 684
685 58 174 859 3
686 21 486 318 426
687 353 640 125 124
688 543 405 480 184
689 689 543 526 568
690 222 331 340 251
691 691 691 691 691
692 130 936 822 183
693 366 356 366 218
694 549 248 259 21
695 491 453 42 87
696 218 313 226 459
697 5 192 807 192
698 208 546 163 5
699 504 421 460 147
700 602 699 500 9
701 462 20 327 820
702 107 665 174 285
703 703 703 703 703
704 107 492 107 216
705 232 576 13 685
706 86 426 168 275
707 267 674 141 601
708 124 896 112 469
709 404 82 209 411
710 418 190 299 710
711 711 711 711 711
712 995 712 995 712
713 69 141 293 8
714 121 242 533 19
715 21 422 131 419
716 716 716 716 5
717 717 271 301 180
718 55 58 193 859
719 64 149 490 121
720 406 43 569 452
721 30 41 82 445
722 38 579 447 461
723 306 728 173 142
724 338 485 338 860
725 417 86 19 12
726 1 85 537 1
727 483 340 922 14
728 400 271 192 832
729 141 62 115 283
730 231 203 82 165
731 731 731 731 731
732 732 732 732 732
733 728 21 5 74
734 128 200 167 18
735 592 160 89 252
736 62 137 13 128
737 737 737 737 271
738 55 665 272 812
739 569 566 452 141
740 82 854 420 325
741 741 741 179 180
742 614 106 641 333
743 743 743 517 743
744 744 744 744 744
745 189 87 974 87
746 746 746 746 746
747 473 471 472 471
748 151 136 820 974
749 820 856 19 420
750 88 58 158 927
751 206 65 200 41
752 121 345 191 277
753 816 119 816 336
754 293 661 459 106
755 211 424 100 62
756 756 118 20 22
757 367 337 339 169
758 405 116 28 86
759 459 548 78 79
760 546 82 256 802
761 393 424 83 252
762 516 408 271 481
763 5 237 159 241
764 168 168 301 13
765 44 565 674 510
766 340 256 210 106
767 13 698 194 238
768 185 709 404 474
769 107 57 302 183
770 353 354 124 107
771 64 87 419 199
772 772 772 772 772
773 773 773 405 480
774 285 129 544 817
775 560 40 448 429
776 206 294 214 460
777 554 29 27 25
778 569 365 355 896
779 549 276 568 65
780 84 83 140 269
781 52 595 52 52
782 526 377 918 201
783 16 209 546 245
784 784 784 784 784
785 545 473 17 467
786 160 201 205 167
787 21 548 459 331
788 788 717 411 6
789 275 178 178 629
790 544 450 167 776
791 425 526 168 82
792 121 142 283 372
793 613 619 56 174
794 322 933 46 272
795 417 795 417 423
796 405 174 164 62
797 18 280 922 280
798 798 798 798 798
799 160 404 234 474
800 185 533 189 187
801 820 204 196 64
802 365 362 256 493
803 1001 193 845 211
804 11 211 121 173
805 358 105 121 28
806 304 256 80 184
807 192 832 58 371
808 808 808 808 808
809 54 132 236 62
810 301 298 137 408
811 62 62 474 434
812 282 690 222 189
813 585 600 585 706
814 347 122 103 526
815 685 55 665 685
816 115 436 115 86
817 817 543 523 457
818 166 453 87 812
819 461 335 533 607
820 200 917 199 207
821 160 326 155 19
822 290 290 79 482
823 7 8 856 87
824 191 262 376 392
825 923 723 777 862
826 252 241 963 87
827 506 247 570 661
828 419 180 128 388
829 290 64 105 215
830 452 19 247 661
831 258 1003 258 802
832 859 303 121 820
833 5 133 79 420
834 107 820 162 482
835 789 168 493 486
836 332 500 501 498
837 107 591 419 554
838 45 62 494 212
839 191 142 303 301
840 840 413 232 380
841 312 221 16 157
842 211 473 441 466
843 290 206 277 206
844 165 25 494 108
845 408 58 175 288
846 846 605 797 18
847 171 165 254 226
848 419 497 581 78
849 387 667 37 84
850 199 419 87 438
851 350 13 51 557
852 415 697 414 414
853 82 277 14 440
854 82 154 422 493
855 299 968 968 184
856 707 627 627 678
857 191 207 377 172
858 306 612 272 186
859 921 412 56 949
860 339 987 123 41
861 350 191 214 179
862 777 419 290 283
863 57 552 137 81
864 411 126 552 58
865 58 424 106 726
866 80 62 424 404
867 134 74 696 248
868 320 156 381 948
869 841 231 249 438
870 425 873 425 257
871 231 179 181 390
872 307 18 317 389
873 401 873 425 493
874 425 705 232 95
875 170 360 452 11
876 564 263 86 573
877 137 82 401 873
878 23 36 86 69
879 242 927 237 158
880 166 61 396 320
881 96 28 409 504
882 166 115 142 132
883 339 987 123 420
884 412 2 308 17
885 20 306 128 495
886 3 571 63 586
887 92 480 74 219
888 412 587 236 244
889 405 211 683 285
890 890 121 158 159
891 405 121 693 121
892 314 434 303 932
893 971 608 529 558
894 327 13 113 160
895 417 444 245 405
896 355 107 114 169
897 263 48 252 812
898 481 421 421 496
899 2 305 55 305
900 753 86 598 553
901 137 88 533 306
902 5 76 263 113
903 907 180 84 432
904 321 351 157 388
905 311 301 108 93
906 546 272 446 164
907 907 907 342 178
908 922 913 7 44
909 87 107 459 268
910 65 430 856 62
911 189 818 301 327
912 466 8 569 739
913 506 827 506 2
914 165 136 151 48
915 38 31 254 216
916 414 479 479 414
917 201 93 409 225
918 593 917 206 205
919 89 423 370 725
920 230 21 96 245
921 845 209 13 301
922 340 548 46 164
923 923 723 538 498
924 252 117 613 614
925 263 116 531 556
926 243 859 2 971
927 237 236 319 243
928 211 464 523 706
929 592 140 409 207
930 963 859 809 58
931 159 235 209 160
932 98 640 185 124
933 139 209 241 234
934 268 221 82 854
935 353 129 278 493
936 484 87 533 435
937 937 99 125 353
938 611 450 256 129
939 232 284 749 62
940 93 40 33 28
941 189 301 356 486
942 95 203 198 95
943 295 385 378 182
944 748 495 188 106
945 945 945 409 29
946 641 424 166 69
947 394 377 61 177
948 381 397 320 321
949 56 286 571 2
950 424 245 76 96
951 666 12 430 44
952 81 212 105 249
953 699 953 26 437
954 154 154 106 311
955 593 918 593 200
956 183 249 859 82
957 141 452 420 338
958 962 958 509 287
959 377 546 83 145
960 377 219 74 107
961 377 376 166 518
962 325 326 96 20
963 927 926 242 243
964 23 24 440 493
965 936 955 593 167
966 189 582 418 287
967 498 473 340 497
968 299 473 68 678
969 509 972 509 82
970 546 453 654 217
971 467 509 494 128
972 509 216 429 166
973 971 93 36 27
974 820 196 41 152
975 971 778 569 501
976 411 683 412 615
977 209 564 876 564
978 860 816 336 160
979 170 123 169 326
980 757 367 245 114
981 847 114 892 45
982 137 281 303 610
983 333 115 107 87
984 333 42 105 326
985 376 182 250 250
986 411 430 971 188
987 411 506 502 358
988 24 37 588 392
989 989 989 91 90
990 65 204 93 40
991 812 174 371 300
992 992 129 526 546
993 408 586 59 586
994 6 64 515 817
995 712 255 316 121
996 12 7 502 502
997 24 27 93 494
998 65 282 290 495
999 145 81 911 81
1000 232 450 440 434
1001 4 211 612 163
1002 560 283 133 39
1003 258 110 84 752
1004 55 86 280 377
