0 120 133 417 76 245 114 278 377 199 820 201
1 250 741 741 377 382 379 395 152 116 317 295
2 57 174 815 5 495 60 387 392 321 380 120
3 323 708 100 937 100 618 820 128 303 129 212
4 738 252 235 84 160 10 329 106 550 13 461
5 177 18 115 116 405 490 491 490 356 357 671
6 59 685 286 6 21 221 226 74 745 189 82
7 266 7 246 247 19 573 566 707 465 786 189
8 499 407 786 189 690 316 147 615 147 62 237
9 525 44 105 81 256 87 63 285 83 49 83
10 105 86 7 246 530 161 555 141 213 957 707
11 611 232 498 407 266 466 496 160 201 218 316
12 358 560 27 25 93 482 331 358 161 249 569
13 339 987 914 914 816 455 170 62 249 21 83
14 205 917 51 970 546 604 305 84 513 249 81
15 16 357 183 291 346 294 346 172 275 493 820
16 281 615 521 766 340 82 104 82 84 217 121
17 106 551 303 59 193 193 408 685 815 138 137
18 317 223 215 297 316 268 494 173 859 2 249
19 499 466 64 10 971 504 533 401 705 425 562
20 690 494 588 29 31 337 165 113 976 981 113
21 820 42 145 256 80 82 132 738 208 137 271
22 21 72 524 72 106 828 234 5 445 917 207
23 464 900 40 725 116 39 27 165 41 201 342
24 455 131 366 174 250 320 391 295 717 295 387
25 10 638 169 533 483 351 81 424 303 235 236
26 34 588 37 667 387 387 366 283 820 179 180
27 409 409 169 24 33 28 183 170 188 222 82
28 877 81 280 128 256 115 370 427 950 55 54
29 113 40 847 165 464 291 257 543 688 543 672
30 40 438 135 136 169 365 179 907 179 741 179
31 932 186 129 286 411 728 327 473 3 208 411
32 113 96 123 180 214 294 290 329 355 166 857
33 282 222 7 672 406 499 374 506 166 209 83
34 590 13 771 145 20 690 74 690 107 166 296
35 13 375 424 164 388 157 321 162 432 71 49
36 29 32 261 32 261 455 485 166 140 2 506
37 667 409 21 327 20 230 230 282 494 484 448
38 421 504 466 608 266 358 602 249 404 99 640
39 23 28 896 124 101 353 640 124 82 99 99
40 533 67 189 121 209 209 15 820 362 466 602
41 198 206 168 172 86 131 411 271 142 142 404
42 607 460 462 212 69 549 467 142 434 467 418
43 569 674 661 87 283 392 103 160 59 174 281
44 107 591 83 458 275 6 232 611 160 821 163
45 301 444 245 547 527 333 340 226 128 892 892
46 269 45 210 234 244 237 244 235 236 238 506
47 847 165 366 132 371 256 114 564 208 738 132
48 847 423 547 437 860 338 37 26 25 654 48
49 612 272 164 335 579 428 322 933 15 335 933
50 217 886 665 6 137 58 84 729 441 82 767
51 581 531 121 87 453 107 173 17 269 820 106
52 368 283 83 494 70 62 450 420 166 17 317
53 440 160 736 736 160 466 451 161 667 37 38
54 285 774 285 552 408 194 195 809 4 826 832
55 520 845 859 886 601 405 126 208 552 6 181
56 738 809 208 698 552 211 195 3 599 132 305
57 685 208 195 6 377 156 734 284 5 140 335
58 63 236 162 612 306 723 306 858 306 93 443
59 586 832 63 518 661 510 525 11 699 700 971
60 296 932 393 950 131 62 3 601 82 859 160
61 321 904 321 397 377 575 178 275 413 13 285
62 591 107 404 615 129 695 249 695 21 105 303
63 249 132 46 933 448 592 617 269 932 269 592
64 455 115 5 97 98 155 173 256 304 302 303
65 998 65 371 353 69 64 232 6 308 320 181
66 661 510 141 420 581 5 191 434 460 214 214
67 66 329 300 158 132 86 106 490 518 366 812
68 64 357 454 189 627 678 627 86 142 77 531
69 188 20 92 260 69 81 363 303 107 568 457
70 212 450 129 121 546 17 378 179 278 249 54
71 84 288 434 433 84 399 166 426 263 256 186
72 20 690 494 509 958 69 678 400 971 29 28
73 950 393 424 318 424 86 138 412 58 211 738
74 314 225 222 459 187 74 166 411 261 24 39
75 339 160 123 411 506 452 265 500 141 141 83
76 139 209 211 153 333 405 889 828 612 153 82
77 557 201 218 420 222 188 420 172 172 130 122
78 539 380 178 656 352 352 103 123 169 106 357
79 51 205 51 143 133 280 420 82 285 63 129
80 679 482 129 283 5 644 528 305 174 252 117
81 222 560 12 166 172 493 932 82 203 296 280
82 544 82 93 40 170 31 135 47 820 153 16
83 494 151 24 40 113 64 164 13 484 936 965
84 485 387 283 329 258 477 66 477 108 91 90
85 443 318 36 23 460 549 106 340 78 77 87
86 37 370 96 66 111 478 176 176 177 94 214
87 856 212 191 157 150 191 214 536 601 191 903
88 303 304 304 13 199 53 394 179 339 987 438
89 919 919 333 950 474 186 856 166 573 452 451
90 66 477 258 27 997 953 26 40 13 509 678
91 11 362 365 128 106 255 215 64 16 543 542
92 100 404 82 214 278 292 129 296 284 6 184
93 367 420 81 434 322 794 335 447 498 411 63
94 294 280 419 489 107 809 137 137 329 129 600
95 203 376 395 152 105 28 721 37 31 33 590
96 119 165 169 308 211 194 58 183 29 26 30
97 323 192 412 683 211 518 283 103 162 90 474
98 64 211 117 252 84 431 84 623 791 65 275
99 353 323 5 318 86 177 220 47 417 438 129
100 404 107 601 480 375 679 663 460 129 568 544
101 185 323 5 305 6 211 11 5 134 373 411
102 5 89 375 81 87 131 4 102 4 712 401
103 537 486 113 245 981 527 444 423 47 971 520
104 368 896 638 300 194 685 812 57 160 486 611
105 360 213 957 700 602 499 8 441 602 238 440
106 473 465 786 407 374 500 332 500 7 707 566
107 356 828 896 160 401 971 723 923 326 13 29
108 478 83 106 641 212 233 828 796 121 174 932
109 62 280 284 155 877 184 160 809 685 174 665
110 108 160 128 214 434 550 187 549 80 107 736
111 110 110 478 113 547 318 76 333 981 171 172
112 7 661 452 11 555 754 293 365 28 86 37
113 176 611 11 608 566 707 7 212 173 83 285
114 820 23 434 340 553 86 466 506 86 132 305
115 318 981 318 40 547 370 26 26 437 547 87
116 23 212 340 114 329 480 183 303 271 10 326
117 160 232 201 41 30 84 336 883 883 32 113
118 748 932 371 255 63 175 3 46 269 15 929
119 96 338 142 820 231 201 200 344 191 851 483
120 18 160 256 63 518 405 249 3 62 417 367
121 71 432 217 654 50 50 162 249 280 42 493
122 656 344 200 41 121 125 640 98 107 172 377
123 165 220 218 288 105 420 520 21 282 217 431
124 107 671 747 613 117 409 417 423 971 59 63
125 185 640 124 173 20 127 105 771 145 17 434
126 564 174 164 334 272 269 269 334 933 447 322
127 107 280 405 300 44 213 529 441 254 216 46
128 142 859 859 408 411 318 127 1 106 365 353
129 813 623 623 450 714 401 430 160 323 662 107
130 776 593 434 53 82 357 68 16 434 61 321
131 373 420 230 74 222 341 316 223 212 62 736
132 118 20 971 2 812 971 417 976 443 263 169
133 143 405 124 354 64 141 161 160 36 21 480
134 777 340 133 820 86 90 11 19 365 141 473
135 13 326 169 486 232 380 200 908 124 708 107
136 93 51 143 121 71 121 18 201 473 30 546
137 420 13 183 820 171 590 590 38 579 46 164
138 420 249 132 424 255 355 255 145 462 506 406
139 274 424 44 892 28 655 301 189 695 259 73
140 334 448 45 45 405 405 498 538 538 733 538
141 107 255 256 212 493 84 18 317 1 221 526
142 151 34 27 27 261 86 196 918 593 917 974
143 142 210 62 237 927 210 21 520 285 129 572
144 186 82 51 113 41 201 420 172 377 490 405
145 950 393 145 300 62 255 366 68 329 90 477
146 177 5 135 136 820 199 776 776 377 277 191
147 87 506 651 428 446 166 145 299 473 150 182
148 434 159 183 121 17 643 17 228 226 62 480
149 88 88 63 355 249 172 114 145 17 493 282
150 541 641 495 932 453 166 173 64 128 278 121
151 48 437 96 115 340 215 82 783 669 5 374
152 440 366 165 166 168 47 417 443 547 339 123
153 173 404 422 513 226 79 581 533 65 600 129
154 155 337 133 208 131 809 107 492 612 427 17
155 655 427 165 96 236 269 155 189 695 211 807
156 734 211 142 166 115 546 963 931 927 931 599
157 182 377 961 377 379 64 249 355 16 305 58
158 107 859 809 160 90 106 169 13 238 587 234
159 236 244 238 601 79 445 5 235 252 305 6
160 35 35 455 547 547 47 333 547 361 32 40
161 661 441 213 421 525 265 707 213 913 956 506
162 333 42 474 212 81 184 365 338 142 216 69
163 82 304 302 5 437 547 417 245 361 32 37
164 520 166 115 208 408 517 743 743 517 6 308
165 35 26 34 361 333 419 44 360 951 913 967
166 174 21 624 651 173 249 366 254 169 355 329
167 53 199 377 228 160 23 62 58 254 81 424
168 93 14 277 377 397 321 160 68 106 28 892
169 114 63 896 303 281 301 362 518 252 115 302
170 229 115 163 613 288 121 890 890 121 493 283
171 133 405 16 263 82 355 62 597 597 118 132
172 143 714 401 289 401 621 518 283 577 578 577
173 892 423 971 391 776 196 776 160 209 210 489
174 303 82 150 160 156 122 167 128 256 184 373
175 15 13 280 426 450 543 576 160 83 612 356
176 318 333 96 370 27 23 142 571 137 880 685
177 223 17 316 560 40 29 26 113 333 981 443
178 0 218 311 373 134 340 96 209 209 15 160
179 394 385 157 537 473 87 172 468 82 856 366
180 350 822 494 662 185 618 97 185 687 107 255
181 383 379 368 86 855 299 551 671 249 184 253
182 748 160 58 271 132 405 642 932 586 233 654
183 426 450 340 121 252 195 826 685 738 132 518
184 189 62 303 571 62 158 105 473 767 114 252
185 354 124 424 154 83 518 333 121 288 283 389
186 165 860 115 232 264 86 18 696 74 134 554
187 459 86 166 520 195 162 643 290 620 620 86
188 183 343 160 362 81 142 256 434 21 459 490
189 519 786 52 820 950 812 58 153 254 1 85
190 366 812 990 281 121 367 748 564 209 420 285
191 157 343 820 327 96 417 318 263 29 560 229
192 132 59 5 183 365 310 249 17 146 1 225
193 685 665 107 100 429 274 263 897 263 48 486
194 54 126 126 57 56 54 63 236 236 3 408
195 738 57 281 932 340 28 31 198 419 154 183
196 205 198 201 62 586 126 586 932 211 87 828
197 820 950 243 375 318 96 444 114 210 494 690
198 167 18 104 549 667 189 87 258 477 258 410
199 53 65 107 131 604 546 41 212 83 557 77
200 94 351 278 256 83 579 269 592 929 269 273
201 557 133 162 287 92 370 333 169 455 860 123
202 820 201 820 167 292 450 65 574 425 430 971
203 183 209 424 99 99 82 44 249 441 473 855
204 581 308 133 333 42 333 2 208 132 2 2
205 483 377 344 178 656 122 351 296 644 180 348
206 205 93 136 160 78 77 811 84 134 482 143
207 196 16 367 75 470 455 370 339 160 206 206
208 685 481 281 58 812 2 13 128 14 130 277
209 490 170 434 258 132 236 3 599 304 304 564
210 638 46 16 210 932 98 102 405 87 513 249
211 15 164 447 473 411 412 408 412 845 252 625
212 211 424 222 312 311 215 1 187 215 64 149
213 44 820 82 133 482 554 521 217 812 886 859
214 21 212 223 655 419 81 170 280 362 405 296
215 690 86 275 789 93 464 169 82 424 233 288
216 64 196 196 908 199 850 546 723 546 282 747
217 71 71 431 249 490 63 252 826 859 59 137
218 549 106 163 654 83 191 83 474 612 211 6
219 172 128 346 160 454 82 188 129 275 440 65
220 47 976 925 205 197 41 152 395 389 181 156
221 313 560 363 165 914 251 47 976 245 62 164
222 459 328 459 467 152 132 249 28 29 28 283
223 222 81 80 128 576 533 856 765 293 420 13
224 365 338 338 987 169 46 340 329 300 158 105
225 218 218 18 852 206 202 623 202 820 83 434
226 405 245 442 26 23 113 84 233 210 208 121
227 695 597 62 769 559 283 380 101 100 300 642
228 82 161 754 510 264 707 856 62 509 434 295
229 86 42 560 27 133 116 221 537 53 394 250
230 20 74 86 223 317 17 160 262 262 278 129
231 645 156 342 41 282 572 377 296 549 671 329
232 291 291 542 183 362 434 63 625 4 121 405
233 434 651 434 17 146 187 184 301 368 440 232
234 404 473 147 644 180 393 395 201 204 201 420
235 360 533 32 31 86 306 533 498 506 366 249
236 233 160 480 143 340 450 434 405 83 494 515
237 926 159 243 434 651 427 950 73 73 498 238
238 236 154 249 371 87 371 494 576 295 387 157
239 238 244 233 210 13 444 444 13 113 114 133
240 57 281 82 489 305 408 4 685 59 520 21
241 252 338 96 82 693 83 20 287 418 107 214
242 879 242 96 261 427 422 184 115 233 86 536
243 57 698 411 434 256 405 211 11 602 61 396
244 963 234 209 166 429 424 16 363 371 101 0
245 444 301 115 302 455 443 133 284 130 776 198
246 247 19 249 243 58 194 3 102 412 991 859
247 358 459 328 328 86 459 218 133 128 215 690
248 696 226 314 363 518 152 271 304 369 252 427
249 329 480 223 87 859 89 552 949 55 194 5
250 376 64 198 183 357 183 107 828 106 518 106
251 172 167 340 638 356 329 143 548 1 726 612
252 234 283 752 82 121 490 932 17 546 453 283
253 75 135 438 470 155 249 141 525 856 265 451
254 665 6 191 82 641 333 42 74 166 374 500
255 82 236 233 474 560 221 283 230 160 190 564
256 3 239 234 64 397 397 380 680 380 391 376
257 231 871 231 440 840 13 47 5 496 487 466
258 108 109 366 65 334 429 139 46 592 321 395
259 106 519 228 218 196 199 1 641 669 5 11
260 311 260 950 492 48 485 114 434 306 10 271
261 753 151 370 361 981 444 417 333 105 106 259
262 377 214 460 41 105 747 424 74 67 160 389
263 47 168 486 394 283 318 361 438 141 856 246
264 533 950 181 61 519 405 434 200 918 207 160
265 360 498 406 503 213 452 502 661 293 506 362
266 7 529 699 504 765 421 141 86 170 280 42
267 707 823 358 503 61 395 181 155 593 936 563
268 212 48 485 442 115 753 816 169 106 68 329
269 592 461 13 655 151 116 160 28 249 833 62
270 280 473 296 107 441 8 213 246 856 430 86
271 55 698 552 13 53 486 201 202 201 86 290
272 140 274 340 62 206 231 203 376 182 150 376
273 164 160 397 632 632 397 869 376 392 528 191
274 45 271 323 323 98 98 404 115 333 83 153
275 840 413 129 992 992 129 53 465 707 525 700
276 401 183 365 451 265 823 661 267 267 19 405
277 289 482 89 211 88 121 748 151 339 443 29
278 130 692 231 730 107 812 3 587 3 192 516
279 82 160 127 227 268 756 223 142 23 165 314
280 196 201 249 333 133 283 121 137 92 137 183
281 286 486 263 300 81 569 501 499 502 502 502
282 726 726 107 326 84 268 537 613 747 121 367
283 157 368 397 378 283 226 107 395 379 382 393
284 107 314 215 211 371 662 366 163 62 296 250
285 105 160 228 160 42 115 232 264 707 674 506
286 281 271 304 89 57 849 859 121 490 121 355
287 509 667 13 409 117 100 97 533 249 170 16
288 70 212 166 226 225 81 137 63 803 58 494
289 180 179 907 907 342 181 394 320 397 380 390
290 231 167 94 199 167 515 64 302 96 165 113
291 93 16 187 671 249 166 492 152 283 144 254
292 292 1000 206 426 276 301 337 31 162 83 820
293 754 9 44 86 470 261 27 26 113 32 29
294 342 393 61 60 397 537 227 222 188 62 312
295 424 483 178 345 350 343 180 231 730 64 94
296 320 250 61 95 155 236 162 63 87 363 63
297 696 17 86 128 6 515 172 93 494 93 361
298 812 62 269 212 434 198 167 460 440 265 823
299 69 325 5 198 204 283 263 114 290 484 87
300 355 329 129 161 44 358 510 506 956 856 87
301 303 301 621 160 222 223 560 84 411 2 305
302 238 931 243 375 478 90 183 318 127 82 212
303 3 286 412 859 183 338 84 393 212 367 96
304 303 28 82 366 115 212 296 321 157 295 181
305 89 215 905 905 309 18 222 607 453 107 665
306 68 420 301 170 303 486 357 106 550 189 377
307 206 200 581 531 497 340 166 243 240 160 435
308 581 820 544 817 543 458 129 292 409 409 497
309 511 118 387 388 160 366 254 493 399 440 426
310 307 218 315 17 311 223 86 103 179 388 379
311 678 549 360 569 754 7 5 58 498 64 405
312 5 611 183 160 423 96 58 82 464 211 506
313 215 211 698 698 126 209 963 643 17 546 536
314 184 256 493 254 254 269 166 576 932 812 826
315 253 87 41 434 820 424 240 241 234 64 6
316 726 152 494 311 260 260 93 494 191 907 907
317 314 307 114 895 333 288 283 221 14 79 152
318 442 485 976 318 115 816 491 490 87 459 80
319 963 404 372 42 184 86 238 244 252 272 651
320 157 391 182 60 182 295 331 328 494 113 47
321 380 166 376 181 628 181 176 181 394 182 283
322 13 156 166 28 340 212 283 181 182 250 84
323 185 323 3 211 11 360 430 107 665 4 552
324 565 804 466 7 573 44 82 107 35 170 82
325 326 420 820 779 146 160 343 820 918 199 301
326 160 717 131 132 63 283 388 387 229 31 198
327 107 137 121 88 924 612 82 329 137 3 371
328 494 543 450 228 450 611 486 353 618 125 618
329 255 694 290 357 671 253 83 233 101 323 708
330 223 560 1002 560 363 560 922 205 79 6 285
331 177 61 266 804 265 161 434 128 495 360 971
332 9 452 141 64 440 365 833 5 125 101 211
333 329 114 367 470 427 160 368 434 128 118 21
334 322 461 735 140 15 125 371 101 768 100 100
335 322 13 214 176 93 14 103 385 295 181 950
336 485 73 331 328 329 81 107 163 652 513 490
337 27 878 35 25 438 338 932 106 300 263 300
338 409 506 64 281 5 255 300 475 300 44 9
339 883 27 23 153 154 87 236 533 180 17 427
340 116 79 79 557 160 42 86 275 368 250 113
341 389 387 377 495 17 155 105 58 859 849 63
342 294 203 351 284 296 610 59 59 57 3 281
343 207 409 346 133 206 207 820 581 473 87 166
344 656 231 14 486 48 486 362 331 615 281 131
345 179 280 165 183 410 329 42 607 560 222 905
346 346 181 346 160 258 27 261 443 318 160 150
347 179 351 172 130 284 130 277 296 420 285 160
348 180 41 23 27 37 112 478 357 568 256 129
349 179 121 16 210 963 237 927 210 254 128 118
350 822 936 776 572 493 460 549 44 649 421 9
351 518 223 105 64 280 47 96 24 953 28 270
352 160 345 191 191 347 122 150 149 621 284 377
353 121 46 114 419 611 168 290 169 121 166 18
354 100 92 160 280 16 121 78 13 239 373 508
355 355 115 978 753 491 497 170 123 900 914 135
356 283 174 685 57 126 635 126 173 249 278 63
357 454 160 349 321 60 296 719 296 21 274 428
358 374 501 452 358 247 661 9 765 9 957 951
359 332 499 359 707 720 9 332 500 504 246 608
360 951 141 19 183 12 996 12 7 222 310 18
361 367 655 28 46 46 405 160 300 173 434 215
362 82 767 473 249 513 462 106 473 427 48 547
363 16 210 363 186 129 203 95 203 776 936 572
364 165 337 245 976 925 847 455 333 42 42 280
365 531 114 686 86 8 7 86 415 414 414 479
366 368 104 18 365 548 497 79 78 93 494 169
367 546 615 492 166 61 421 481 58 664 58 552
368 391 321 396 379 104 157 397 379 316 979 745
369 89 438 32 30 820 115 453 86 62 142 282
370 26 13 23 172 65 998 65 362 7 8 525
371 285 520 810 511 301 281 57 859 849 155 520
372 82 133 51 371 549 1 224 224 256 269 269
373 714 526 172 256 492 612 83 81 287 68 142
374 503 407 503 358 569 360 235 209 282 687 86
375 318 283 758 61 440 399 183 531 300 126 6
376 387 41 201 215 297 73 17 248 309 612 84
377 562 425 426 232 53 65 430 183 87 453 745
378 388 384 60 389 379 388 296 644 349 347 460
379 381 397 103 741 103 390 378 388 60 947 321
380 390 250 376 122 349 13 53 157 388 160 278
381 61 440 818 62 237 252 812 434 493 168 6
382 393 145 533 35 33 370 423 981 423 482 331
383 379 283 201 62 15 62 591 107 428 45 429
384 157 381 342 820 52 786 52 128 169 115 455
385 385 390 182 394 179 377 207 214 280 219 18
386 560 66 112 476 474 89 412 63 121 441 754
387 378 491 163 821 163 373 528 489 249 153 434
388 157 284 278 284 257 526 495 739 495 223 316
389 61 157 851 214 301 211 552 281 494 68 62
390 378 378 157 734 169 256 256 258 112 91 357
391 376 397 150 389 585 813 534 440 168 840 440
392 157 5 64 269 152 114 531 367 757 367 434
393 433 84 513 372 433 84 115 16 362 362 356
394 103 389 61 499 358 499 19 42 612 393 104
395 61 267 267 661 19 83 747 667 37 32 438
396 295 377 383 383 157 128 295 104 549 1 548
397 150 160 319 319 243 234 283 252 389 53 14
398 157 174 395 395 16 771 145 20 121 432 433
399 813 543 16 489 105 607 42 160 115 31 96
400 222 85 53 820 443 251 370 48 370 151 113
401 82 552 408 194 4 273 461 533 145 832 195
402 402 133 336 338 135 5 41 94 974 94 65
403 473 483 493 585 706 523 836 523 543 689 543
404 404 233 433 121 665 87 114 51 917 206 294
405 283 296 321 380 539 380 385 393 384 60 368
406 503 407 249 142 191 142 783 420 402 349 179
407 332 700 19 513 84 269 16 338 84 662 323
408 58 373 184 81 16 820 283 376 295 276 275
409 65 600 168 82 199 203 206 62 736 107 282
410 160 261 427 115 166 23 142 256 557 581 497
411 5 469 89 552 411 115 492 83 693 283 377
412 473 183 223 459 548 152 395 494 83 433 405
413 232 275 232 450 413 813 458 5 272 448 273
414 370 41 546 177 229 387 295 106 353 662 353
415 697 156 180 41 474 333 919 981 443 547 87
416 327 733 723 306 723 733 825 723 551 21 188
417 976 976 976 114 442 545 25 654 32 251 26
418 62 366 68 473 42 459 189 454 357 68 69
419 263 160 127 160 300 638 896 404 212 252 849
420 337 367 96 107 769 62 114 896 169 127 259
421 19 856 293 661 19 700 720 707 627 707 465
422 518 615 513 474 301 228 218 196 908 776 409
423 62 7 44 424 304 455 375 328 375 424 114
424 589 249 64 107 401 294 493 422 147 329 113
425 129 82 292 486 410 62 107 172 333 474 41
426 130 82 128 490 209 601 180 231 179 321 177
427 261 486 188 671 21 480 106 303 564 340 107
428 46 579 164 46 139 933 335 447 579 335 97
429 461 448 269 107 856 434 154 5 255 114 169
430 141 566 666 160 117 5 325 173 896 303 423
431 433 393 381 177 220 377 249 179 122 349 5
432 433 217 654 233 333 114 155 183 215 249 430
433 49 49 217 433 433 70 71 433 50 49 19
434 121 550 212 62 190 494 62 135 160 389 211
435 160 832 587 832 4 424 168 122 515 373 253
436 438 482 437 336 13 340 564 2 285 302 333
437 30 366 173 254 31 107 597 460 74 282 106
438 87 153 50 71 431 70 212 121 221 106 187
439 338 336 96 437 136 96 164 170 438 405 5
440 399 129 210 211 734 351 129 548 116 655 116
441 264 359 558 324 44 332 506 411 192 826 685
442 170 485 76 114 340 867 134 523 618 617 448
443 226 546 212 544 168 542 403 425 835 275 177
444 76 114 767 114 80 121 132 160 300 106 454
445 160 30 339 361 263 686 22 258 477 478 160
446 301 393 719 121 255 453 87 160 519 607 118
447 440 168 789 129 936 936 546 84 83 269 16
448 271 366 166 434 30 229 183 417 27 722 38
449 414 449 414 414 916 414 697 321 904 321 393
450 93 714 494 310 218 340 303 254 453 546 272
451 466 374 406 9 569 957 9 264 608 804 466
452 161 19 155 114 105 333 120 380 200 177 734
453 607 256 303 235 930 301 747 249 142 571 62
454 84 111 84 752 121 395 16 45 533 4 303
455 113 38 847 47 971 480 223 495 377 486 245
456 405 280 128 211 518 105 252 83 168 543 493
457 971 859 162 295 308 424 62 21 41 801 820
458 486 365 695 734 351 180 142 165 290 16 106
459 189 550 160 87 269 234 282 21 715 69 509
460 225 283 405 124 51 143 326 325 962 325 143
461 592 933 448 271 54 411 183 4 256 589 83
462 121 468 221 309 495 360 569 754 293 420 647
463 462 408 138 481 55 59 305 990 812 373 240
464 450 256 170 485 221 256 255 295 385 182 388
465 14 776 391 60 95 128 918 776 936 593 176
466 358 264 406 466 499 922 205 199 776 41 166
467 142 133 206 197 207 128 918 908 206 352 681
468 223 222 905 297 0 316 218 549 82 190 162
469 411 281 5 302 88 271 552 121 752 283 253
470 986 411 438 417 444 318 976 547 527 114 443
471 671 188 663 137 175 15 139 76 113 23 878
472 471 607 548 115 113 13 19 525 729 971 321
473 419 474 154 256 4 166 664 486 36 28 655
474 105 127 21 62 262 656 176 200 593 918 41
475 300 371 107 113 950 963 210 240 209 183 460
476 474 409 581 557 917 205 14 922 280 458 129
477 258 256 165 249 114 80 188 549 362 459 329
478 108 67 108 13 40 443 820 114 655 367 303
479 479 414 443 115 427 170 256 87 23 165 847
480 107 429 322 335 794 335 269 447 335 447 579
481 5 458 655 980 64 141 856 331 358 501 176
482 339 160 108 409 390 380 385 387 395 61 392
483 178 483 165 38 27 197 65 990 65 362 529
484 13 785 545 133 361 113 51 51 751 41 199
485 198 94 214 211 303 544 257 278 262 160 104
486 172 207 200 206 593 199 526 424 783 424 495
487 452 12 14 339 860 914 36 82 310 445 419
488 498 178 214 278 908 822 936 167 339 40 370
489 16 121 462 20 82 739 495 424 45 445 5
490 212 81 564 640 98 932 70 233 239 3 832
491 548 152 365 672 7 8 466 893 466 500 265
492 160 506 452 823 565 754 44 504 499 241 243
493 283 249 212 333 320 868 320 182 150 215 20
494 226 225 222 0 297 0 0 215 0 297 696
495 129 600 450 183 81 478 90 425 84 250 320
496 64 511 7 707 267 19 86 85 147 13 281
497 77 932 338 123 172 486 329 20 287 69 183
498 160 78 121 338 337 548 115 28 106 607 471
499 19 422 493 533 180 333 329 255 121 80 105
500 374 406 9 265 19 555 11 498 360 441 362
501 498 359 699 845 685 59 57 208 249 3 932
502 661 362 506 956 7 62 169 366 311 312 5
503 506 765 249 105 314 221 537 526 458 160 133
504 183 301 504 19 473 190 16 46 174 366 387
505 374 7 7 555 7 360 359 360 169 5 815
506 651 173 166 42 20 20 21 932 106 353 354
507 513 365 440 608 11 300 64 397 546 23 121
508 105 86 38 847 976 455 119 229 198 51 28
509 189 69 184 19 674 141 754 44 86 96 2
510 19 434 212 544 607 256 115 28 270 14 403
511 301 226 165 30 256 345 681 352 352 656 122
512 512 512 366 17 248 297 86 662 323 353 106
513 271 86 142 147 146 67 189 67 160 69 287
514 66 513 365 363 87 448 494 438 444 442 444
515 122 377 344 149 6 549 288 175 532 175 3
516 192 271 142 80 20 96 333 370 38 321 60
517 102 812 886 366 693 283 453 142 576 176 94
518 560 856 913 972 509 678 480 107 83 160 464
519 465 83 145 518 152 345 61 395 160 12 358
520 160 57 64 419 365 401 82 279 5 271 738
521 366 68 184 422 105 81 434 424 210 271 183
522 563 14 133 346 206 214 124 142 820 86 855
523 601 191 682 191 351 278 231 440 160 159 183
524 72 21 647 121 31 84 754 674 510 86 81
525 466 498 160 236 107 509 81 212 23 135 443
526 543 817 813 543 401 249 859 665 142 62 45
527 981 333 171 655 438 333 950 64 134 133 681
528 392 157 343 180 128 3 210 209 155 269 371
529 922 7 661 570 570 569 360 4 405 300 44
530 161 496 496 268 313 317 366 690 549 799 166
531 77 811 531 142 165 40 442 96 610 420 106
532 286 329 210 45 124 125 640 640 114 405 303
533 434 368 150 181 179 349 347 681 82 256 493
534 440 200 413 200 207 377 394 103 380 380 320
535 164 395 908 820 365 184 253 316 420 340 340
536 83 368 434 11 141 332 505 332 499 466 500
537 14 35 339 116 548 531 437 96 438 36 37
538 498 51 95 129 748 222 253 932 233 637 637
539 79 420 283 28 40 113 443 485 221 53 103
540 971 554 29 34 25 473 6 845 809 55 4
541 764 30 545 30 339 337 31 121 520 520 56
542 543 494 529 441 430 362 283 103 380 379 381
543 292 486 426 168 13 63 16 295 60 103 104
544 105 258 434 440 499 498 922 847 417 485 166
545 462 121 153 86 572 64 489 82 115 355 856
546 441 362 430 14 64 496 421 23 82 158 121
547 361 434 768 935 353 618 523 464 820 346 133
548 365 187 365 353 15 322 676 160 778 971 488
549 67 549 877 155 855 86 117 100 62 70 212
550 106 671 17 146 316 121 163 641 1 268 421
551 434 362 6 58 158 237 237 252 241 241 158
552 252 183 513 615 546 17 422 513 509 473 115
553 86 457 409 135 26 35 121 158 158 235 5
554 419 554 482 340 564 4 239 234 241 240 11
555 856 7 700 238 622 238 194 1001 2 409 338
556 280 129 19 19 422 474 932 107 106 189 454
557 395 201 283 225 301 926 242 564 640 564 281
558 856 83 340 16 105 84 338 365 377 394 368
559 258 454 62 258 490 258 469 258 1003 258 357
560 283 114 300 638 495 118 121 372 32 654 24
561 462 460 615 249 145 333 493 572 290 184 968
562 426 486 48 643 217 433 372 115 121 234 233
563 82 318 925 455 318 121 254 303 81 256 249
564 564 158 235 303 738 2 285 379 396 380 385
565 12 362 7 406 406 608 332 506 971 778 971
566 451 452 12 420 28 254 283 356 424 124 335
567 82 355 21 287 509 710 747 678 274 549 146
568 426 270 183 28 811 79 205 199 13 329 63
569 504 409 29 25 34 32 417 895 114 86 395
570 360 452 501 374 406 533 67 146 166 473 419
571 4 138 4 612 434 81 20 253 84 77 254
572 5 840 275 160 128 363 577 518 163 86 756
573 11 611 211 604 211 153 984 153 121 308 183
574 425 543 523 601 84 49 217 142 610 56 96
575 178 0 309 228 172 93 41 115 361 29 420
576 128 210 290 563 522 493 434 531 254 81 365
577 333 485 86 593 176 576 93 41 160 83 340
578 577 578 577 166 87 438 32 29 93 647 154
579 321 368 52 397 296 389 157 214 94 201 41
580 580 580 580 580 580 580 580 580 580 580 580
581 139 15 13 552 256 191 682 191 352 345 121
582 533 290 83 430 141 360 498 241 232 6 418
583 521 86 707 499 510 264 440 526 280 105 258
584 563 86 457 409 65 413 714 62 137 3 194
585 129 422 820 856 932 427 212 147 154 105 212
586 233 212 509 189 117 170 424 16 209 64 489
587 209 273 4 405 411 375 21 550 212 453 160
588 545 473 403 971 480 601 233 404 532 131 932
589 365 141 166 856 186 492 121 74 308 74 67
590 28 96 135 26 38 25 438 34 34 588 13
591 591 62 164 412 481 59 685 815 57 481 411
592 448 447 592 448 45 419 789 168 13 343 681
593 917 918 918 201 95 207 41 254 462 211 48
594 82 107 81 638 896 112 356 107 100 424 495
595 52 52 1 52 314 17 313 223 612 223 212
596 597 651 2 252 83 118 209 518 105 170 123
597 756 183 42 129 405 280 290 169 4 826 809
598 521 553 482 47 135 26 25 93 424 311 189
599 96 591 160 205 172 280 373 282 258 160 205
600 450 342 199 203 434 144 615 453 546 906 513
601 58 115 41 197 206 160 193 990 281 303 340
602 496 268 295 61 103 250 387 250 368 182 376
603 414 479 275 60 179 381 156 381 686 245 210
604 96 423 121 280 282 218 133 400 74 311 678
605 846 846 605 846 846 605 414 370 37 33 27
606 495 203 183 160 882 166 73 316 495 203 204
607 519 607 548 337 133 308 2 990 685 6 362
608 246 765 912 504 421 23 249 932 107 91 989
609 30 590 165 254 490 209 159 963 927 159 301
610 610 472 453 607 42 23 34 27 997 953 28
611 270 493 93 136 361 133 5 357 404 62 508
612 223 0 146 615 800 185 533 128 51 375 81
613 756 142 74 62 81 287 21 22 92 127 435
614 106 21 169 409 800 549 582 582 508 142 597
615 253 366 367 655 482 218 177 13 137 82 151
616 320 166 427 431 756 311 184 189 187 663 137
617 140 335 269 17 146 177 223 366 17 73 106
618 185 687 107 285 486 280 64 243 319 235 971
619 56 619 5 520 13 444 442 318 86 373 243
620 620 86 17 153 393 422 601 105 431 83 431
621 518 405 362 666 11 91 328 478 121 306 173
622 238 412 587 408 420 163 170 455 339 39 28
623 129 142 393 342 280 128 214 681 343 183 564
624 21 686 301 294 294 129 482 228 253 184 173
625 408 6 149 157 483 226 340 464 339 818 301
626 87 453 615 492 256 308 17 422 820 615 129
627 549 218 317 74 221 129 46 169 42 166 84
628 295 250 157 150 321 389 252 59 285 304 302
629 440 159 434 210 351 420 312 420 581 420 312
630 630 369 88 302 285 683 281 137 552 481 286
631 209 518 424 820 254 107 532 286 13 509 747
632 632 376 150 191 345 352 41 173 859 58 431
633 633 633 633 633 633 633 633 633 633 633 633
634 635 634 634 634 634 635 126 812 447 45 445
635 137 434 467 509 108 110 110 110 258 110 375
636 636 211 152 92 80 431 70 83 373 239 3
637 234 283 594 83 141 204 198 198 419 87 422
638 300 367 424 17 160 180 342 377 316 424 196
639 639 209 963 301 356 356 424 139 322 15 216
640 99 371 495 254 226 14 563 494 494 108 190
641 106 81 685 252 194 58 211 210 233 546 509
642 473 280 486 94 342 178 537 243 234 587 237
643 48 47 160 44 107 769 559 518 11 44 967
644 528 191 157 382 393 381 479 177 734 377 189
645 191 278 179 180 262 160 80 20 462 58 664
646 646 211 389 387 950 158 405 211 859 281 990
647 647 121 115 860 116 114 133 181 389 376 321
648 648 648 648 648 648 648 648 648 648 648 648
649 649 649 441 666 367 424 164 429 429 592 446
650 215 159 234 366 512 155 284 642 405 796 828
651 118 132 434 333 82 53 820 199 82 572 129
652 163 131 87 187 107 106 280 214 351 518 212
653 653 653 653 653 653 653 653 653 653 653 653
654 252 88 233 366 290 256 115 256 589 638 355
655 301 303 564 263 547 38 28 914 165 280 82
656 231 168 568 357 107 404 249 153 23 17 155
657 269 84 555 466 649 246 498 247 525 407 499
658 658 658 658 658 658 658 658 658 658 658 658
659 377 283 0 146 66 64 91 356 362 249 105
660 660 660 660 660 660 660 660 660 660 660 660
661 161 707 872 74 313 309 297 73 756 756 74
662 404 162 31 142 44 9 510 7 608 332 529
663 80 379 394 947 377 776 391 320 349 342 95
664 84 58 62 15 162 252 859 87 86 340 310
665 254 492 105 280 106 255 316 560 316 147 105
666 420 669 669 641 748 62 21 115 128 210 283
667 13 179 104 368 112 356 490 459 311 17 310
668 157 394 160 190 162 549 549 360 360 570 359
669 783 669 615 521 598 340 290 62 597 596 597
670 670 670 670 670 670 670 670 670 670 670 670
671 253 121 226 142 593 95 218 95 60 397 376
672 971 457 971 304 304 369 88 285 6 57 3
673 673 673 495 214 681 157 398 295 313 0 17
674 506 498 73 116 35 51 256 282 223 73 950
675 675 675 675 675 675 675 675 675 675 675 675
676 447 15 335 45 140 45 164 388 283 371 209
677 434 518 509 160 113 151 62 154 963 236 142
678 92 238 440 231 289 180 810 420 402 402 133
679 460 57 303 89 260 311 215 268 459 549 187
680 380 120 218 220 165 333 531 419 128 205 593
681 278 256 820 153 393 17 311 260 950 166 132
682 511 301 228 280 574 65 130 191 256 607 420
683 683 412 256 534 544 434 417 62 188 189 786
684 684 684 684 684 684 684 684 684 684 684 684
685 59 193 990 281 3 252 131 2 865 412 63
686 564 81 564 4 532 107 64 640 125 708 323
687 86 623 313 221 526 542 129 840 413 542 458
688 543 493 817 817 515 593 197 206 199 51 581
689 198 95 908 196 918 64 69 188 971 566 421
690 494 70 180 644 269 303 619 5 419 419 405
691 691 691 691 691 691 691 691 691 691 691 691
692 130 401 791 493 474 513 84 372 87 326 325
693 83 145 462 545 34 590 26 28 166 459 1
694 129 296 157 389 14 776 160 115 301 245 925
695 491 168 440 249 607 695 227 932 812 991 859
696 218 366 356 69 551 663 69 713 509 546 803
697 697 5 820 955 94 65 600 168 494 576 494
698 411 6 516 6 544 168 278 149 88 211 21
699 953 27 883 337 339 169 46 255 121 326 87
700 956 913 951 141 141 601 58 803 767 114 113
701 462 256 534 544 212 665 121 767 114 847 165
702 932 494 395 389 292 129 346 21 537 106 355
703 703 703 703 703 703 703 703 703 703 703 703
704 704 107 77 950 8 213 707 765 249 569 778
705 183 400 68 508 259 260 248 0 313 310 18
706 694 484 572 82 353 99 937 640 371 404 546
707 267 707 809 411 987 438 34 434 44 8 570
708 404 896 368 250 368 14 64 271 192 2 283
709 185 125 935 100 62 168 600 588 28 896 160
710 189 301 29 183 329 480 62 18 280 86 94
711 711 711 711 711 711 711 711 711 711 711 711
712 995 712 255 42 243 319 209 285 812 252 81
713 81 212 41 63 56 126 173 325 327 11 569
714 494 225 189 5 325 327 5 305 285 806 304
715 20 695 459 221 85 17 223 624 13 177 61
716 716 716 5 466 856 19 7 112 368 0 120
717 131 532 54 812 826 826 685 298 42 128 1
718 281 990 285 208 114 363 17 142 85 86 37
719 64 87 954 518 404 373 112 368 841 397 157
720 700 7 365 256 63 809 131 63 87 419 180
721 30 151 165 226 307 301 621 425 84 443 485
722 38 579 164 395 152 355 420 316 218 36 486
723 723 92 21 513 271 448 334 269 513 229 39
724 338 84 113 115 812 859 183 6 316 537 53
725 96 47 333 355 62 493 160 108 329 116 361
726 282 271 10 329 478 143 91 419 526 813 543
727 464 464 727 464 455 302 304 455 64 330 248
728 535 13 343 231 177 381 182 60 368 394 321
729 441 754 293 11 496 529 608 7 500 358 856
730 160 286 80 256 58 5 6 272 446 166 559
731 731 731 731 731 731 731 731 731 731 731 731
732 732 732 732 732 732 732 732 732 732 732 732
733 326 733 777 259 248 215 377 60 390 296 388
734 280 148 468 224 256 420 143 93 545 37 29
735 164 2 211 138 815 5 184 513 462 561 462
736 160 121 110 110 84 336 260 69 362 529 265
737 271 2 249 211 83 495 223 17 41 128 494
738 305 990 859 105 453 82 77 445 64 572 86
739 569 43 569 358 510 86 215 201 196 16 115
740 252 83 589 105 155 223 106 73 218 225 1
741 250 741 150 215 5 405 184 513 747 301 429
742 742 742 742 742 614 613 127 160 44 473 465
743 516 516 5 132 305 286 685 949 55 638 564
744 744 744 744 744 744 744 744 744 744 744 744
745 979 170 36 10 89 89 405 362 249 132 236
746 746 746 746 746 746 746 746 746 746 746 746
747 107 55 107 2 651 420 647 82 708 99 708
748 13 137 254 23 128 30 115 421 409 27 883
749 776 200 177 229 115 548 753 753 261 333 333
750 88 0 297 311 73 221 17 107 459 0 316
751 41 342 450 5 279 160 216 142 859 412 586
752 65 291 203 548 121 160 189 745 453 189 189
753 116 725 339 860 860 455 24 654 50 50 48
754 565 9 500 501 452 141 232 14 167 280 228
755 211 285 2 140 2 308 256 80 460 167 290
756 166 180 148 225 218 128 36 170 27 560 358
757 757 577 757 757 980 64 354 97 640 404 950
758 223 155 1 199 918 918 377 490 377 745 745
759 121 63 239 243 507 513 183 129 572 593 908
760 335 322 446 15 160 349 347 181 296 320 389
761 393 761 393 157 64 131 949 211 215 73 317
762 516 195 208 174 685 4 685 208 809 252 88
763 763 5 192 194 2 174 56 6 323 185 99
764 377 572 593 320 349 148 377 150 157 385 389
765 44 805 358 105 258 256 224 148 280 515 381
766 766 521 295 628 389 160 212 223 142 963 154
767 114 170 473 963 241 237 160 506 407 494 590
768 125 62 179 181 280 160 468 74 231 434 368
769 107 216 272 448 40 725 370 361 116 38 13
770 353 640 564 281 137 20 971 336 860 375 121
771 105 492 160 139 342 277 515 290 620 290 165
772 772 772 772 772 772 772 772 772 772 772 772
773 773 773 773 773 405 17 225 409 785 545 29
774 285 281 2 63 921 56 698 59 481 809 55
775 560 19 265 440 321 546 17 107 36 121 87
776 160 963 612 347 349 6 411 469 411 481 586
777 733 551 434 288 296 434 506 406 501 569 365
778 549 296 87 654 789 654 333 527 333 434 813
779 549 173 86 747 162 468 122 262 342 377 295
780 84 210 235 84 431 50 431 141 327 306 51
781 52 133 280 179 160 214 178 342 107 509 713
782 82 230 533 45 271 80 329 96 58 88 533
783 669 783 669 669 783 424 695 85 1 218 167
784 784 784 411 987 170 301 357 212 459 328 514
785 409 390 250 61 178 440 733 825 733 420 464
786 189 627 420 434 253 434 10 256 234 241 592
787 21 278 611 450 107 209 599 211 599 211 518
788 717 459 421 23 166 210 107 201 533 105 434
789 5 419 198 196 280 64 389 60 179 349 160
790 544 932 474 514 13 93 407 332 720 266 61
791 623 86 20 329 87 17 314 300 142 576 129
792 121 232 121 110 108 258 1003 258 105 601 177
793 316 17 313 268 756 86 94 351 250 393 166
794 322 335 45 838 124 323 300 209 494 576 160
795 417 165 280 820 749 284 511 7 765 430 506
796 121 256 450 329 638 124 638 126 57 809 211
797 797 18 121 183 564 114 168 789 835 425 574
798 798 798 798 798 798 798 798 798 798 798 798
799 166 459 467 21 409 169 254 252 162 288 269
800 409 336 437 116 32 13 520 20 215 255 371
801 41 136 417 86 753 86 70 217 288 756 142
802 365 224 148 160 278 347 460 300 102 323 3
803 194 56 2 286 138 63 490 420 280 263 531
804 565 324 754 7 112 476 112 37 590 23 29
805 487 213 957 213 487 922 53 232 380 178 413
806 285 252 56 845 58 145 163 131 809 13 661
807 303 255 5 481 698 738 738 412 738 552 82
808 808 808 808 808 808 808 808 808 808 808 808
809 627 707 161 419 84 39 114 107 255 312 85
810 87 163 377 277 180 433 432 71 50 49 643
811 84 82 5 284 301 321 301 747 678 509 467
812 45 892 438 87 404 618 353 937 99 62 238
813 434 471 295 61 347 352 377 464 338 160 726
814 262 342 726 342 107 96 924 88 210 290 424
815 815 63 815 305 520 2 132 599 208 411 96
816 116 64 572 434 215 105 478 476 329 419 114
817 813 403 53 822 563 484 292 232 219 483 533
818 301 474 41 169 42 190 296 203 495 21 187
819 139 282 170 188 80 663 188 69 260 400 106
820 544 585 172 123 337 338 160 29 40 816 119
821 163 87 405 160 576 533 147 932 812 803 54
822 900 978 860 336 135 336 816 987 914 753 169
823 856 555 856 301 21 44 28 722 27 128 256
824 191 214 82 96 64 482 576 82 77 142 163
825 306 733 440 970 51 165 533 116 263 423 438
826 412 193 411 54 137 107 2 308 121 615 404
827 506 86 274 216 45 419 445 82 681 214 157
828 796 353 486 6 685 13 302 303 924 88 809
829 523 292 493 183 486 303 302 455 318 333 471
830 452 161 451 569 358 8 672 249 441 62 84
831 258 434 14 289 280 183 68 80 28 33 169
832 59 132 158 300 209 166 242 926 926 158 107
833 249 282 184 373 194 281 285 571 252 302 160
834 107 36 333 96 151 34 151 82 366 282 856
835 493 460 518 107 489 419 214 214 95 377 1
836 836 523 618 820 215 460 41 546 828 234 269
837 837 107 161 351 130 180 191 256 114 361 107
838 124 64 572 593 214 460 730 460 663 68 300
839 191 420 222 87 412 685 949 13 624 409 135
840 5 349 5 97 335 269 424 132 301 818 160
841 376 321 378 157 178 14 706 373 180 615 129
842 211 481 281 137 56 809 809 971 754 466 5
843 567 425 130 191 681 682 191 212 145 160 158
844 165 169 734 157 719 841 231 60 378 283 453
845 845 412 81 141 957 19 141 166 55 126 408
846 846 605 846 846 605 414 479 479 177 146 147
847 922 699 499 510 510 510 141 14 482 160 103
848 445 557 160 371 494 233 70 71 121 191 601
849 252 238 601 64 397 376 395 104 283 932 333
850 546 508 212 21 83 154 820 434 367 892 300
851 377 86 125 424 62 135 169 6 438 121 249
852 206 751 167 13 207 196 200 200 434 252 412
853 82 106 128 306 62 748 46 255 282 83 269
854 174 685 412 105 215 747 80 256 184 107 367
855 155 211 389 103 181 950 366 132 142 494 464
856 573 44 166 114 495 460 41 612 492 678 678
857 166 314 418 189 17 474 366 886 812 87 210
858 306 533 29 29 121 548 169 263 245 361 318
859 845 2 208 236 236 13 949 252 48 252 241
860 337 438 87 543 170 133 544 82 263 274 46
861 350 936 129 283 201 908 200 207 95 181 296
862 777 862 777 733 825 723 306 733 538 498 238
863 57 137 272 429 301 100 300 10 306 113 40
864 411 949 285 420 474 96 924 845 63 272 45
865 59 586 481 138 3 107 163 420 666 566 499
866 411 434 812 54 131 131 160 149 64 129 353
867 96 655 37 655 114 442 113 443 26 339 860
868 5 64 65 94 204 533 141 957 569 498 538
869 376 321 381 397 458 13 306 256 115 337 438
870 65 600 129 464 611 278 409 504 246 141 525
871 231 214 21 486 714 86 438 340 218 596 366
872 581 420 141 232 120 377 483 172 82 486 537
873 425 285 55 950 243 84 510 8 452 421 11
874 65 294 425 714 615 422 513 425 870 65 324
875 170 249 329 211 402 133 11 362 529 9 44
876 564 183 29 62 459 20 887 20 42 427 261
877 160 478 62 426 562 202 623 813 275 840 285
878 27 417 79 539 178 275 835 401 249 363 155
879 242 160 280 256 280 47 79 282 209 238 237
880 308 2 160 228 17 215 81 952 952 81 249
881 96 209 209 158 405 129 495 405 434 458 93
882 160 262 907 936 290 65 291 257 180 601 166
883 115 372 107 255 471 810 597 596 282 234 160
884 412 194 54 211 424 612 153 427 431 160 464
885 887 887 20 183 88 88 121 326 96 151 121
886 2 481 3 236 83 223 316 215 511 5 194
887 887 20 137 635 4 859 990 685 949 698 13
888 412 812 520 195 809 859 107 453 87 371 490
889 375 183 53 82 30 44 672 430 421 466 466
890 890 890 121 137 412 665 87 426 426 231 457
891 405 89 303 807 54 481 685 59 54 107 19
892 45 445 254 144 144 492 5 438 892 45 932
893 466 893 466 8 950 145 163 643 404 354 354
894 327 728 173 494 375 889 375 478 176 440 265
895 114 116 317 314 226 14 593 86 666 362 430
896 355 63 486 714 183 245 367 303 235 252 369
897 263 114 46 96 47 13 809 89 259 509 509
898 898 481 373 239 233 546 352 681 133 5 557
899 2 160 454 160 466 720 406 358 500 466 971
900 5 63 305 409 21 301 686 531 115 443 135
901 137 663 69 325 143 420 314 764 168 263 48
902 5 644 166 0 73 297 696 222 543 65 133
903 191 282 747 513 184 115 439 338 142 142 820
904 321 179 203 820 243 244 303 412 665 212 282
905 316 0 177 113 333 492 5 120 758 61 345
906 513 121 173 10 256 30 26 34 116 329 568
907 593 142 46 81 106 254 367 24 494 420 607
908 204 232 426 166 147 932 212 105 509 108 476
909 87 161 419 45 211 81 137 408 990 138 160
910 65 352 201 205 79 922 499 332 836 836 836
911 189 225 222 16 748 62 133 165 167 232 141
912 504 529 720 555 466 11 64 397 103 379 390
913 358 11 365 63 126 173 327 160 486 245 160
914 338 367 283 107 179 284 971 805 358 73 17
915 38 116 533 306 550 69 13 35 533 498 9
916 414 479 177 331 707 19 324 754 510 466 720
917 200 178 440 499 533 906 546 87 215 73 311
918 908 94 177 297 311 188 667 118 21 160 142
919 919 981 455 333 983 113 417 245 48 492 166
920 435 65 130 280 196 143 95 214 681 157 191
921 859 963 546 249 7 502 661 121 306 728 92
922 487 332 504 674 558 324 555 324 65 197 955
923 326 143 375 230 106 211 683 683 131 604 305
924 612 49 612 828 353 99 101 101 404 83 465
925 443 171 165 256 552 58 664 65 486 129 484
926 927 931 234 145 300 114 255 546 106 371 285
927 927 963 158 237 158 241 243 412 586 86 533
928 211 83 160 480 252 285 303 411 698 285 738
929 335 269 434 431 58 366 83 290 128 83 87
930 208 55 665 859 57 604 211 101 419 28 25
931 5 47 427 254 186 254 355 333 485 336 27
932 237 159 434 812 63 82 21 11 621 180 41
933 592 140 209 121 223 225 218 312 311 301 226
934 340 314 85 74 142 483 556 330 248 459 717
935 768 353 354 353 935 936 907 349 180 142 812
936 129 107 310 78 531 420 133 844 971 113 725
937 404 420 278 908 167 908 204 176 178 575 167
938 611 938 611 493 694 129 546 17 404 160 339
939 350 204 65 562 714 86 205 196 197 86 210
940 128 290 706 936 284 133 292 389 296 419 78
941 189 540 82 366 166 191 212 249 357 258 478
942 435 793 316 74 224 365 363 129 526 458 494
943 295 283 492 64 511 275 6 377 296 160 91
944 748 62 295 250 495 314 307 133 166 282 115
945 409 13 484 160 67 160 27 251 417 136 133
946 641 424 282 64 980 5 440 435 163 131 209
947 320 320 104 394 628 394 157 851 605 851 350
948 381 379 6 323 354 101 419 340 474 859 411
949 6 397 52 377 577 166 61 301 393 145 106
950 913 529 720 608 498 569 105 236 240 373 84
951 44 820 167 420 68 301 28 473 129 270 160
952 69 306 215 248 696 297 73 166 480 667 6
953 40 361 444 171 41 114 208 564 2 102 300
954 518 552 520 59 54 305 411 286 303 80 82
955 197 205 199 167 206 290 584 272 617 618 617
956 44 360 169 113 486 165 28 655 28 590 171
957 700 699 971 804 754 661 141 452 566 570 971
958 69 190 409 81 564 114 290 620 620 290 572
959 377 167 292 377 182 167 655 231 692 231 180
960 377 782 526 44 500 406 374 5 117 252 304
961 377 351 81 478 329 286 286 57 610 57 305
962 958 69 259 728 20 62 508 710 272 13 278
963 234 828 87 41 256 211 473 403 168 62 708
964 23 113 847 114 211 83 249 404 371 51 557
965 936 231 177 297 905 74 142 283 748 793 435
966 21 624 231 292 543 399 133 450 426 6 376
967 504 407 406 699 924 252 480 357 106 5 184
968 968 299 184 311 420 118 301 155 655 172 172
969 184 373 411 305 2 62 295 276 426 14 380
970 440 231 232 214 280 221 222 365 765 856 922
971 190 434 19 62 190 86 2 408 126 6 149
972 913 213 421 38 24 545 93 108 375 889 828
973 971 332 529 529 487 558 359 558 359 11 358
974 128 168 515 64 141 213 141 19 7 266 533
975 971 582 418 81 142 820 779 820 136 170 471
976 925 976 114 375 478 81 21 274 263 283 182
977 242 233 254 21 253 21 188 160 351 182 167
978 860 336 820 445 45 932 173 859 886 2 494
979 170 900 169 210 208 131 282 121 93 545 255
980 470 116 118 20 230 121 601 3 236 86 366
981 919 976 443 981 48 105 41 171 981 76 96
982 137 408 137 877 81 137 210 46 15 405 304
983 113 333 47 251 443 366 494 450 176 611 6
984 333 370 443 251 370 725 486 48 75 75 437
985 376 104 549 187 152 269 105 281 5 24 36
986 470 455 64 937 404 333 42 245 263 455 47
987 338 113 919 455 116 987 338 183 12 249 671
988 24 29 455 318 107 494 197 64 106 473 460
989 329 66 66 146 0 178 342 284 296 179 351
990 1001 990 826 194 815 92 68 64 229 84 233
991 520 56 685 81 490 410 82 856 506 13 179
992 129 14 172 219 121 493 82 468 167 172 295
993 408 571 373 372 594 82 36 113 301 138 4
994 6 859 281 137 481 57 58 434 132 949 132
995 712 255 434 148 402 258 66 375 356 480 39
996 12 739 82 285 172 30 114 46 329 286 815
997 24 64 211 809 252 81 215 227 74 424 233
998 65 639 638 210 83 292 950 145 571 211 698
999 145 81 952 710 498 526 44 10 160 65 526
1000 232 575 851 852 18 133 133 493 153 301 641
1001 193 832 63 160 550 187 74 341 389 486 353
1002 560 73 485 74 560 474 90 409 225 225 218
1003 258 27 417 725 114 895 417 494 58 404 709
1004 55 208 285 921 880 282 153 23 86 936 822
0 120 133 417 76
1 225 312 74 166
2 138 86 706 373
3 256 820 950 474
4 405 424 612 340
5 438 87 325 326
6 58 174 815 5
7 573 12 86 756
8 62 262 344 157
9 529 913 506 971
10 142 859 4 174
11 209 283 142 187
12 700 441 282 33
13 147 316 253 607
14 61 483 13 461
15 164 45 162 90
16 356 549 778 549
17 431 166 296 932
18 74 331 328 86
19 13 318 114 36
20 92 815 64 90
21 137 13 96 100
22 21 29 588 588
23 464 337 511 306
24 169 210 927 237
25 494 918 196 199
26 35 35 24 40
27 251 32 29 26
28 165 464 5 303
29 301 100 62 164
30 40 30 13 96
31 254 433 49 217
32 473 150 820 593
33 443 333 460 328
34 31 256 460 214
35 13 172 351 351
36 107 430 12 11
37 40 32 473 412
38 25 29 40 753
39 133 844 971 812
40 545 26 135 136
41 215 223 20 82
42 163 643 48 981
43 498 92 259 248
44 569 570 359 141
45 45 429 269 301
46 355 303 738 498
47 48 338 420 669
48 318 455 470 914
49 84 474 112 357
50 84 82 187 107
51 51 498 405 46
52 185 618 353 183
53 167 593 205 172
54 665 137 169 318
55 685 815 64 14
56 3 886 2 249
57 481 211 82 17
58 963 643 50 49
59 59 832 412 520
60 395 395 494 170
61 160 316 221 405
62 597 932 932 70
63 896 12 247 498
64 69 306 612 83
65 776 200 196 205
66 96 57 832 2
67 146 66 117 121
68 418 409 945 409
69 663 747 82 549
70 152 433 217 366
71 70 83 283 380
72 259 89 333 176
73 297 49 87 828
74 67 549 326 326
75 36 486 169 533
76 443 981 47 165
77 107 327 160 236
78 114 925 333 919
79 282 188 508 68
80 188 971 400 106
81 474 404 212 42
82 160 319 107 36
83 131 208 211 87
84 664 65 334 164
85 312 225 86 251
86 2 971 26 26
87 233 82 612 115
88 411 671 187 121
89 369 630 303 619
90 91 375 160 294
91 258 469 90 90
92 238 86 708 124
93 971 361 62 254
94 486 36 169 283
95 207 5 252 333
96 242 158 166 252
97 185 124 173 115
98 932 340 211 924
99 371 183 12 666
100 404 662 366 512
101 185 101 125 97
102 832 2 896 356
103 18 258 375 183
104 394 182 296 351
105 16 355 365 209
106 363 105 589 282
107 333 486 51 14
108 93 86 417 62
109 366 215 549 81
110 84 142 1 310
111 478 329 21 327
112 66 121 493 405
113 13 481 586 285
114 424 493 413 542
115 163 87 81 184
116 455 411 114 655
117 62 44 913 506
118 84 560 775 560
119 816 96 58 131
120 309 73 331 74
121 209 233 83 106
122 179 345 342 493
123 172 351 160 168
124 100 96 400 222
125 935 125 101 323
126 638 356 419 170
127 22 173 83 86
128 115 436 438 427
129 840 526 495 114
130 278 270 515 89
131 366 63 183 301
132 89 610 59 803
133 166 18 104 182
134 482 143 758 283
135 136 339 96 604
136 438 892 44 332
137 249 147 644 950
138 286 4 160 264
139 334 592 241 440
140 446 216 301 446
141 699 359 558 213
142 450 82 187 183
143 128 179 397 232
144 615 318 485 417
145 856 7 7 525
146 147 82 932 70
147 615 333 142 282
148 377 182 61 381
149 284 5 346 820
150 376 985 376 103
151 35 282 77 531
152 132 236 82 767
153 615 546 137 62
154 474 145 828 546
155 87 282 745 189
156 345 214 107 493
157 103 342 62 586
158 210 169 13 352
159 440 160 736 736
160 385 378 60 392
161 300 748 46 216
162 295 521 598 553
163 435 942 95 593
164 533 18 424 495
165 366 747 663 679
166 420 186 254 128
167 468 342 41 121
168 568 568 257 543
169 450 257 401 107
170 417 455 165 409
171 470 427 160 87
172 295 157 60 321
173 126 4 137 283
174 56 209 209 637
175 252 859 859 474
176 381 380 177 381
177 321 810 222 424
178 656 178 350 861
179 214 536 287 896
180 262 907 851 907
181 166 820 202 820
182 380 103 741 179
183 271 809 698 481
184 311 341 297 260
185 687 185 52 232
186 533 189 536 473
187 87 62 554 419
188 518 17 146 166
189 314 160 54 949
190 434 46 3 249
191 681 851 483 533
192 412 105 5 97
193 4 2 832 832
194 58 288 288 371
195 859 366 254 366
196 16 64 199 13
197 373 243 249 142
198 776 572 290 282
199 677 199 174 175
200 562 533 172 219
201 51 199 258 198
202 198 229 170 987
203 280 574 401 873
204 65 430 533 393
205 820 269 17 226
206 205 160 83 430
207 167 13 113 245
208 87 545 26 654
209 166 127 435 647
210 242 533 115 115
211 654 153 404 323
212 166 242 233 82
213 265 440 498 533
214 160 776 160 146
215 214 211 214 179
216 45 828 612 612
217 812 208 4 520
218 221 745 74 82
219 483 345 350 533
220 218 221 107 90
221 459 42 188 671
222 315 253 212 453
223 155 495 606 495
224 256 222 16 255
225 282 248 215 363
226 366 226 14 339
227 253 83 118 84
228 280 196 199 167
229 198 183 53 215
230 160 498 264 65
231 624 301 321 546
232 275 479 177 459
233 88 142 131 82
234 926 927 234 931
235 319 236 234 234
236 158 233 115 340
237 107 342 94 205
238 233 124 323 99
239 13 302 64 129
240 931 301 138 285
241 158 105 358 805
242 243 211 301 138
243 236 434 19 160
244 235 303 81 490
245 339 115 436 437
246 649 84 84 77
247 358 499 43 358
248 309 549 215 0
249 505 332 7 422
250 181 376 393 104
251 136 417 976 981
252 427 370 92 400
253 249 654 17 222
254 211 183 87 83
255 365 269 16 68
256 450 292 450 62
257 426 82 78 93
258 38 443 165 75
259 86 620 86 392
260 69 141 141 420
261 980 119 229 64
262 160 286 329 190
263 160 856 407 856
264 500 499 503 44
265 267 61 267 498
266 498 487 922 822
267 707 720 466 912
268 405 748 182 385
269 333 609 333 261
270 28 367 212 42
271 949 809 211 64
272 6 2 698 698
273 2 305 408 89
274 139 933 334 933
275 178 14 706 694
276 276 426 82 214
277 277 82 129 346
278 280 232 18 133
279 118 549 84 471
280 303 56 880 305
281 58 498 411 63
282 268 222 420 474
283 160 896 112 373
284 377 395 157 483
285 303 513 518 166
286 63 826 6 252
287 80 107 82 681
288 212 153 173 301
289 277 280 232 226
290 936 86 55 59
291 256 282 464 464
292 168 585 493 65
293 374 374 293 754
294 129 231 180 393
295 128 576 176 478
296 61 503 61 264
297 260 260 20 260
298 160 611 464 211
299 590 409 428 273
300 283 121 552 532
301 340 256 107 544
302 438 36 438 562
303 283 201 64 271
304 16 828 896 368
305 195 63 286 411
306 64 89 375 81
307 74 498 529 558
308 6 59 845 408
309 612 791 401 401
310 932 310 160 541
311 218 18 696 226
312 256 802 802 256
313 223 495 129 473
314 295 283 390 491
315 519 222 911 222
316 465 14 776 342
317 313 313 85 317
318 424 395 424 318
319 234 237 926 159
320 440 6 611 270
321 388 394 947 320
322 448 271 210 932
323 192 4 6 55
324 720 11 91 478
325 87 300 255 13
326 82 50 84 780
327 141 430 401 172
328 560 913 700 570
329 459 513 210 489
330 74 221 82 290
331 482 14 380 321
332 707 61 172 655
333 281 164 695 211
334 592 617 272 63
335 533 856 141 358
336 13 484 448 45
337 420 434 163 491
338 409 23 62 41
339 123 900 40 725
340 546 103 380 283
341 309 221 53 280
342 681 5 496 487
343 350 822 822 572
344 656 149 167 450
345 254 932 153 23
346 346 168 290 563
347 160 440 562 177
348 180 333 370 39
349 320 321 397 378
350 13 297 13 342
351 249 211 155 19
352 41 932 255 712
353 124 908 95 199
354 404 932 371 255
355 105 28 32 883
356 160 308 2 899
357 82 372 84 727
358 501 160 104 181
359 496 421 765 430
360 105 212 210 82
361 423 426 113 547
362 661 19 506 494
363 87 533 430 672
364 152 82 543 493
365 338 229 29 533
366 886 601 180 41
367 113 62 269 121
368 379 296 212 367
369 160 282 424 308
370 39 116 340 333
371 21 282 217 431
372 70 494 690 447
373 84 268 248 317
374 466 856 82 127
375 282 424 209 160
376 18 84 598 521
377 388 377 60 390
378 388 179 160 326
379 283 434 215 549
380 537 781 621 231
381 182 378 385 378
382 157 283 87 490
383 181 231 278 82
384 182 869 841 719
385 378 397 393 546
386 17 121 338 336
387 849 859 809 208
388 394 157 342 231
389 393 377 764 168
390 526 495 314 74
391 182 869 181 351
392 588 494 81 287
393 384 387 368 103
394 295 321 150 381
395 64 201 62 736
396 182 53 922 7
397 537 231 316 160
398 377 382 377 214
399 168 523 280 289
400 10 638 329 371
401 399 84 48 482
402 420 209 121 828
403 133 114 434 158
404 473 327 82 338
405 10 324 266 565
406 498 267 359 569
407 44 63 738 195
408 63 81 249 169
409 30 41 908 592
410 286 532 17 533
411 597 58 175 685
412 243 105 84 323
413 177 562 160 207
414 605 797 18 314
415 414 370 48 981
416 173 531 473 298
417 183 418 62 736
418 6 349 13 177
419 131 717 295 106
420 301 473 30 25
421 457 197 917 445
422 115 366 494 233
423 113 263 301 209
424 478 107 417 444
425 543 16 249 577
426 172 93 62 44
427 339 79 417 423
428 164 429 579 929
429 166 187 42 199
430 674 265 529 499
431 434 300 108 478
432 121 51 31 40
433 70 932 252 434
434 113 423 485 387
435 942 435 147 329
436 115 366 83 856
437 900 437 48 654
438 308 5 135 136
439 338 256 748 564
440 629 316 255 152
441 86 533 518 271
442 442 444 847 443
443 527 333 155 183
444 847 171 114 115
445 5 53 128 955
446 335 322 45 448
447 46 107 79 290
448 334 448 335 794
449 414 370 427 162
450 623 813 543 817
451 496 498 967 525
452 498 178 350 178
453 115 411 192 132
454 160 880 815 63
455 318 527 5 374
456 456 405 145 183
457 285 129 489 300
458 280 493 399 183
459 222 365 371 434
460 256 420 458 83
461 269 84 560 27
462 212 371 160 296
463 462 462 272 140
464 409 504 525 7
465 809 519 228 172
466 441 360 44 359
467 106 582 184 710
468 419 263 160 214
469 90 220 165 483
470 655 458 604 411
471 256 269 933 45
472 453 453 115 421
473 296 21 326 84
474 89 925 847 263
475 300 312 255 295
476 108 190 473 326
477 258 424 258 474
478 90 160 349 321
479 177 331 358 11
480 23 62 498 602
481 738 5 306 160
482 74 307 65 307
483 556 464 172 228
484 572 493 168 28
485 263 897 263 417
486 327 10 434 226
487 213 421 409 65
488 498 247 267 161
489 16 290 294 94
490 410 329 13 129
491 816 455 48 212
492 510 358 141 327
493 450 129 133 42
494 470 438 54 211
495 60 122 167 526
496 466 6 284 107
497 170 875 170 860
498 266 9 754 950
499 182 320 616 459
500 498 264 500 499
501 160 249 459 212
502 43 358 823 9
503 374 466 86 453
504 86 10 256 492
505 502 11 11 525
506 86 106 28 892
507 243 80 880 282
508 363 283 162 50
509 480 221 85 309
510 264 265 265 661
511 284 301 138 57
512 162 50 433 180
513 170 473 25 93
514 66 211 2 4
515 275 450 133 160
516 192 832 192 192
517 411 517 411 597
518 546 856 820 342
519 809 465 809 174
520 845 2 405 480
521 340 215 214 460
522 523 168 167 197
523 280 494 113 169
524 72 163 145 300
525 19 7 430 501
526 498 707 627 473
527 443 47 847 455
528 305 305 58 462
529 11 406 406 358
530 92 127 613 747
531 282 20 326 473
532 56 859 832 194
533 164 335 933 429
534 256 258 421 488
535 164 216 62 44
536 473 213 9 332
537 486 318 82 681
538 733 923 923 733
539 160 42 756 227
540 549 678 400 690
541 162 103 182 390
542 413 515 275 368
543 493 522 523 168
544 932 113 976 527
545 462 254 165 183
546 859 173 64 281
547 171 847 919 847
548 129 576 232 918
549 582 582 473 106
550 165 366 311 420
551 533 504 359 699
552 195 4 323 640
553 86 518 86 706
554 521 823 265 440
555 161 249 407 332
556 14 53 232 499
557 201 204 205 820
558 359 754 9 487
559 258 256 647 93
560 42 143 93 494
561 462 106 211 636
562 413 172 115 155
563 484 694 664 65
564 190 366 165 336
565 44 359 213 155
566 247 7 570 570
567 567 843 290 843
568 568 290 424 367
569 9 502 7 161
570 566 823 971 430
571 137 249 353 142
572 939 350 681 278
573 19 360 754 555
574 280 116 280 362
575 149 6 751 128
576 160 80 64 149
577 375 301 284 734
578 577 249 19 362
579 429 429 166 121
580 580 580 580 580
581 533 32 26 443
582 103 160 184 106
583 521 389 389 395
584 290 340 13 361
585 706 124 323 708
586 404 254 62 454
587 412 812 137 160
588 169 252 244 64
589 607 87 21 183
590 30 115 96 842
591 419 828 160 429
592 353 365 293 11
593 918 200 777 971
594 83 21 106 932
595 52 197 160 343
596 597 756 227 405
597 62 83 83 142
598 553 553 134 535
599 96 58 698 54
600 129 399 440 275
601 79 6 473 549
602 569 957 19 360
603 414 449 414 603
604 131 683 305 412
605 851 851 852 18
606 495 249 695 222
607 421 255 284 936
608 566 707 465 809
609 30 93 464 129
610 89 455 442 485
611 623 623 458 813
612 474 269 152 288
613 117 252 137 520
614 742 546 2 2
615 412 615 309 218
616 602 362 434 170
617 618 820 202 562
618 185 99 107 230
619 5 458 543 82
620 620 86 395 121
621 278 28 371 99
622 238 233 532 56
623 611 211 208 210
624 491 497 440 152
625 412 285 426 413
626 87 41 105 280
627 678 274 405 268
628 320 616 1 255
629 178 440 426 518
630 630 303 5 230
631 631 209 587 587
632 397 122 397 368
633 633 633 633 633
634 635 126 812 886
635 126 638 210 424
636 211 424 222 312
637 234 121 493 434
638 126 208 58 154
639 65 818 65 178
640 638 169 734 377
641 333 895 417 847
642 16 221 224 560
643 269 236 63 815
644 147 366 283 314
645 697 156 321 592
646 131 738 286 410
647 256 371 210 295
648 648 648 648 648
649 421 856 282 140
650 215 214 231 841
651 121 99 420 362
652 478 62 4 131
653 653 653 653 653
654 783 82 160 726
655 116 367 757 757
656 344 656 178 0
657 269 147 377 250
658 658 658 658 658
659 659 377 383 157
660 660 660 660 660
661 267 19 754 359
662 494 470 170 86
663 508 667 508 184
664 694 706 86 166
665 886 58 62 164
666 566 499 505 502
667 189 467 84 549
668 157 61 123 302
669 641 160 81 146
670 670 670 670 670
671 80 169 283 5
672 543 424 329 896
673 495 5 931 243
674 661 441 254 84
675 675 675 675 675
676 322 933 322 15
677 199 776 95 280
678 549 306 478 13
679 13 33 615 281
680 380 232 226 114
681 352 546 77 950
682 681 214 94 533
683 131 107 255 545
684 684 684 684 684
685 175 58 664 84
686 301 597 546 362
687 107 58 812 57
688 543 817 544 183
689 198 94 351 180
690 20 74 86 223
691 691 691 691 691
692 231 249 212 87
693 366 62 279 5
694 610 420 218 196
695 211 734 351 231
696 222 311 756 106
697 415 697 5 351
698 138 2 107 418
699 845 924 252 17
700 247 213 421 820
701 462 460 615 180
702 932 404 152 518
703 703 703 703 703
704 107 300 183 478
705 450 493 82 133
706 290 567 843 567
707 161 452 451 452
708 185 323 411 209
709 404 473 474 186
710 69 107 492 612
711 711 711 711 711
712 995 712 4 256
713 81 44 672 160
714 401 282 226 309
715 20 142 283 86
716 716 716 716 5
717 459 329 116 170
718 5 420 114 211
719 393 153 121 151
720 11 360 169 434
721 37 34 24 34
722 38 33 165 40
723 777 538 306 69
724 338 211 338 365
725 370 333 115 232
726 342 257 130 280
727 483 13 38 547
728 5 255 82 508
729 44 638 480 362
730 160 20 142 424
731 731 731 731 731
732 732 732 732 732
733 733 923 723 92
734 172 457 172 13
735 461 273 46 271
736 736 107 249 577
737 271 46 812 140
738 63 115 170 251
739 12 896 828 45
740 252 481 950 651
741 179 249 327 141
742 166 283 389 389
743 516 102 300 739
744 744 744 744 744
745 979 170 473 150
746 746 746 746 746
747 418 549 316 146
748 932 147 189 67
749 167 95 198 41
750 88 58 195 174
751 167 460 440 380
752 84 112 469 90
753 261 82 353 770
754 555 324 63 738
755 211 5 868 320
756 225 309 872 182
757 367 93 301 273
758 316 726 282 355
759 121 173 651 624
760 15 46 252 241
761 393 615 180 284
762 516 5 191 82
763 763 5 57 84
764 74 166 374 500
765 44 358 500 506
766 766 766 521 340
767 803 252 162 654
768 97 323 371 51
769 559 518 492 678
770 353 87 490 212
771 64 914 36 183
772 772 772 772 772
773 405 434 353 183
774 285 105 366 65
775 560 66 96 367
776 820 779 549 551
777 259 519 228 218
778 160 286 285 271
779 549 710 81 20
780 84 295 947 393
781 52 157 343 214
782 82 333 13 280
783 669 615 492 333
784 784 784 784 411
785 23 34 27 133
786 465 189 710 69
787 21 211 738 738
788 717 131 411 455
789 5 255 355 424
790 544 212 255 932
791 623 313 560 106
792 121 890 121 28
793 748 106 546 210
794 322 933 429 155
795 417 438 170 371
796 121 99 640 640
797 797 231 426 245
798 798 798 798 798
799 971 540 509 969
800 409 138 286 4
801 820 615 243 249
802 129 548 753 914
803 812 886 859 286
804 264 12 661 569
805 358 11 90 328
806 88 96 31 151
807 303 405 3 859
808 808 808 808 808
809 131 283 748 173
810 321 533 236 86
811 340 116 443 48
812 428 812 298 184
813 172 493 543 82
814 52 61 758 91
815 194 193 6 337
816 151 136 336 30
817 543 170 256 256
818 549 212 77 445
819 140 166 376 654
820 256 172 655 155
821 160 493 694 290
822 168 275 458 450
823 19 365 179 214
824 191 342 129 166
825 923 825 306 858
826 408 193 55 208
827 506 672 365 495
828 353 106 400 400
829 203 829 203 168
830 452 452 9 506
831 258 559 160 242
832 58 533 323 354
833 62 372 431 4
834 107 748 367 655
835 275 542 291 403
836 332 9 452 573
837 107 141 83 450
838 124 323 662 494
839 191 13 280 291
840 168 291 346 191
841 312 53 434 269
842 211 126 131 212
843 567 567 425 430
844 133 426 572 5
845 252 288 433 372
846 846 846 605 846
847 96 48 165 26
848 445 518 132 282
849 155 269 643 217
850 199 167 280 283
851 852 851 575 851
852 18 222 189 253
853 82 427 105 400
854 420 30 165 165
855 155 133 166 93
856 44 754 141 529
857 301 690 400 215
858 306 256 351 172
859 62 77 105 115
860 437 455 114 340
861 350 822 86 450
862 777 971 452 360
863 57 271 132 6
864 411 318 170 261
865 63 114 283 21
866 411 738 56 619
867 96 121 828 796
868 5 669 783 654
869 179 376 379 387
870 401 133 41 129
871 231 316 215 41
872 85 142 210 132
873 401 65 257 544
874 401 574 401 130
875 170 360 170 318
876 564 876 564 356
877 160 81 137 138
878 35 170 96 866
879 242 13 33 29
880 408 516 411 305
881 96 236 46 114
882 166 434 16 63
883 883 27 494 62
884 412 192 3 283
885 887 887 92 370
886 812 950 533 97
887 20 695 183 82
888 412 192 3 57
889 375 258 424 518
890 890 121 340 78
891 892 45 107 137
892 28 545 36 129
893 466 602 183 318
894 327 20 253 184
895 417 423 160 18
896 303 355 184 747
897 263 301 18 143
898 481 138 409 624
899 2 333 444 96
900 753 491 340 165
901 137 355 115 932
902 5 902 5 89
903 262 345 351 157
904 321 393 145 255
905 905 309 0 222
906 513 655 183 400
907 903 191 278 256
908 200 178 177 218
909 87 353 618 662
910 65 791 493 820
911 222 215 313 85
912 504 11 159 244
913 213 360 359 499
914 816 116 151 37
915 38 113 983 333
916 414 449 414 449
917 776 391 295 490
918 95 218 282 173
919 443 919 114 106
920 435 793 435 440
921 63 175 532 404
922 856 212 509 81
923 825 723 173 405
924 845 924 699 924
925 245 361 971 467
926 301 314 312 366
927 931 159 242 243
928 211 303 412 271
929 933 335 446 335
930 669 641 541 82
931 301 926 158 62
932 531 183 531 445
933 956 856 430 543
934 549 316 121 372
935 768 404 99 371
936 14 523 387 250
937 404 16 121 10
938 611 419 180 419
939 232 232 705 450
940 93 14 593 41
941 189 21 647 458
942 95 197 820 159
943 295 490 63 183
944 748 932 812 826
945 327 21 17 424
946 641 748 377 94
947 377 199 42 17
948 381 320 628 389
949 271 5 644 115
950 856 265 957 707
951 951 666 86 736
952 509 62 708 107
953 292 62 79 152
954 546 742 742 546
955 197 908 776 198
956 430 14 465 61
957 951 666 367 24
958 509 325 549 146
959 377 389 326 549
960 377 491 167 51
961 377 388 179 150
962 958 962 325 21
963 241 233 254 142
964 373 92 480 107
965 936 935 125 100
966 21 146 21 21
967 525 213 266 232
968 299 190 106 80
969 509 259 21 253
970 51 362 16 771
971 729 971 26 438
972 913 956 430 6
973 971 417 795 417
974 87 42 298 137
975 971 699 971 809
976 76 333 847 96
977 209 909 209 301
978 753 914 113 133
979 1 85 537 405
980 980 119 76 423
981 318 115 145 87
982 137 663 189 540
983 114 165 25 361
984 333 609 333 249
985 376 157 385 380
986 261 367 121 493
987 339 860 251 338
988 411 116 35 169
989 91 91 357 615
990 193 859 990 138
991 859 474 357 142
992 992 129 14 270
993 408 57 193 990
994 6 751 6 379
995 712 995 712 995
996 12 265 61 123
997 953 816 115 372
998 65 172 142 296
999 145 145 366 521
1000 206 200 204 95
1001 2 131 126 6
1002 560 362 569 12
1003 258 410 486 285
1004 55 950 113 96
