0 74 513 642 284 255 105 422 82 152 121 308
1 142 133 136 93 820 16 356 16 15 404 125
2 812 932 237 233 238 239 3 128 300 255 424
3 859 826 192 271 5 215 434 338 318 725 417
4 58 192 832 2 58 665 137 3 194 698 56
5 450 176 593 204 176 318 527 444 444 464 211
6 141 141 573 141 161 121 493 142 494 590 953
7 324 666 951 525 510 7 360 359 525 951 360
8 499 529 922 488 466 421 246 247 246 498 441
9 558 569 498 247 506 160 200 128 115 340 419
10 564 365 363 114 981 114 892 438 33 29 93
11 602 183 308 320 296 203 167 53 199 94 201
12 681 284 681 157 350 822 572 280 204 936 936
13 271 131 604 96 339 35 23 464 291 168 28
14 440 533 177 220 434 210 169 137 4 1001 832
15 13 29 25 34 36 545 255 483 482 450 526
16 263 62 571 288 105 366 183 518 132 282 577
17 424 151 470 470 367 254 142 153 155 546 233
18 223 758 366 248 422 147 301 504 409 776 409
19 823 358 498 710 189 20 695 106 287 418 107
20 183 518 106 259 89 3 63 128 27 338 263
21 5 362 81 549 212 424 258 434 42 20 20
22 21 548 116 221 160 82 187 473 412 698 138
23 128 1 537 411 323 708 98 124 214 483 340
24 96 31 198 229 229 39 30 590 494 544 568
25 37 28 41 142 115 339 32 24 38 409 25
26 438 655 223 142 453 82 128 218 224 148 149
27 151 427 612 434 4 6 275 813 836 836 523
28 165 420 19 288 217 84 432 217 654 217 812
29 339 113 370 251 160 78 548 531 121 281 571
30 84 77 497 424 196 205 955 94 200 176 450
31 337 160 159 460 167 593 199 65 280 169 80
32 338 84 134 777 173 21 409 326 173 326 114
33 37 112 375 143 142 10 82 53 231 191 83
34 40 75 76 47 847 333 171 261 438 261 261
35 590 86 540 121 66 328 328 329 212 68 82
36 170 170 13 325 143 143 108 90 477 90 91
37 48 211 450 160 400 92 538 92 137 56 859
38 48 547 113 725 370 443 919 113 318 107 295
39 38 34 37 588 25 165 167 515 413 143 714
40 953 301 856 301 262 160 417 318 420 280 130
41 202 623 313 623 791 65 498 332 500 44 499
42 296 644 5 417 971 188 518 513 355 365 569
43 505 971 457 457 409 306 10 25 133 160 114
44 367 30 37 229 366 226 313 85 309 219 483
45 448 424 256 312 14 41 215 82 74 317 310
46 447 446 45 404 86 180 87 121 255 63 365
47 251 900 822 533 204 280 160 431 4 283 61
48 96 423 318 976 527 333 281 859 64 224 224
49 49 217 432 288 333 233 88 271 10 325 21
50 153 62 859 880 408 215 159 440 14 130 284
51 30 116 470 86 368 0 297 17 1 317 248
52 397 377 104 18 301 404 518 121 117 460 159
53 128 121 747 83 212 142 105 44 366 109 62
54 809 301 926 930 243 240 424 21 96 24 26
55 4 431 433 70 212 365 183 168 419 129 162
56 845 685 305 845 845 859 137 80 866 80 184
57 107 269 929 933 45 371 282 280 263 303 252
58 422 601 86 69 509 952 710 971 777 862 777
59 56 194 698 131 212 74 330 556 330 330 64
60 377 572 82 373 311 494 94 494 484 86 42
61 61 396 379 6 286 532 107 230 898 230 20
62 833 365 121 427 460 74 309 85 758 758 223
63 405 226 254 283 932 576 142 142 121 726 189
64 376 320 379 382 157 346 352 178 381 391 390
65 107 166 282 191 347 166 168 280 181 947 60
66 160 573 525 533 541 181 378 377 395 164 272
67 146 779 146 533 46 121 373 411 212 142 493
68 92 260 69 105 163 932 597 142 418 187 363
69 10 306 51 917 593 342 156 345 483 473 93
70 212 77 333 925 455 417 5 215 820 856 166
71 432 84 118 461 461 735 448 274 340 106 358
72 311 366 218 160 264 12 11 466 374 406 504
73 756 288 371 548 377 385 295 386 379 368 295
74 86 35 37 590 13 767 121 796 405 438 411
75 40 39 38 171 171 171 547 443 116 339 443
76 263 169 212 172 457 399 526 655 470 655 37
77 557 445 82 77 546 427 165 494 918 128 918
78 548 116 35 129 490 410 62 405 129 162 160
79 86 210 269 212 180 352 377 379 392 60 391
80 129 363 664 401 249 183 362 249 180 145 187
81 222 223 183 562 177 5 440 458 434 226 440
82 209 82 74 498 8 107 809 285 15 183 258
83 86 531 473 93 176 478 486 114 145 405 19
84 243 319 236 434 200 178 440 321 156 166 194
85 314 434 647 647 435 65 562 232 440 159 89
86 393 368 301 321 592 448 735 461 139 461 272
87 283 411 126 54 305 55 665 6 571 6 430
88 96 80 62 172 115 82 131 87 155 520 738
89 215 58 845 58 121 612 162 83 41 107 113
90 183 229 169 283 263 547 40 135 62 459 328
91 66 90 91 96 66 121 96 13 27 494 233
92 160 268 19 550 508 82 68 400 971 232 41
93 301 25 93 563 563 493 82 214 94 908 917
94 533 236 963 87 607 471 84 615 546 206 936
95 129 576 212 462 424 290 256 607 253 615 146
96 83 21 114 80 80 679 533 518 105 509 952
97 404 115 142 405 495 419 199 105 184 184 5
98 404 424 172 51 64 74 228 377 575 377 393
99 5 99 62 58 82 84 84 121 215 434 107
100 86 306 173 115 492 518 559 166 140 819 422
101 100 404 83 430 411 304 96 442 35 22 258
102 101 102 4 239 158 235 971 174 137 107 256
103 546 474 90 469 258 347 352 103 250 113 442
104 182 351 345 342 122 397 179 203 284 174 305
105 393 546 173 83 96 816 816 40 28 115 282
106 531 531 473 537 405 212 211 56 826 54 58
107 310 74 188 311 225 218 282 28 229 183 365
108 405 187 121 433 70 86 425 289 231 730 107
109 366 68 357 356 106 353 125 101 354 101 323
110 84 432 71 209 424 445 917 41 14 526 14
111 478 84 233 70 62 226 14 390 438 35 588
112 91 328 66 252 571 286 252 809 252 305 58
113 32 417 29 588 307 588 438 113 41 121 74
114 896 329 183 513 218 340 96 251 860 169 364
115 116 896 368 82 93 169 405 64 458 160 280
116 816 336 13 19 107 372 107 481 809 949 211
117 189 818 86 115 753 165 27 116 455 169 6
118 183 290 694 549 306 62 548 459 717 295 61
119 84 454 82 166 473 115 21 671 81 478 62
120 333 485 317 248 259 21 278 486 63 5 235
121 424 366 234 6 1001 803 546 493 270 280 199
122 123 251 136 160 156 381 181 347 179 191 179
123 275 6 56 738 55 949 949 252 611 129 130
124 97 99 404 254 366 174 107 230 424 483 113
125 768 124 45 812 59 481 2 599 96 326 923
126 285 425 426 840 64 238 235 420 296 250 150
127 84 144 283 115 129 113 245 82 340 342 157
128 86 189 67 86 10 339 14 280 41 204 6
129 458 64 611 419 221 309 133 256 30 115 254
130 13 423 76 417 547 40 30 40 34 590 533
131 738 59 138 2 89 455 914 900 115 434 269
132 366 114 318 925 847 925 423 113 494 311 459
133 39 151 31 28 424 62 68 106 226 105 106
134 62 212 42 309 228 377 52 314 340 547 976
135 93 337 548 203 277 130 257 426 133 143 18
136 160 826 56 718 63 131 126 4 239 373 243
137 21 41 776 206 588 29 339 464 340 367 546
138 481 949 552 57 460 440 232 397 458 6 481
139 164 63 481 6 204 205 196 918 200 207 128
140 274 216 273 269 155 115 5 527 443 93 563
141 166 2 195 281 412 281 183 400 560 215 215
142 291 183 493 65 320 166 87 42 187 283 300
143 18 314 309 615 115 263 485 114 444 263 361
144 615 404 533 306 113 370 417 258 107 467 189
145 166 17 41 63 184 183 371 768 99 404 932
146 21 355 46 129 172 133 106 21 287 298 287
147 612 212 173 340 290 129 493 105 424 210 183
148 179 157 345 130 351 419 168 568 401 533 508
149 575 178 180 601 197 199 280 291 183 399 51
150 390 377 215 494 187 20 533 46 334 139 819
151 470 753 491 453 932 856 666 12 739 569 739
152 82 252 236 363 560 362 28 339 251 914 816
153 301 429 166 194 832 408 4 169 306 723 971
154 518 154 333 320 349 320 376 388 280 575 149
155 223 173 533 822 168 284 206 588 29 33 370
156 122 376 103 181 250 60 122 103 379 191 350
157 352 160 541 209 237 174 121 51 143 142 125
158 233 366 317 366 19 707 957 213 247 525 700
159 158 564 480 21 13 375 356 355 365 438 74
160 308 320 94 199 399 813 458 420 269 288 506
161 82 215 74 468 224 1 254 216 142 28 249
162 17 218 495 218 596 597 58 886 59 252 131
163 154 209 518 333 17 154 422 184 329 129 515
164 564 338 114 367 62 365 226 546 187 183 568
165 483 214 434 282 174 281 494 312 300 128 445
166 172 183 520 991 812 193 55 520 2 803 195
167 453 105 249 357 454 62 448 424 164 564 589
168 523 172 365 179 280 377 6 194 252 845 209
169 30 417 116 473 582 418 129 557 83 333 83
170 987 115 23 113 925 113 443 165 35 27 151
171 171 547 423 527 96 5 141 913 44 324 720
172 403 53 183 16 170 473 473 531 686 86 12
173 723 538 173 62 134 482 48 40 318 245 976
174 54 96 107 23 32 654 783 654 32 26 37
175 532 63 3 62 459 362 129 425 86 41 249
176 486 184 473 42 560 295 276 295 290 829 168
177 86 264 440 275 123 31 34 31 256 234 404
178 629 316 379 104 389 397 389 283 321 380 377
179 133 27 883 336 251 151 40 917 41 42 820
180 343 343 42 309 268 934 340 133 167 207 128
181 376 388 182 397 53 14 515 14 706 290 706
182 283 366 174 157 103 103 0 17 41 460 233
183 12 183 854 82 93 30 590 165 30 32 654
184 21 326 160 498 765 421 496 488 466 893 971
185 124 185 323 185 99 323 98 768 97 300 662
186 283 308 376 377 342 231 624 420 180 422 820
187 107 318 160 159 244 237 5 430 4 832 826
188 459 106 480 667 509 540 184 68 184 106 105
189 453 105 169 115 900 338 165 367 155 849 387
190 418 467 160 389 292 133 62 79 482 47 135
191 343 278 183 159 249 366 758 91 306 434 208
192 195 533 185 533 29 39 23 367 405 129 802
193 195 826 832 586 58 138 409 47 245 160 856
194 6 89 76 423 96 107 494 83 693 121 144
195 160 401 621 518 519 85 519 228 482 228 121
196 94 41 917 41 152 395 121 366 84 144 144
197 206 201 121 158 63 252 369 304 271 809 56
198 419 611 623 458 13 27 40 361 423 438 455
199 174 233 433 162 287 69 480 221 745 745 74
200 434 820 180 122 347 149 440 413 542 543 813
201 94 377 172 129 292 377 907 156 734 280 572
202 41 464 165 367 133 531 77 445 518 155 541
203 291 256 222 513 147 424 87 661 264 500 358
204 820 970 51 113 23 172 426 285 62 131 832
205 925 925 925 89 933 446 13 244 235 236 46
206 918 51 143 340 217 366 223 256 450 183 201
207 172 61 396 157 351 179 388 321 388 60 172
208 126 635 520 164 15 823 570 707 358 44 133
209 924 209 56 96 252 338 135 443 423 13 53
210 926 930 669 669 930 931 243 950 422 212 268
211 249 255 105 856 615 244 420 53 157 379 80
212 68 184 256 366 165 30 121 41 581 581 65
213 956 856 434 99 100 768 434 515 562 457 197
214 215 201 918 207 196 424 303 845 481 54 481
215 211 375 405 169 5 763 5 411 864 411 252
216 971 26 437 482 777 535 777 340 167 339 79
217 70 494 113 361 981 976 318 527 48 84 110
218 225 494 484 484 563 572 64 215 215 187 329
219 222 21 169 41 593 155 44 43 452 608 499
220 17 233 282 218 18 166 411 864 411 438 336
221 314 726 107 393 387 485 73 311 73 223 228
222 315 537 268 282 597 411 981 442 114 13 93
223 87 546 422 493 107 206 167 122 411 193 832
224 256 170 548 459 473 44 9 707 358 499 488
225 223 256 366 812 208 305 420 210 434 411 988
226 86 190 434 173 184 508 480 183 20 260 260
227 226 317 310 340 371 473 25 370 33 13 4
228 309 309 0 103 0 1 549 6 528 644 147
229 23 107 258 477 329 249 577 578 577 518 492
230 5 990 65 107 459 215 183 188 671 17 533
231 196 205 908 124 97 371 28 339 114 152 440
232 6 473 427 655 427 166 218 308 295 390 226
233 82 859 281 5 357 357 80 80 107 736 86
234 283 21 932 154 252 533 515 493 611 419 495
235 236 363 560 211 599 242 303 423 455 35 30
236 211 430 425 130 129 458 647 82 30 31 135
237 174 285 949 481 412 285 121 263 116 417 93
238 241 241 240 160 27 545 133 179 150 149 342
239 243 239 243 963 154 513 655 151 409 421 529
240 209 139 420 283 166 42 184 256 306 62 372
241 240 242 926 301 113 434 172 231 172 458 6
242 963 238 176 113 438 261 165 93 280 116 896
243 233 235 233 333 82 681 350 377 393 152 458
244 209 242 963 234 366 312 300 283 58 587 3
245 337 337 93 135 135 47 370 423 176 238 242
246 608 246 765 365 87 545 183 105 106 73 106
247 661 66 90 86 318 333 261 31 229 37 37
248 311 73 259 86 95 6 562 498 247 498 213
249 765 249 252 408 58 58 859 434 677 434 489
250 321 162 81 222 82 572 936 284 133 545 255
251 437 75 372 433 405 296 249 210 290 936 350
252 520 54 88 96 59 990 285 809 627 549 679
253 121 84 454 357 249 427 42 86 151 494 515
254 329 91 306 113 32 261 437 482 318 83 496
255 424 820 165 183 271 86 44 805 971 823 7
256 165 254 142 172 129 563 494 197 160 541 764
257 65 543 93 143 413 65 232 219 18 201 201
258 132 305 528 528 191 494 2 698 481 950 366
259 73 756 215 211 698 305 949 305 285 211 131
260 331 73 215 58 285 286 160 435 793 748 793
261 165 314 184 747 424 518 163 366 282 154 820
262 345 483 851 852 18 121 856 922 141 249 105
263 333 281 281 859 56 738 56 13 121 13 481
264 499 332 707 86 430 765 249 201 107 87 208
265 265 213 155 285 401 257 568 1 146 187 74
266 265 267 700 452 9 265 500 502 9 565 823
267 264 440 149 179 249 404 353 249 2 886 859
268 248 612 311 188 671 80 460 147 42 280 181
269 256 30 424 210 252 859 2 126 552 949 481
270 419 460 748 107 405 19 155 371 285 774 285
271 86 191 434 166 1000 14 493 270 419 468 160
272 812 63 62 8 8 9 498 602 499 44 833
273 140 335 140 64 238 237 107 18 280 820 142
274 263 367 31 261 121 828 233 210 212 252 233
275 65 533 146 67 74 227 226 419 14 290 114
276 276 560 856 8 672 672 44 155 541 155 211
277 206 198 485 73 84 160 55 950 292 83 856
278 157 64 238 0 560 21 303 362 529 922 908
279 82 226 405 340 249 12 44 765 720 555 856
280 130 290 254 114 76 119 427 142 560 283 105
281 949 132 59 57 604 546 177 562 438 129 430
282 84 295 386 560 316 146 183 326 105 258 111
283 333 17 155 183 29 588 23 115 883 336 170
284 167 277 232 939 350 681 178 275 835 275 178
285 96 470 155 589 607 419 329 212 420 152 366
286 129 161 105 601 422 87 21 11 240 243 242
287 536 86 480 329 303 329 576 129 133 113 23
288 432 84 127 160 445 64 719 719 64 918 41
289 14 103 389 295 106 695 228 519 518 105 64
290 106 690 107 206 202 41 546 158 599 708 99
291 493 425 129 232 918 199 65 334 446 15 541
292 377 147 152 128 167 339 35 442 115 460 730
293 12 638 300 495 170 212 268 419 114 896 355
294 401 533 667 582 211 129 86 47 38 915 38
295 717 459 464 483 128 226 365 602 358 105 80
296 420 355 211 88 89 215 589 106 531 82 183
297 260 10 508 533 818 86 173 134 766 766 521
298 473 190 459 498 332 502 358 264 160 169 326
299 287 896 638 126 208 114 892 896 896 142 820
300 314 74 317 310 17 226 696 248 268 73 116
301 180 278 363 351 210 256 412 884 884 884 884
302 96 86 264 141 264 359 267 266 608 266 12
303 242 533 306 426 93 526 526 167 453 546 252
304 82 249 173 142 474 128 3 812 137 254 173
305 194 1001 2 96 28 363 351 129 343 278 789
306 533 303 665 87 643 163 82 357 486 458 291
307 588 25 654 163 533 546 163 107 343 157 214
308 6 845 6 4 283 820 593 14 389 283 378
309 42 493 291 168 172 450 86 8 213 421 649
310 307 971 114 137 283 215 5 520 812 59 54
311 223 160 194 5 132 121 217 132 58 6 517
312 62 508 142 115 546 2 55 3 571 373 280
313 226 228 301 199 201 232 231 290 65 498 503
314 301 183 133 28 20 160 856 153 49 84 134
315 495 218 120 74 225 460 427 47 165 725 318
316 73 317 309 224 74 485 443 443 547 113 83
317 221 155 133 426 391 379 391 380 295 181 394
318 976 333 155 593 482 14 563 522 523 829 290
319 243 235 5 191 156 321 391 379 396 393 105
320 734 377 189 667 184 86 190 564 303 82 30
321 320 65 430 280 533 310 105 142 129 35 5
322 446 45 828 45 322 140 274 678 492 256 367
323 5 6 211 283 280 129 116 860 437 89 252
324 44 401 835 401 874 401 401 424 338 365 329
325 340 375 66 984 66 560 218 268 496 506 407
326 145 299 508 546 245 121 17 950 55 698 59
327 105 420 810 520 635 520 815 815 57 859 249
328 258 454 258 474 282 183 129 211 4 408 193
329 106 188 495 606 495 739 569 558 674 430 8
330 73 223 173 282 222 222 400 260 69 551 663
331 482 438 545 590 33 409 81 911 189 255 170
332 359 699 359 700 720 324 44 486 232 206 294
333 212 152 128 607 544 932 212 17 163 87 404
334 65 434 473 114 245 114 115 404 185 618 404
335 760 546 321 181 526 515 177 218 94 94 205
336 419 81 412 971 406 506 504 86 229 39 39
337 123 160 526 181 384 80 114 252 338 987 169
338 107 212 333 155 105 190 418 184 142 483 482
339 114 896 169 367 107 303 405 290 198 204 128
340 546 77 333 443 96 361 96 96 113 444 847
341 297 13 244 159 241 234 239 3 59 56 738
342 156 13 421 38 321 250 84 471 434 99 353
343 971 47 409 590 33 24 588 28 424 445 340
344 148 150 61 498 200 776 908 908 205 86 20
345 352 851 342 228 309 317 73 268 316 187 146
346 342 206 207 200 201 133 581 5 323 5 807
347 191 278 347 349 13 238 241 241 242 166 150
348 191 122 167 257 65 426 14 918 207 128 940
349 320 333 83 84 210 114 434 107 597 62 169
350 936 290 356 183 63 420 20 301 809 88 233
351 377 106 17 422 129 176 450 494 160 478 160
352 350 191 284 214 178 53 199 338 165 47 114
353 183 329 486 486 94 820 53 440 14 172 168
354 404 87 810 393 105 450 129 333 847 96 251
355 115 420 337 337 133 28 37 588 30 764 314
356 564 190 282 256 30 473 115 336 135 31 337
357 106 20 145 299 473 465 786 64 859 183 5
358 700 358 765 249 543 87 23 301 504 358 501
359 525 533 520 56 54 174 63 419 68 184 422
360 19 506 506 499 213 44 499 912 504 494 83
361 135 251 116 27 338 424 170 371 641 541 62
362 666 166 180 130 280 820 199 83 101 371 518
363 296 199 196 86 340 46 169 137 164 46 45
364 211 333 820 974 820 283 295 947 394 389 211
365 183 419 172 342 797 14 380 380 381 515 290
366 152 87 643 163 821 163 615 714 143 229 198
367 30 588 27 24 114 24 36 48 361 443 527
368 83 84 121 210 300 173 892 340 282 230 80
369 88 89 405 174 405 162 532 211 236 269 420
370 25 361 136 464 339 151 170 367 531 79 219
371 282 226 283 133 445 51 918 974 917 908 908
372 248 309 511 191 262 347 166 252 740 971 108
373 372 404 212 42 184 486 21 214 160 142 366
374 5 738 698 411 24 25 26 24 609 24 169
375 13 191 839 377 262 62 142 125 618 124 706
376 157 130 425 121 46 446 579 334 140 429 446
377 163 107 427 40 847 96 259 83 458 813 172
378 179 128 87 426 568 420 64 172 275 511 64
379 316 459 17 696 297 177 65 377 872 307 133
380 537 613 243 42 20 188 80 880 2 208 54
381 149 342 228 160 282 20 160 672 141 265 161
382 393 153 615 412 238 209 209 541 139 420 81
383 377 387 388 295 943 295 386 157 681 133 283
384 393 180 343 278 83 19 7 265 7 833 7
385 103 60 133 170 367 170 105 607 544 212 77
386 295 394 397 52 52 301 18 533 303 630 630
387 390 385 376 60 61 395 379 321 295 128 346
388 181 346 206 205 955 197 201 231 53 157 386
389 397 368 83 44 525 7 451 558 359 569 602
390 390 389 211 412 587 408 473 17 228 314 21
391 377 199 338 165 455 900 900 115 87 147 82
392 61 440 629 316 268 218 177 177 0 268 390
393 321 177 64 685 481 281 6 375 476 478 84
394 397 60 296 363 165 492 256 474 23 953 35
395 152 153 494 187 932 303 81 685 826 63 271
396 395 424 154 5 96 46 174 46 271 54 826
397 64 89 76 443 47 116 816 40 31 37 36
398 157 130 65 493 600 65 358 43 566 971 188
399 493 399 401 399 493 249 249 820 51 346 133
400 105 83 128 36 183 308 83 856 720 555 141
401 457 62 115 436 115 261 165 339 27 32 33
402 377 155 17 74 254 186 62 23 83 546 17
403 542 543 129 113 367 31 155 739 155 589 459
404 82 963 242 879 242 233 236 155 533 163 115
405 601 480 282 405 17 62 811 62 12 12 638
406 506 107 495 222 215 311 188 533 169 375 64
407 265 19 430 141 8 293 754 44 526 537 53
408 271 455 330 860 170 417 116 96 411 552 89
409 357 404 404 709 404 422 424 318 527 547 981
410 486 367 473 427 151 165 245 976 925 333 83
411 243 83 180 166 314 256 534 450 13 114 434
412 252 408 6 141 602 616 1 215 73 297 13
413 183 355 83 107 932 371 63 625 252 281 494
414 415 86 366 105 154 163 652 478 183 513 121
415 86 508 550 82 77 557 5 902 5 192 58
416 173 68 509 13 95 204 533 822 86 421 365
417 417 339 337 136 438 588 28 37 29 169 367
418 160 190 42 129 450 93 27 338 62 21 114
419 356 355 183 329 514 478 477 329 83 13 421
420 249 221 14 181 526 424 401 401 425 129 62
421 23 29 331 260 10 143 82 50 431 71 612
422 546 963 235 360 452 570 8 9 699 699 358
423 113 115 753 151 27 338 199 258 410 490 80
424 493 283 131 83 141 64 950 651 2 517 6
425 705 705 705 401 257 568 82 543 105 820 83
426 450 256 128 52 719 52 397 320 232 1000 918
427 431 288 295 368 368 301 482 576 232 820 493
428 592 908 822 484 822 936 955 94 201 218 1
429 448 448 40 48 171 333 279 107 404 252 849
430 486 115 820 93 93 424 474 145 188 81 710
431 217 49 71 162 612 211 329 290 405 300 45
432 71 431 105 478 90 469 90 220 128 526 450
433 162 412 87 533 46 340 513 210 142 20 223
434 69 183 308 880 4 62 441 254 329 989 989
435 65 275 232 241 158 599 708 371 323 371 932
436 437 27 13 771 489 21 486 245 424 86 121
437 39 86 425 457 493 413 177 17 612 71 288
438 115 263 426 306 409 244 238 238 64 456 64
439 338 123 438 28 333 230 106 114 473 115 96
440 264 500 502 502 9 406 7 510 264 570 264
441 699 499 707 264 856 950 913 922 129 105 187
442 245 48 48 678 627 333 493 93 27 37 29
443 409 390 296 351 483 142 143 325 65 86 81
444 48 423 333 253 237 927 927 930 931 238 302
445 5 207 116 135 40 753 75 753 860 135 75
446 447 269 164 579 164 395 83 113 26 29 455
447 140 166 129 562 714 813 623 86 623 86 271
448 971 108 409 428 160 424 46 164 272 617 448
449 414 479 381 321 177 312 420 854 82 543 458
450 413 275 840 562 840 426 621 130 121 242 106
451 566 421 448 107 809 305 845 685 137 301 311
452 700 956 506 238 499 566 700 7 661 452 608
453 607 471 295 384 387 42 106 183 351 166 201
454 189 190 434 210 160 292 280 181 160 361 245
455 47 79 419 14 918 974 87 115 363 314 105
456 456 456 64 400 271 256 312 74 21 364 212
457 457 568 457 294 572 822 822 290 426 425 285
458 600 600 813 836 813 526 167 277 280 556 14
459 166 145 163 643 404 153 211 705 425 426 14
460 411 271 4 283 372 75 76 113 36 34 545
461 45 162 747 663 137 4 114 533 32 26 30
462 424 121 199 51 109 62 365 152 92 370 361
463 462 211 604 458 655 114 208 305 174 286 138
464 339 25 29 588 169 80 121 468 167 182 384
465 809 195 586 58 812 252 194 990 193 685 298
466 266 500 466 374 5 218 366 372 121 144 144
467 17 393 283 367 114 121 21 5 261 133 25
468 107 139 461 624 409 292 493 84 209 285 5
469 258 402 211 84 411 976 423 113 133 403 129
470 986 470 494 229 115 16 106 11 569 11 358
471 671 375 474 615 800 287 896 638 300 158 89
472 355 638 355 184 298 551 434 647 435 647 256
473 81 86 96 867 96 591 62 98 107 139 335
474 249 459 19 555 141 569 501 499 502 301 137
475 375 375 91 477 375 64 106 1 548 607 87
476 112 112 373 133 160 78 77 557 518 333 252
477 474 13 13 306 169 333 533 530 11 666 420
478 434 83 142 81 486 82 228 82 86 238 440
479 414 916 414 443 261 23 113 370 116 135 437
480 252 212 173 249 493 283 166 147 460 679 81
481 599 132 152 116 245 62 211 845 699 922 529
482 162 859 132 160 146 17 282 225 282 173 462
483 377 368 103 582 667 69 64 305 210 303 106
484 448 273 13 458 789 129 254 458 82 304 82
485 245 423 160 591 107 454 189 540 189 941 189
486 270 515 176 417 133 155 520 164 137 2 809
487 84 31 96 400 400 589 459 166 160 68 121
488 496 496 421 23 121 356 478 160 136 338 438
489 489 210 546 742 546 163 366 372 64 14 284
490 128 129 308 430 498 501 406 504 409 25 29
491 117 613 127 130 130 122 351 249 404 412 6
492 678 678 311 268 223 183 464 900 128 483 94
493 280 440 493 212 210 243 5 105 285 164 160
494 121 963 154 269 87 115 404 142 124 97 98
495 228 519 20 166 380 200 167 434 434 424 950
496 213 913 560 329 405 355 21 253 20 20 137
497 491 377 659 659 659 659 659 377 167 130 776
498 569 674 504 44 105 269 139 139 137 194 238
499 440 178 231 457 409 171 361 135 31 337 367
500 264 61 320 283 5 134 598 86 223 152 62
501 176 181 162 63 210 363 63 3 412 59 57
502 141 496 359 570 971 729 441 498 503 502 502
503 61 95 181 390 320 376 395 376 393 388 384
504 699 922 496 506 932 506 407 213 452 213 8
505 358 765 707 86 855 299 473 418 473 80 183
506 83 963 643 269 615 459 362 44 12 823 521
507 507 507 298 299 549 362 856 498 267 498 265
508 473 550 105 236 269 211 87 552 698 685 13
509 69 107 96 135 170 254 153 333 253 607 243
510 8 358 213 700 267 359 496 496 922 488 922
511 309 223 624 13 164 334 592 353 160 310 107
512 155 739 155 46 45 160 493 166 133 106 20
513 93 664 58 244 64 238 194 56 271 46 812
514 66 64 224 468 223 314 17 393 385 82 230
515 176 656 262 533 204 280 556 464 493 523 292
516 762 516 102 743 516 305 5 690 316 73 756
517 516 408 408 520 571 408 571 211 582 418 142
518 166 234 160 136 30 32 438 33 23 25 40
519 189 5 249 170 170 86 687 86 620 86 506
520 174 520 54 809 412 195 4 564 208 249 543
521 553 554 134 173 107 812 635 286 58 404 612
522 563 93 86 623 791 401 714 486 327 301 511
523 292 493 424 552 481 6 349 907 903 262 345
524 72 259 259 260 10 69 667 627 184 5 261
525 407 566 569 430 211 153 301 809 285 921 56
526 440 280 362 560 106 365 179 82 74 537 227
527 424 393 810 244 303 145 249 161 81 550 82
528 5 644 147 107 99 434 458 647 458 714 65
529 166 114 211 754 804 11 10 971 277 203 86
530 365 362 256 263 301 137 571 373 92 11 240
531 686 22 173 651 597 62 434 459 490 371 640
532 520 121 107 184 42 495 371 419 542 458 121
533 856 555 7 407 43 43 406 503 44 486 94
534 450 932 932 106 114 495 363 420 373 420 326
535 134 366 84 119 40 26 953 997 24 34 5
536 189 519 786 786 519 189 786 465 14 936 129
537 53 389 53 167 122 191 82 612 84 31 40
538 530 293 498 362 128 900 40 151 113 424 395
539 78 82 329 38 38 86 12 293 530 538 777
540 971 452 451 141 69 710 184 127 259 259 253
541 15 405 303 63 249 464 211 195 59 832 586
542 256 552 13 13 135 47 417 423 303 520 164
543 813 275 129 36 588 28 533 44 754 360 451
544 84 49 50 654 211 636 211 83 430 249 464
545 165 844 165 32 113 23 38 421 86 753 914
546 597 107 216 69 80 424 174 285 812 546 340
547 443 366 387 321 160 576 543 478 105 771 13
548 405 124 125 185 354 125 937 125 935 100 117
549 326 543 542 543 424 367 932 419 183 218 82
550 549 188 183 68 287 82 279 160 562 714 401
551 160 30 38 33 39 409 117 460 183 116 420
552 411 193 194 411 411 285 57 6 64 482 318
553 521 766 521 134 867 96 610 160 263 547 361
554 777 200 207 917 205 94 120 133 333 283 62
555 720 86 93 197 198 202 198 64 644 296 160
556 483 280 228 121 44 473 296 105 199 301 23
557 160 338 263 442 114 983 333 527 113 473 35
558 569 365 44 555 265 266 358 566 499 19 473
559 769 559 160 352 851 575 206 515 270 426 292
560 856 820 121 427 31 82 234 64 199 850 546
561 462 419 789 278 130 345 156 122 231 196 200
562 6 59 57 698 2 138 211 506 971 467 81
563 584 563 494 509 420 118 128 116 280 473 29
564 564 114 303 210 129 413 526 93 464 128 419
565 266 608 754 804 754 971 216 160 302 238 758
566 608 499 707 358 501 374 505 661 141 500 44
567 82 131 252 210 533 189 582 971 332 523 522
568 121 190 533 493 107 748 118 84 62 143 95
569 11 233 235 234 166 950 131 4 430 421 255
570 8 107 70 186 162 181 384 321 697 414 414
571 3 412 64 914 987 123 455 96 469 474 546
572 822 936 936 935 768 371 351 210 236 249 145
573 525 19 267 267 161 569 9 661 518 424 78
574 65 450 932 253 21 41 143 469 143 290 563
575 377 391 376 250 113 424 21 520 635 286 5
576 93 165 340 424 153 166 424 164 428 139 107
577 249 236 252 234 269 447 473 495 228 342 139
578 577 518 557 917 593 197 205 917 27 38 29
579 269 152 288 431 71 217 50 654 26 171 38
580 580 580 580 580 580 580 580 580 580 580 580
581 473 211 364 363 121 651 272 592 933 335 124
582 971 343 157 350 345 483 320 350 204 65 204
583 521 598 482 576 93 165 169 464 128 378 379
584 563 14 205 201 41 94 207 95 122 95 205
585 168 183 326 733 64 211 137 160 413 214 60
586 404 937 937 937 125 283 296 363 420 83 20
587 4 2 107 285 252 59 738 698 58 921 412
588 206 205 198 229 86 65 357 290 62 818 166
589 256 3 859 612 427 367 748 222 142 283 758
590 23 24 24 31 165 366 218 228 82 82 173
591 145 163 87 859 5 931 210 137 63 971 710
592 617 272 546 226 309 311 297 259 74 309 310
593 128 206 232 120 94 86 23 545 442 96 469
594 372 115 229 84 399 129 63 355 255 472 355
595 52 197 172 450 295 215 377 394 182 18 84
596 218 222 85 537 460 81 365 490 460 493 611
597 142 263 113 547 370 33 39 437 337 23 261
598 521 615 333 527 96 136 135 30 424 80 21
599 158 114 63 4 63 635 520 286 685 298 42
600 458 13 40 24 96 474 111 258 62 86 353
601 41 254 44 183 142 932 326 21 29 116 27
602 699 602 61 498 496 459 316 146 368 366 368
603 414 605 851 350 13 199 207 196 280 47 443
604 411 285 379 378 388 296 549 661 161 82 150
605 414 449 414 449 414 415 852 415 414 479 275
606 495 155 183 351 365 180 932 174 809 59 698
607 419 611 160 250 0 266 213 9 452 608 265
608 499 374 505 661 707 525 466 649 421 430 183
609 24 30 116 655 96 31 170 490 518 163 333
610 57 683 305 5 135 165 338 113 983 113 26
611 623 611 450 420 526 498 51 261 261 486 169
612 71 71 71 162 747 667 13 96 325 326 424
613 243 820 434 340 86 283 748 222 256 46 236
614 106 351 178 498 0 223 166 0 498 440 450
615 84 373 86 450 214 351 155 150 388 394 394
616 533 173 124 97 640 185 768 125 124 404 185
617 272 273 579 321 904 321 385 295 86 225 225
618 125 618 404 121 130 191 682 511 7 213 499
619 613 127 189 460 57 601 405 303 564 356 183
620 86 172 533 63 236 208 495 211 661 19 142
621 518 145 393 157 64 412 845 281 5 53 486
622 238 86 180 289 14 419 129 308 462 561 462
623 313 317 226 317 1 232 515 572 939 232 321
624 13 667 42 490 160 786 519 809 971 514 375
625 63 184 80 367 121 36 160 496 506 506 499
626 87 333 5 423 976 76 76 76 455 123 172
627 86 37 338 199 908 94 201 198 434 427 169
628 320 321 157 390 756 73 218 183 133 361 171
629 177 232 176 423 485 423 361 423 455 304 599
630 303 242 158 63 363 174 859 411 215 223 142
631 209 88 137 137 301 926 930 301 180 162 389
632 397 60 321 388 130 13 84 115 256 183 611
633 633 633 633 633 633 633 633 633 633 633 633
634 635 4 142 271 252 243 58 145 183 159 240
635 812 83 63 63 137 126 208 155 470 155 105
636 636 211 654 24 28 165 361 560 361 47 135
637 234 86 70 186 420 661 8 672 141 601 163
638 158 244 963 950 393 308 183 90 107 665 411
639 65 65 435 435 616 320 389 181 219 483 167
640 353 353 98 124 424 80 287 81 671 589 282
641 163 160 190 106 459 223 225 223 330 248 0
642 82 303 249 222 696 218 225 223 222 331 764
643 269 82 209 210 244 64 94 218 300 460 411
644 528 373 282 597 756 215 218 366 115 116 405
645 191 511 215 440 129 165 362 496 83 292 1000
646 211 195 6 516 305 865 845 520 685 59 803
647 434 212 422 153 62 7 62 597 596 597 596
648 648 648 648 648 648 648 648 648 648 648 648
649 452 971 29 971 304 16 405 531 300 460 748
650 215 309 17 106 145 771 145 147 212 48 38
651 121 173 538 498 738 5 291 181 385 376 342
652 163 5 284 255 1 268 160 690 282 191 601
653 653 653 653 653 653 653 653 653 653 653 653
654 288 19 707 331 615 518 106 486 280 405 116
655 13 36 367 405 300 124 708 748 151 86 855
656 380 181 397 389 521 823 452 570 707 913 44
657 269 644 6 412 3 89 211 705 705 232 292
658 658 658 658 658 658 658 658 658 658 658 658
659 377 103 53 466 506 411 408 56 63 552 424
660 660 660 660 660 660 660 660 660 660 660 660
661 11 569 778 160 127 121 375 66 328 514 91
662 366 531 437 26 40 27 31 367 340 445 62
663 188 42 188 710 299 418 473 403 129 183 822
664 515 817 544 82 739 300 329 160 429 579 164
665 812 46 533 164 448 592 429 166 742 546 377
666 12 896 112 66 215 400 560 66 469 469 478
667 409 177 60 182 368 1 641 420 325 5 375
668 157 389 295 82 233 210 494 190 69 480 357
669 930 963 131 86 430 19 754 720 466 504 912
670 670 670 670 670 670 670 670 670 670 670 670
671 188 667 533 164 216 62 201 204 201 166 331
672 430 533 333 320 377 376 104 394 160 218 482
673 673 673 495 106 537 74 330 455 29 133 568
674 504 967 44 293 506 107 80 20 127 227 127
675 675 675 675 675 675 675 675 675 675 675 675
676 428 335 274 428 15 45 447 579 273 271 518
677 199 64 271 738 685 160 397 150 191 350 204
678 492 160 158 639 234 931 158 4 408 3 81
679 663 187 121 281 301 184 19 265 452 7 407
680 380 0 283 389 64 376 150 321 301 686 245
681 82 116 27 28 351 483 345 160 85 160 139
682 191 601 107 747 105 203 280 575 342 149 157
683 305 281 698 57 285 15 541 215 460 80 282
684 684 684 684 684 684 684 684 684 684 684 684
685 208 129 203 377 350 178 191 148 148 191 5
686 564 258 932 531 82 304 88 63 132 217 121
687 404 353 125 5 902 5 97 97 300 106 169
688 543 493 405 105 405 160 559 769 559 258 410
689 543 399 450 291 420 624 13 145 145 82 546
690 215 114 115 486 48 318 176 177 656 380 157
691 691 691 691 691 691 691 691 691 691 691 691
692 231 181 104 60 420 7 466 8 510 674 558
693 283 253 932 494 222 519 315 218 300 183 280
694 610 694 129 548 497 409 128 168 64 300 889
695 106 311 282 233 210 212 531 420 434 450 515
696 226 275 86 85 726 62 115 121 665 87 82
697 321 232 214 352 342 147 105 285 164 735 140
698 54 126 411 597 695 20 160 726 189 460 169
699 9 525 967 525 700 247 246 530 92 173 400
700 720 720 441 699 971 430 365 495 638 480 282
701 462 272 252 285 532 552 208 57 305 281 13
702 932 3 434 19 754 608 466 267 161 160 400
703 703 703 703 703 703 703 703 703 703 703 703
704 107 77 950 131 2 832 160 85 778 160 210
705 401 44 555 265 661 459 223 468 82 142 210
706 936 935 353 935 100 125 99 125 121 338 113
707 9 971 179 191 86 261 116 513 513 229 39
708 708 708 125 935 100 102 516 192 323 102 812
709 404 546 536 83 278 493 486 172 533 562 285
710 952 509 184 486 367 932 820 197 955 205 167
711 711 711 711 711 711 711 711 711 711 711 711
712 401 289 231 177 74 756 390 377 959 377 907
713 509 518 519 459 42 183 301 581 51 557 232
714 714 458 275 368 321 560 40 160 799 160 726
715 799 447 323 125 100 142 404 62 249 80 880
716 716 716 716 5 644 115 812 932 492 612 427
717 215 341 215 434 184 710 299 968 184 121 78
718 63 896 368 390 377 207 917 197 457 409 225
719 719 395 103 250 377 621 149 160 377 907 377
720 11 233 239 158 82 255 421 7 570 359 44
721 27 34 590 13 87 642 82 170 114 47 26
722 278 284 257 167 918 41 152 116 73 17 295
723 733 420 661 549 818 160 621 377 120 0 266
724 338 114 215 255 145 147 695 222 748 13 199
725 486 270 84 317 307 971 9 699 529 529 452
726 5 438 440 440 249 932 129 458 526 390 14
727 83 223 758 238 931 158 234 404 173 306 426
728 327 141 533 401 183 545 25 339 113 338 169
729 44 21 222 810 393 389 393 121 83 145 333
730 13 980 427 119 455 24 31 32 883 115 753
731 731 731 731 731 731 731 731 731 731 731 731
732 732 732 732 732 732 732 732 732 732 732 732
733 306 858 306 93 361 160 17 434 518 460 170
734 172 129 460 518 249 602 699 506 499 238 62
735 164 63 865 2 249 209 211 304 211 304 809
736 333 176 450 813 280 280 214 351 178 214 536
737 737 271 152 254 366 311 282 747 663 68 667
738 286 6 281 281 718 305 489 473 490 81 544
739 569 141 365 338 229 536 86 366 248 215 155
740 252 48 38 847 333 77 79 6 921 930 234
741 377 0 218 315 519 518 188 183 526 424 100
742 546 427 82 458 13 420 452 487 488 529 265
743 517 102 100 96 21 480 143 128 172 365 513
744 744 744 744 744 744 744 744 744 744 744 744
745 979 170 453 87 252 615 281 949 481 3 138
746 746 746 746 746 746 746 746 746 746 746 746
747 612 347 307 314 225 86 494 70 494 822 593
748 793 435 160 377 215 58 4 809 301 28 133
749 776 593 974 128 490 258 476 329 514 329 38
750 88 533 67 86 623 84 558 529 141 19 441
751 128 133 309 177 60 379 64 840 526 440 264
752 283 86 234 366 84 252 241 240 373 411 728
753 470 75 655 231 655 37 261 169 36 107 269
754 565 608 720 720 7 566 971 859 211 338 37
755 211 252 87 329 365 490 165 23 480 638 638
756 533 504 293 420 133 160 200 65 324 10 25
757 757 980 13 481 373 528 64 412 826 2 59
758 61 519 85 537 394 394 389 60 396 320 593
759 121 468 419 161 12 430 504 502 506 434 215
760 592 448 164 137 63 865 2 283 493 464 483
761 393 612 233 86 620 620 290 143 166 160 312
762 516 408 138 685 845 252 949 271 89 259 96
763 5 102 405 124 214 419 184 968 968 968 299
764 541 533 45 932 932 812 685 698 552 58 859
765 506 466 971 343 342 493 333 984 333 473 256
766 521 583 521 766 766 766 521 583 521 340 105
767 13 514 91 329 303 371 419 84 49 49 71
768 125 98 100 820 249 23 40 917 200 95 167
769 107 65 543 542 403 526 813 413 526 160 306
770 353 87 152 114 234 145 299 184 166 1000 206
771 64 222 256 263 981 361 136 339 27 13 147
772 772 772 772 772 772 772 772 772 772 772 772
773 773 773 405 498 43 569 430 11 270 183 278
774 285 96 443 547 443 85 309 64 815 520 195
775 560 328 460 347 160 148 468 82 327 820 533
776 936 232 61 213 452 487 84 441 498 247 19
777 482 483 424 45 62 90 375 318 361 34 54
778 549 146 52 301 581 820 159 963 159 159 242
779 146 0 309 223 331 19 405 773 405 227 756
780 84 244 233 173 535 164 412 625 408 685 208
781 621 160 519 227 253 315 495 106 311 190 533
782 377 280 822 350 822 953 845 4 131 2 2
783 420 165 545 29 971 184 627 971 360 569 264
784 411 211 236 62 184 62 245 333 318 113 919
785 545 588 36 160 410 286 685 286 249 329 143
786 166 124 64 6 845 4 160 286 303 209 371
787 21 513 652 333 120 79 51 100 323 101 125
788 788 788 788 788 788 788 717 411 64 212 405
789 458 275 177 223 480 601 105 243 239 233 86
790 544 84 57 6 377 0 250 390 60 393 384
791 493 294 280 114 547 847 114 426 423 96 302
792 121 66 66 215 495 739 82 121 173 748 793
793 206 200 917 908 41 51 31 143 91 64 173
794 335 429 461 269 546 526 425 285 208 329 495
795 417 76 485 86 328 258 1003 258 357 249 431
796 405 405 46 21 327 325 69 353 125 100 5
797 231 434 198 419 531 300 329 340 114 208 195
798 798 798 798 798 798 798 798 798 798 798 798
799 160 255 371 106 932 254 153 17 518 282 41
800 533 44 213 499 501 176 318 121 458 450 211
801 41 30 546 249 82 131 55 59 89 158 233
802 365 314 365 180 434 493 292 426 206 786 160
803 803 990 194 815 92 11 754 971 582 671 549
804 720 7 86 417 367 105 441 121 93 543 401
805 44 128 215 249 106 129 162 393 60 352 346
806 89 260 21 10 434 283 308 880 160 255 160
807 211 389 211 518 490 405 126 208 133 365 141
808 808 808 808 808 808 808 808 808 808 808 808
809 174 815 520 4 107 163 5 194 685 520 4
810 301 45 932 210 303 254 41 387 376 379 61
811 84 835 789 93 86 145 533 504 529 44 498
812 366 310 1 548 607 296 385 321 157 179 214
813 600 168 615 459 328 494 113 38 25 533 602
814 347 191 278 191 350 352 789 835 275 226 254
815 305 483 851 214 593 515 270 14 130 277 82
816 470 367 116 221 459 248 459 42 642 300 489
817 817 543 249 162 389 397 379 387 950 113 932
818 160 148 179 340 166 353 97 101 131 212 210
819 461 461 735 461 592 139 819 139 164 269 139
820 64 455 251 339 160 139 334 322 447 461 735
821 163 533 333 173 533 663 160 217 70 932 163
822 900 411 809 131 612 41 128 419 351 182 283
823 452 506 44 672 160 413 275 177 734 157 391
824 191 645 156 645 645 645 191 178 351 518 211
825 733 538 92 678 48 165 114 171 133 362 483
826 193 63 408 211 153 252 288 84 373 194 373
827 506 503 358 12 700 498 430 543 82 518 249
828 896 329 486 362 956 933 429 322 428 651 121
829 523 64 306 93 169 371 125 97 300 100 102
830 452 569 957 19 121 128 3 886 812 373 372
831 258 142 253 418 107 356 82 51 740 82 438
832 586 86 426 526 275 178 656 262 814 262 533
833 62 201 107 343 128 226 440 159 89 369 89
834 107 166 107 541 140 15 46 446 448 334 15
835 401 542 450 581 78 497 79 13 730 460 427
836 332 499 213 487 332 523 332 608 264 500 569
837 837 837 837 837 107 963 473 509 68 419 114
838 45 274 269 234 132 160 131 211 304 256 187
839 191 180 178 381 380 53 52 301 155 188 424
840 232 1 284 255 371 363 81 679 549 694 493
841 376 388 60 395 80 21 5 809 627 678 400
842 211 809 305 271 481 2 56 303 285 63 107
843 290 822 290 892 114 434 303 405 145 828 434
844 165 96 339 75 470 367 256 357 184 253 212
845 921 285 371 21 187 80 549 934 268 222 18
846 605 846 605 846 846 846 846 846 846 846 846
847 48 485 387 395 104 103 14 339 170 816 411
848 445 139 137 210 114 609 333 155 19 166 399
849 849 859 58 2 405 3 160 23 107 65 357
850 199 197 206 202 198 290 515 280 130 172 207
851 852 851 214 180 419 336 280 256 405 856 105
852 18 121 296 190 184 5 34 38 86 129 87
853 82 10 405 166 426 183 3 286 532 4 571
854 252 132 194 990 803 767 803 826 812 826 859
855 155 114 210 424 483 362 365 548 129 290 572
856 374 166 1000 14 53 394 181 368 392 157 150
857 191 278 201 199 204 196 280 515 64 128 11
858 306 366 234 5 302 96 151 165 409 28 424
859 434 169 36 165 258 559 160 189 663 375 663
860 169 638 639 209 236 105 351 157 321 162 90
861 350 350 681 178 352 103 104 388 295 387 950
862 777 535 134 867 411 174 57 243 271 4 305
863 57 243 83 458 142 283 726 107 310 314 85
864 411 604 57 211 364 211 301 222 690 189 255
865 59 252 244 303 303 105 509 299 855 549 661
866 96 842 211 128 27 165 333 41 546 255 152
867 96 816 548 21 5 815 138 211 243 235 84
868 320 377 386 560 39 151 82 188 42 19 533
869 182 389 295 60 395 321 283 492 256 107 236
870 65 264 264 141 141 358 573 856 87 17 643
871 231 377 103 215 311 218 560 316 379 380 377
872 309 312 377 60 389 341 316 424 527 318 547
873 401 568 183 401 430 44 160 393 282 226 256
874 401 44 213 533 285 2 194 192 408 625 63
875 170 115 245 337 93 27 26 370 26 35 367
876 564 164 216 509 747 509 434 81 184 256 401
877 160 480 184 129 484 143 201 196 908 206 593
878 35 409 128 64 419 493 107 137 286 5 120
879 242 5 611 493 291 232 840 168 764 211 63
880 408 305 845 183 257 543 222 7 700 7 11
881 96 427 62 730 62 736 86 2 587 832 192
882 160 15 362 483 320 94 440 280 543 817 493
883 883 165 170 27 13 94 13 280 426 425 714
884 412 738 4 880 859 303 932 115 114 76 139
885 887 20 560 474 474 23 82 854 174 395 152
886 665 2 571 285 105 106 495 460 117 86 372
887 20 81 474 254 121 233 237 236 211 5 496
888 412 408 192 807 132 152 494 115 153 249 249
889 405 892 124 101 124 838 45 162 181 6 517
890 121 345 256 191 160 559 769 107 296 385 181
891 405 15 139 428 140 140 160 113 556 330 64
892 114 86 687 107 454 189 747 671 188 183 913
893 971 235 420 82 568 121 77 142 124 838 45
894 327 820 282 74 950 80 121 179 869 397 376
895 114 976 443 133 401 365 802 172 130 401 44
896 160 454 107 70 372 87 856 293 661 570 7
897 263 361 263 547 38 438 892 44 407 506 504
898 230 533 177 176 501 406 160 224 309 215 248
899 2 13 12 560 215 411 717 459 565 823 823
900 169 80 367 212 183 19 570 8 502 7 451
901 137 59 57 137 87 963 240 424 69 105 145
902 5 423 485 245 114 183 375 51 14 593 918
903 191 681 352 346 511 262 656 380 537 232 380
904 321 483 61 707 267 359 529 488 498 265 707
905 177 409 371 63 832 57 520 137 286 58 252
906 160 168 168 403 291 257 425 791 401 130 936
907 262 342 776 377 296 810 88 533 155 17 308
908 94 533 189 160 233 932 340 268 309 221 537
909 87 74 905 74 498 51 908 822 908 922 496
910 65 752 65 581 533 88 96 242 5 11 5
911 222 86 666 566 11 129 231 575 342 107 170
912 526 526 290 829 523 618 662 404 687 107 417
913 856 107 4 4 3 283 226 42 5 420 464
914 860 170 135 13 443 116 135 47 76 119 76
915 38 915 38 417 976 171 64 419 462 254 211
916 414 415 414 479 275 178 350 822 936 284 351
917 41 17 307 133 256 263 114 63 131 101 101
918 207 197 65 990 2 489 21 548 283 169 495
919 89 56 826 58 192 102 97 300 126 131 717
920 435 316 253 258 365 245 113 165 420 166 290
921 56 408 4 809 809 685 949 281 571 142 210
922 856 950 158 121 203 168 419 81 80 187 106
923 923 326 183 170 537 486 410 183 460 518 371
924 303 302 89 305 54 285 305 64 450 434 471
925 333 172 167 284 203 105 180 129 65 257 450
926 158 137 286 57 107 343 107 254 490 405 773
927 237 234 237 233 83 121 168 172 23 964 40
928 211 734 284 231 871 231 343 214 277 296 280
929 15 128 917 206 6 296 82 329 210 233 637
930 158 89 183 281 411 58 243 210 255 152 269
931 930 243 252 48 427 370 47 5 195 286 137
932 326 473 493 93 39 370 85 537 231 655 172
933 429 592 272 812 174 815 194 4 845 408 215
934 163 932 236 96 75 367 75 437 482 48 981
935 936 546 290 16 642 254 23 460 214 177 215
936 129 203 231 347 215 89 159 209 319 237 963
937 99 323 768 124 706 124 98 768 434 28 283
938 611 623 84 211 363 165 160 327 6 515 129
939 572 86 484 572 377 385 389 393 533 185 662
940 128 127 318 367 375 90 183 309 612 50 433
941 189 20 259 83 252 434 61 182 748 932 932
942 435 942 95 918 196 231 249 160 809 132 242
943 295 103 380 380 61 14 498 499 407 503 407
944 748 708 708 748 460 80 160 397 122 411 132
945 325 326 118 667 549 540 549 671 42 474 269
946 641 420 5 572 572 86 201 199 296 157 231
947 295 380 385 82 228 495 87 223 86 510 499
948 381 379 391 391 971 423 455 263 925 981 547
949 271 698 411 976 925 263 30 35 30 417 107
950 292 295 128 892 45 371 365 377 377 128 172
951 141 204 65 107 21 72 163 17 162 195 57
952 509 82 226 309 268 106 87 107 152 183 366
953 28 20 183 81 607 128 215 589 107 532 532
954 87 69 10 282 366 886 273 592 446 45 62
955 955 94 206 575 377 402 402 133 27 25 494
956 922 340 165 338 31 282 474 160 882 160 116
957 213 265 12 249 286 211 45 933 429 335 592
958 509 551 671 42 243 613 243 63 252 59 949
959 377 385 393 62 41 114 356 282 932 597 107
960 377 376 103 53 434 828 107 434 441 333 652
961 377 378 393 180 932 253 121 340 340 268 73
962 325 400 678 747 160 820 336 438 900 455 47
963 158 2 300 218 300 81 486 389 150 155 157
964 24 39 114 165 223 459 44 19 365 564 2
965 936 822 280 21 96 251 860 437 336 400 271
966 189 5 496 529 466 141 5 486 611 176 344
967 44 83 160 138 137 80 460 419 365 802 802
968 968 968 299 590 23 153 16 196 201 283 62
969 184 189 82 748 121 18 82 249 7 332 406
970 128 209 128 210 329 211 252 369 252 338 32
971 63 193 845 58 333 89 158 4 142 291 168
972 509 508 259 253 21 306 69 356 671 932 98
973 971 452 502 661 510 84 510 674 7 555 266
974 918 14 465 465 465 473 129 172 166 41 464
975 971 235 209 137 329 42 459 695 189 420 115
976 417 62 342 17 431 84 115 136 455 39 93
977 977 242 96 252 288 613 613 613 117 5 76
978 900 115 23 40 37 721 28 26 13 655 438
979 1 225 312 366 215 820 424 31 38 547 333
980 261 494 504 8 570 7 511 64 198 197 206
981 527 527 423 423 423 114 261 165 136 136 169
982 137 6 211 238 239 13 515 206 65 178 166
983 333 411 6 21 29 32 251 47 482 41 21
984 333 261 339 33 878 23 932 163 491 168 121
985 376 368 375 211 132 271 273 448 107 318 47
986 261 437 48 171 93 361 423 76 139 274 334
987 116 82 5 820 533 45 445 62 591 142 375
988 411 412 195 193 59 132 62 458 543 424 283
989 329 108 329 480 564 81 362 12 44 419 296
990 408 408 845 4 137 859 963 87 161 419 154
991 520 971 975 971 325 508 259 72 163 434 404
992 129 113 417 438 302 89 919 113 41 180 191
993 408 587 4 256 86 154 62 113 367 113 113
994 6 55 412 162 181 167 198 94 955 820 820
995 712 401 835 275 232 160 441 700 971 59 971
996 12 856 212 212 82 280 53 394 104 179 214
997 953 816 336 13 271 54 411 400 259 83 395
998 65 409 346 409 138 63 58 195 516 6 377
999 145 187 142 80 80 379 382 377 347 262 345
1000 166 756 597 118 128 30 29 229 86 438 302
1001 194 59 55 481 373 112 66 478 105 215 225
1002 560 12 996 12 86 218 215 60 342 393 393
1003 258 143 166 129 30 41 63 286 880 949 949
1004 55 520 160 492 678 549 690 21 462 145 533
0 74 513 642 284
1 232 177 18 177
2 826 63 158 239
3 137 114 158 89
4 896 63 107 478
5 337 5 408 137
6 611 493 294 290
7 498 533 19 44
8 950 404 357 454
9 765 707 331 328
10 20 82 137 139
11 359 504 912 765
12 14 221 560 0
13 39 84 323 533
14 339 123 450 107
15 424 154 783 154
16 187 42 309 872
17 422 424 424 170
18 107 106 546 249
19 155 22 20 81
20 519 518 560 922
21 145 518 954 518
22 173 107 295 490
23 128 300 889 375
24 169 405 896 160
25 35 40 245 76
26 26 34 40 261
27 301 423 423 245
28 282 166 41 14
29 23 62 312 300
30 545 438 340 107
31 932 474 80 671
32 367 44 86 203
33 438 35 165 329
34 33 39 339 437
35 32 40 33 34
36 409 316 695 183
37 84 471 170 860
38 37 38 915 38
39 84 166 453 84
40 417 136 135 133
41 171 245 160 29
42 372 404 173 184
43 569 7 502 358
44 114 13 980 757
45 15 45 62 137
46 252 145 856 87
47 172 458 486 410
48 263 62 571 288
49 50 433 434 424
50 87 128 327 728
51 371 129 572 493
52 221 16 255 87
53 129 187 663 189
54 281 990 803 252
55 685 812 193 3
56 305 252 854 252
57 924 209 238 700
58 153 86 165 105
59 886 273 428 160
60 275 542 183 229
61 182 250 395 121
62 708 82 385 378
63 3 286 59 832
64 166 3 137 285
65 133 30 25 13
66 96 469 91 212
67 108 469 91 11
68 184 373 508 212
69 282 4 665 412
70 212 424 747 671
71 71 121 612 272
72 163 62 410 329
73 317 695 405 434
74 107 518 557 395
75 135 30 35 40
76 89 438 437 290
77 79 160 431 17
78 424 747 301 147
79 445 5 192 5
80 356 303 160 84
81 287 536 546 533
82 10 339 370 33
83 106 771 518 187
84 272 462 20 187
85 151 113 28 62
86 206 820 208 815
87 422 147 316 424
88 209 83 87 419
89 369 89 301 482
90 108 81 418 190
91 160 217 50 50
92 728 96 88 304
93 515 280 129 544
94 176 214 232 426
95 280 179 179 122
96 338 84 134 777
97 102 102 516 408
98 62 269 365 187
99 125 353 640 124
100 124 233 236 932
101 65 362 107 54
102 323 102 6 21
103 526 420 654 25
104 321 440 365 362
105 612 282 518 163
106 74 316 222 160
107 212 252 59 58
108 409 165 27 197
109 62 87 42 5
110 84 662 100 101
111 258 183 375 108
112 373 311 72 92
113 434 166 69 713
114 184 549 106 615
115 421 430 425 568
116 533 282 124 353
117 117 100 301 655
118 83 49 297 248
119 455 361 47 971
120 758 283 693 121
121 242 13 346 352
122 122 349 262 191
123 251 370 116 914
124 662 353 662 366
125 100 300 45 424
126 285 840 5 417
127 533 210 3 62
128 27 301 420 624
129 495 638 338 367
130 278 908 95 450
131 305 285 164 64
132 236 46 128 371
133 400 107 429 274
134 84 366 180 950
135 370 245 337 245
136 30 256 80 271
137 138 54 412 587
138 685 298 106 363
139 76 444 48 38
140 322 428 107 355
141 420 647 435 519
142 212 41 581 497
143 329 20 230 21
144 145 427 166 859
145 405 333 211 131
146 17 105 255 312
147 85 370 333 531
148 344 176 231 74
149 277 82 333 76
150 295 104 549 747
151 367 35 301 597
152 116 29 33 86
153 49 87 518 62
154 393 376 391 377
155 101 0 283 280
156 377 376 64 6
157 385 296 719 632
158 241 232 576 129
159 183 152 548 78
160 240 233 142 151
161 264 359 264 161
162 643 217 886 812
163 166 61 182 748
164 273 83 58 62
165 29 339 482 64
166 253 84 546 508
167 483 342 167 182
168 615 459 358 805
169 460 427 950 812
170 183 854 174 195
171 114 254 820 970
172 62 342 483 493
173 546 290 283 234
174 363 518 145 83
175 532 162 549 473
176 478 477 478 258
177 64 198 419 183
178 232 160 316 468
179 349 180 301 8
180 346 351 94 377
181 376 654 84 443
182 380 393 121 58
183 35 367 363 17
184 256 106 5 291
185 101 581 21 17
186 932 367 64 438
187 518 366 445 531
188 160 685 949 252
189 519 259 253 259
190 971 93 64 615
191 149 157 681 278
192 408 281 305 483
193 4 520 166 518
194 208 434 417 438
195 6 195 281 164
196 207 128 303 365
197 196 197 955 94
198 197 820 544 568
199 593 482 820 955
200 917 483 214 207
201 203 829 168 600
202 41 199 908 205
203 204 198 167 515
204 141 362 44 62
205 160 258 112 258
206 201 280 204 280
207 5 323 6 880
208 546 58 288 549
209 371 662 371 99
210 242 105 333 925
211 518 405 290 526
212 474 950 820 128
213 707 73 116 411
214 352 681 278 179
215 66 375 80 303
216 461 461 322 164
217 282 427 87 83
218 166 184 183 365
219 483 340 438 545
220 218 248 341 74
221 485 387 378 296
222 82 44 161 661
223 0 73 309 228
224 560 341 316 495
225 18 120 94 320
226 222 331 44 8
227 519 222 312 366
228 301 173 212 172
229 387 381 397 157
230 424 478 442 40
231 621 426 166 64
232 515 450 544 494
233 333 983 113 971
234 927 210 63 272
235 360 754 19 823
236 209 139 140 166
237 160 245 405 169
238 236 132 166 127
239 243 613 117 409
240 210 254 859 269
241 233 240 235 243
242 159 215 89 211
243 236 162 186 533
244 159 158 927 158
245 210 245 329 473
246 298 137 54 738
247 7 324 65 533
248 696 17 215 225
249 83 492 510 12
250 182 53 65 177
251 914 116 434 34
252 194 408 420 607
253 212 233 101 581
254 152 74 87 233
255 316 695 734 377
256 405 537 403 221
257 568 420 105 69
258 357 256 283 333
259 728 259 260 311
260 331 166 536 189
261 151 427 96 56
262 349 342 907 936
263 142 576 93 417
264 160 133 28 113
265 141 166 79 6
266 11 161 569 707
267 267 61 602 183
268 160 821 160 115
269 273 4 137 87
270 278 249 296 320
271 271 55 6 272
272 812 107 481 281
273 13 51 100 99
274 86 395 152 62
275 835 65 574 280
276 295 317 17 434
277 377 65 51 114
278 28 952 69 68
279 118 21 253 459
280 405 184 188 424
281 4 58 809 845
282 518 254 932 63
283 493 440 438 29
284 971 740 82 853
285 137 665 174 411
286 303 329 4 57
287 189 215 690 106
288 152 49 71 70
289 14 35 22 301
290 82 105 509 952
291 346 128 115 422
292 523 387 394 381
293 530 246 266 0
294 457 457 285 55
295 142 125 97 98
296 254 474 514 474
297 0 65 53 52
298 137 408 625 252
299 551 299 590 28
300 44 406 498 197
301 596 366 160 58
302 304 88 810 511
303 128 300 44 504
304 303 236 237 243
305 194 3 6 515
306 169 136 89 215
307 307 301 36 183
308 379 174 137 209
309 615 460 147 533
310 307 177 166 19
311 309 225 86 459
312 221 222 400 325
313 73 707 9 9
314 17 317 116 361
315 519 607 249 84
316 146 226 365 569
317 313 17 219 218
318 444 527 444 547
319 243 63 209 71
320 380 440 65 133
321 384 105 173 260
322 334 269 152 87
323 533 280 292 426
324 555 141 166 429
325 13 413 13 33
326 92 105 569 365
327 326 64 323 354
328 91 66 513 355
329 671 549 190 418
330 64 367 32 151
331 464 280 493 256
332 608 7 674 7
333 983 113 165 32
334 15 820 412 87
335 164 592 139 581
336 135 169 5 284
337 424 371 549 465
338 860 338 338 82
339 25 459 20 728
340 464 41 212 87
341 297 17 166 73
342 797 342 206 776
343 191 149 342 348
344 157 489 105 400
345 157 734 320 156
346 51 280 128 211
347 122 377 182 376
348 349 180 17 18
349 122 179 820 5
350 320 616 602 362
351 283 726 62 133
352 681 178 53 221
353 434 440 232 6
354 124 353 796 405
355 212 612 31 338
356 357 615 393 71
357 81 420 107 153
358 573 856 107 375
359 533 114 426 14
360 549 627 513 268
361 115 460 211 333
362 480 74 5 235
363 364 351 231 60
364 433 144 145 86
365 62 179 296 250
366 84 373 194 195
367 106 551 299 190
368 52 146 120 79
369 252 5 47 482
370 38 165 280 420
371 121 520 58 131
372 48 48 455 263
373 404 963 87 212
374 506 672 543 105
375 671 188 20 690
376 104 103 389 181
377 387 198 205 925
378 376 387 366 856
379 103 582 211 949
380 296 351 182 213
381 178 178 351 130
382 295 179 381 181
383 181 368 321 181
384 157 284 14 172
385 60 104 182 61
386 17 23 215 1
387 389 61 503 498
388 249 187 106 11
389 283 16 222 227
390 14 450 86 438
391 426 231 871 231
392 157 174 932 597
393 546 155 145 4
394 104 150 473 183
395 377 122 376 368
396 380 120 146 615
397 394 394 160 190
398 295 434 296 473
399 84 441 84 49
400 411 6 193 812
401 249 208 87 87
402 148 224 1 310
403 403 425 86 212
404 17 422 518 621
405 145 271 738 252
406 502 359 502 374
407 249 142 160 19
408 215 756 106 537
409 318 455 318 245
410 329 190 971 430
411 55 6 826 252
412 738 6 2 164
413 176 333 367 546
414 605 851 681 86
415 697 415 852 206
416 173 535 10 366
417 116 64 420 30
418 183 187 74 331
419 300 161 351 161
420 244 234 244 237
421 249 357 480 282
422 404 473 114 609
423 160 4 193 252
424 356 16 258 111
425 873 425 401 365
426 292 183 493 65
427 165 25 409 443
428 216 164 335 446
429 15 448 446 592
430 14 394 250 321
431 70 431 84 393
432 433 254 427 261
433 152 271 132 166
434 314 106 495 315
435 316 1 21 64
436 437 169 107 214
437 437 38 417 971
438 40 370 26 30
439 96 151 85 41
440 178 344 231 231
441 699 504 406 504
442 263 919 40 448
443 116 437 169 162
444 171 116 245 76
445 366 271 282 820
446 322 446 428 461
447 690 106 187 549
448 424 105 405 329
449 414 443 427 23
450 534 450 172 486
451 360 360 235 252
452 451 487 213 956
453 615 493 426 280
454 357 106 695 607
455 925 976 847 922
456 64 232 275 562
457 840 840 13 484
458 285 379 628 394
459 340 483 214 207
460 615 422 363 154
461 447 446 579 929
462 513 154 333 320
463 462 506 247 358
464 291 256 552 4
465 473 184 536 601
466 53 465 14 419
467 107 158 121 458
468 74 400 68 173
469 112 469 89 303
470 494 420 163 459
471 421 180 468 221
472 355 654 24 38
473 147 166 165 96
474 186 474 375 494
475 300 312 62 143
476 112 84 467 459
477 69 551 663 68
478 62 179 60 215
479 275 493 522 493
480 252 283 46 155
481 552 412 102 411
482 339 167 280 458
483 113 176 176 486
484 484 143 325 508
485 338 136 30 151
486 21 183 564 209
487 922 913 7 407
488 496 268 282 139
489 121 209 518 333
490 63 3 194 2
491 490 365 187 518
492 612 340 142 367
493 121 253 615 129
494 169 135 133 544
495 424 170 495 283
496 213 9 720 441
497 409 357 112 474
498 265 359 699 971
499 510 525 421 246
500 266 0 377 294
501 499 238 237 241
502 504 301 115 548
503 502 332 707 809
504 510 84 432 121
505 406 500 699 500
506 2 305 845 209
507 85 507 298 551
508 679 551 509 287
509 183 137 283 82
510 754 9 9 452
511 810 88 810 301
512 366 68 69 311
513 211 636 636 636
514 91 478 478 476
515 526 53 199 677
516 411 54 166 20
517 102 3 990 3
518 460 663 160 15
519 607 253 84 50
520 59 832 832 832
521 482 419 211 928
522 493 172 143 31
523 134 867 340 654
524 72 20 42 163
525 700 267 12 62
526 515 373 83 424
527 424 58 59 586
528 489 157 388 128
529 699 699 700 913
530 358 332 836 332
531 116 245 339 151
532 54 803 803 195
533 581 473 249 438
534 813 534 450 105
535 554 521 583 521
536 287 298 301 303
537 85 17 654 333
538 498 73 309 341
539 79 51 31 932
540 509 540 82 371
541 209 64 300 10
542 413 183 229 48
543 430 462 254 474
544 62 505 406 672
545 133 545 37 655
546 158 244 234 209
547 48 261 121 51
548 531 79 497 409
549 19 161 707 247
550 68 667 160 65
551 299 69 105 748
552 13 336 251 437
553 598 86 234 654
554 62 164 735 448
555 82 209 166 233
556 113 33 27 197
557 160 35 107 708
558 487 488 498 447
559 282 10 121 649
560 329 160 496 922
561 462 411 194 132
562 457 526 294 290
563 373 58 826 832
564 340 129 458 655
565 754 661 505 661
566 452 420 108 91
567 425 256 180 153
568 562 160 165 33
569 558 359 951 913
570 569 566 499 504
571 145 422 184 189
572 350 681 12 265
573 213 503 358 264
574 401 172 121 87
575 851 483 424 210
576 232 515 232 413
577 142 217 643 87
578 577 377 189 818
579 321 697 697 645
580 580 580 580 580
581 409 244 210 931
582 84 83 115 427
583 521 482 74 188
584 86 747 249 155
585 172 403 537 537
586 481 411 511 342
587 6 549 287 69
588 26 23 953 24
589 249 543 493 172
590 32 28 86 86
591 145 166 132 131
592 100 5 21 272
593 320 349 907 179
594 283 548 753 470
595 52 301 294 294
596 301 429 335 592
597 282 234 494 209
598 482 437 437 48
599 63 932 495 5
600 585 813 440 129
601 233 244 252 4
602 700 823 856 932
603 414 605 414 415
604 305 285 562 275
605 846 846 846 846
606 495 424 125 371
607 255 1 224 221
608 466 555 82 563
609 333 271 192 517
610 96 164 272 63
611 252 195 516 195
612 791 623 86 145
613 117 170 261 170
614 614 106 145 612
615 856 820 581 41
616 602 182 381 379
617 592 273 252 48
618 820 51 143 340
619 57 520 991 412
620 620 620 290 198
621 277 130 401 160
622 238 209 240 424
623 458 450 5 128
624 84 594 283 215
625 4 59 738 481
626 87 215 58 138
627 971 401 121 153
628 379 386 157 156
629 178 380 14 65
630 630 630 369 252
631 631 631 159 631
632 632 632 397 376
633 633 633 633 633
634 635 286 63 16
635 286 137 285 62
636 211 215 221 314
637 233 124 335 794
638 589 589 638 81
639 639 638 340 115
640 99 125 353 708
641 163 641 424 105
642 212 172 847 437
643 162 482 423 89
644 489 300 64 438
645 231 344 344 178
646 131 86 304 302
647 93 647 154 183
648 648 648 648 648
649 729 441 254 255
650 215 155 284 174
651 121 649 121 324
652 513 906 160 114
653 653 653 653 653
654 211 764 483 351
655 438 590 86 173
656 122 180 178 351
657 269 64 170 35
658 658 658 658 658
659 659 377 494 417
660 660 660 660 660
661 9 332 500 569
662 353 640 353 371
663 533 663 187 366
664 425 870 65 493
665 2 58 194 300
666 420 434 255 222
667 550 473 508 325
668 157 191 6 132
669 420 531 405 456
670 670 670 670 670
671 589 607 249 543
672 430 107 690 494
673 673 673 495 228
674 558 359 499 488
675 675 675 675 675
676 322 592 929 429
677 199 593 515 817
678 69 259 509 259
679 189 540 189 551
680 380 53 280 270
681 160 400 325 420
682 511 511 191 86
683 131 58 5 2
684 684 684 684 684
685 2 586 233 601
686 21 518 577 283
687 86 172 231 645
688 543 542 526 221
689 198 387 394 390
690 5 990 65 107
691 691 691 691 691
692 231 730 5 730
693 83 296 494 93
694 129 280 533 163
695 227 226 165 533
696 17 386 379 397
697 415 697 697 645
698 738 285 425 257
699 44 956 498 12
700 566 141 160 15
701 462 121 714 143
702 932 28 952 81
703 703 703 703 703
704 704 704 704 704
705 256 490 546 208
706 694 255 932 453
707 498 525 9 265
708 125 354 323 97
709 185 97 97 404
710 971 10 44 367
711 711 711 711 711
712 401 148 377 61
713 81 128 363 129
714 419 270 278 149
715 20 282 812 87
716 716 5 125 323
717 717 271 513 906
718 55 3 812 434
719 395 389 390 397
720 324 44 498 440
721 28 877 812 448
722 278 284 133 346
723 551 549 778 569
724 160 519 228 312
725 339 32 372 42
726 612 217 121 58
727 464 523 543 65
728 411 323 98 932
729 141 407 266 500
730 13 96 101 97
731 731 731 731 731
732 732 732 732 732
733 728 173 728 259
734 280 60 389 60
735 322 447 269 173
736 107 23 964 23
737 271 137 174 254
738 498 141 754 324
739 12 430 533 290
740 252 88 58 88
741 377 156 160 128
742 614 614 756 166
743 102 412 81 212
744 744 744 744 744
745 189 941 189 188
746 746 746 746 746
747 710 189 312 309
748 82 426 276 549
749 62 749 820 593
750 88 88 88 183
751 41 370 443 417
752 283 83 601 283
753 816 151 261 486
754 661 363 129 137
755 211 450 932 252
756 459 80 112 80
757 367 748 46 174
758 91 419 290 567
759 121 84 454 357
760 546 321 156 181
761 393 180 644 644
762 516 102 192 132
763 5 24 96 438
764 314 228 121 513
765 707 957 141 359
766 340 143 420 450
767 121 612 856 12
768 101 185 124 185
769 62 521 217 160
770 353 129 546 963
771 13 476 13 172
772 772 772 772 772
773 773 405 227 254
774 285 457 523 618
775 560 106 546 17
776 572 572 939 350
777 69 747 184 188
778 971 514 478 434
779 146 160 268 218
780 84 82 152 79
781 537 103 389 53
782 82 548 607 560
783 420 304 88 810
784 784 411 195 286
785 23 220 74 745
786 206 918 1000 918
787 21 256 303 3
788 788 717 215 73
789 278 262 344 656
790 544 813 434 408
791 65 197 13 481
792 121 166 577 166
793 613 127 128 64
794 335 140 83 199
795 417 93 62 333
796 405 280 526 14
797 605 797 342 122
798 798 798 798 798
799 160 146 226 390
800 615 84 443 925
801 41 201 94 199
802 256 490 42 23
803 4 2 886 859
804 466 856 504 246
805 971 467 222 315
806 304 54 285 166
807 132 16 405 194
808 808 808 808 808
809 5 511 949 481
810 393 393 950 113
811 340 491 695 222
812 461 446 579 579
813 399 168 533 168
814 347 181 388 393
815 5 417 442 114
816 987 123 95 6
817 493 62 233 288
818 62 340 82 693
819 140 335 140 64
820 201 86 210 212
821 160 404 937 100
822 350 377 94 515
823 521 366 169 340
824 191 256 271 210
825 306 509 190 108
826 56 4 832 57
827 506 7 466 141
828 121 518 577 142
829 523 387 60 232
830 452 700 332 500
831 258 142 589 105
832 57 88 806 809
833 365 278 106 828
834 107 57 271 2
835 789 278 363 278
836 706 694 706 836
837 107 216 446 429
838 45 124 354 185
839 191 601 233 828
840 86 377 294 206
841 312 255 284 179
842 211 612 248 142
843 567 290 86 79
844 971 859 832 2
845 89 305 210 295
846 605 797 342 593
847 443 114 686 564
848 419 131 252 121
849 387 42 115 229
850 199 196 201 215
851 907 936 593 206
852 206 232 294 931
853 82 180 615 269
854 63 880 138 126
855 155 520 58 812
856 856 950 180 433
857 166 420 152 366
858 306 91 91 514
859 812 54 88 129
860 455 170 471 421
861 350 180 373 282
862 777 259 509 105
863 57 96 88 0
864 411 126 58 288
865 412 434 190 296
866 411 57 924 57
867 96 66 478 176
868 5 528 191 160
869 179 365 121 36
870 65 818 160 232
871 231 74 317 221
872 61 483 727 84
873 425 526 128 183
874 425 543 249 201
875 170 424 20 533
876 564 81 170 145
877 155 284 749 820
878 33 34 361 981
879 242 564 242 879
880 137 166 426 413
881 96 86 747 509
882 166 355 654 783
883 115 318 361 62
884 884 412 971 973
885 887 885 728 411
886 3 990 193 55
887 92 137 62 63
888 412 587 209 88
889 300 118 511 64
890 890 890 121 173
891 892 28 486 362
892 896 4 425 791
893 466 754 950 424
894 327 141 555 466
895 333 419 460 129
896 124 124 139 335
897 263 976 919 114
898 481 552 6 587
899 2 1001 193 990
900 464 93 417 434
901 137 114 115 121
902 5 234 82 129
903 262 342 376 388
904 321 381 177 307
905 74 485 981 976
906 160 142 249 121
907 262 402 211 137
908 128 526 232 95
909 209 490 356 424
910 65 543 183 44
911 189 549 678 311
912 466 421 268 222
913 950 145 17 41
914 113 115 336 160
915 38 915 38 30
916 414 449 414 645
917 207 199 288 758
918 820 231 730 82
919 976 171 655 367
920 435 920 435 435
921 880 56 949 271
922 847 114 168 284
923 825 733 327 105
924 57 863 57 4
925 333 438 390 368
926 243 252 195 520
927 159 820 196 143
928 211 128 210 106
929 929 322 335 929
930 669 930 234 166
931 301 132 249 106
932 494 563 86 47
933 322 272 252 55
934 163 411 412 81
935 100 86 19 533
936 130 426 160 139
937 937 937 64 131
938 611 450 542 403
939 350 350 351 180
940 93 169 427 107
941 189 62 426 425
942 435 316 218 18
943 295 181 167 53
944 748 46 210 132
945 409 184 105 152
946 641 641 301 21
947 320 308 494 290
948 381 387 384 321
949 57 59 192 271
950 131 698 55 57
951 360 213 264 608
952 540 189 86 445
953 28 168 160 557
954 615 168 172 585
955 820 362 496 459
956 11 300 642 405
957 700 358 7 332
958 69 713 69 710
959 377 764 541 107
960 377 593 197 498
961 377 295 255 483
962 958 509 105 44
963 210 45 405 227
964 373 373 84 422
965 936 204 41 14
966 189 67 549 68
967 504 19 549 309
968 299 509 509 513
969 184 6 211 283
970 546 909 183 187
971 504 501 232 275
972 509 418 582 473
973 971 859 281 285
974 820 333 427 261
975 971 504 86 932
976 113 48 263 564
977 977 977 977 242
978 753 491 491 624
979 170 254 129 486
980 5 53 466 266
981 263 442 981 919
982 137 635 126 55
983 114 44 856 374
984 153 474 473 498
985 376 321 390 409
986 261 5 375 112
987 123 123 411 864
988 411 4 2 102
989 329 469 112 37
990 5 218 204 206
991 520 5 374 504
992 129 105 474 469
993 408 462 546 859
994 6 290 356 549
995 712 401 362 141
996 12 707 247 700
997 953 816 470 171
998 65 334 269 371
999 145 147 145 612
1000 918 593 918 918
1001 193 59 58 404
1002 560 328 478 107
1003 258 87 129 351
1004 55 160 381 377
