0 221 224 64 166 492 105 492 162 249 115 135
1 215 249 820 482 679 68 474 409 504 501 498
2 114 82 693 83 405 183 302 438 417 318 40
3 571 552 424 340 375 679 679 460 440 533 242
4 137 298 536 546 115 5 211 138 408 130 280
5 375 357 290 892 300 107 283 82 256 145 474
6 429 269 300 444 84 73 74 495 748 793 316
7 249 105 747 971 93 337 338 121 127 189 465
8 566 141 213 11 92 326 84 1 0 368 434
9 44 913 183 458 434 203 179 320 232 397 181
10 142 46 107 62 35 30 261 133 167 277 289
11 211 333 36 35 438 339 165 186 144 212 367
12 441 86 261 261 169 409 128 197 918 94 13
13 812 160 47 40 448 62 107 84 553 482 820
14 41 152 256 283 28 362 6 4 625 285 302
15 209 11 502 506 699 953 40 545 255 295 61
16 45 142 85 146 0 65 377 483 533 25 654
17 427 333 165 38 370 26 442 333 166 165 280
18 121 438 361 113 183 286 2 252 283 83 147
19 452 11 247 525 141 498 452 529 421 473 498
20 326 143 405 124 638 355 107 184 6 4 832
21 422 427 96 160 621 401 873 401 256 405 5
22 92 68 418 314 218 222 494 690 74 85 160
23 116 73 313 223 256 371 256 256 425 256 278
24 38 847 437 27 29 443 26 13 820 206 793
25 35 486 295 320 213 700 525 529 441 566 141
26 437 39 165 170 355 160 209 107 173 892 367
27 251 160 256 82 295 18 280 291 493 403 403
28 93 135 31 282 280 130 621 377 458 86 518
29 93 458 142 226 17 252 412 59 949 305 63
30 33 35 533 663 533 393 421 529 494 404 145
31 24 23 785 23 135 136 30 229 170 494 108
32 338 142 355 115 252 59 252 107 834 107 70
33 443 547 333 271 131 64 169 820 202 41 21
34 28 438 440 498 14 390 295 376 379 80 253
35 40 27 24 654 355 114 96 866 80 112 91
36 25 339 818 549 661 121 211 408 411 192 59
37 127 318 176 200 160 250 103 321 396 393 62
38 27 51 740 51 196 64 450 211 420 30 133
39 24 590 86 753 40 361 361 318 115 233 434
40 47 129 413 172 483 917 204 176 413 13 266
41 434 147 269 428 579 428 269 62 117 491 378
42 215 0 222 748 405 114 46 446 429 428 461
43 358 700 699 359 569 365 21 221 268 248 612
44 569 707 264 856 720 466 510 264 510 661 211
45 16 258 282 121 651 420 647 21 966 189 314
46 139 448 87 626 87 438 6 149 149 277 214
47 409 33 29 23 30 31 438 25 37 37 151
48 423 318 486 285 6 316 793 613 163 821 163
49 152 82 490 434 161 81 129 127 189 710 299
50 152 132 89 405 518 145 427 980 64 169 169
51 51 82 490 419 405 424 147 121 546 856 212
52 232 41 493 486 113 473 28 168 829 168 168
53 157 377 458 168 486 295 162 17 1 268 222
54 665 812 208 155 615 163 518 366 17 105 327
55 271 2 57 812 428 812 54 89 59 160 316
56 194 3 520 59 971 778 160 526 377 163 613
57 832 192 412 412 271 252 481 54 89 159 963
58 803 63 285 281 285 86 666 161 570 360 971
59 832 102 100 708 185 687 185 800 287 92 685
60 394 385 393 434 283 215 549 778 569 602 213
61 296 342 129 482 93 526 543 82 314 107 481
62 3 272 5 177 515 14 523 14 129 419 214
63 256 312 841 231 344 177 214 211 129 137 54
64 820 63 434 493 440 608 232 214 21 210 183
65 358 459 17 222 81 710 971 417 114 442 113
66 117 100 97 353 618 185 800 615 331 358 161
67 108 509 87 21 550 107 544 84 494 75 253
68 550 160 361 339 167 908 278 486 36 588 545
69 473 30 30 27 36 367 340 74 64 5 323
70 932 83 747 710 69 424 758 85 443 547 976
71 83 166 243 83 269 301 18 14 103 160 168
72 20 145 212 82 290 184 357 356 82 372 494
73 313 218 549 371 365 19 533 67 74 120 74
74 314 226 227 695 147 366 166 201 94 206 793
75 36 75 437 25 654 820 482 521 615 168 568
76 245 925 976 263 897 263 160 250 321 381 177
77 78 107 448 461 624 21 686 21 46 429 334
78 581 301 166 459 340 497 13 446 166 156 645
79 116 165 365 820 443 318 107 405 62 3 114
80 129 28 115 123 31 39 28 166 373 964 373
81 137 635 63 278 681 214 351 249 256 186 932
82 377 250 296 181 162 532 285 13 326 932 86
83 601 283 363 186 856 366 20 690 5 520 22
84 113 29 263 301 22 35 301 8 301 641 420
85 314 21 367 64 685 13 69 777 259 327 5
86 777 723 173 41 483 167 776 94 486 114 919
87 626 87 909 183 854 183 91 758 238 499 503
88 302 455 76 47 427 651 420 63 486 176 275
89 96 2 126 54 481 586 285 412 154 393 719
90 409 371 28 39 229 31 86 197 41 171 38
91 306 128 80 187 129 600 133 547 263 114 170
92 80 459 421 498 62 714 615 83 236 319 963
93 337 337 93 291 290 419 113 23 107 255 405
94 494 510 19 422 820 169 127 377 351 181 291
95 309 272 665 3 886 366 404 612 393 378 17
96 610 694 129 203 201 199 342 180 421 213 265
97 124 662 494 539 160 388 60 393 121 169 252
98 323 411 866 80 16 543 458 377 388 296 387
99 62 493 401 425 567 290 291 290 169 419 91
100 353 142 256 552 411 816 336 136 437 89 438
101 65 600 65 562 200 918 908 908 592 273 812
102 2 434 427 212 165 860 116 883 116 437 900
103 379 395 390 182 378 379 383 181 385 389 379
104 82 28 409 624 84 399 526 495 384 182 379
105 400 183 62 597 695 971 566 247 12 419 161
106 5 455 96 24 38 590 494 515 122 179 278
107 212 408 845 924 845 809 160 237 237 160 115
108 66 474 356 828 300 892 405 115 455 485 170
109 424 355 212 121 46 303 249 351 351 106 494
110 478 476 112 66 478 325 64 611 11 569 501
111 474 663 460 159 820 162 236 82 234 236 319
112 66 146 147 83 340 268 513 84 282 248 74
113 107 161 363 422 363 255 694 290 290 143 340
114 184 13 13 172 526 407 525 729 84 305 685
115 533 186 254 137 21 518 954 615 168 526 53
116 133 41 5 408 174 164 334 334 274 424 196
117 86 115 136 169 251 336 96 173 326 21 357
118 84 86 499 912 499 238 506 247 12 141 452
119 40 27 116 883 339 34 29 588 169 300 128
120 120 120 146 85 41 121 217 431 433 254 169
121 393 433 364 211 11 720 699 441 161 371 768
122 231 351 106 210 329 333 925 925 263 169 133
123 96 209 285 854 252 419 337 245 423 303 170
124 908 918 974 593 776 391 389 390 296 212 77
125 124 838 124 139 46 121 166 23 588 26 170
126 2 166 485 198 290 366 152 249 129 399 526
127 491 892 891 892 491 340 83 214 178 65 177
128 197 498 441 498 765 7 672 365 451 496 498
129 909 183 107 597 651 506 374 406 406 533 17
130 129 405 642 300 638 480 357 82 567 425 664
131 698 57 208 820 42 298 812 62 163 115 820
132 160 264 247 506 452 566 451 7 823 15 216
133 171 444 47 135 65 574 280 373 404 896 355
134 777 86 306 306 169 900 438 33 13 698 281
135 160 161 667 465 707 332 836 813 817 515 440
136 30 160 685 4 685 812 217 433 431 71 83
137 252 211 258 410 62 417 434 473 30 93 172
138 2 86 362 129 280 434 199 198 64 244 13
139 424 880 138 815 859 366 812 685 859 832 4
140 644 64 165 363 16 489 300 209 639 638 44
141 142 263 486 394 385 389 150 182 283 128 41
142 665 254 233 70 71 431 80 128 15 429 335
143 172 403 426 14 562 457 562 426 280 105 358
144 254 142 253 162 287 80 69 190 533 105 346
145 115 437 338 199 206 751 6 481 55 718 5
146 18 62 238 506 765 9 823 12 564 242 242
147 189 160 21 287 92 457 197 198 434 184 473
148 149 440 970 820 87 115 114 371 405 433 180
149 656 231 457 457 533 97 99 5 29 409 464
150 393 160 80 384 60 380 656 176 450 543 493
151 96 57 809 806 285 379 719 397 60 104 160
152 615 244 238 506 971 723 825 923 326 21 127
153 49 433 372 106 20 271 552 571 211 285 160
154 83 133 419 302 285 168 399 493 523 332 44
155 512 512 512 366 494 113 165 860 438 900 165
156 191 82 255 63 738 131 949 281 164 216 461
157 181 377 959 377 621 284 255 121 316 187 316
158 300 81 303 142 85 18 201 133 844 133 483
159 235 319 107 233 209 118 132 5 249 83 513
160 395 60 385 182 872 581 51 28 62 187 74
161 363 128 434 99 371 132 489 82 190 106 222
162 295 62 169 46 63 193 6 194 698 126 6
163 333 113 983 333 169 494 318 82 543 249 434
164 735 448 140 160 210 107 418 582 106 303 369
165 223 173 126 63 532 107 252 389 389 150 387
166 353 69 68 300 42 115 105 434 363 422 82
167 128 490 607 296 121 263 405 333 641 106 486
168 183 526 181 176 238 252 845 305 949 56 809
169 64 281 859 183 257 183 518 282 166 473 211
170 900 168 424 255 62 216 45 211 214 172 172
171 171 423 444 847 40 30 434 226 14 498 267
172 251 62 79 166 115 421 258 211 646 411 193
173 950 158 4 286 209 241 963 319 963 121 649
174 473 508 212 129 123 61 393 388 280 87 121
175 58 422 950 158 241 238 244 64 61 872 74
176 93 367 121 404 217 432 84 119 76 423 113
177 60 320 389 103 215 150 473 963 240 211 210
178 352 103 379 157 321 104 320 377 172 351 13
179 181 376 104 283 758 283 157 383 181 376 150
180 422 17 42 343 207 917 974 820 955 197 457
181 320 283 142 85 307 177 220 74 872 17 254
182 393 301 690 671 495 170 282 820 779 549 360
183 504 569 44 729 44 30 820 483 917 51 95
184 422 84 754 161 496 496 459 249 54 137 552
185 533 562 440 733 825 923 723 126 131 208 155
186 272 812 87 147 42 212 233 637 209 546 58
187 473 545 462 545 25 23 588 494 84 326 733
188 155 105 492 678 68 121 490 410 490 371 155
189 222 86 526 167 434 44 526 257 65 200 177
190 418 62 63 243 159 931 301 214 21 480 601
191 344 381 387 321 904 321 321 156 321 301 362
192 192 4 826 160 79 339 14 498 488 487 487
193 826 1001 194 211 495 739 495 405 498 406 971
194 58 195 208 57 281 183 169 106 480 508 212
195 411 976 847 847 455 925 245 424 196 16 210
196 908 822 533 508 86 573 441 608 529 421 404
197 197 160 468 121 86 236 105 508 663 69 68
198 229 64 234 238 13 263 116 79 811 77 107
199 196 282 311 297 341 218 219 172 292 129 351
200 344 656 231 655 458 604 96 236 241 243 375
201 202 206 94 199 41 434 61 321 320 250 368
202 201 62 172 351 130 82 464 822 292 543 113
203 206 206 793 748 151 82 15 760 15 82 106
204 199 338 211 754 804 265 359 332 487 529 332
205 41 128 160 361 438 74 254 63 355 211 450
206 292 278 21 550 187 473 411 131 54 520 55
207 343 345 82 165 361 251 160 141 7 504 406
208 434 252 17 180 87 129 563 373 93 168 533
209 273 139 166 366 690 106 298 812 282 173 416
210 84 105 495 154 17 404 87 434 61 64 450
211 473 393 380 14 922 129 82 145 187 533 525
212 173 282 318 36 486 356 671 17 105 441 430
213 473 106 280 232 501 176 214 215 589 105 128
214 342 173 68 306 81 301 810 520 137 272 272
215 211 81 509 356 258 27 997 27 27 917 128
216 45 15 303 520 412 685 4 107 326 173 166
217 643 963 242 926 237 319 235 236 82 494 395
218 204 95 206 133 377 61 392 296 181 384 388
219 314 166 333 983 333 627 809 107 708 371 254
220 177 380 166 234 234 114 375 474 153 105 333
221 14 65 840 457 92 127 184 420 651 950 707
222 7 266 9 823 15 405 424 405 15 579 592
223 20 329 64 212 424 280 199 917 27 361 533
224 1 254 84 442 485 113 983 113 338 245 546
225 312 232 214 231 624 491 163 643 48 492 186
226 166 187 107 702 932 859 832 3 832 193 826
227 537 459 29 409 515 494 75 40 427 249 83
228 301 108 478 81 160 748 160 117 100 618 185
229 39 116 420 188 106 486 478 258 253 83 163
230 230 898 898 898 230 21 695 21 214 191 262
231 820 618 100 107 124 896 287 896 404 16 290
232 241 234 82 4 859 5 619 613 288 432 121
233 252 615 244 58 96 56 281 305 990 685 81
234 927 210 420 280 199 218 128 200 777 200 908
235 243 963 473 427 367 473 855 549 81 952 952
236 46 254 427 40 34 23 17 17 654 83 71
237 242 303 619 56 96 469 478 160 333 82 105
238 302 419 329 300 896 892 173 300 45 142 427
239 234 242 963 160 209 131 82 116 261 24 988
240 11 666 86 531 340 79 78 79 581 133 83
241 241 243 411 318 256 473 105 166 163 613 537
242 240 209 235 209 15 322 533 529 502 44 754
243 271 698 698 4 63 88 58 137 46 340 82
244 237 319 160 169 261 27 336 251 27 338 115
245 42 106 11 506 699 971 679 508 259 127 107
246 247 707 264 569 661 265 19 441 233 233 70
247 498 65 65 776 204 198 198 329 42 209 300
248 218 177 231 343 343 342 60 105 346 342 483
249 671 582 549 540 86 494 480 375 111 108 300
250 296 249 128 483 133 29 160 896 375 494 510
251 370 48 338 136 820 420 256 607 42 42 143
252 845 685 64 103 122 342 820 28 93 30 40
253 434 434 99 404 154 333 370 725 165 443 361
254 254 128 42 115 105 412 57 924 303 235 319
255 282 65 176 232 1 187 155 285 532 132 211
256 31 28 365 314 219 74 756 288 218 420 641
257 291 291 206 820 62 662 282 596 301 931 599
258 477 474 340 314 312 74 87 372 83 693 121
259 21 363 161 264 570 707 213 602 182 869 182
260 20 183 458 83 453 83 642 212 641 420 269
261 980 757 577 366 20 20 80 286 80 160 611
262 62 541 82 739 495 932 671 589 282 533 498
263 419 468 221 403 542 172 493 291 183 16 81
264 19 83 474 333 171 443 925 89 520 812 87
265 161 351 320 181 181 342 345 256 340 314 105
266 525 856 19 86 17 311 260 508 188 663 549
267 466 231 231 655 183 338 113 527 6 921 930
268 19 19 7 511 64 937 99 768 323 768 323
269 155 855 155 520 55 193 812 601 79 120 133
270 183 11 518 62 7 359 699 529 441 430 504
271 4 832 412 194 4 142 223 117 118 549 465
272 63 209 140 45 300 748 495 74 330 73 74
273 216 446 429 424 295 383 181 291 280 113 47
274 45 216 140 335 447 592 100 92 480 66 48
275 172 482 598 84 210 371 62 493 249 210 88
276 549 81 188 74 950 812 812 57 924 57 924
277 377 181 133 417 485 73 223 365 405 158 300
278 157 155 465 667 105 169 81 419 78 310 533
279 160 35 339 464 280 734 169 306 215 41 63
280 292 515 64 243 80 490 42 23 96 170 115
281 333 367 21 489 6 157 387 390 295 628 320
282 105 589 160 170 537 14 403 813 275 426 450
283 320 616 320 295 391 368 390 378 157 191 681
284 296 397 150 295 490 473 371 121 280 172 130
285 15 353 365 114 326 21 21 885 106 356 183
286 160 264 247 566 700 19 549 296 342 621 231
287 69 362 62 87 329 28 114 145 82 222 0
288 549 316 187 105 283 376 385 378 378 181 383
289 180 70 186 256 318 263 256 28 254 128 607
290 567 82 641 333 42 115 30 256 132 58 42
291 403 425 870 401 493 41 94 974 87 64 815
292 295 314 226 300 12 674 267 570 267 661 754
293 8 510 86 69 663 160 446 46 933 45 160
294 377 394 393 107 375 318 86 525 8 86 666
295 391 381 149 575 149 344 178 539 380 0 368
296 157 344 177 380 101 101 371 662 100 98 371
297 248 218 317 17 393 615 147 173 723 306 434
298 507 85 222 420 453 167 655 526 782 377 156
299 298 42 343 231 537 1 280 231 262 191 365
300 405 489 473 582 671 189 5 235 319 963 160
301 321 393 145 155 486 286 2 546 936 284 14
302 96 234 5 106 280 523 829 290 198 199 198
303 303 924 252 105 360 754 324 754 360 265 804
304 971 470 170 26 29 26 13 30 24 545 255
305 89 96 427 170 336 30 366 317 695 20 260
306 327 11 502 43 499 707 19 184 162 45 301
307 65 264 232 971 8 9 359 264 661 674 707
308 880 160 147 424 128 974 94 41 47 13 170
309 133 400 509 253 121 83 594 82 130 257 426
310 222 748 256 191 191 365 63 434 243 859 193
311 72 106 494 311 17 248 330 64 496 5 252
312 221 403 473 545 590 171 444 263 82 748 121
313 313 295 459 1 199 776 936 563 822 953 900
314 82 489 21 259 83 373 239 238 211 560 607
315 222 282 218 317 74 259 96 83 495 460 81
316 690 107 107 280 128 300 283 137 155 115 318
317 84 57 849 252 427 17 154 107 597 118 116
318 485 423 444 301 404 532 233 637 234 931 243
319 107 518 460 159 58 612 49 71 70 217 121
320 160 139 424 86 285 62 93 336 30 37 229
321 391 379 384 390 393 250 376 719 632 632 376
322 447 473 495 384 388 130 568 357 615 180 381
323 124 618 662 97 354 353 592 735 269 533 667
324 555 82 748 16 64 113 48 37 38 35 165
325 327 894 327 306 20 22 127 169 427 86 233
326 105 280 289 180 433 144 283 121 301 931 963
327 486 201 206 14 312 218 315 695 734 351 172
328 91 108 160 812 272 137 20 282 424 445 366
329 410 62 89 333 485 333 142 132 121 427 170
330 64 466 12 11 64 96 4 481 286 6 346
331 464 424 237 6 489 87 533 541 209 420 363
332 213 266 950 58 153 612 924 57 924 211 169
333 17 120 232 936 965 936 14 65 600 168 542
334 65 51 65 581 204 218 160 170 473 473 28
335 533 83 133 14 256 445 51 196 917 205 196
336 409 65 366 950 393 60 389 320 616 602 616
337 424 429 272 612 832 859 174 408 859 932 154
338 336 169 455 119 980 261 48 925 263 897 263
339 370 171 547 361 434 550 13 165 223 331 177
340 811 531 686 564 338 82 228 74 67 160 877
341 311 373 92 728 885 728 20 187 283 405 268
342 191 601 859 193 859 2 520 532 54 532 552
343 231 201 197 41 932 340 434 255 419 105 184
344 191 166 429 100 142 453 654 249 506 672 543
345 180 381 397 397 378 390 283 494 312 314 17
346 180 107 63 44 107 493 425 543 430 956 430
347 681 347 231 575 851 852 206 918 95 203 167
348 191 121 208 121 208 371 99 97 662 100 768
349 179 121 222 690 301 953 301 303 302 455 914
350 157 155 183 362 365 226 546 909 183 90 409
351 350 320 156 160 385 394 320 104 18 365 438
352 483 424 493 562 457 294 160 282 411 123 96
353 935 125 99 100 618 618 97 98 932 671 189
354 323 411 462 145 271 252 740 252 859 63 243
355 107 69 306 549 287 298 812 366 445 79 922
356 183 28 31 38 47 107 856 58 281 63 121
357 282 665 665 886 217 70 217 160 191 231 692
358 499 182 390 526 103 395 103 18 215 220 17
359 452 421 856 421 649 499 232 232 358 913 956
360 7 246 7 365 765 499 505 374 529 504 466
361 361 34 25 588 307 114 160 776 908 207 198
362 249 421 496 451 265 264 452 141 6 845 859
363 165 261 37 26 442 442 40 171 40 28 306
364 169 5 286 57 137 901 137 249 54 107 730
365 179 280 294 203 495 74 228 218 18 295 292
366 443 547 333 2 13 168 280 430 6 408 211
367 329 300 118 748 121 520 520 89 845 303 59
368 841 376 390 388 376 82 225 218 224 256 234
369 304 302 252 625 252 89 369 160 467 62 251
370 33 443 133 5 815 64 129 303 263 527 48
371 209 271 737 737 271 455 35 38 474 90 183
372 82 51 31 135 370 423 13 679 69 329 165
373 306 28 655 28 142 667 6 571 145 13 40
374 500 406 358 856 466 407 525 238 506 374 406
375 64 329 208 520 286 252 533 82 230 107 81
376 654 154 375 64 64 859 520 195 826 193 859
377 851 852 206 65 204 93 813 450 168 568 65
378 393 384 157 278 83 96 263 527 976 847 922
379 379 387 150 397 376 150 103 395 160 66 64
380 656 352 342 231 841 376 385 390 150 61 602
381 61 376 388 60 377 351 87 665 6 0 297
382 295 250 182 321 296 395 377 127 259 509 473
383 295 947 295 17 163 641 748 222 748 121 168
384 377 1 155 877 160 601 163 142 183 545 473
385 296 932 963 142 340 521 62 306 612 217 160
386 377 526 403 425 791 612 859 252 272 186 186
387 385 295 576 932 338 165 48 66 66 211 214
388 377 278 409 506 166 285 840 562 202 820 366
389 162 129 63 564 876 564 340 419 183 326 420
390 388 388 130 621 277 180 130 160 298 42 612
391 320 947 60 379 316 73 311 295 295 341 297
392 368 395 387 849 155 512 366 17 252 615 357
393 142 64 498 956 213 558 451 7 451 141 922
394 103 283 390 320 250 368 121 453 453 491 170
395 83 17 333 492 144 121 280 199 593 340 459
396 395 719 376 719 379 379 387 283 114 145 106
397 181 162 492 950 166 87 190 162 393 249 54
398 377 129 86 540 121 520 92 530 533 359 504
399 457 172 847 263 256 21 420 568 401 282 290
400 271 63 56 809 89 845 3 102 517 333 47
401 362 249 533 321 395 250 351 122 231 14 181
402 402 148 377 379 376 985 376 869 181 379 379
403 221 314 309 309 5 374 856 264 823 856 366
404 301 271 513 655 980 980 64 329 42 64 170
405 183 366 234 209 909 280 169 35 29 13 171
406 503 406 160 242 235 303 544 585 706 836 332
407 249 932 236 319 107 404 173 233 58 886 3
408 517 6 55 193 55 5 718 55 950 812 137
409 35 953 26 35 14 389 611 183 419 462 173
410 356 80 249 210 355 137 54 4 532 404 601
411 209 183 478 357 80 473 187 184 418 62 188
412 2 193 685 92 80 329 351 203 296 377 741
413 275 168 114 339 860 900 183 62 135 62 375
414 645 697 697 156 645 231 466 649 441 573 44
415 852 851 483 727 464 340 166 355 473 422 153
416 327 945 409 409 25 23 427 107 279 118 51
417 725 165 133 113 455 816 953 301 23 932 281
418 183 187 20 10 133 483 917 820 974 128 160
419 434 129 557 133 377 220 90 143 329 105 203
420 82 748 641 106 154 105 589 357 183 80 256
421 7 407 266 13 83 13 327 141 438 170 900
422 7 421 7 332 529 374 504 967 504 674 674
423 547 527 96 54 54 174 4 54 665 137 520
424 337 135 27 438 114 226 165 932 474 404 115
425 285 6 349 320 351 278 231 178 350 342 342
426 568 425 65 752 84 71 121 212 489 106 107
427 145 255 312 317 1 316 465 519 227 268 549
428 216 254 282 210 305 6 376 61 465 316 222
429 461 269 429 139 107 568 568 107 81 83 820
430 956 506 374 44 506 409 27 338 724 338 339
431 50 431 212 494 464 900 900 822 922 699 500
432 84 272 272 651 597 695 259 508 189 17 269
433 372 431 434 226 232 156 181 155 19 506 293
434 233 237 236 132 424 21 422 82 541 511 651
435 616 435 440 368 295 459 548 121 71 121 232
436 438 113 183 21 364 351 320 157 352 483 165
437 27 38 86 264 608 266 440 231 351 178 14
438 436 438 165 844 165 115 114 417 437 338 116
439 96 121 828 121 88 63 379 398 295 82 161
440 129 490 63 89 132 285 366 283 230 106 128
441 504 525 141 602 441 86 536 546 422 269 145
442 417 116 443 547 527 263 925 48 643 217 521
443 318 547 417 64 665 212 17 366 254 283 368
444 417 162 163 72 163 105 412 884 884 412 665
445 13 588 600 168 129 548 170 26 171 114 137
446 579 592 334 140 334 65 53 183 207 128 79
447 799 971 321 381 157 157 295 276 401 621 231
448 933 429 428 812 665 2 158 82 568 357 568
449 414 916 414 414 443 113 486 377 378 60 947
450 464 160 279 5 455 39 33 28 820 198 5
451 487 451 452 823 661 570 7 504 506 434 308
452 141 306 511 275 562 377 395 376 379 396 395
453 472 610 96 28 20 82 214 232 484 168 458
454 107 494 234 235 5 53 380 387 950 424 4
455 115 121 353 86 18 310 218 314 420 15 162
456 405 329 212 856 498 64 87 190 299 549 460
457 197 196 143 482 172 23 41 197 86 620 86
458 450 409 108 301 222 253 237 6 252 159 440
459 464 563 373 93 493 121 210 158 236 963 930
460 215 58 3 303 303 105 256 518 152 355 518
461 322 735 140 274 340 333 547 245 485 74 310
462 106 533 508 184 551 473 201 121 209 285 126
463 463 462 419 105 283 182 167 277 971 93 473
464 136 455 338 84 811 62 390 397 380 103 250
465 83 255 1 142 571 6 168 533 230 106 363
466 441 87 211 560 40 964 29 165 39 39 114
467 20 166 799 971 514 474 409 21 642 932 820
468 342 284 160 310 170 169 820 618 820 167 751
469 474 41 51 82 555 720 765 421 487 922 908
470 171 165 34 25 494 590 953 27 545 40 32
471 473 408 56 138 990 4 81 490 419 12 707
472 471 421 649 452 856 615 492 615 546 121 367
473 296 83 233 87 290 167 207 167 198 197 198
474 663 474 112 112 476 474 153 513 422 427 142
475 375 5 417 171 547 444 443 361 367 183 291
476 329 38 437 96 242 106 132 236 142 1 459
477 469 66 329 62 254 490 170 13 266 407 406
478 105 355 473 393 62 242 235 244 963 319 158
479 479 414 449 414 605 846 605 797 342 231 284
480 80 184 473 747 612 4 301 140 64 815 64
481 55 59 137 249 132 949 685 845 63 89 136
482 521 86 377 130 277 214 483 820 820 196 820
483 205 196 197 206 41 196 196 95 942 435 440
484 83 318 5 141 754 266 11 19 49 643 163
485 166 69 80 546 290 130 776 342 278 789 168
486 329 128 201 203 129 936 204 6 880 880 137
487 421 268 459 565 12 494 588 34 34 23 36
488 529 488 529 533 282 597 810 87 812 209 241
489 932 107 454 258 468 224 221 215 5 669 930
490 63 82 326 21 715 69 64 466 608 266 358
491 490 356 638 480 678 678 549 418 509 434 115
492 42 17 310 445 340 371 28 113 48 485 423
493 473 627 707 19 422 131 932 131 717 215 690
494 142 418 747 105 28 367 35 35 34 438 151
495 315 495 473 298 473 447 446 448 87 49 152
496 498 529 362 488 141 502 505 332 700 247 11
497 170 6 458 172 166 641 424 93 789 835 84
498 967 913 183 210 21 489 405 303 62 137 92
499 232 167 572 86 165 531 497 79 601 121 10
500 265 707 913 506 9 720 699 11 141 81 367
501 176 450 482 143 419 351 122 342 139 424 424
502 358 105 163 17 218 366 256 304 87 147 612
503 265 804 971 4 812 115 473 963 236 87 115
504 332 498 62 216 428 429 216 272 164 748 105
505 374 506 44 62 480 667 6 139 282 589 212
506 366 30 82 228 495 309 248 221 82 277 82
507 314 495 107 90 91 328 66 90 160 189 460
508 679 137 301 473 329 107 8 672 971 723 971
509 473 533 187 106 371 125 424 552 552 738 685
510 8 11 666 666 951 525 573 358 407 44 407
511 262 907 180 123 337 160 216 64 549 480 223
512 162 532 4 412 162 512 155 333 443 527 113
513 84 18 74 331 166 139 335 533 441 506 166
514 108 971 47 129 371 409 357 486 168 542 413
515 817 543 399 168 64 271 481 2 586 285 15
516 411 3 193 59 408 533 457 971 566 141 672
517 517 408 63 208 58 886 58 159 11 213 913
518 86 681 180 346 180 256 425 129 105 169 333
519 228 312 225 1 560 276 426 232 103 397 380
520 92 92 72 311 215 73 166 23 546 536 259
521 554 521 554 419 333 517 192 193 193 812 298
522 493 611 486 458 93 473 393 250 495 87 325
523 172 93 443 47 135 160 127 533 21 5 455
524 72 92 65 515 206 160 353 106 259 73 950
525 86 170 875 170 355 107 253 84 598 521 615
526 93 197 27 33 282 255 16 337 883 93 13
527 263 424 303 252 427 160 592 933 139 581 581
528 644 269 252 404 434 46 579 15 62 99 124
529 494 484 484 290 531 367 113 442 333 984 333
530 293 374 466 359 707 913 141 249 210 283 303
531 340 445 160 573 44 42 280 292 83 243 930
532 233 637 209 252 235 234 639 158 4 285 481
533 169 339 33 35 128 172 143 42 372 283 355
534 544 813 280 473 211 283 693 283 104 379 283
535 554 482 521 86 132 283 355 170 251 115 421
536 229 64 281 698 131 121 219 342 201 203 129
537 460 170 169 29 116 29 301 311 309 225 459
538 723 546 427 460 211 654 333 405 255 694 255
539 79 116 860 339 336 437 115 229 28 30 256
540 189 459 44 141 856 83 340 329 143 196 908
541 511 949 949 949 211 6 54 698 685 64 498
542 291 403 493 333 230 333 443 414 605 851 214
543 689 689 689 689 543 113 301 504 466 324 65
544 82 23 932 31 24 33 29 39 116 27 33
545 438 251 417 170 64 305 412 3 520 991 412
546 441 249 474 13 297 260 950 173 405 856 956
547 165 338 336 115 424 367 546 355 638 338 263
548 62 190 108 375 367 121 217 121 420 526 413
549 274 273 447 334 269 46 83 83 496 5 333
550 480 252 89 160 484 168 403 14 35 39 480
551 69 679 533 322 46 322 45 46 429 45 448
552 809 806 809 271 137 635 812 448 139 428 335
553 521 217 404 99 353 709 353 353 183 12 141
554 29 438 135 62 251 971 804 565 324 555 84
555 161 87 160 312 53 231 14 918 232 178 344
556 14 64 14 86 427 431 105 92 326 160 482
557 5 820 201 918 200 178 351 734 284 278 179
558 823 521 598 86 197 198 485 73 106 419 113
559 258 105 243 210 128 212 70 494 366 83 273
560 336 13 285 62 548 753 119 84 510 466 362
561 462 701 462 546 615 163 142 333 133 42 245
562 413 176 65 160 4 412 303 82 367 655 13
563 584 272 137 285 305 64 244 58 88 209 166
564 638 169 434 300 889 828 615 669 5 99 100
565 823 700 359 672 365 506 503 265 856 19 11
566 452 421 529 265 407 526 912 765 365 19 707
567 843 290 108 971 679 663 663 187 129 840 285
568 426 283 104 379 321 384 379 250 526 399 84
569 359 466 266 407 265 466 9 359 332 971 608
570 265 804 266 11 133 681 133 93 513 272 3
571 303 302 88 211 62 365 87 190 62 27 29
572 515 168 28 183 473 465 809 302 302 89 412
573 9 707 856 249 249 41 601 163 601 41 203
574 280 292 64 292 484 168 544 212 641 212 173
575 232 52 52 221 160 51 306 511 346 13 520
576 329 20 520 520 55 1004 55 59 305 195 4
577 166 434 768 100 185 100 62 154 86 41 202
578 577 518 434 89 54 698 208 408 215 222 314
579 216 971 480 282 726 726 106 589 105 42 74
580 580 580 580 580 580 580 580 580 580 580 580
581 205 160 747 667 128 121 531 365 223 228 82
582 184 253 142 366 183 845 305 517 6 440 160
583 521 482 143 820 23 38 417 136 336 116 437
584 563 373 84 422 105 355 16 305 366 440 265
585 84 160 131 131 586 194 815 815 208 114 375
586 62 226 128 734 284 157 179 342 129 169 65
587 412 81 299 81 607 533 58 63 365 62 109
588 600 493 515 458 568 401 874 401 533 236 158
589 424 62 361 976 442 40 171 261 40 964 40
590 27 251 170 491 497 170 318 423 13 478 81
591 591 96 211 55 809 57 809 211 254 210 300
592 273 272 269 643 50 152 128 105 533 602 616
593 204 128 210 434 229 387 385 385 377 127 227
594 84 513 655 75 84 594 84 598 482 419 5
595 52 377 277 214 231 692 231 206 205 557 79
596 218 222 87 166 194 5 243 613 793 613 117
597 142 303 235 233 82 130 284 301 113 176 413
598 86 165 35 367 129 343 191 231 60 495 371
599 63 826 826 252 145 106 81 28 438 249 286
600 585 600 813 275 542 399 493 460 256 405 64
601 233 121 263 531 405 183 504 529 488 496 487
602 602 249 424 17 0 222 513 906 533 163 142
603 414 415 852 851 851 907 262 342 191 122 347
604 546 209 273 140 929 269 448 592 929 15 160
605 851 214 180 365 256 31 186 654 25 438 417
606 495 371 210 241 963 131 949 685 174 15 82
607 453 420 218 204 93 165 860 170 82 58 162
608 440 813 280 290 107 642 473 471 255 312 177
609 114 234 366 368 321 368 182 61 377 393 82
610 250 320 377 918 51 908 776 94 214 284 231
611 11 159 631 209 283 142 68 424 113 925 455
612 217 162 427 252 269 429 164 322 592 321 533
613 117 409 776 94 776 820 52 537 221 21 333
614 742 742 742 546 221 310 62 430 543 292 278
615 747 678 311 612 223 117 100 102 300 194 5
616 435 65 294 129 188 189 377 377 394 182 719
617 592 140 64 290 108 509 713 509 68 306 550
618 523 292 83 424 950 23 953 997 953 822 86
619 56 54 411 263 925 89 63 586 194 55 57
620 86 117 189 67 549 288 296 932 531 548 337
621 781 537 232 280 65 380 295 172 365 602 213
622 238 242 236 83 58 84 492 518 212 142 393
623 129 208 434 214 280 655 367 142 859 303 486
624 461 429 335 322 446 46 114 39 34 545 473
625 412 154 249 129 294 301 747 494 932 326 173
626 87 626 87 856 913 951 913 950 754 510 499
627 420 511 262 62 541 15 285 105 474 145 155
628 379 392 296 378 157 384 388 60 103 385 389
629 177 5 815 174 286 195 194 803 193 408 586
630 630 630 369 304 285 252 434 368 394 295 290
631 159 242 62 505 62 726 5 438 121 427 115
632 397 381 394 397 390 377 384 393 250 395 385
633 633 633 633 633 633 633 633 633 633 633 633
634 634 635 2 192 3 599 158 242 96 437 47
635 2 273 140 735 164 13 184 409 2 494 450
636 211 518 445 51 204 917 204 232 380 166 290
637 233 159 158 105 914 900 5 284 179 262 100
638 356 638 300 183 309 95 908 199 1 106 183
639 209 518 363 280 114 105 771 518 363 531 419
640 353 129 365 371 114 115 339 245 48 560 19
641 301 504 407 856 525 141 266 754 720 11 452
642 212 424 62 726 107 284 191 682 681 343 207
643 49 19 121 301 157 395 424 280 105 422 819
644 489 212 424 748 160 450 426 82 641 748 944
645 191 682 191 348 191 282 252 389 326 473 121
646 411 809 301 132 859 665 272 164 16 783 654
647 21 254 62 459 565 9 720 707 465 14 403
648 648 648 648 648 648 648 648 648 648 648 648
649 421 471 84 49 87 290 424 166 493 450 211
650 215 218 160 133 169 338 107 82 106 462 21
651 173 518 271 56 809 195 826 832 193 4 738
652 513 124 706 86 226 82 453 189 465 786 465
653 653 653 653 653 653 653 653 653 653 653 653
654 376 320 390 390 377 103 320 296 390 438 562
655 28 20 230 282 357 258 454 82 338 437 39
656 344 191 284 351 296 385 380 101 185 371 288
657 269 211 88 285 921 6 516 762 516 516 762
658 658 658 658 658 658 658 658 658 658 658 658
659 377 157 342 206 149 148 401 600 813 600 133
660 660 660 660 660 660 660 660 660 660 660 660
661 161 105 288 550 165 26 23 820 493 611 6
662 185 662 100 935 125 424 78 420 464 420 338
663 81 490 256 254 226 314 256 552 412 859 252
664 515 275 172 143 93 813 458 543 326 424 222
665 212 462 463 462 21 214 13 190 162 169 165
666 362 430 360 451 466 407 249 154 252 480 418
667 184 420 21 467 86 132 434 107 285 281 13
668 157 382 393 607 249 142 285 303 5 249 460
669 783 424 183 411 683 131 83 612 152 283 280
670 670 670 670 670 670 670 670 670 670 670 670
671 471 607 471 333 21 357 256 30 367 183 87
672 141 142 23 107 356 303 58 303 114 169 280
673 673 495 673 495 170 165 365 440 24 28 351
674 674 569 43 452 451 496 506 141 452 264 569
675 675 675 675 675 675 675 675 675 675 675 675
676 428 160 379 157 376 342 350 377 776 593 167
677 199 167 339 337 133 165 129 343 42 41 85
678 492 144 212 859 107 318 13 38 31 32 165
679 482 318 409 776 776 160 418 549 627 420 783
680 380 393 82 180 820 13 443 455 470 271 366
681 350 351 87 661 549 82 211 106 278 214 483
682 191 83 430 249 404 107 314 726 1 377 316
683 683 285 774 285 59 285 949 511 262 376 377
684 684 684 684 684 684 684 684 684 684 684 684
685 481 6 665 812 4 809 5 283 169 62 546
686 245 48 560 276 401 434 83 372 86 226 186
687 107 163 533 435 65 526 537 21 127 129 450
688 543 424 758 758 143 474 186 31 932 41 143
689 198 167 203 201 218 513 229 387 394 393 395
690 86 526 296 644 64 420 114 261 160 187 160
691 691 691 691 691 691 691 691 691 691 691 691
692 130 278 495 351 734 695 211 258 211 3 845
693 83 42 41 370 442 443 414 443 547 47 48
694 610 694 129 290 340 531 932 812 845 89 515
695 459 661 87 255 546 87 543 493 290 143 328
696 18 166 453 189 473 627 513 474 110 110 478
697 645 414 479 414 916 414 479 275 86 546 106
698 412 58 84 58 845 2 238 176 417 971 452
699 406 506 293 530 538 530 249 340 179 376 181
700 267 674 565 804 11 22 21 174 126 723 306
701 462 462 106 90 459 166 178 656 344 180 381
702 932 597 460 597 58 373 528 5 419 78 107
703 703 703 703 703 703 703 703 703 703 703 703
704 704 107 41 28 62 107 338 424 58 498 358
705 450 13 128 209 174 473 113 329 198 434 329
706 563 82 601 812 45 210 183 520 2 58 84
707 856 355 329 105 129 290 13 53 13 980 757
708 99 434 361 31 39 13 476 13 266 500 569
709 404 643 87 131 121 93 407 856 504 7 44
710 710 272 334 429 322 428 428 46 114 145 20
711 711 711 711 711 711 711 711 711 711 711 711
712 4 193 2 64 950 173 105 544 257 291 450
713 81 188 183 159 236 319 107 327 894 327 10
714 486 184 513 183 854 63 283 282 256 548 405
715 69 183 411 174 859 826 4 102 323 100 820
716 5 133 41 201 206 280 523 706 280 289 180
717 215 23 35 129 232 291 133 166 518 152 79
718 56 809 58 832 131 698 13 15 15 62 467
719 182 396 61 395 104 60 388 377 376 390 385
720 86 510 12 441 254 233 174 80 62 233 174
721 27 722 28 27 32 261 986 470 816 816 40
722 27 30 409 338 183 493 294 214 419 129 290
723 777 482 576 93 337 116 460 347 166 168 114
724 338 318 114 278 681 123 411 271 88 121 66
725 96 881 96 370 455 271 301 269 533 590 494
726 212 42 143 357 106 279 62 424 142 216 579
727 83 586 826 685 685 2 63 486 160 63 271
728 306 426 423 438 25 34 434 329 64 918 196
729 441 333 847 444 527 424 375 478 90 91 90
730 231 277 82 214 483 464 35 301 337 860 437
731 731 731 731 731 731 731 731 731 731 731 731
732 732 732 732 732 732 732 732 732 732 732 732
733 306 478 424 256 221 155 147 212 172 167 593
734 320 616 459 513 66 211 754 44 128 200 440
735 448 735 322 735 461 216 64 400 173 87 13
736 62 296 526 440 399 543 291 290 301 651 427
737 737 271 283 295 162 236 233 115 301 13 197
738 4 301 138 481 305 131 949 211 11 441 529
739 495 155 877 184 63 138 63 379 80 375 62
740 51 362 16 362 420 141 264 7 406 9 141
741 103 397 103 546 44 967 44 12 249 654 355
742 546 210 255 254 340 115 23 160 582 62 99
743 517 305 420 105 92 513 153 107 58 121 367
744 744 744 744 744 744 744 744 744 744 744 744
745 377 782 82 104 182 296 82 212 174 379 391
746 746 746 746 746 746 746 746 746 746 746 746
747 678 747 215 560 48 47 409 306 121 152 128
748 377 189 314 226 370 96 728 5 11 502 506
749 776 94 167 936 546 462 506 503 61 390 387
750 88 303 269 473 627 678 492 154 249 362 44
751 820 342 776 936 563 6 275 172 13 280 128
752 82 438 249 460 467 86 611 389 394 61 264
753 491 816 987 115 531 107 290 515 552 809 131
754 971 343 342 393 60 342 681 133 171 116 35
755 211 63 532 233 236 87 448 735 164 13 36
756 215 812 635 137 155 877 160 376 378 491 892
757 757 757 577 166 58 166 351 346 168 121 137
758 316 255 46 210 434 97 371 365 564 2 126
759 121 129 493 212 162 4 56 56 96 263 455
760 335 448 579 272 461 428 301 93 291 142 152
761 393 154 86 459 253 283 420 20 495 154 963
762 516 6 95 232 515 64 372 248 73 316 0
763 5 117 121 375 368 83 63 803 859 105 667
764 377 148 148 434 303 5 489 211 402 148 280
765 912 765 9 754 720 466 213 913 856 407 786
766 766 134 554 777 259 72 524 72 259 127 128
767 473 550 189 184 536 229 536 259 92 723 923
768 371 282 28 106 548 381 387 368 60 219 222
769 107 283 181 390 396 157 352 60 105 546 155
770 353 125 404 58 121 393 387 388 160 123 450
771 13 333 145 828 300 460 169 133 261 121 301
772 772 772 772 772 772 772 772 772 772 772 772
773 773 773 773 405 371 641 333 180 257 278 183
774 285 168 62 210 638 896 12 565 9 8 971
775 560 84 210 420 301 118 409 244 303 610 235
776 749 284 1 222 365 152 116 417 361 115 229
777 498 232 493 426 318 420 820 593 142 280 65
778 85 160 468 122 168 542 183 53 465 83 106
779 549 104 60 219 232 51 486 270 419 268 0
780 84 425 714 562 129 292 278 199 399 457 399
781 52 157 379 164 735 322 269 933 335 446 140
782 526 655 367 363 384 379 387 198 206 786 64
783 654 234 238 236 5 738 498 499 505 406 9
784 784 784 411 683 411 867 134 5 96 116 339
785 23 166 799 715 799 189 287 298 299 418 299
786 786 465 615 521 134 372 32 473 211 142 68
787 21 486 357 65 199 95 86 70 83 431 105
788 717 131 87 84 399 401 621 130 401 434 361
789 129 440 380 396 390 387 950 8 569 452 8
790 544 544 82 285 520 408 625 285 137 160 480
791 493 563 129 231 278 262 122 231 621 160 269
792 121 163 333 981 547 114 211 730 5 868 320
793 613 793 748 944 748 118 301 137 158 233 145
794 322 434 308 21 647 434 121 544 544 62 296
795 417 62 454 357 112 373 481 208 174 284 255
796 405 114 531 367 31 34 24 29 5 572 484
797 231 65 291 403 291 543 493 65 435 616 459
798 798 798 798 798 798 798 798 798 798 798 798
799 160 611 389 292 206 232 611 168 14 403 426
800 287 80 230 920 435 942 435 942 95 200 207
801 820 107 19 121 86 563 493 422 615 147 612
802 129 86 189 21 74 0 734 177 905 309 73
803 54 826 6 517 102 101 124 125 101 419 14
804 11 566 11 502 499 182 308 157 668 157 250
805 971 360 4 121 300 889 300 495 256 62 233
806 806 809 627 189 420 166 742 742 614 756 431
807 211 546 513 652 513 906 156 734 0 268 218
808 808 808 808 808 808 808 808 808 808 808 808
809 481 58 6 429 322 140 428 446 140 6 685
810 180 366 474 23 964 373 166 168 276 549 288
811 79 226 513 546 513 93 543 183 357 474 254
812 971 444 547 114 564 2 880 685 826 6 426
813 585 168 484 64 523 464 5 902 5 141 327
814 344 191 179 13 588 282 131 809 59 809 88
815 208 305 281 5 285 698 211 3 114 24 997
816 953 292 82 261 75 75 339 75 76 119 816
817 543 494 395 719 121 20 121 303 355 518 363
818 549 6 134 340 256 548 203 86 28 932 107
819 461 448 421 607 253 162 160 453 160 506 494
820 200 95 61 19 421 649 452 9 720 86 42
821 160 832 160 96 261 133 62 418 549 460 730
822 563 484 822 908 167 340 62 64 223 105 153
823 19 11 555 44 211 44 10 326 733 420 351
824 191 262 344 156 906 546 41 160 56 286 129
825 923 923 733 777 86 152 433 233 252 183 169
826 826 2 612 58 192 3 81 424 280 114 93
827 506 86 963 235 236 82 151 86 226 106 695
828 106 365 210 45 160 143 197 198 387 295 368
829 168 494 58 2 896 107 86 143 93 261 48
830 452 830 452 141 494 539 178 498 525 466 141
831 258 356 114 89 333 271 303 807 211 255 160
832 520 532 4 635 520 552 515 434 306 511 7
833 5 64 269 546 41 280 64 181 166 172 351
834 107 96 31 427 431 17 494 588 600 65 14
835 789 835 493 282 68 494 168 611 419 462 586
836 706 585 600 493 399 168 168 515 817 813 543
837 107 233 434 44 419 45 124 429 428 676 447
838 45 428 216 107 296 526 782 82 422 7 421
839 191 160 501 569 358 504 409 128 256 283 103
840 526 493 526 294 526 425 567 290 231 440 149
841 312 53 221 17 459 358 213 182 351 155 44
842 96 6 397 232 413 526 257 401 873 425 430
843 290 643 162 323 84 134 535 554 419 542 526
844 971 740 971 778 549 418 299 81 303 114 303
845 63 254 404 333 493 342 206 41 95 123 41
846 605 851 350 157 343 157 343 129 303 56 138
847 925 263 417 27 48 455 411 208 930 236 371
848 445 64 223 73 259 69 260 173 366 282 31
849 849 252 333 281 137 412 137 175 665 87 212
850 199 526 840 275 458 533 164 424 290 533 65
851 342 348 342 41 333 279 82 747 106 351 321
852 851 852 18 53 312 222 226 459 215 215 223
853 82 153 105 180 107 690 222 189 786 64 292
854 183 28 533 440 435 793 435 316 146 533 168
855 86 42 184 509 467 106 771 518 404 99 98
856 421 9 502 529 160 168 789 654 233 238 237
857 160 329 329 300 892 226 317 221 403 542 403
858 306 173 129 694 664 401 249 212 28 40 38
859 243 233 282 427 261 443 226 283 105 333 2
860 251 438 437 169 261 31 38 370 48 115 232
861 350 191 345 262 402 211 430 504 765 506 407
862 777 554 777 200 160 67 66 469 375 469 477
863 57 107 279 5 128 183 357 62 129 35 588
864 411 333 2 434 152 364 433 186 152 612 474
865 305 516 6 137 155 371 212 152 363 420 820
866 411 163 654 153 166 351 105 366 521 62 454
867 340 922 699 406 332 487 558 9 529 452 359
868 320 616 533 461 624 409 316 17 212 283 314
869 179 122 180 62 109 366 62 258 357 62 367
870 425 664 84 372 70 233 236 932 420 212 180
871 231 440 14 103 393 152 105 420 854 63 854
872 707 569 9 9 558 674 510 141 107 166 880
873 401 160 375 114 249 505 502 8 441 160 197
874 65 290 643 48 486 14 563 6 418 188 710
875 170 434 296 105 859 249 405 21 278 191 122
876 564 748 748 283 752 283 0 221 493 292 822
877 155 108 329 107 820 105 128 79 152 333 163
878 35 26 23 41 142 493 440 14 563 936 204
879 242 879 242 238 963 927 234 6 458 600 458
880 286 5 82 292 14 493 399 401 399 440 94
881 96 655 171 13 329 258 478 66 112 66 984
882 166 23 23 87 812 45 301 13 326 306 121
883 115 184 81 170 900 953 699 358 856 160 882
884 884 884 884 412 162 45 87 211 286 410 160
885 887 885 20 87 333 281 4 809 131 96 619
886 2 63 211 462 254 495 20 690 215 89 520
887 887 885 20 96 75 135 40 753 119 40 113
888 412 63 236 319 963 950 80 62 184 298 301
889 405 411 866 80 81 329 329 652 333 76 96
890 890 890 121 752 82 4 195 252 131 949 481
891 405 253 316 420 661 506 498 602 238 440 320
892 124 618 125 424 448 447 592 446 429 140 446
893 466 529 466 362 7 421 362 15 160 529 529
894 327 107 169 300 892 423 482 339 245 365 278
895 114 28 170 151 142 106 641 282 124 638 338
896 287 800 409 38 31 338 35 39 339 818 92
897 263 16 495 129 211 2 208 809 138 160 338
898 481 949 54 412 404 121 169 336 165 107 154
899 2 564 480 362 121 87 303 13 343 13 114
900 953 40 35 40 753 40 34 151 367 283 103
901 137 3 481 137 281 107 642 405 142 280 133
902 5 29 438 337 136 89 809 738 4 990 5
903 907 851 681 5 235 930 931 158 3 256 145
904 321 177 309 400 86 536 83 236 87 105 327
905 311 678 274 263 485 485 245 96 367 338 113
906 160 506 411 462 212 422 82 209 56 13 84
907 191 857 160 526 493 399 526 425 568 121 212
908 95 183 509 87 114 169 914 816 119 96 96
909 183 400 81 460 533 46 21 274 429 140 174
910 65 232 312 317 17 82 740 971 360 293 362
911 81 418 160 251 170 64 142 160 963 950 55
912 499 332 7 11 129 413 143 357 21 467 166
913 525 407 43 358 332 529 499 707 498 738 59
914 64 197 93 108 405 46 429 155 173 96 121
915 38 592 46 107 115 153 434 168 168 160 601
916 414 916 414 916 414 603 414 605 797 18 143
917 201 206 201 5 516 517 192 195 192 826 59
918 207 917 199 95 351 483 764 314 363 152 612
919 40 427 932 283 932 506 64 271 256 445 256
920 435 519 189 467 459 225 282 170 40 32 93
921 138 58 283 62 454 189 146 226 82 21 424
922 922 856 160 548 106 473 163 643 217 654 50
923 326 543 121 552 89 165 336 336 560 775 560
924 88 129 351 157 128 129 114 30 417 133 405
925 423 13 165 490 356 375 357 404 473 447 273
926 242 234 654 32 35 51 82 62 237 209 96
927 210 45 404 354 101 102 98 155 512 512 155
928 211 174 250 174 209 42 128 474 375 28 23
929 579 429 272 665 411 506 496 268 756 756 613
930 243 926 243 373 243 240 240 237 253 107 46
931 210 46 252 107 129 343 157 387 381 380 0
932 236 158 137 520 412 87 129 30 473 30 115
933 592 15 140 45 140 164 695 20 68 21 22
934 163 145 42 184 106 230 80 160 158 236 930
935 936 484 143 93 121 110 258 357 301 474 256
936 706 836 836 813 526 495 114 339 160 91 375
937 64 450 275 368 366 74 231 176 611 5 285
938 611 450 183 69 187 142 83 86 115 84 582
939 232 5 252 809 160 857 160 347 278 377 128
940 128 35 62 726 62 818 533 529 9 213 823
941 189 87 256 154 963 237 233 282 184 373 243
942 95 309 226 79 62 4 96 4 4 587 6
943 295 388 104 376 262 656 262 122 656 262 377
944 748 495 671 69 141 6 667 550 121 373 133
945 327 6 237 252 87 448 107 207 41 370 443
946 641 541 249 367 114 116 338 724 160 736 736
947 181 179 351 280 575 342 352 201 557 160 435
948 381 160 264 266 9 266 141 160 216 142 82
949 511 511 64 950 820 42 243 83 579 429 592
950 651 597 282 210 88 183 417 136 89 412 56
951 213 533 581 51 205 79 290 892 226 307 317
952 952 28 261 82 215 248 0 148 377 231 284
953 590 438 438 365 82 642 284 351 214 450 142
954 518 163 366 134 133 400 160 550 667 508 68
955 205 95 155 188 420 669 669 5 726 106 419
956 922 922 822 464 900 411 462 82 355 211 210
957 707 161 105 21 127 377 961 377 389 397 157
958 69 108 110 111 258 357 478 112 66 514 91
959 377 350 350 178 380 537 460 80 160 80 546
960 377 316 309 120 380 376 307 226 128 209 234
961 377 277 82 158 638 338 932 81 280 51 261
962 958 962 325 326 923 825 723 971 235 244 409
963 83 434 83 114 184 173 153 17 366 184 290
964 24 37 261 361 443 366 187 663 508 509 952
965 936 935 125 768 125 99 173 107 46 3 195
966 189 519 405 166 221 537 613 619 96 119 165
967 44 358 823 19 288 269 272 710 971 569 558
968 184 86 86 424 462 586 58 82 438 26 590
969 184 166 153 166 214 179 157 128 52 1 560
970 546 256 542 399 526 655 367 546 87 351 419
971 325 260 400 183 543 458 377 172 464 282 494
972 913 967 504 533 242 599 63 803 826 192 832
973 971 403 542 183 480 971 47 455 115 405 411
974 918 908 51 198 205 172 249 41 169 355 654
975 971 416 971 417 370 171 655 35 86 736 107
976 442 423 171 41 28 438 440 460 748 932 253
977 209 300 158 58 183 87 233 105 434 371 828
978 165 75 655 171 38 409 785 409 417 62 21
979 979 316 268 513 271 408 411 114 212 86 818
980 757 980 261 75 48 338 245 338 914 169 170
981 547 981 443 437 482 450 534 813 129 615 83
982 137 81 146 147 154 493 600 401 65 307 376
983 113 48 654 87 513 92 105 283 153 58 6
984 333 153 333 166 201 908 922 205 198 485 318
985 376 869 181 104 379 396 320 380 101 233 460
986 411 58 2 166 77 62 812 803 812 87 13
987 169 33 13 301 225 82 245 62 441 213 957
988 24 5 58 159 183 399 133 346 21 272 651
989 989 91 758 91 66 121 333 438 340 867 340
990 211 462 211 560 810 301 268 73 311 74 227
991 859 803 412 921 845 2 1001 194 4 586 404
992 992 992 992 129 198 820 93 40 318 107 64
993 408 462 249 222 226 227 74 560 336 337 424
994 6 63 411 900 251 151 28 33 29 5 236
995 712 255 212 44 83 145 81 160 181 283 181
996 12 739 155 181 947 295 943 295 379 388 283
997 953 26 590 30 32 26 34 588 30 169 42
998 65 280 167 128 209 411 537 227 695 971 466
999 145 434 145 82 256 121 473 121 649 421 141
1000 232 484 86 563 493 426 86 138 286 126 137
1001 803 812 990 305 516 2 886 665 859 880 138
1002 560 12 62 58 159 236 319 160 471 333 320
1003 258 417 23 878 35 282 84 729 525 602 61
1004 55 59 59 194 685 174 665 121 130 130 426
0 221 224 64 166
1 495 5 455 455
2 333 288 105 155
3 194 252 859 809
4 859 990 281 121
5 117 460 434 365
6 137 62 708 100
7 537 368 0 74
8 570 570 452 9
9 674 823 666 441
10 325 96 4 121
11 359 529 602 441
12 161 434 393 612
13 90 162 417 23
14 440 434 129 303
15 362 430 411 986
16 258 476 112 258
17 473 299 146 368
18 258 211 305 683
19 61 267 264 9
20 301 953 900 183
21 115 86 756 756
22 20 536 287 69
23 545 28 340 367
24 494 100 102 3
25 28 20 420 172
26 13 4 685 845
27 27 917 94 515
28 270 84 115 254
29 40 40 339 79
30 86 38 30 29
31 28 37 34 24
32 473 211 301 423
33 33 86 23 62
34 361 261 151 748
35 26 30 115 387
36 128 63 256 345
37 86 42 820 749
38 86 753 115 16
39 560 211 45 87
40 448 140 15 420
41 464 523 387 950
42 21 189 459 311
43 43 569 500 374
44 856 666 420 285
45 216 15 424 527
46 548 531 77 87
47 96 367 280 41
48 37 30 33 33
49 19 555 19 183
50 162 512 155 849
51 375 356 183 63
52 397 378 377 133
53 182 296 215 283
54 126 411 460 183
55 193 2 506 238
56 96 318 82 158
57 412 56 174 305
58 107 828 64 87
59 3 192 411 683
60 378 283 373 131
61 434 46 933 592
62 419 12 8 856
63 481 421 180 214
64 644 349 349 13
65 291 168 515 13
66 146 17 317 309
67 108 357 13 197
68 678 69 105 199
69 260 69 418 189
70 217 50 612 434
71 50 433 84 317
72 106 828 353 86
73 74 219 342 352
74 173 932 254 492
75 96 599 211 269
76 96 285 738 132
77 212 174 405 102
78 424 82 373 197
79 282 726 283 105
80 271 145 832 408
81 363 210 233 84
82 295 943 295 16
83 373 571 252 252
84 162 169 81 509
85 310 160 25 93
86 450 464 116 443
87 222 424 114 234
88 54 88 252 949
89 437 847 443 84
90 66 211 730 730
91 357 474 473 627
92 68 301 368 121
93 25 13 685 137
94 205 86 117 121
95 128 212 493 154
96 337 133 337 82
97 323 160 429 166
98 371 708 708 86
99 640 638 300 183
100 107 19 83 579
101 155 211 4 6
102 6 549 667 509
103 52 377 383 379
104 387 384 105 281
105 199 53 13 581
106 495 203 129 42
107 420 21 105 180
108 81 367 748 793
109 366 180 434 647
110 121 300 118 117
111 375 478 143 95
112 66 654 163 411
113 932 453 615 33
114 48 165 725 96
115 280 14 403 426
116 533 361 31 123
117 62 509 420 666
118 13 199 42 166
119 165 113 183 473
120 79 121 367 96
121 520 183 450 493
122 349 321 38 115
123 420 137 255 363
124 662 84 601 58
125 185 101 581 139
126 209 5 303 859
127 189 465 189 253
128 557 232 498 562
129 166 536 298 184
130 388 157 214 681
131 2 405 184 877
132 434 495 154 963
133 450 168 13 118
134 523 543 576 142
135 13 263 303 106
136 455 444 171 5
137 137 982 137 194
138 86 586 62 582
139 819 273 448 592
140 301 81 280 204
141 500 44 86 28
142 74 212 371 549
143 142 180 212 411
144 433 180 533 303
145 17 434 99 404
146 533 114 919 443
147 254 63 564 365
148 179 378 295 388
149 148 344 381 182
150 215 177 94 377
151 427 82 51 409
152 49 50 84 243
153 82 128 424 367
154 424 758 143 83
155 147 533 663 160
156 321 103 394 389
157 180 681 342 201
158 564 748 106 163
159 210 254 404 153
160 404 269 424 371
161 371 13 333 166
162 468 495 215 188
163 654 87 282 139
164 272 3 62 296
165 258 16 80 546
166 331 29 38 165
167 128 52 157 347
168 280 16 375 107
169 914 165 116 883
170 424 240 160 533
171 655 172 434 300
172 212 256 303 244
173 859 121 174 971
174 685 92 336 260
175 174 305 286 13
176 178 539 178 656
177 515 172 172 533
178 344 656 176 478
179 61 157 250 395
180 615 453 615 615
181 346 105 166 145
182 104 387 392 104
183 236 234 96 417
184 107 211 210 159
185 618 353 100 618
186 31 143 18 121
187 533 210 365 490
188 710 188 459 223
189 418 287 896 4
190 329 476 478 356
191 13 128 106 74
192 826 54 438 470
193 412 473 188 106
194 685 3 193 160
195 252 238 2 195
196 86 128 16 157
197 95 129 489 106
198 168 129 95 204
199 342 376 391 776
200 918 206 307 114
201 198 593 95 13
202 623 450 526 280
203 41 387 104 283
204 820 198 205 483
205 199 296 181 380
206 51 35 655 513
207 207 41 51 30
208 126 138 56 921
209 71 50 48 361
210 926 159 931 963
211 6 826 826 408
212 544 544 790 544
213 264 247 358 73
214 231 180 851 180
215 20 83 154 153
216 62 172 207 95
217 340 459 248 330
218 218 82 372 494
219 232 219 377 379
220 218 222 107 161
221 647 93 95 122
222 315 253 222 560
223 106 480 550 288
224 365 114 220 223
225 1 199 377 61
226 696 226 314 225
227 254 490 186 492
228 280 706 836 523
229 536 298 246 421
230 420 293 420 128
231 74 166 429 428
232 576 329 68 418
233 145 81 478 329
234 963 241 234 533
235 244 236 241 159
236 121 163 145 462
237 174 209 301 953
238 506 409 30 38
239 3 58 2 131
240 210 16 209 126
241 158 160 171 444
242 533 361 981 847
243 158 638 81 303
244 810 88 137 901
245 455 271 137 880
246 504 374 499 246
247 213 266 12 362
248 317 295 947 181
249 642 300 312 218
250 610 56 859 281
251 135 13 483 128
252 114 35 170 282
253 20 80 356 355
254 283 211 661 459
255 329 20 366 105
256 542 129 440 61
257 231 214 342 41
258 831 258 107 36
259 537 473 113 280
260 173 462 173 892
261 486 263 976 263
262 907 156 734 351
263 256 271 411 434
264 500 525 65 53
265 533 321 387 104
266 407 504 406 498
267 247 7 246 141
268 405 856 362 480
269 448 164 379 397
270 486 329 20 82
271 333 160 352 656
272 334 46 249 54
273 273 216 69 260
274 140 541 62 448
275 840 168 128 160
276 275 511 346 346
277 149 150 215 23
278 292 278 486 537
279 118 409 69 356
280 292 611 623 202
281 4 183 258 434
282 464 556 232 368
283 748 932 371 174
284 642 249 208 211
285 520 285 840 13
286 815 520 138 880
287 549 540 509 13
288 613 793 206 202
289 277 277 167 181
290 206 588 27 40
291 181 390 409 506
292 280 129 173 728
293 661 44 166 222
294 377 458 655 35
295 16 249 672 672
296 254 329 306 409
297 0 316 341 295
298 507 85 41 206
299 855 155 429 107
300 255 189 434 589
301 357 375 89 238
302 57 698 58 518
303 28 486 5 517
304 87 325 21 495
305 16 356 282 612
306 10 326 420 254
307 206 307 307 18
308 880 252 481 950
309 312 420 458 142
310 222 310 932 82
311 268 421 496 487
312 53 14 486 537
313 85 443 443 263
314 309 316 231 289
315 519 259 72 524
316 549 309 615 474
317 314 85 307 177
318 5 455 96 24
319 234 269 474 154
320 156 166 178 342
321 351 329 514 971
322 933 322 15 424
323 323 162 84 105
324 10 339 261 980
325 325 96 400 160
326 183 474 477 91
327 820 343 207 128
328 86 128 917 199
329 477 474 84 494
330 860 860 169 65
331 464 169 283 693
332 7 19 560 329
333 518 621 301 121
334 592 334 448 322
335 447 409 171 547
336 92 152 187 69
337 336 93 458 291
338 37 39 84 82
339 40 48 361 443
340 419 531 445 848
341 17 283 137 303
342 206 14 18 146
343 681 851 214 294
344 814 52 232 575
345 351 181 283 144
346 13 730 730 231
347 160 206 546 44
348 191 86 8 502
349 156 157 347 352
350 178 232 486 183
351 130 155 130 280
352 214 176 94 207
353 371 288 70 233
354 97 100 592 929
355 142 303 28 301
356 121 71 71 209
357 16 68 184 968
358 707 232 575 231
359 9 525 499 358
360 359 496 459 215
361 34 545 24 29
362 129 576 295 290
363 314 418 409 207
364 21 405 160 212
365 62 153 283 748
366 234 269 87 180
367 405 601 812 447
368 182 368 150 166
369 89 252 305 880
370 251 26 25 40
371 363 314 223 166
372 594 372 513 249
373 508 10 89 482
374 506 293 360 44
375 142 747 494 153
376 64 113 301 28
377 321 579 46 273
378 17 189 667 142
379 387 523 618 617
380 440 160 377 546
381 548 753 900 411
382 393 932 68 932
383 295 276 275 168
384 321 397 377 390
385 394 181 231 277
386 379 389 389 393
387 849 63 115 533
388 379 395 201 62
389 537 189 671 17
390 182 388 390 388
391 426 65 990 5
392 60 394 379 389
393 434 129 214 681
394 60 378 387 950
395 83 162 107 769
396 308 218 199 280
397 378 179 150 182
398 379 397 150 182
399 199 399 51 124
400 92 373 243 87
401 543 478 514 474
402 420 99 185 371
403 377 122 191 494
404 185 52 814 262
405 263 151 748 377
406 533 15 140 447
407 525 913 213 499
408 5 325 945 325
409 497 811 340 114
410 490 491 168 160
411 333 249 252 389
412 3 59 865 865
413 232 52 197 196
414 370 38 245 171
415 414 414 449 414
416 327 11 359 7
417 417 981 333 641
418 582 582 549 550
419 128 820 581 21
420 624 21 152 345
421 7 707 823 666
422 546 856 555 11
423 114 278 420 474
424 326 424 132 305
425 567 290 128 41
426 568 401 424 45
427 47 318 318 444
428 428 45 445 366
429 272 447 447 15
430 569 365 451 487
431 249 296 142 338
432 162 133 218 196
433 233 241 159 244
434 322 794 322 446
435 160 466 496 362
436 437 436 437 165
437 26 27 588 25
438 36 24 40 448
439 338 199 278 611
440 172 413 214 342
441 333 145 17 283
442 114 114 152 345
443 370 427 153 427
444 84 553 598 553
445 64 224 1 537
446 428 448 484 232
447 812 252 434 401
448 592 273 209 131
449 414 370 339 438
450 544 129 65 486
451 7 222 87 13
452 573 452 666 452
453 166 82 548 497
454 106 311 678 509
455 24 25 23 82
456 456 405 245 442
457 971 710 710 896
458 493 41 30 40
459 20 533 434 214
460 41 28 46 106
461 272 290 280 172
462 58 131 646 411
463 463 462 272 164
464 377 486 183 28
465 707 950 754 608
466 602 365 172 526
467 460 460 730 64
468 162 31 121 74
469 474 143 121 355
470 816 170 183 493
471 255 314 872 61
472 610 96 28 877
473 329 300 102 323
474 409 36 114 133
475 300 367 283 191
476 478 652 163 641
477 108 420 30 121
478 160 179 249 421
479 381 295 107 518
480 375 6 473 141
481 950 58 880 815
482 482 129 208 58
483 321 181 388 150
484 494 226 82 74
485 442 115 142 172
486 292 64 170 38
487 84 533 160 221
488 466 602 358 12
489 212 87 963 926
490 170 434 256 362
491 377 572 290 484
492 932 333 129 139
493 270 84 835 789
494 470 151 142 418
495 249 184 160 166
496 498 267 267 61
497 419 434 115 438
498 473 14 41 197
499 19 7 359 502
500 569 504 569 43
501 176 501 569 362
502 43 44 362 82
503 213 720 86 494
504 332 700 264 232
505 374 529 332 836
506 510 754 62 518
507 85 309 612 163
508 299 546 84 144
509 518 166 473 211
510 754 161 371 226
511 64 64 199 83
512 160 224 74 218
513 210 300 323 654
514 13 812 886 366
515 458 6 528 271
516 333 113 48 318
517 6 252 84 373
518 445 557 201 160
519 809 107 23 171
520 166 177 229 165
521 389 585 129 615
522 563 584 272 164
523 172 420 143 478
524 72 106 90 90
525 213 503 506 238
526 424 497 424 46
527 981 76 981 114
528 5 362 133 365
529 441 264 65 51
530 293 11 518 121
531 86 271 305 58
532 132 210 160 156
533 121 252 183 187
534 544 84 474 96
535 173 513 226 313
536 473 115 370 26
537 221 283 86 226
538 777 69 508 68
539 380 166 347 157
540 952 28 28 351
541 181 381 391 971
542 526 912 499 525
543 399 168 167 133
544 434 81 146 316
545 93 883 27 151
546 533 213 823 856
547 437 455 860 375
548 203 548 365 310
549 678 627 184 582
550 13 10 971 321
551 733 923 326 96
552 412 87 909 183
553 553 553 554 29
554 62 58 192 517
555 266 608 466 856
556 531 300 106 356
557 201 167 204 196
558 487 922 141 161
559 142 83 82 424
560 459 25 473 30
561 462 546 604 458
562 65 568 450 494
563 822 168 346 511
564 174 63 635 634
565 12 264 498 264
566 569 957 569 264
567 290 121 478 105
568 426 426 231 290
569 566 7 265 232
570 570 8 11 324
571 63 363 152 132
572 280 14 486 478
573 213 700 661 264
574 425 574 401 282
575 342 262 231 426
576 166 73 707 265
577 166 168 128 908
578 577 375 169 263
579 447 812 273 271
580 580 580 580 580
581 101 380 296 810
582 106 242 233 83
583 521 86 714 615
584 563 563 572 350
585 544 820 493 526
586 408 138 409 305
587 234 236 5 230
588 545 462 408 586
589 155 520 92 127
590 37 229 115 256
591 142 165 437 39
592 139 6 552 532
593 494 543 82 27
594 283 142 233 210
595 52 820 801 41
596 218 549 189 188
597 282 434 300 269
598 598 553 134 10
599 708 185 99 290
600 458 623 450 544
601 405 87 438 482
602 441 506 494 420
603 414 479 177 178
604 57 56 2 587
605 414 449 414 603
606 495 42 163 422
607 170 471 84 727
608 498 238 602 182
609 114 212 531 482
610 142 80 375 6
611 176 176 129 106
612 163 473 296 607
613 756 183 909 493
614 106 222 495 128
615 58 158 166 331
616 533 342 294 294
617 269 335 335 461
618 404 249 7 700
619 89 469 89 809
620 620 86 499 182
621 425 664 58 154
622 238 62 445 77
623 202 41 207 191
624 420 269 17 180
625 4 586 282 745
626 87 83 209 424
627 627 189 215 313
628 628 379 181 103
629 178 342 180 373
630 303 87 543 209
631 159 931 238 241
632 376 82 58 520
633 633 633 633 633
634 635 208 820 203
635 285 174 473 508
636 211 338 336 27
637 637 234 639 65
638 480 69 549 362
639 234 145 234 240
640 404 15 760 15
641 163 643 17 145
642 300 114 47 263
643 49 19 49 612
644 5 207 199 199
645 231 168 543 326
646 211 238 2 6
647 420 30 721 28
648 648 648 648 648
649 466 912 504 332
650 215 295 376 295
651 624 651 428 651
652 329 424 160 345
653 653 653 653 653
654 153 86 395 86
655 427 615 180 468
656 231 196 280 440
657 269 155 301 953
658 658 658 658 658
659 377 764 377 365
660 660 660 660 660
661 252 58 254 169
662 124 185 100 354
663 68 69 747 613
664 65 401 294 206
665 4 832 859 845
666 7 266 9 823
667 69 325 64 730
668 157 52 781 621
669 5 420 64 212
670 670 670 670 670
671 188 20 420 624
672 7 500 141 499
673 673 673 673 673
674 141 452 487 558
675 675 675 675 675
676 447 273 447 592
677 434 81 544 450
678 184 190 105 569
679 375 860 169 162
680 380 440 320 434
681 352 483 65 486
682 681 214 434 63
683 683 411 318 82
684 684 684 684 684
685 92 127 37 667
686 301 147 460 215
687 100 354 323 124
688 543 65 526 199
689 689 543 113 133
690 282 665 282 375
691 691 691 691 691
692 231 257 284 214
693 366 537 61 232
694 290 13 409 506
695 971 710 69 362
696 218 183 44 7
697 697 415 852 206
698 481 107 434 153
699 699 913 525 9
700 238 194 990 281
701 462 701 462 173
702 932 82 533 280
703 703 703 703 703
704 107 642 106 726
705 401 971 570 569
706 563 464 211 612
707 86 67 549 818
708 82 256 425 84
709 185 768 101 233
710 971 844 133 41
711 711 711 711 711
712 255 405 304 303
713 509 424 74 87
714 450 526 419 329
715 799 160 169 116
716 5 58 126 408
717 411 323 708 99
718 56 4 564 365
719 121 281 4 896
720 7 823 19 550
721 37 261 82 385
722 28 721 30 35
723 551 509 518 282
724 160 512 155 855
725 96 121 518 249
726 212 129 278 149
727 83 282 79 340
728 400 309 120 380
729 441 699 922 14
730 13 483 61 172
731 731 731 731 731
732 732 732 732 732
733 551 671 106 756
734 156 122 349 149
735 140 140 2 564
736 736 160 23 546
737 737 271 209 174
738 63 880 63 552
739 495 473 422 184
740 51 121 242 62
741 250 103 52 786
742 614 614 742 614
743 516 5 283 363
744 744 744 744 744
745 453 62 426 568
746 746 746 746 746
747 678 627 667 480
748 82 17 146 66
749 167 197 160 292
750 88 149 150 390
751 41 581 445 424
752 283 388 388 387
753 753 119 333 172
754 971 304 405 304
755 211 2 56 126
756 614 742 546 115
757 367 165 23 82
758 405 133 30 40
759 459 498 73 331
760 335 794 322 461
761 393 282 480 329
762 516 102 4 138
763 5 489 229 64
764 483 377 283 372
765 430 12 141 327
766 134 482 301 857
767 82 474 183 256
768 97 97 434 283
769 107 430 420 106
770 353 160 562 654
771 105 351 182 602
772 772 772 772 772
773 773 405 891 892
774 285 520 303 269
775 560 12 739 300
776 917 196 918 206
777 21 363 161 264
778 971 10 535 173
779 549 81 896 116
780 84 252 520 21
781 621 149 88 252
782 82 739 300 209
783 669 930 236 235
784 411 163 533 800
785 13 121 166 601
786 52 781 52 814
787 21 274 405 456
788 717 271 481 586
789 419 468 221 403
790 544 121 46 495
791 612 145 20 68
792 121 84 510 494
793 316 297 309 183
794 335 592 760 15
795 417 251 339 39
796 353 125 98 353
797 797 342 278 121
798 798 798 798 798
799 160 482 553 84
800 549 218 420 453
801 820 123 160 582
802 256 14 515 440
803 412 56 921 930
804 11 12 7 511
805 44 525 525 499
806 806 304 971 467
807 54 949 132 489
808 808 808 808 808
809 211 81 166 282
810 296 21 434 34
811 28 31 38 409
812 412 211 340 521
813 93 664 486 168
814 52 133 129 457
815 138 160 495 316
816 116 152 121 58
817 544 303 301 284
818 62 405 63 58
819 140 461 447 461
820 249 434 253 212
821 163 377 163 82
822 168 206 198 205
823 566 700 566 11
824 191 352 65 0
825 723 825 923 326
826 160 776 14 473
827 506 249 210 88
828 419 79 128 44
829 523 522 493 835
830 452 856 19 856
831 258 112 51 399
832 612 42 128 160
833 856 546 187 405
834 107 87 489 419
835 84 243 166 28
836 813 172 207 917
837 837 107 441 666
838 45 838 124 82
839 191 278 82 82
840 413 515 64 243
841 231 656 231 191
842 96 119 261 40
843 567 425 4 587
844 133 337 30 437
845 685 137 859 193
846 605 851 342 178
847 922 822 290 65
848 419 87 300 419
849 387 485 86 177
850 546 509 306 141
851 681 157 191 681
852 851 681 123 172
853 82 50 643 87
854 285 286 160 161
855 86 368 321 162
856 452 452 830 452
857 301 281 301 170
858 306 173 142 441
859 832 586 194 252
860 914 338 638 158
861 350 352 103 86
862 777 733 420 607
863 57 57 211 2
864 411 308 129 121
865 194 132 738 481
866 411 460 189 540
867 96 13 271 252
868 320 308 393 283
869 179 284 167 751
870 425 129 615 309
871 231 466 6 486
872 377 163 72 20
873 425 513 642 121
874 401 183 473 509
875 170 5 59 886
876 564 209 235 243
877 28 35 655 231
878 23 128 419 777
879 242 242 159 158
880 812 932 281 411
881 96 881 96 89
882 166 393 422 82
883 336 260 260 21
884 884 412 89 806
885 728 327 6 665
886 2 102 5 128
887 92 498 7 674
888 412 286 129 430
889 300 81 508 549
890 890 121 107 438
891 892 128 445 45
892 438 590 34 434
893 466 754 161 452
894 327 5 269 447
895 417 925 333 460
896 21 728 173 96
897 263 29 361 318
898 898 230 283 145
899 2 249 155 377
900 822 900 900 978
901 137 4 411 215
902 5 458 655 151
903 262 376 157 214
904 321 321 295 172
905 177 656 178 61
906 160 281 2 96
907 349 347 181 351
908 207 183 218 215
909 280 822 572 167
910 65 101 124 45
911 222 256 223 560
912 765 498 205 51
913 213 266 213 360
914 115 21 480 405
915 38 35 409 272
916 414 370 27 93
917 51 970 51 199
918 207 94 483 142
919 455 131 411 859
920 435 163 62 269
921 56 137 137 901
922 7 833 833 5
923 723 923 923 923
924 845 252 121 424
925 205 955 820 121
926 963 87 20 142
927 210 305 698 126
928 211 195 286 281
929 269 142 226 366
930 301 856 405 162
931 238 302 238 86
932 495 250 495 215
933 45 271 412 412
934 163 107 18 18
935 100 640 45 273
936 284 342 350 861
937 937 404 662 366
938 611 64 828 121
939 572 493 562 6
940 93 114 338 263
941 189 747 710 952
942 95 342 139 273
943 295 376 380 14
944 748 151 417 725
945 327 301 216 448
946 641 641 82 730
947 321 483 493 93
948 381 179 148 225
949 59 5 438 900
950 366 173 114 280
951 213 11 666 324
952 710 747 513 66
953 997 953 27 34
954 546 508 533 189
955 820 129 47 113
956 856 466 912 504
957 9 707 674 141
958 69 329 10 260
959 377 133 280 116
960 377 166 393 121
961 377 220 74 215
962 325 13 113 443
963 404 301 375 478
964 40 370 38 24
965 936 907 377 94
966 189 550 473 474
967 525 707 12 466
968 968 968 299 549
969 184 486 493 153
970 546 184 184 540
971 457 294 493 791
972 913 358 823 7
973 971 9 957 213
974 87 222 142 285
975 971 859 147 269
976 48 442 333 145
977 209 424 86 233
978 165 223 228 82
979 745 282 258 66
980 64 306 858 306
981 847 333 355 21
982 137 107 106 885
983 113 925 925 205
984 66 117 118 748
985 376 380 120 232
986 411 511 541 249
987 816 96 64 330
988 411 285 132 301
989 329 113 444 333
990 3 571 4 6
991 412 162 81 405
992 129 365 62 283
993 408 462 272 13
994 6 516 408 411
995 712 401 574 401
996 12 249 859 58
997 24 96 116 129
998 65 910 65 257
999 145 105 412 921
1000 918 128 249 459
1001 990 812 107 480
1002 560 12 86 572
1003 258 357 357 107
1004 55 665 411 54
