0 178 0 178 191 346 129 296 295 397 368 52
1 21 221 42 105 129 278 343 207 377 147 859
2 832 131 211 532 552 54 698 2 54 826 412
3 63 158 166 882 166 137 552 137 481 285 412
4 282 218 248 73 17 333 245 417 725 96 417
5 312 85 312 160 242 240 240 237 240 209 63
6 2 481 56 96 96 263 981 245 96 80 357
7 8 107 54 132 16 46 340 593 434 320 321
8 358 452 487 213 529 529 913 560 518 546 493
9 8 856 525 141 729 971 430 64 201 557 518
10 728 535 164 564 183 478 105 474 68 92 480
11 529 362 430 765 358 358 573 19 856 615 87
12 358 44 155 44 324 10 25 409 800 409 306
13 290 340 173 950 427 612 726 5 209 631 209
14 283 133 170 543 257 180 180 107 642 87 419
15 211 183 400 11 700 332 406 44 105 74 21
16 128 200 178 176 113 419 591 145 155 520 859
17 254 642 83 395 152 49 84 471 671 189 21
18 301 504 183 845 58 83 494 312 160 166 4
19 247 19 405 132 411 323 3 481 96 131 163
20 287 800 615 21 560 913 922 922 499 499 9
21 434 180 342 284 179 62 212 408 59 192 193
22 173 651 651 121 163 366 690 671 80 950 492
23 35 165 329 303 423 925 443 29 40 38 37
24 964 373 481 481 685 809 738 54 438 74 330
25 23 474 105 282 687 86 132 107 201 201 420
26 370 40 160 249 44 81 371 128 533 146 146
27 82 179 231 196 971 695 365 7 19 957 951
28 165 198 776 936 563 290 114 76 113 168 789
29 38 590 953 24 494 108 301 22 127 613 614
30 417 29 121 362 529 359 265 608 359 504 183
31 186 254 106 73 215 495 228 172 256 191 824
32 339 169 252 738 57 56 412 252 194 252 611
33 29 417 64 69 10 260 20 690 86 404 708
34 165 107 820 493 425 526 546 58 54 56 412
35 473 87 166 124 233 121 490 249 695 228 280
36 545 87 643 963 86 238 963 932 174 812 520
37 588 588 307 317 221 85 86 165 160 166 422
38 115 355 183 562 200 207 41 47 437 26 953
39 39 28 151 367 283 405 19 661 141 451 496
40 75 76 139 6 5 53 537 259 20 137 285
41 203 199 526 121 1 82 86 197 95 201 231
42 42 329 38 40 24 33 13 10 564 338 860
43 324 971 93 129 93 820 776 196 86 458 789
44 82 255 106 303 486 160 290 694 706 373 571
45 271 13 506 498 459 759 459 221 52 128 169
46 812 991 520 420 666 62 44 407 44 362 65
47 168 399 450 133 136 136 437 338 66 984 153
48 114 168 936 232 232 312 14 221 248 259 248
49 19 823 8 510 525 707 19 549 81 486 329
50 49 152 458 600 585 84 254 17 162 405 116
51 498 407 502 43 502 407 141 213 7 141 161
52 595 52 103 385 393 333 166 12 300 892 45
53 18 143 290 283 752 121 642 513 74 64 170
54 137 208 371 473 232 160 857 301 150 148 179
55 738 63 162 4 59 4 271 58 4 826 195
56 57 304 369 160 15 46 271 137 880 921 6
57 924 57 809 698 59 971 251 172 420 733 825
58 86 203 434 115 438 34 24 28 409 515 533
59 586 408 420 163 934 549 549 551 663 663 663
60 105 80 880 286 4 430 249 932 113 423 423
61 52 537 607 87 137 58 193 4 896 116 548
62 310 74 21 152 615 253 258 105 404 932 281
63 46 83 143 82 191 903 191 681 278 130 692
64 405 543 424 612 50 82 166 209 241 238 238
65 533 546 508 212 23 40 438 123 123 275 840
66 121 748 932 86 855 473 326 169 16 495 256
67 189 127 92 373 184 19 707 570 19 430 430
68 92 370 226 365 169 82 115 367 427 119 753
69 69 777 777 10 405 548 459 328 460 81 225
70 152 393 607 255 303 544 82 150 376 397 397
71 288 506 441 264 358 266 266 264 265 9 487
72 163 612 83 288 58 880 138 685 4 82 116
73 84 57 408 625 285 486 410 258 16 405 160
74 537 259 73 330 330 330 73 116 455 338 170
75 437 27 26 32 883 165 482 74 482 129 365
76 47 437 860 116 160 223 758 405 288 283 215
77 581 77 950 427 474 183 371 208 63 518 546
78 531 106 300 329 486 263 847 455 96 474 663
79 557 395 152 142 17 120 758 366 531 686 22
80 188 366 531 106 560 283 283 81 371 419 168
81 166 69 549 480 121 303 170 979 979 170 442
82 131 132 371 21 695 491 390 13 114 234 244
83 654 783 654 153 820 482 93 183 326 306 733
84 326 245 160 880 949 252 611 938 611 160 251
85 51 371 708 371 473 17 341 215 18 53 394
86 125 935 100 434 53 103 368 103 395 377 907
87 163 533 186 433 70 494 539 160 85 307 314
88 285 586 932 237 243 58 546 362 356 249 211
89 58 142 163 160 117 170 183 114 39 86 525
90 91 96 82 179 128 526 13 23 128 892 828
91 89 54 4 169 82 366 114 3 57 6 169
92 457 172 285 806 88 302 455 375 108 478 514
93 86 39 35 588 23 83 233 82 77 333 154
94 177 232 413 176 413 526 440 215 211 55 718
95 143 482 521 583 521 823 19 129 87 329 106
96 599 208 285 172 228 74 121 278 409 108 67
97 124 139 335 124 185 687 404 434 533 106 820
98 64 572 86 368 181 295 255 545 23 229 29
99 101 101 120 18 166 366 820 366 160 672 7
100 768 371 81 21 560 922 496 5 35 442 478
101 102 743 743 516 408 63 56 2 612 791 493
102 412 738 208 4 301 150 387 395 64 397 719
103 390 308 424 74 260 93 545 255 607 434 3
104 390 283 932 28 333 23 153 859 859 408 533
105 384 379 387 182 60 385 295 311 189 540 121
106 221 0 65 14 918 207 207 207 198 290 643
107 404 82 730 730 107 747 69 329 410 160 778
108 375 476 108 329 363 210 810 471 333 427 655
109 51 200 94 820 202 562 377 166 243 434 612
110 121 228 482 64 64 191 157 681 82 23 40
111 66 90 86 121 191 82 327 327 128 166 93
112 476 375 90 469 66 258 90 91 64 140 428
113 183 531 212 411 215 42 243 210 160 799 971
114 62 245 426 6 275 835 84 121 432 84 598
115 612 859 366 518 83 162 212 128 105 820 200
116 725 370 427 23 249 82 203 196 128 917 204
117 211 419 497 491 624 231 466 53 403 129 813
118 326 538 538 733 723 538 530 293 498 197 457
119 76 47 114 249 282 45 533 67 160 59 3
120 94 917 820 483 820 180 681 123 450 434 515
121 615 800 615 459 610 610 255 316 6 738 63
122 376 368 321 394 388 130 127 128 254 144 546
123 123 115 615 153 615 106 279 5 420 494 12
124 429 429 301 61 295 172 333 288 758 288 431
125 354 323 102 5 192 59 408 215 460 214 83
126 54 208 698 285 571 288 613 614 614 756 225
127 435 316 905 222 905 316 690 106 467 152 160
128 210 926 158 237 963 158 564 209 126 57 4
129 533 190 533 525 913 506 494 209 159 237 6
130 127 435 440 168 6 517 192 412 195 286 410
131 212 64 80 160 255 222 315 17 226 300 158
132 86 8 8 672 971 3 55 3 665 137 158
133 309 268 756 118 756 756 311 74 549 248 372
134 5 89 54 132 106 189 420 311 297 49 71
135 437 136 169 165 105 384 393 150 179 133 114
136 169 107 63 5 141 488 487 466 267 674 569
137 255 694 706 280 363 256 419 131 83 546 211
138 252 212 144 84 295 717 106 486 270 84 77
139 447 448 494 529 602 441 264 247 498 0 18
140 447 269 16 68 473 495 254 115 5 35 86
141 365 530 246 856 950 180 352 178 180 434 187
142 64 506 504 765 498 411 122 377 394 379 250
143 18 317 84 127 166 84 326 533 210 283 153
144 84 142 494 371 409 151 816 165 30 93 494
145 13 129 820 160 333 417 176 417 86 31 30
146 81 434 154 62 45 335 274 448 428 139 140
147 142 269 139 137 901 137 272 6 411 986 470
148 150 148 149 191 283 420 458 604 211 932 489
149 88 63 254 651 427 370 26 40 251 96 96
150 820 283 114 152 345 345 254 651 2 494 470
151 424 326 173 114 609 30 261 470 75 84 71
152 82 168 198 258 66 611 86 145 269 216 216
153 58 950 166 252 138 685 64 172 123 900 438
154 954 249 62 571 288 105 420 654 186 433 393
155 512 160 96 619 56 209 88 58 411 473 355
156 191 231 871 231 180 17 532 63 132 160 79
157 392 104 288 70 71 83 450 168 62 3 1001
158 930 235 242 105 518 355 170 485 221 73 330
159 249 329 459 106 420 114 725 96 76 245 47
160 264 86 573 213 525 9 573 358 856 856 707
161 81 663 160 379 385 389 283 752 84 612 49
162 433 83 333 847 981 847 40 427 460 159 166
163 411 131 698 281 107 306 13 33 24 964 23
164 45 272 272 334 929 429 166 184 183 278 301
165 249 569 7 420 311 188 518 163 518 661 420
166 405 362 483 764 483 533 242 240 237 424 518
167 13 238 235 971 700 238 930 927 159 301 312
168 399 440 149 277 206 852 18 223 222 215 717
169 816 470 271 211 84 249 765 249 169 41 5
170 35 32 338 113 47 107 172 207 343 191 348
171 547 527 318 86 39 86 283 226 232 133 143
172 114 307 971 361 361 25 588 26 26 25 160
173 723 546 490 42 343 343 160 389 387 42 495
174 395 160 551 86 65 231 316 1 199 94 320
175 665 685 665 886 601 86 142 271 57 303 252
176 501 406 406 466 856 355 303 950 55 4 160
177 479 414 443 590 438 588 13 351 95 214 172
178 0 377 380 680 380 65 257 401 493 166 20
179 295 215 560 362 256 30 261 115 153 17 546
180 350 345 351 365 419 256 186 62 12 565 430
181 160 221 224 218 133 165 847 172 65 290 356
182 181 64 173 326 533 94 593 95 128 129 351
183 108 652 163 473 441 254 256 363 236 183 820
184 253 249 183 544 212 518 166 492 678 69 325
185 353 142 141 246 246 298 549 356 478 107 550
186 256 211 473 213 421 434 361 133 29 459 106
187 82 353 709 185 353 371 640 125 99 64 354
188 42 20 106 373 121 357 112 469 329 303 271
189 550 187 256 21 107 89 845 59 137 46 533
190 282 131 121 423 976 48 442 48 263 168 600
191 494 252 234 366 230 375 469 329 576 295 250
192 832 1001 990 138 54 520 533 822 953 997 953
193 2 635 137 355 128 167 130 122 342 206 751
194 252 611 623 611 64 95 6 204 917 41 212
195 533 234 82 245 76 423 318 318 183 400 160
196 820 23 301 216 139 45 404 97 101 233 828
197 206 168 128 200 562 200 777 777 554 29 31
198 258 91 183 236 319 158 930 158 107 206 65
199 377 277 82 20 92 538 723 723 923 825 306
200 94 201 473 427 48 261 93 116 74 366 230
201 204 65 493 424 543 450 419 460 57 240 242
202 41 282 64 271 448 429 269 424 147 1 85
203 249 367 473 201 51 124 124 98 125 124 838
204 95 123 681 178 176 486 201 143 31 151 753
205 199 908 204 218 549 671 747 508 299 508 363
206 41 908 776 776 776 203 495 671 42 372 513
207 128 157 64 926 931 210 420 116 96 211 661
208 481 96 46 274 21 146 21 537 231 621 160
209 411 286 183 198 593 86 189 67 86 121 253
210 513 490 186 363 21 92 20 92 173 154 424
211 604 211 114 290 83 23 434 589 256 269 274
212 87 256 258 476 478 105 340 438 89 469 477
213 957 700 661 363 187 256 82 438 136 27 560
214 214 157 284 107 340 554 340 218 36 218 249
215 121 303 183 301 68 64 124 107 79 77 950
216 429 428 15 334 335 124 100 687 107 338 211
217 282 233 121 63 175 58 256 30 721 229 39
218 315 537 394 389 66 48 37 26 24 455 263
219 280 362 82 186 226 365 180 278 486 35 409
220 434 2 571 63 269 139 129 42 105 358 73
221 256 445 128 165 932 427 75 84 174 424 93
222 64 74 485 981 48 48 115 455 271 210 256
223 309 268 390 394 283 372 283 28 34 32 590
224 1 537 366 74 314 255 137 679 188 170 261
225 74 227 253 228 253 166 300 300 405 46 473
226 79 78 82 752 121 820 106 83 492 615 357
227 226 85 310 160 69 188 160 61 390 459 62
228 450 426 568 81 568 458 542 450 107 318 40
229 434 362 303 367 417 115 163 654 217 431 4
230 5 100 618 353 353 935 100 125 618 523 64
231 122 397 295 424 880 880 308 295 313 317 85
232 241 499 505 62 236 371 160 435 920 435 616
233 70 186 856 264 264 440 24 35 31 256 184
234 210 234 159 215 17 162 163 435 942 435 616
235 252 520 685 6 128 87 23 135 337 245 114
236 252 115 338 251 443 414 603 414 414 414 479
237 174 424 552 54 698 552 55 1004 55 58 552
238 89 169 355 160 423 976 333 318 976 485 198
239 373 133 179 381 150 160 431 4 6 412 271
240 242 166 422 404 154 546 145 166 243 234 587
241 252 241 210 16 222 312 85 467 509 82 345
242 235 5 281 121 252 131 419 14 380 166 194
243 375 577 375 105 518 121 253 459 548 169 280
244 159 236 233 494 106 351 87 62 84 49 87
245 485 976 485 84 594 84 105 28 46 371 254
246 499 488 922 699 845 481 6 665 54 809 138
247 213 12 430 211 81 162 393 153 58 422 19
248 259 297 259 173 513 183 69 679 81 663 747
249 546 2 13 87 654 105 203 62 236 154 107
250 103 368 391 391 321 61 707 331 362 19 83
251 336 13 40 27 151 142 375 243 252 924 209
252 107 121 191 352 157 719 397 376 392 377 129
253 75 36 914 816 470 980 13 129 35 165 251
254 216 254 651 506 11 22 11 406 332 971 582
255 284 296 129 106 255 282 69 509 108 328 478
256 296 393 180 621 781 537 259 106 107 281 494
257 130 692 130 130 257 544 607 537 397 719 395
258 143 31 198 197 160 148 150 387 157 179 156
259 259 519 519 519 315 222 543 82 647 685 138
260 336 41 232 53 312 160 368 232 576 482 143
261 28 93 30 437 437 38 438 338 245 62 505
262 191 343 13 35 5 170 255 83 173 142 589
263 274 45 445 5 417 151 748 495 227 268 300
264 213 529 488 529 359 9 754 7 358 213 487
265 707 602 707 232 312 301 502 43 502 452 9
266 441 374 406 501 160 573 9 707 86 508 418
267 498 593 14 493 290 437 47 48 444 443 48
268 282 115 492 115 753 75 470 261 655 231 434
269 142 577 377 249 353 618 404 154 963 237 234
270 129 365 531 932 671 509 540 121 36 409 117
271 455 115 355 424 404 687 353 121 174 281 56
272 651 2 57 64 611 464 172 204 776 203 14
273 429 322 929 933 334 446 592 929 592 448 45
274 140 269 810 87 13 357 64 292 183 375 114
275 178 537 315 519 518 552 520 13 95 93 166
276 168 183 121 333 249 129 460 256 10 329 356
277 377 390 296 549 667 142 115 473 108 375 860
278 231 656 178 483 142 249 256 280 172 86 225
279 5 106 242 160 170 36 107 429 334 15 13
280 419 607 87 86 223 142 44 161 707 161 666
281 63 921 412 411 318 443 590 24 32 116 336
282 74 950 23 494 165 13 351 278 420 115 753
283 601 107 70 186 654 48 263 897 263 256 366
284 301 284 277 377 182 182 719 397 389 385 390
285 286 410 62 153 333 288 371 640 638 169 113
286 815 80 299 508 105 285 552 54 34 23 33
287 106 551 298 160 201 533 35 160 685 193 63
288 295 377 1 155 213 12 441 754 804 498 573
289 425 870 65 92 160 169 160 279 333 36 128
290 184 86 42 329 473 115 263 547 245 114 168
291 542 526 714 62 426 956 183 401 971 20 118
292 176 214 94 64 281 195 252 131 422 950 856
293 44 555 7 7 451 466 506 366 223 64 405
294 94 200 160 90 64 665 58 305 271 192 195
295 296 182 376 388 130 290 86 58 597 107 214
296 280 284 232 576 166 64 115 302 533 269 82
297 260 20 183 859 963 546 859 963 404 615 357
298 184 536 259 96 302 438 107 174 54 305 366
299 80 92 137 62 86 106 80 187 494 93 13
300 269 254 285 854 63 379 380 397 103 321 179
301 89 408 138 880 921 63 355 160 205 199 203
302 285 481 138 86 404 420 20 81 474 932 295
303 209 15 362 533 266 804 266 267 608 358 699
304 564 10 282 166 42 427 651 301 294 94 177
305 57 552 132 131 604 131 4 665 411 430 7
306 549 74 17 312 5 234 256 10 327 128 80
307 971 973 971 304 424 222 911 81 21 274 428
308 379 391 389 66 90 183 249 106 519 316 215
309 248 696 226 309 223 268 212 508 62 521 217
310 78 121 233 586 408 174 371 129 63 408 586
311 905 74 1 106 114 87 58 809 138 285 774
312 420 404 101 83 615 244 64 685 175 665 412
313 295 86 28 28 129 493 221 42 453 160 435
314 221 403 221 83 121 87 161 7 608 720 213
315 218 221 249 404 282 234 234 233 121 411 166
316 255 932 474 142 133 402 349 149 191 150 301
317 313 0 283 693 82 782 377 396 379 387 381
318 326 84 558 84 372 404 100 935 353 937 640
319 243 930 927 930 208 114 165 31 367 21 128
320 947 295 331 340 342 376 308 295 18 852 206
321 380 377 257 130 377 278 214 278 548 106 642
322 45 140 174 199 174 250 393 249 533 499 699
323 768 353 935 125 404 601 141 51 31 932 142
324 558 487 488 922 340 547 87 643 163 145 46
325 971 416 173 301 473 116 32 113 329 476 108
326 160 736 86 601 57 863 57 2 114 356 107
327 173 400 74 366 812 990 2 5 198 31 36
328 460 748 495 932 233 282 115 251 370 33 34
329 249 83 329 290 294 94 204 6 193 1001 4
330 74 188 533 186 82 420 53 167 572 515 515
331 19 142 300 460 615 17 282 65 543 121 433
332 213 421 115 372 48 925 925 423 438 54 160
333 486 356 121 288 105 427 470 914 170 860 860
334 429 933 269 334 592 592 579 15 174 859 880
335 461 45 419 490 107 107 137 815 92 685 193
336 883 337 93 143 482 160 427 166 314 495 309
337 116 340 367 375 114 300 303 128 355 106 133
338 438 96 88 302 123 275 226 128 226 546 970
339 39 437 27 30 33 35 464 494 296 296 82
340 325 64 105 258 105 215 17 222 17 310 309
341 316 316 519 228 314 312 494 588 28 23 301
342 130 408 685 812 215 295 250 61 392 86 42
343 342 103 18 420 669 5 281 211 842 211 126
344 177 231 214 107 279 333 609 609 333 58 13
345 191 352 351 231 526 181 176 65 64 142 283
346 128 214 536 184 160 377 390 409 371 160 164
347 105 152 340 143 18 219 309 310 85 1 549
348 191 82 184 710 184 249 162 492 152 548 491
349 156 181 231 74 460 169 115 340 290 357 249
350 345 351 13 346 180 107 211 283 215 747 509
351 377 376 103 379 394 376 166 536 83 83 41
352 656 380 65 870 65 204 199 198 202 623 84
353 166 61 232 160 509 306 64 243 83 654 50
354 124 45 828 142 665 254 152 114 51 498 602
355 896 116 116 96 56 6 408 408 880 859 665
356 160 672 506 856 720 9 332 359 466 649 121
357 258 132 242 241 159 11 441 160 520 532 404
358 707 332 506 211 281 16 357 13 242 166 201
359 608 141 11 7 674 674 707 331 225 18 225
360 971 343 971 448 87 253 106 81 166 4 1001
361 251 86 14 498 9 754 661 700 11 720 9
362 44 359 754 360 293 11 10 142 560 229 23
363 188 82 21 520 738 809 481 305 286 303 302
364 363 87 84 113 444 84 323 654 420 305 174
365 141 533 155 115 105 256 340 766 134 373 93
366 441 661 12 160 519 106 16 15 334 334 322
367 80 431 141 666 141 529 441 8 504 529 166
368 379 16 44 419 652 163 601 160 294 301 215
369 96 369 252 832 58 826 412 105 80 106 495
370 39 35 128 157 149 6 96 481 160 405 221
371 424 820 42 81 225 459 42 23 62 361 13
372 373 411 738 132 807 211 338 464 128 6 3
373 481 63 571 4 434 212 147 533 147 154 363
374 441 700 498 359 525 505 62 820 159 303 235
375 89 809 305 366 86 855 549 371 155 337 31
376 181 280 336 400 336 135 361 971 400 327 141
377 250 0 250 395 424 695 971 29 35 86 96
378 60 122 103 395 104 549 710 710 418 287 800
379 398 157 283 144 121 254 174 395 201 249 859
380 393 384 80 28 172 65 282 21 671 42 129
381 394 14 706 86 58 404 107 184 142 106 169
382 393 379 628 320 349 907 907 156 166 212 106
383 383 379 384 377 961 377 148 150 397 719 296
384 388 181 219 222 543 478 111 66 108 478 62
385 394 53 440 460 225 221 155 137 434 478 81
386 295 84 454 107 280 53 232 486 245 121 278
387 384 182 393 155 849 155 855 299 968 299 508
388 179 107 954 154 147 152 258 802 802 258 282
389 585 493 291 206 232 129 130 621 130 776 95
390 320 296 420 21 642 83 506 166 214 342 95
391 971 3 685 408 408 411 864 411 434 183 188
392 104 389 376 179 82 186 450 65 543 121 820
393 397 53 82 782 526 294 94 65 664 58 963
394 377 347 349 344 149 656 149 148 434 89 76
395 295 380 0 560 856 560 215 150 389 181 179
396 320 321 38 171 339 96 101 102 812 971 4
397 381 181 351 214 191 344 176 232 526 515 533
398 295 106 113 29 420 291 294 346 160 115 443
399 133 547 847 114 80 287 106 160 316 537 307
400 971 391 60 388 394 160 529 525 504 183 424
401 562 497 491 892 28 82 782 82 15 140 282
402 349 342 231 343 207 167 51 30 261 367 757
403 129 275 177 344 344 176 181 389 585 389 252
404 546 803 193 859 281 685 63 803 193 826 4
405 4 845 812 971 63 303 21 966 189 467 189
406 374 500 374 5 690 282 493 460 411 5 134
407 44 833 44 699 506 105 121 747 82 82 567
408 462 272 3 685 305 137 877 184 80 459 473
409 428 651 121 19 569 43 569 360 754 19 267
410 62 134 173 121 288 19 430 569 44 106 298
411 192 412 243 243 507 243 241 238 237 926 159
412 665 142 226 314 726 726 726 5 859 63 138
413 183 542 526 912 526 782 377 86 690 400 183
414 414 443 261 986 261 169 900 900 464 338 37
415 414 603 414 415 86 936 546 533 15 579 579
416 971 975 971 747 121 368 103 160 474 111 258
417 38 25 361 560 358 452 566 407 494 450 295
418 107 147 377 189 941 189 287 536 20 695 316
419 170 251 443 263 686 86 368 434 506 362 6
420 18 424 695 259 253 283 104 394 385 231 645
421 11 666 856 166 426 526 546 211 412 57 619
422 105 518 21 329 254 128 128 198 689 198 51
423 892 173 223 311 424 589 607 453 62 314 85
424 589 107 162 129 80 256 820 493 270 278 21
425 121 222 331 260 69 81 911 81 896 160 128
426 283 226 128 970 51 200 777 21 364 211 654
427 438 455 165 455 170 548 381 149 277 289 277
428 216 216 46 405 543 249 602 525 11 92 127
429 429 428 216 46 424 405 375 154 87 189 188
430 420 180 810 88 57 211 249 661 252 235 240
431 83 518 107 736 160 492 84 752 84 662 84
432 84 73 485 84 323 100 434 83 478 66 654
433 254 174 379 80 253 20 424 274 592 448 735
434 11 506 87 13 326 145 233 532 532 520 195
435 793 613 243 613 793 435 533 457 172 251 47
436 437 75 96 151 27 722 278 681 350 593 974
437 47 40 32 165 26 28 21 467 509 81 252
438 437 27 29 21 129 11 420 133 83 121 372
439 96 304 13 443 263 113 423 976 455 116 753
440 450 450 176 275 172 197 918 776 776 749 167
441 506 498 360 498 293 661 264 7 504 506 19
442 36 24 988 24 988 24 96 470 151 23 25
443 115 533 520 305 366 152 256 450 212 462 411
444 442 84 254 211 243 132 411 114 210 237 159
445 79 601 82 337 30 32 165 409 177 61 264
446 429 140 322 461 446 334 448 269 434 190 473
447 323 125 353 129 105 283 380 656 177 546 7
448 271 282 226 459 163 72 524 72 524 72 311
449 414 645 191 839 377 464 165 35 62 256 106
450 419 64 184 298 685 92 160 3 58 162 212
451 7 529 11 91 110 474 68 69 260 20 160
452 358 530 249 210 235 963 142 859 132 489 106
453 745 377 379 64 106 295 62 494 340 867 134
454 106 16 128 165 25 26 37 590 34 34 151
455 251 338 165 51 13 135 170 249 356 486 295
456 456 405 17 386 377 947 947 295 560 362 107
457 409 474 469 89 165 186 226 275 426 486 365
458 600 600 129 168 440 542 168 820 232 120 74
459 17 333 427 153 493 212 23 17 226 14 562
460 440 438 32 34 23 301 856 434 280 199 174
461 216 62 300 444 13 78 531 539 78 77 581
462 463 463 462 20 11 666 362 105 60 376 262
463 462 256 552 408 252 269 46 274 46 169 165
464 409 90 160 278 409 292 822 53 13 30 41
465 465 809 174 158 240 158 237 236 13 170 164
466 499 707 823 666 19 365 353 709 185 353 97
467 418 188 495 367 128 820 200 413 172 142 576
468 223 83 249 440 265 466 602 141 204 198 776
469 90 143 143 290 16 281 194 211 371 129 840
470 75 372 83 163 145 17 317 309 313 73 223
471 170 116 128 593 167 450 494 153 493 474 254
472 453 255 105 506 913 213 525 238 931 243 305
473 17 386 157 387 229 229 143 121 201 5 120
474 108 67 146 85 872 61 498 9 332 502 502
475 375 328 478 434 53 128 367 62 113 847 114
476 108 420 83 141 608 213 320 350 157 308 376
477 474 84 615 820 167 434 69 187 184 253 87
478 469 411 511 5 141 359 569 359 525 533 441
479 275 515 13 318 370 455 443 427 261 23 30
480 667 508 546 828 5 106 188 20 260 89 482
481 685 56 6 587 4 162 323 162 81 256 450
482 554 535 777 10 564 281 13 476 13 108 469
483 167 181 383 379 393 142 191 191 851 214 211
484 83 223 468 180 393 86 450 623 813 515 270
485 84 254 256 3 138 921 58 142 152 74 225
486 36 75 655 438 655 37 261 96 474 493 283
487 421 246 266 13 322 269 932 253 459 86 540
488 922 53 231 385 380 200 177 297 17 163 411
489 87 172 403 537 473 747 615 954 518 404 82
490 932 427 87 82 853 82 201 201 197 86 38
491 340 473 115 79 128 464 338 256 269 424 121
492 105 282 212 474 301 216 274 21 80 271 63
493 166 21 137 303 351 210 303 209 238 525 720
494 121 125 708 62 410 258 417 76 119 427 48
495 673 495 214 83 431 756 268 1 726 314 418
496 529 529 602 61 503 498 526 526 543 291 450
497 424 263 142 68 420 128 306 426 113 171 23
498 160 262 907 903 907 156 181 385 389 295 486
499 246 649 441 266 440 365 438 482 133 971 9
500 374 7 546 462 546 820 280 450 5 89 619
501 160 55 58 333 47 455 5 469 91 474 366
502 374 441 466 8 566 608 529 506 462 20 519
503 498 73 317 366 512 155 301 173 728 733 923
504 44 42 133 82 693 366 84 555 44 324 44
505 374 166 194 587 412 281 59 859 194 685 665
506 503 499 246 213 913 699 504 674 558 213 7
507 513 74 188 671 80 880 282 269 404 372 87
508 142 107 137 420 210 235 930 927 927 159 158
509 356 69 68 550 747 671 549 460 23 166 105
510 358 573 7 430 565 804 971 695 222 459 560
511 337 96 47 38 115 443 115 355 254 474 23
512 162 820 204 141 44 503 358 498 247 11 44
513 422 23 533 145 300 460 244 243 84 71 49
514 514 13 306 825 733 825 733 923 326 118 116
515 493 133 399 401 424 282 596 282 142 143 196
516 192 192 5 5 211 101 300 226 696 297 309
517 411 460 57 815 137 271 58 498 430 5 141
518 519 189 187 62 125 97 640 638 158 638 124
519 465 707 73 106 607 170 336 160 8 510 499
520 166 285 425 285 62 448 139 129 568 457 86
521 86 285 625 4 990 408 411 286 532 286 138
522 563 822 290 210 810 88 924 252 738 59 812
523 522 563 93 36 170 303 909 303 160 776 572
524 72 524 72 259 536 20 68 400 690 400 325
525 856 264 823 566 700 498 501 498 62 478 356
526 377 150 250 103 179 122 231 289 231 203 198
527 114 115 145 326 20 215 73 950 260 21 551
528 305 208 285 286 303 845 2 571 281 718 5
529 441 264 247 525 856 434 89 285 83 243 412
530 365 81 299 508 184 420 783 16 424 483 41
531 539 77 581 872 377 347 681 160 183 16 518
532 17 23 367 473 489 408 5 516 2 685 63
533 820 197 409 710 187 183 29 263 547 417 40
534 450 183 564 258 22 22 520 2 174 166 283
535 134 598 553 598 340 483 764 483 556 531 82
536 546 129 133 114 226 228 314 405 145 462 308
537 389 252 288 288 296 42 143 419 44 573 160
538 530 246 498 8 569 452 502 407 856 720 529
539 79 160 429 155 371 185 100 262 656 149 157
540 971 505 499 332 44 506 827 506 672 543 113
541 541 511 306 825 723 551 298 299 287 21 518
542 543 576 212 153 180 366 312 377 199 200 206
543 93 183 113 486 184 509 189 225 221 268 223
544 813 515 167 201 776 749 167 53 52 185 371
545 34 339 136 337 339 28 28 116 361 165 420
546 145 21 367 261 75 494 83 586 285 65 493
547 444 981 442 981 455 816 169 4 625 63 405
548 82 278 365 401 362 356 282 142 783 142 105
549 551 509 513 355 303 15 428 461 322 45 282
550 165 35 13 23 409 35 29 438 151 23 337
551 509 513 173 533 515 206 908 95 218 288 550
552 55 56 303 107 253 189 818 160 128 450 172
553 86 152 366 142 142 828 405 892 891 405 891
554 482 78 79 165 113 245 339 165 133 426 526
555 324 754 9 707 856 932 340 179 156 381 342
556 531 419 133 79 922 499 699 720 466 649 84
557 5 309 222 187 932 597 651 506 494 377 147
558 674 510 358 374 529 533 473 42 23 27 953
559 142 216 140 209 64 455 470 753 40 442 35
560 20 715 69 306 825 923 723 92 520 520 5
561 462 212 268 227 127 491 497 340 218 166 430
562 65 498 205 847 437 847 205 917 41 21 329
563 93 40 171 245 337 5 191 352 351 284 160
564 686 114 300 161 530 11 420 79 601 283 748
565 459 62 263 897 263 847 333 493 585 600 401
566 8 570 566 823 15 164 160 685 880 157 60
567 290 16 356 106 419 789 5 283 128 295 628
568 1 221 282 163 20 21 188 549 67 533 800
569 362 5 215 400 971 540 509 518 87 303 280
570 12 573 8 672 7 570 452 11 324 10 64
571 520 183 42 20 83 481 412 820 106 154 105
572 426 245 365 129 180 83 101 581 0 309 95
573 44 549 679 137 80 106 459 44 16 362 533
574 425 294 65 172 114 338 337 27 116 370 26
575 377 129 166 12 12 166 641 106 756 311 282
576 329 114 86 467 166 374 500 466 11 358 106
577 283 46 473 14 41 199 218 166 518 490 81
578 577 166 2 826 2 971 63 56 408 2 587
579 429 166 269 300 21 260 297 259 818 339 115
580 580 580 580 580 580 580 580 580 580 580 580
581 139 541 82 373 166 430 128 167 196 128 450
582 671 582 84 268 84 50 643 269 335 334 139
583 521 482 655 35 121 201 51 113 151 37 151
584 272 461 216 64 74 87 243 105 215 511 284
585 585 493 129 172 295 215 0 248 142 23 116
586 63 160 183 81 412 138 698 552 571 63 329
587 209 637 233 233 932 489 300 475 375 469 5
588 392 390 61 381 178 275 65 526 543 93 197
589 106 279 82 747 184 549 679 188 42 343 343
590 35 434 180 343 820 206 204 94 533 25 438
591 83 114 116 64 223 220 68 306 215 690 222
592 334 429 107 170 62 81 105 427 438 25 160
593 936 955 205 955 593 377 734 211 153 115 404
594 82 81 86 203 548 531 212 144 144 145 121
595 52 814 58 87 513 154 963 87 173 306 728
596 366 445 79 116 405 367 35 588 494 287 21
597 460 41 249 419 280 86 506 44 106 212 367
598 84 432 121 20 728 535 10 25 494 283 518
599 96 367 151 116 152 128 333 474 80 128 483
600 813 836 332 9 452 12 957 19 549 800 533
601 177 17 315 695 365 362 16 340 333 950 913
602 707 950 266 266 13 440 265 804 720 324 121
603 414 370 361 251 47 41 152 166 641 166 181
604 305 420 340 290 16 157 347 352 377 296 21
605 414 697 156 321 904 321 533 310 82 151 32
606 495 468 495 342 495 351 210 83 209 13 418
607 243 271 455 169 210 249 424 422 147 212 404
608 265 61 160 190 87 64 149 180 365 421 115
609 609 24 33 86 275 275 6 685 845 252 849
610 472 255 42 473 129 87 506 503 407 526 93
611 270 515 572 426 206 41 207 917 196 204 820
612 223 86 747 86 47 5 59 5 408 832 58
613 619 57 305 58 142 597 460 347 307 314 21
614 613 117 252 160 206 307 218 316 537 366 58
615 800 549 309 400 327 6 211 303 252 46 340
616 320 380 377 280 434 329 671 582 418 129 493
617 269 105 121 540 121 285 371 129 460 607 253
618 97 618 323 84 121 58 107 69 667 37 38
619 613 243 305 366 366 169 113 62 458 450 14
620 620 290 211 132 82 161 371 932 597 62 769
621 180 851 350 157 385 395 157 179 351 1 450
622 238 86 190 282 340 405 356 828 16 771 105
623 791 425 664 401 130 290 13 35 39 13 47
624 301 284 14 426 275 840 285 131 271 301 140
625 408 130 13 305 685 815 92 457 409 169 127
626 87 58 281 63 44 573 525 510 494 84 58
627 809 481 132 192 3 323 533 226 434 58 597
628 320 182 368 61 283 577 282 687 107 467 418
629 178 498 447 428 812 140 428 322 446 592 429
630 303 145 46 255 316 121 80 395 424 147 154
631 209 71 209 639 639 638 12 13 478 111 110
632 632 376 841 312 301 13 96 24 34 588 36
633 633 633 633 633 633 633 633 633 633 633 633
634 634 635 520 13 461 735 592 760 15 139 581
635 520 22 21 355 256 531 420 434 412 434 434
636 211 599 63 121 168 486 611 252 661 11 430
637 209 283 256 278 183 367 113 165 333 252 404
638 896 303 87 84 442 36 48 455 119 455 29
639 638 12 896 81 128 388 388 393 153 513 269
640 185 52 185 662 62 571 6 552 89 520 160
641 166 446 46 174 175 288 758 223 282 252 404
642 642 300 495 188 549 710 409 506 494 918 95
643 50 431 288 104 181 378 103 392 390 150 103
644 5 900 464 129 403 53 178 177 18 167 181
645 414 443 263 919 40 31 29 261 169 255 419
646 211 455 170 96 474 17 726 85 222 255 371
647 420 654 323 102 300 263 303 630 630 303 738
648 648 648 648 648 648 648 648 648 648 648 648
649 421 473 147 173 651 301 276 560 316 435 65
650 215 214 107 295 560 229 28 877 533 170 355
651 434 221 74 260 336 27 917 199 526 526 86
652 108 160 312 841 397 390 14 797 18 218 221
653 653 653 653 653 653 653 653 653 653 653 653
654 25 24 169 531 186 162 58 81 42 64 201
655 171 976 48 981 333 166 218 248 372 433 405
656 344 344 177 61 390 387 385 387 229 30 263
657 269 145 163 411 123 172 180 278 270 515 494
658 658 658 658 658 658 658 658 658 658 658 658
659 377 163 282 494 407 374 441 700 7 360 170
660 660 660 660 660 660 660 660 660 660 660 660
661 8 213 264 247 7 525 700 264 499 525 86
662 100 353 129 115 366 368 86 425 426 166 430
663 663 533 269 105 128 115 123 180 333 165 337
664 58 174 62 134 372 115 372 58 254 23 87
665 685 412 164 107 142 20 271 272 617 448 15
666 141 264 500 406 533 210 242 5 902 5 517
667 142 153 58 271 552 160 200 207 191 278 347
668 157 214 107 23 107 165 198 290 254 169 107
669 420 269 174 199 850 199 776 65 874 401 493
670 670 670 670 670 670 670 670 670 670 670 670
671 81 494 84 288 654 121 99 125 99 323 2
672 406 499 7 266 267 61 503 502 500 502 43
673 673 495 473 493 440 5 134 366 820 544 129
674 510 12 494 310 581 473 68 80 287 21 371
675 675 675 675 675 675 675 675 675 675 675 675
676 160 464 160 406 44 28 86 753 115 404 643
677 199 64 222 696 226 74 42 671 690 400 107
678 48 442 245 981 423 892 44 331 166 4 360
679 679 549 778 569 451 452 358 161 363 367 32
680 380 376 250 150 215 341 297 49 71 121 96
681 191 824 191 212 357 64 318 282 255 82 31
682 511 5 486 486 44 141 566 499 922 7 823
683 281 174 208 87 643 290 121 118 116 816 170
684 684 684 684 684 684 684 684 684 684 684 684
685 665 54 807 132 518 509 540 952 509 287 494
686 114 443 370 47 437 115 261 333 820 183 281
687 86 2 517 333 460 473 545 25 38 370 725
688 543 458 160 258 282 597 142 256 471 434 412
689 198 205 925 423 171 423 121 792 121 208 281
690 222 218 513 272 448 269 657 269 45 933 447
691 691 691 691 691 691 691 691 691 691 691 691
692 231 14 1000 918 377 133 365 129 285 129 172
693 121 395 16 362 430 674 12 166 818 65 290
694 664 58 154 183 218 199 105 5 115 153 17
695 227 254 285 254 282 218 228 121 249 64 66
696 17 518 212 431 17 42 133 280 556 556 330
697 645 231 65 324 558 324 555 11 359 569 739
698 281 424 21 46 434 458 172 346 351 129 291
699 441 720 754 661 707 73 223 220 220 218 223
700 661 44 473 393 434 17 422 147 145 21 820
701 462 82 454 107 47 361 455 169 114 256 278
702 932 86 17 310 309 95 207 116 883 39 367
703 703 703 703 703 703 703 703 703 703 703 703
704 704 107 329 83 210 513 19 155 351 105 393
705 256 340 114 375 679 68 667 387 42 129 568
706 86 508 710 509 678 68 549 173 932 211 560
707 700 720 498 86 453 107 769 559 769 107 3
708 62 201 167 515 277 515 65 290 290 892 290
709 353 796 828 145 13 698 54 803 195 738 208
710 188 518 163 62 188 160 232 493 142 367 114
711 711 711 711 711 711 711 711 711 711 711 711
712 255 170 438 365 44 498 707 498 213 320 391
713 509 540 509 13 327 820 269 274 263 424 478
714 401 249 642 21 280 333 263 29 133 41 86
715 21 129 576 543 280 21 537 157 880 812 282
716 716 5 495 17 422 393 105 453 142 405 828
717 788 717 788 788 788 788 788 717 215 60 104
718 305 604 458 121 393 84 492 518 519 222 282
719 841 376 985 376 342 294 280 114 486 327 327
720 9 358 44 133 52 133 820 254 345 186 533
721 229 143 469 411 208 210 252 303 114 105 203
722 38 421 333 533 404 58 455 976 444 84 811
723 551 509 424 356 434 233 17 341 248 459 249
724 160 549 64 329 28 339 34 54 4 411 6
725 116 136 336 84 487 487 529 9 487 451 496
726 314 340 494 662 166 61 172 64 51 751 41
727 483 255 145 87 545 30 337 424 151 470 86
728 885 20 142 212 86 506 765 504 971 729 358
729 358 213 473 495 60 167 515 122 150 473 421
730 460 215 189 253 75 437 27 133 181 388 128
731 731 731 731 731 731 731 731 731 731 731 731
732 732 732 732 732 732 732 732 732 732 732 732
733 420 83 318 127 36 93 86 261 753 115 86
734 169 129 473 509 420 68 667 118 209 240 243
735 461 448 139 282 190 86 470 119 455 58 174
736 62 80 82 340 107 45 301 362 16 115 366
737 271 513 490 295 394 377 396 295 106 979 316
738 481 5 255 434 128 900 338 107 174 405 145
739 12 661 569 12 358 358 11 133 365 589 424
740 971 10 96 816 953 28 113 62 434 3 194
741 103 0 297 311 373 240 209 300 300 194 533
742 546 7 451 466 499 374 44 486 21 44 105
743 517 5 859 105 667 509 969 509 87 353 935
744 744 744 744 744 744 744 744 744 744 744 744
745 377 947 320 389 341 248 0 18 258 18 107
746 746 746 746 746 746 746 746 746 746 746 746
747 105 74 215 460 748 160 113 434 473 114 361
748 107 506 971 448 424 106 147 435 519 518 132
749 820 362 405 438 35 37 29 13 47 79 116
750 88 924 699 500 358 12 11 661 569 141 264
751 206 203 495 106 533 121 433 83 513 518 271
752 65 362 121 128 167 198 198 41 776 820 64
753 816 119 753 914 900 978 165 434 243 132 58
754 211 371 174 424 258 112 91 110 474 329 989
755 211 44 366 317 221 546 404 87 372 366 131
756 375 357 454 357 121 116 411 646 131 932 17
757 367 245 210 371 46 272 429 424 87 233 210
758 316 793 748 105 360 951 525 500 504 11 161
759 459 756 106 223 758 316 465 809 481 56 619
760 15 216 142 147 254 147 115 531 290 567 567
761 393 121 665 174 3 665 254 74 166 366 163
762 516 411 84 288 121 642 83 329 13 94 908
763 763 763 5 718 56 698 738 54 411 481 57
764 541 533 572 350 593 205 847 205 498 267 359
765 498 407 498 8 498 421 38 25 370 92 20
766 521 340 513 513 226 696 74 905 311 282 87
767 114 152 492 166 73 215 268 300 145 591 142
768 100 935 768 371 662 300 194 685 4 194 56
769 62 296 103 86 166 664 425 513 372 134 535
770 353 365 419 329 63 880 6 272 462 5 312
771 518 252 571 4 282 427 431 433 288 756 183
772 772 772 772 772 772 772 772 772 772 772 772
773 773 773 405 161 82 365 486 5 644 820 207
774 285 552 373 194 2 494 438 333 601 523 64
775 560 27 437 47 251 251 165 29 361 318 409
776 917 206 290 254 46 461 139 322 322 929 269
777 21 282 184 6 55 56 160 107 441 504 183
778 160 672 160 283 255 62 818 189 314 105 546
779 549 877 28 115 816 170 151 85 218 36 23
780 84 333 302 285 254 283 559 258 477 69 13
781 52 197 205 14 128 940 93 280 168 484 936
782 377 468 82 93 129 419 263 686 564 12 161
783 420 301 138 409 280 169 300 108 329 107 187
784 411 208 115 153 115 421 525 913 700 957 700
785 409 280 388 160 169 301 183 116 336 93 789
786 407 332 487 451 569 360 441 430 83 557 51
787 21 44 951 44 43 505 43 569 971 754 441
788 717 160 526 183 4 845 481 950 55 3 880
789 835 789 835 425 873 401 870 425 65 291 464
790 544 820 644 528 271 304 599 2 281 949 698
791 493 282 77 950 533 515 813 543 817 544 607
792 121 121 367 28 588 307 74 106 480 282 87
793 748 62 180 149 349 347 215 511 215 314 165
794 335 124 282 31 135 443 820 203 434 97 353
795 417 170 318 96 135 361 443 976 411 511 411
796 353 935 125 353 371 360 371 65 457 172 14
797 342 17 615 318 370 115 513 355 160 103 0
798 798 798 798 798 798 798 798 798 798 798 798
799 715 799 189 667 582 508 184 183 285 252 389
800 533 249 152 404 152 467 189 86 117 100 935
801 820 133 18 218 312 366 83 83 105 82 215
802 172 468 342 228 74 316 424 474 422 601 404
803 194 412 89 302 89 89 610 472 255 419 482
804 265 957 700 720 765 365 141 360 971 423 976
805 358 503 374 441 160 877 81 161 11 19 499
806 88 89 56 3 601 523 387 250 395 157 387
807 211 255 211 114 208 495 60 495 118 118 21
808 808 808 808 808 808 808 808 808 808 808 808
809 174 233 212 268 218 228 301 420 230 121 401
810 222 513 459 107 201 160 240 424 82 82 490
811 497 811 84 454 82 31 424 495 526 498 61
812 665 859 366 445 62 35 151 23 301 245 405
813 600 133 206 291 543 478 160 496 161 441 506
814 262 376 104 295 386 379 382 295 84 555 84
815 859 990 59 281 164 592 429 45 371 51 371
816 753 170 5 154 492 510 9 569 81 367 254
817 817 493 154 105 367 420 174 285 86 518 424
818 259 96 28 166 399 493 84 453 615 155 429
819 461 446 166 269 820 183 64 157 385 103 582
820 199 593 206 292 611 252 252 434 245 115 23
821 163 420 434 165 212 820 282 932 597 142 254
822 563 822 280 820 249 954 518 187 459 106 280
823 213 247 246 649 729 44 211 532 162 4 532
824 191 150 103 162 432 121 543 292 82 468 148
825 923 733 326 325 509 508 69 508 667 105 489
826 192 59 971 777 173 325 260 728 92 815 92
827 506 506 827 506 87 426 403 542 256 282 726
828 796 405 19 754 674 430 674 265 498 264 264
829 168 160 446 45 162 103 123 95 95 128 424
830 452 9 358 332 707 627 513 474 110 111 474
831 258 38 915 38 170 471 84 372 70 83 285
832 145 188 189 81 28 82 212 64 149 206 41
833 856 19 506 44 183 236 363 422 145 170 471
834 107 708 185 371 62 418 508 480 107 8 570
835 789 419 81 249 357 357 143 160 828 300 97
836 523 172 51 196 593 434 2 546 742 742 166
837 107 283 351 180 17 533 213 525 406 720 213
838 124 513 74 17 147 422 404 124 768 97 354
839 191 156 381 381 182 394 947 377 320 213 499
840 129 748 182 351 352 201 352 342 156 191 839
841 869 182 377 0 65 290 121 160 877 533 551
842 211 450 176 333 547 976 925 318 47 13 325
843 567 843 290 129 282 560 276 168 493 563 82
844 133 14 563 290 82 99 62 15 448 46 155
845 921 56 96 88 303 57 2 174 250 320 734
846 846 605 797 605 797 14 128 378 295 107 357
847 437 900 822 494 115 171 26 26 251 86 470
848 340 450 329 258 417 93 95 218 225 81 911
849 155 181 385 182 390 391 60 280 922 340 251
850 546 936 822 183 343 13 114 333 81 494 281
851 180 349 13 263 367 113 36 82 44 526 53
852 415 697 414 370 27 26 545 165 363 249 210
853 82 23 367 932 544 6 63 5 312 218 300
854 420 211 301 108 478 111 84 752 121 30 13
855 549 309 228 280 575 231 196 218 340 310 78
856 19 666 12 564 589 105 453 459 695 316 629
857 191 130 621 401 971 504 499 232 214 346 294
858 306 723 306 28 107 230 121 326 538 326 549
859 87 269 272 137 210 243 235 159 460 225 81
860 900 438 390 295 394 179 351 155 81 252 427
861 350 939 232 971 423 847 922 488 498 358 358
862 777 86 681 278 493 600 129 212 83 23 215
863 57 412 162 181 321 157 390 392 377 60 172
864 411 57 738 131 832 252 304 420 191 130 351
865 194 1001 4 532 63 324 266 264 358 729 84
866 411 96 866 411 784 411 271 271 273 886 366
867 96 82 46 334 272 409 371 128 300 45 87
868 320 947 947 947 947 181 133 14 556 280 280
869 182 395 174 4 138 481 738 698 208 236 237
870 401 712 255 145 115 152 121 30 13 214 177
871 231 172 14 61 321 179 377 1 280 473 269
872 17 74 218 311 309 314 85 309 612 41 173
873 401 294 543 183 223 228 121 172 219 121 520
874 425 84 305 84 70 372 84 598 598 84 112
875 170 145 256 542 256 471 607 548 377 776 918
876 564 242 599 132 518 187 518 132 859 411 986
877 155 189 695 183 211 132 132 54 4 532 162
878 35 62 107 236 238 525 407 466 466 12 86
879 242 599 708 185 709 185 323 125 354 101 380
880 815 286 4 832 826 859 546 474 82 226 0
881 96 89 302 64 222 253 259 106 1 215 5
882 166 127 227 519 435 616 435 519 786 465 809
883 39 34 31 438 590 38 590 40 953 900 128
884 884 412 586 404 323 640 64 615 244 963 930
885 887 92 373 106 83 478 434 187 16 820 486
886 59 96 369 304 424 80 303 244 209 241 241
887 887 887 887 887 92 370 725 114 981 76 48
888 412 154 154 105 187 494 290 366 256 80 490
889 405 896 404 654 288 162 492 510 494 371 51
890 890 121 296 249 695 222 341 17 441 160 401
891 892 226 221 129 290 495 170 169 338 123 95
892 423 482 218 17 297 259 536 166 283 201 166
893 971 401 130 257 65 231 179 388 376 397 379
894 327 96 242 243 236 210 927 931 930 926 931
895 417 86 205 51 93 940 128 215 756 431 427
896 12 121 201 143 484 129 546 518 86 28 545
897 263 338 84 544 121 316 309 17 297 248 317
898 481 271 400 215 82 160 611 11 421 496 922
899 2 96 599 208 174 80 671 357 357 64 325
900 900 338 121 468 172 434 280 572 493 563 706
901 137 210 810 511 420 326 107 859 153 434 282
902 5 362 82 211 412 211 89 165 533 242 879
903 907 156 157 295 396 157 537 315 218 313 268
904 321 533 406 9 510 492 283 288 295 86 173
905 222 301 809 132 142 458 450 86 163 131 62
906 546 2 194 586 412 87 353 709 353 106 371
907 156 232 358 602 358 560 518 424 30 256 153
908 128 133 547 437 27 336 133 65 840 413 515
909 280 473 855 299 855 299 146 18 133 181 280
910 65 639 639 638 44 212 434 180 621 130 172
911 81 508 80 114 51 740 51 51 197 64 113
912 499 649 649 466 267 666 12 247 264 707 872
913 529 602 11 362 434 121 13 23 421 473 473
914 531 686 301 45 139 166 520 13 375 183 460
915 38 24 27 336 280 21 581 450 450 256 224
916 414 415 697 415 697 645 156 320 440 64 354
917 205 167 14 515 64 489 256 105 158 546 206
918 917 908 592 446 592 933 447 273 4 59 685
919 263 303 15 429 124 214 176 486 5 7 504
920 435 647 458 160 312 228 121 433 186 82 282
921 63 665 174 16 121 859 271 282 225 282 77
922 498 92 21 303 121 419 495 211 48 252 153
923 723 306 306 173 142 183 545 588 27 721 229
924 209 963 950 166 742 546 604 57 481 698 698
925 417 318 375 357 13 78 531 186 31 96 361
926 926 927 242 209 963 86 92 260 311 17 950
927 237 238 158 241 241 499 699 525 141 362 529
928 211 755 211 46 128 607 42 459 695 20 183
929 579 83 160 218 420 453 142 85 312 62 62
930 236 96 10 143 143 196 917 206 290 183 36
931 240 234 236 142 441 362 141 365 128 249 765
932 474 950 427 82 544 303 56 138 990 5 132
933 139 819 139 269 210 137 129 142 291 294 214
934 340 548 491 497 562 232 18 86 191 149 490
935 353 935 100 687 282 290 493 129 377 486 155
936 907 349 179 381 344 262 377 782 82 245 547
937 125 935 100 687 100 494 283 601 141 327 473
938 611 176 231 526 14 482 89 6 316 253 932
939 232 41 87 227 932 355 255 211 153 121 88
940 93 82 277 214 536 20 420 367 424 113 423
941 189 726 1 450 932 296 256 212 932 83 393
942 95 280 734 157 128 203 434 41 201 776 94
943 295 388 179 157 231 196 86 572 350 533 508
944 748 129 484 515 817 817 813 168 789 458 62
945 945 409 190 418 184 546 80 137 58 494 70
946 641 301 511 420 249 154 107 518 371 160 69
947 947 60 177 331 340 553 340 612 152 212 459
948 381 150 541 140 46 322 434 314 226 17 493
949 131 55 685 949 481 738 286 303 129 44 649
950 77 445 160 275 542 172 515 168 533 393 282
951 360 498 608 565 12 62 419 607 548 753 115
952 69 325 64 2 5 697 156 232 226 228 309
953 292 129 121 132 192 132 87 533 173 254 153
954 615 856 833 62 426 183 513 747 160 418 287
955 820 42 387 849 849 63 473 80 480 549 550
956 7 332 971 747 612 248 317 248 142 100 86
957 9 9 332 487 529 359 7 332 523 493 283
958 509 82 236 183 474 66 111 110 474 859 408
959 377 155 363 296 107 252 83 318 444 245 423
960 377 388 321 390 61 376 82 21 128 218 312
961 377 468 167 232 820 114 48 370 361 34 36
962 958 69 86 373 84 229 494 448 15 121 490
963 950 422 820 5 450 172 292 611 252 285 252
964 29 165 486 81 418 509 747 121 518 83 288
965 936 14 368 440 733 551 549 549 747 121 859
966 189 627 667 509 480 223 624 651 511 7 161
967 525 265 19 957 569 43 43 43 358 856 922
968 299 81 362 549 800 533 180 149 180 352 345
969 509 480 211 83 368 275 413 178 65 320 533
970 440 435 435 435 793 613 614 742 546 490 295
971 520 138 408 215 311 223 518 107 430 141 672
972 509 10 142 300 44 833 249 165 41 83 62
973 971 3 3 102 98 86 223 86 236 82 859
974 128 79 922 280 41 201 5 306 91 11 406
975 971 10 173 41 256 21 787 21 314 106 72
976 263 115 82 203 231 434 362 506 496 560 856
977 977 242 235 5 170 360 105 283 103 395 424
978 165 25 30 160 495 419 198 95 51 27 35
979 316 979 170 339 339 725 96 261 35 32 26
980 5 120 0 148 225 18 376 179 203 284 277
981 443 442 976 981 847 981 444 417 62 812 520
982 137 552 949 281 4 698 138 211 283 559 166
983 114 87 424 154 282 80 663 137 114 212 223
984 153 513 518 254 531 367 405 889 405 288 269
985 376 390 438 35 107 80 106 367 105 160 169
986 470 971 216 254 367 249 404 709 353 796 353
987 123 115 251 26 23 337 13 285 302 333 302
988 411 131 698 949 56 89 96 610 235 238 233
989 91 328 143 90 91 478 83 23 950 55 552
990 281 305 16 355 183 544 6 59 58 424 114
991 412 89 437 38 438 367 280 21 28 229 434
992 992 992 992 992 129 909 280 51 280 228 301
993 408 832 408 462 272 322 461 461 448 45 16
994 6 157 174 84 57 411 193 990 812 140 301
995 712 401 870 401 44 142 577 375 367 546 208
996 12 358 11 498 14 394 181 541 541 181 6
997 27 370 41 232 312 255 121 84 268 390 380
998 65 574 65 425 65 714 93 169 89 303 62
999 145 271 303 269 46 533 434 551 533 154 106
1000 206 280 430 486 458 568 401 533 877 160 250
1001 990 211 661 12 896 638 639 158 235 242 241
1002 560 496 459 107 932 236 121 117 223 155 420
1003 258 66 654 789 458 280 822 350 204 200 65
1004 55 4 990 285 812 601 105 914 28 588 169
0 178 0 178 191
1 280 148 280 81
2 96 438 249 42
3 46 216 62 114
4 121 179 128 204
5 232 537 61 707
6 665 87 227 519
7 856 421 332 498
8 107 41 917 207
9 264 213 320 947
10 271 132 160 450
11 5 520 285 412
12 365 223 226 82
13 21 434 114 356
14 86 627 184 480
15 322 140 334 164
16 222 268 494 94
17 253 258 111 66
18 0 250 104 160
19 161 300 489 5
20 326 84 113 423
21 11 129 53 178
22 11 11 265 141
23 135 170 360 293
24 38 113 306 64
25 409 448 335 274
26 438 482 576 482
27 23 878 33 29
28 820 232 486 261
29 5 243 820 581
30 609 609 30 473
31 82 314 418 467
32 23 29 32 361
33 370 85 313 560
34 33 438 36 107
35 301 931 927 159
36 107 68 121 35
37 38 329 367 64
38 579 929 335 429
39 93 367 115 987
40 427 434 651 506
41 215 188 667 188
42 212 129 249 602
43 406 11 700 661
44 128 557 128 333
45 269 174 366 20
46 748 283 2 132
47 129 115 48 39
48 76 139 140 139
49 49 217 142 180
50 153 152 434 651
51 172 714 129 422
52 146 316 549 465
53 18 420 180 83
54 438 444 113 971
55 55 520 59 137
56 303 129 162 4
57 160 137 252 154
58 586 481 599 63
59 193 63 194 193
60 376 654 789 5
61 499 43 498 141
62 362 362 365 19
63 518 188 366 254
64 170 419 183 859
65 430 19 264 267
66 389 486 537 53
67 86 362 280 284
68 357 80 950 492
69 108 329 303 301
70 372 48 252 194
71 288 217 132 131
72 524 72 311 366
73 498 74 21 221
74 177 380 157 384
75 40 547 114 255
76 976 417 176 204
77 932 186 256 471
78 424 99 125 125
79 47 482 301 820
80 96 591 96 170
81 184 166 209 140
82 963 154 434 62
83 453 82 859 921
84 270 183 854 420
85 312 301 298 246
86 417 116 151 494
87 166 644 950 58
88 304 303 281 698
89 56 209 977 242
90 425 65 334 429
91 474 183 159 927
92 137 175 252 115
93 417 170 86 44
94 196 51 79 290
95 198 202 201 593
96 369 252 238 622
97 101 102 832 520
98 98 102 192 517
99 97 434 99 82
100 5 125 97 323
101 0 74 312 420
102 412 138 921 859
103 342 262 402 262
104 394 60 122 347
105 518 105 170 107
106 259 777 419 848
107 249 695 228 280
108 514 329 495 671
109 51 908 124 166
110 111 108 509 509
111 474 560 361 367
112 108 356 81 252
113 438 121 152 364
114 229 183 211 705
115 128 419 211 106
116 411 517 2 886
117 118 83 221 316
118 387 393 150 181
119 470 155 249 434
120 94 128 198 5
121 18 121 285 683
122 167 13 167 340
123 251 160 541 107
124 45 160 195 162
125 166 140 301 340
126 13 357 21 183
127 20 87 166 282
128 121 649 466 856
129 115 987 116 123
130 122 347 612 347
131 57 63 434 812
132 82 255 106 303
133 419 280 86 74
134 366 690 215 560
135 115 41 474 375
136 336 560 20 690
137 92 68 86 201
138 921 930 235 303
139 592 592 322 429
140 83 49 87 105
141 358 499 504 246
142 152 271 323 447
143 290 99 937 353
144 145 166 950 180
145 180 123 96 327
146 189 434 163 282
147 1 726 5 440
148 402 211 16 115
149 381 156 381 381
150 82 281 718 305
151 367 892 290 515
152 269 155 371 107
153 612 223 311 106
154 493 292 389 211
155 655 13 58 137
156 381 387 150 387
157 489 771 145 300
158 114 220 434 62
159 89 158 239 158
160 856 856 153 142
161 11 11 21 173
162 181 296 377 572
163 166 252 273 83
164 929 269 107 152
165 725 114 152 41
166 61 347 681 342
167 434 11 666 324
168 122 342 348 191
169 6 59 252 924
170 82 783 669 5
171 981 48 547 444
172 166 86 373 706
173 153 422 820 654
174 59 194 826 58
175 532 57 3 832
176 232 525 729 649
177 321 393 382 295
178 681 284 342 107
179 122 376 397 537
180 87 69 958 509
181 61 498 12 267
182 872 74 314 295
183 13 450 623 84
184 115 79 282 411
185 52 820 159 820
186 345 152 62 154
187 710 747 301 285
188 82 419 777 498
189 67 74 152 83
190 160 362 28 953
191 857 191 149 655
192 411 809 302 533
193 6 58 55 285
194 408 286 209 235
195 533 546 508 212
196 16 45 216 69
197 908 197 206 936
198 183 820 917 95
199 918 201 86 39
200 41 21 624 301
201 283 121 163 411
202 201 93 82 20
203 199 83 318 411
204 141 451 466 504
205 128 955 128 42
206 6 544 129 548
207 41 908 917 27
208 552 520 137 59
209 16 362 19 288
210 183 434 518 209
211 371 363 236 154
212 81 365 531 482
213 503 499 500 358
214 215 211 57 58
215 53 182 61 283
216 272 563 93 301
217 50 71 612 17
218 167 41 82 116
219 60 104 368 394
220 177 17 363 81
221 310 1 495 188
222 607 393 105 412
223 223 311 225 221
224 365 486 286 195
225 312 17 62 137
226 892 892 423 444
227 253 434 128 283
228 74 400 971 20
229 115 21 114 83
230 62 303 280 206
231 655 116 914 531
232 576 526 413 515
233 158 82 453 607
234 637 209 240 242
235 930 301 340 218
236 236 87 546 909
237 926 927 234 233
238 0 177 533 154
239 145 571 520 13
240 233 240 424 69
241 499 7 5 283
242 238 302 419 168
243 211 58 546 441
244 210 105 474 477
245 417 795 417 437
246 246 247 566 7
247 700 332 502 529
248 268 212 226 300
249 672 971 679 188
250 526 129 473 188
251 169 318 367 748
252 252 273 140 929
253 932 169 900 411
254 859 64 133 170
255 63 532 552 412
256 489 82 105 478
257 377 65 92 426
258 112 478 90 375
259 72 21 296 284
260 93 545 183 822
261 82 458 275 458
262 122 515 94 494
263 121 78 340 420
264 498 573 856 362
265 525 729 141 8
266 141 430 141 327
267 61 181 182 320
268 106 279 118 301
269 152 70 186 490
270 129 123 103 162
271 58 62 236 107
272 164 269 810 520
273 15 46 16 187
274 86 151 37 35
275 479 177 17 160
276 426 121 300 662
277 149 167 60 395
278 201 133 493 694
279 62 45 164 695
280 41 133 165 167
281 131 63 324 44
282 140 282 340 160
283 355 183 218 459
284 231 249 58 738
285 142 593 572 533
286 571 520 532 404
287 68 80 299 171
288 571 211 329 183
289 277 232 284 284
290 295 398 295 84
291 183 152 271 54
292 231 692 130 122
293 754 804 264 823
294 129 563 82 333
295 295 210 211 611
296 142 19 430 7
297 86 142 165 86
298 287 81 188 495
299 69 188 667 6
300 739 495 74 17
301 641 371 21 357
302 238 13 509 671
303 170 533 473 256
304 369 630 630 303
305 59 809 809 285
306 509 549 287 20
307 307 17 215 114
308 6 56 520 845
309 317 221 419 79
310 249 654 24 440
311 223 612 311 16
312 317 116 987 115
313 295 398 295 162
314 21 615 422 473
315 519 435 647 93
316 6 96 135 338
317 389 160 428 164
318 170 4 96 6
319 963 244 243 166
320 533 269 446 579
321 392 61 602 707
322 334 929 140 83
323 4 564 183 714
324 555 466 86 368
325 409 13 21 642
326 327 160 405 773
327 10 306 28 588
328 329 355 152 128
329 478 258 454 357
330 330 248 422 23
331 44 121 121 371
332 608 141 8 107
333 58 82 106 155
334 272 272 447 62
335 446 216 160 116
336 816 548 115 492
337 13 351 1 495
338 411 24 32 338
339 135 437 135 338
340 218 313 74 313
341 311 215 747 971
342 107 252 419 5
343 183 365 129 813
344 149 381 157 397
345 352 789 352 546
346 21 480 62 169
347 191 157 851 377
348 349 347 460 41
349 321 396 395 201
350 939 232 918 204
351 303 351 365 365
352 483 113 151 753
353 796 405 78 548
354 185 709 353 709
355 300 62 135 65
356 114 333 142 434
357 65 64 164 281
358 498 332 407 566
359 264 452 11 8
360 213 913 951 913
361 560 775 560 21
362 19 560 341 389
363 518 560 810 420
364 433 393 142 597
365 607 81 671 107
366 424 281 301 420
367 366 230 21 686
368 390 381 179 741
369 96 83 594 83
370 442 96 417 725
371 269 422 513 19
372 283 378 321 156
373 197 13 191 13
374 502 661 502 500
375 375 411 209 82
376 203 183 326 325
377 483 493 256 58
378 103 283 492 212
379 391 390 157 104
380 376 296 495 227
381 479 275 835 275
382 393 394 385 387
383 181 383 377 262
384 363 577 166 249
385 395 86 170 337
386 393 154 121 17
387 393 282 596 596
388 393 87 154 363
389 321 301 262 100
390 157 397 368 104
391 60 380 377 228
392 387 296 342 352
393 301 36 25 36
394 320 628 628 389
395 181 280 290 206
396 157 5 29 545
397 869 397 380 65
398 157 395 181 219
399 450 340 848 340
400 971 893 971 975
401 434 544 168 542
402 133 52 53 178
403 168 523 280 199
404 687 282 106 147
405 531 212 268 223
406 332 498 446 140
407 249 180 142 128
408 286 63 56 3
409 81 357 121 236
410 183 160 641 495
411 373 812 886 59
412 587 194 58 282
413 183 90 474 153
414 479 381 178 0
415 414 449 414 415
416 971 448 140 46
417 485 387 392 392
418 509 216 429 6
419 64 323 2 62
420 404 125 5 53
421 481 4 138 815
422 615 17 42 187
423 333 547 165 914
424 820 169 261 980
425 86 132 481 132
426 87 518 460 607
427 254 226 283 363
428 164 428 409 138
429 15 448 140 160
430 401 399 133 116
431 152 186 433 144
432 71 83 495 316
433 393 152 258 375
434 859 6 234 587
435 65 200 917 197
436 437 437 417 171
437 25 29 23 30
438 114 405 132 16
439 96 86 197 409
440 457 426 93 128
441 160 320 166 129
442 981 547 40 135
443 427 339 883 883
444 96 59 55 160
445 254 173 233 932
446 933 334 933 592
447 46 82 252 849
448 322 735 448 424
449 414 603 414 443
450 813 534 440 206
451 487 451 265 451
452 160 10 327 416
453 491 491 453 107
454 258 199 850 199
455 76 5 170 35
456 64 164 164 429
457 92 457 65 94
458 6 362 183 249
459 29 971 307 307
460 170 229 86 21
461 447 269 820 269
462 701 462 58 803
463 463 462 561 462
464 424 249 419 468
465 707 332 213 913
466 160 135 62 151
467 62 367 361 261
468 167 205 955 593
469 91 357 404 643
470 914 115 172 62
471 607 170 256 46
472 255 83 481 481
473 367 31 23 964
474 612 84 336 92
475 375 28 106 68
476 474 154 106 454
477 375 318 455 115
478 357 121 326 82
479 177 86 274 21
480 211 84 560 316
481 411 122 262 656
482 162 747 671 551
483 94 908 197 215
484 494 142 166 2
485 317 226 483 94
486 389 103 352 789
487 922 487 9 358
488 487 529 265 161
489 256 133 450 409
490 160 458 280 13
491 753 75 655 96
492 48 212 174 269
493 791 425 65 130
494 90 108 300 269
495 256 518 11 293
496 466 213 246 247
497 77 539 531 333
498 501 498 506 827
499 700 7 360 570
500 499 501 500 525
501 44 324 65 874
502 503 502 43 569
503 358 73 330 438
504 441 466 64 223
505 374 501 500 699
506 503 374 406 720
507 513 340 256 255
508 81 121 161 87
509 546 177 61 14
510 9 266 498 141
511 64 124 662 282
512 512 366 226 314
513 518 546 272 84
514 66 513 513 183
515 373 243 132 152
516 6 376 869 182
517 408 215 81 183
518 615 87 69 353
519 607 296 389 6
520 420 509 747 366
521 583 521 62 571
522 563 290 567 82
523 134 366 233 236
524 72 106 114 300
525 720 754 569 971
526 426 276 168 285
527 318 84 373 240
528 528 271 145 188
529 720 9 358 566
530 293 11 11 183
531 497 482 143 480
532 286 738 305 5
533 188 69 467 84
534 256 492 186 932
535 777 419 253 227
536 214 284 160 28
537 315 222 607 490
538 498 500 374 501
539 160 180 70 494
540 549 296 473 531
541 405 128 212 68
542 543 65 486 245
543 168 275 276 301
544 107 333 249 173
545 183 69 260 311
546 121 35 39 133
547 527 976 485 336
548 607 243 210 249
549 160 818 86 453
550 288 506 502 407
551 663 375 183 820
552 208 285 160 610
553 340 79 13 130
554 971 812 63 269
555 161 249 161 160
556 232 52 595 52
557 5 496 160 557
558 451 360 495 215
559 282 212 641 748
560 316 17 441 107
561 462 424 483 167
562 380 385 378 377
563 572 167 60 377
564 4 13 128 303
565 44 19 247 264
566 7 511 342 280
567 567 425 493 41
568 129 161 265 9
569 141 204 65 664
570 359 267 264 510
571 552 412 685 305
572 377 321 295 471
573 498 362 280 377
574 280 409 39 93
575 231 820 269 160
576 932 859 990 138
577 166 132 256 173
578 577 757 980 757
579 13 476 258 421
580 580 580 580 580
581 204 218 218 341
582 418 508 679 533
583 521 295 459 549
584 563 822 168 434
585 600 450 82 245
586 59 812 285 271
587 6 237 244 236
588 494 25 361 136
589 160 282 62 708
590 34 28 283 752
591 145 142 106 279
592 579 579 273 322
593 176 440 14 128
594 283 87 236 208
595 52 133 443 443
596 301 118 183 36
597 651 420 18 17
598 86 404 145 269
599 2 812 803 2
600 129 210 420 355
601 64 0 268 549
602 249 107 438 170
603 414 370 339 179
604 546 154 419 290
605 851 157 320 393
606 495 360 19 365
607 519 519 465 473
608 565 266 0 65
609 114 340 564 208
610 56 2 86 499
611 292 284 191 839
612 82 150 393 249
613 163 83 168 424
614 614 106 355 896
615 281 932 237 241
616 602 182 377 277
617 618 323 323 192
618 97 708 404 601
619 303 371 285 302
620 290 65 493 820
621 180 179 103 582
622 238 236 154 209
623 202 198 200 777
624 420 152 74 297
625 4 809 971 452
626 87 223 459 90
627 678 400 133 162
628 628 394 53 182
629 177 146 66 258
630 630 630 369 303
631 159 927 963 240
632 376 295 290 426
633 633 633 633 633
634 634 634 635 285
635 63 210 237 237
636 211 283 249 533
637 637 209 963 926
638 126 63 552 571
639 639 638 480 223
640 124 768 404 115
641 495 218 5 619
642 212 106 223 73
643 217 49 71 83
644 180 86 480 282
645 191 343 180 342
646 131 208 495 155
647 82 87 83 932
648 648 648 648 648
649 452 499 498 241
650 215 155 284 231
651 420 218 160 67
652 329 450 413 129
653 653 653 653 653
654 355 513 425 621
655 75 339 455 64
656 344 149 381 320
657 269 422 105 184
658 658 658 658 658
659 659 659 377 468
660 660 660 660 660
661 363 106 114 215
662 185 100 404 99
663 460 495 203 183
664 694 610 255 83
665 812 140 541 139
666 12 19 569 971
667 13 685 520 56
668 157 343 191 347
669 669 669 669 783
670 670 670 670 670
671 80 81 169 820
672 7 674 558 84
673 673 495 74 745
674 569 360 235 240
675 675 675 675 675
676 322 139 446 428
677 199 399 93 526
678 68 82 106 756
679 533 440 499 699
680 380 393 546 352
681 160 83 292 206
682 191 346 6 252
683 57 481 845 56
684 684 684 684 684
685 815 92 127 36
686 245 113 338 31
687 353 434 245 424
688 543 113 62 187
689 198 202 562 6
690 5 100 618 353
691 691 691 691 691
692 130 425 562 14
693 82 540 184 513
694 706 124 662 662
695 259 173 651 254
696 218 340 445 45
697 414 415 697 321
698 57 832 612 356
699 44 332 836 523
700 358 699 500 501
701 462 121 462 212
702 107 233 121 173
703 703 703 703 703
704 107 747 494 417
705 425 664 515 64
706 124 99 185 99
707 856 533 303 96
708 404 115 338 251
709 404 173 22 127
710 81 83 62 262
711 711 711 711 711
712 995 712 995 712
713 69 777 134 553
714 93 168 486 160
715 84 317 310 218
716 716 716 716 5
717 788 717 271 518
718 5 481 271 86
719 52 1 284 214
720 707 267 608 498
721 28 25 27 545
722 28 183 188 533
723 733 538 173 20
724 160 222 221 283
725 417 725 96 327
726 160 21 256 173
727 84 87 187 129
728 21 326 105 242
729 525 765 499 238
730 468 419 211 420
731 731 731 731 731
732 732 732 732 732
733 326 84 811 340
734 157 149 64 229
735 461 812 546 103
736 736 736 333 444
737 737 271 366 253
738 305 285 586 404
739 495 227 519 106
740 82 93 789 168
741 150 103 296 256
742 166 84 112 7
743 743 102 405 15
744 744 744 744 744
745 745 282 333 47
746 746 746 746 746
747 663 68 21 83
748 793 613 619 56
749 776 203 168 128
750 88 285 533 493
751 51 283 314 300
752 65 483 65 133
753 470 75 48 40
754 359 570 823 971
755 211 389 628 379
756 118 117 118 495
757 367 24 30 30
758 85 507 314 85
759 121 10 971 723
760 546 936 936 206
761 393 62 306 306
762 516 305 865 305
763 5 183 526 294
764 541 140 929 579
765 498 500 264 86
766 340 434 478 486
767 803 58 288 506
768 323 411 194 832
769 559 160 582 582
770 353 99 173 416
771 13 748 173 107
772 772 772 772 772
773 773 773 773 773
774 285 6 458 275
775 560 27 361 96
776 342 157 179 156
777 482 535 728 535
778 549 663 533 164
779 146 601 812 160
780 84 62 361 31
781 537 232 53 537
782 82 548 371 128
783 16 174 46 473
784 784 411 261 986
785 23 166 55 685
786 160 337 6 57
787 21 221 218 596
788 717 215 183 542
789 275 123 411 3
790 544 303 845 193
791 493 292 292 284
792 121 420 254 433
793 316 255 145 283
794 322 273 139 334
795 417 417 976 245
796 405 340 166 73
797 605 846 846 605
798 798 798 798 798
799 160 108 111 84
800 533 83 474 333
801 820 544 6 527
802 256 254 492 162
803 63 490 410 82
804 466 160 541 150
805 971 729 84 84
806 88 809 301 404
807 54 698 412 195
808 808 808 808 808
809 13 980 261 115
810 222 311 459 759
811 531 300 531 263
812 826 6 563 272
813 585 168 426 457
814 344 344 349 149
815 859 162 283 83
816 953 23 29 30
817 817 817 813 623
818 549 679 375 5
819 422 272 710 971
820 197 197 198 95
821 163 546 509 69
822 290 210 810 87
823 7 504 501 232
824 191 180 351 178
825 723 825 733 728
826 812 252 285 107
827 506 105 114 170
828 16 174 126 285
829 203 41 801 41
830 452 7 529 504
831 258 402 258 559
832 612 173 87 249
833 5 132 282 747
834 107 601 141 566
835 84 217 49 71
836 813 413 143 172
837 107 87 212 152
838 45 107 280 277
839 191 347 61 19
840 440 608 11 90
841 376 262 278 129
842 96 847 113 919
843 290 892 340 340
844 165 464 523 332
845 809 89 271 283
846 605 851 157 395
847 171 113 494 12
848 340 546 137 812
849 859 147 83 255
850 546 742 546 206
851 180 351 181 380
852 851 483 340 548
853 82 147 249 460
854 174 366 317 366
855 299 546 58 155
856 498 956 11 569
857 166 601 146 66
858 306 81 362 405
859 131 373 528 6
860 251 27 24 28
861 350 851 350 191
862 777 777 69 420
863 57 849 252 160
864 411 338 16 183
865 194 586 195 533
866 411 867 340 546
867 411 867 134 10
868 5 763 763 5
869 179 820 30 165
870 401 160 66 469
871 231 60 947 181
872 218 201 103 181
873 425 791 623 84
874 425 874 425 791
875 170 987 115 142
876 564 183 44 16
877 160 576 176 214
878 27 337 883 883
879 242 564 2 3
880 174 233 238 525
881 96 211 46 355
882 160 206 128 52
883 32 113 485 198
884 884 412 243 241
885 106 169 249 431
886 3 2 698 411
887 887 887 20 187
888 412 408 285 683
889 375 105 412 3
890 121 693 121 66
891 892 44 300 889
892 892 45 87 21
893 466 499 608 441
894 327 486 318 170
895 333 83 168 615
896 142 58 404 354
897 263 86 154 106
898 230 375 121 526
899 2 635 4 2
900 438 141 473 667
901 137 255 607 243
902 5 99 290 121
903 191 349 149 621
904 321 947 321 376
905 215 188 282 234
906 513 462 256 170
907 593 95 183 6
908 822 822 953 590
909 209 15 362 533
910 65 169 21 254
911 222 420 209 546
912 765 9 502 301
913 44 956 913 950
914 900 437 26 32
915 38 417 133 129
916 414 603 414 603
917 206 546 393 83
918 908 94 41 207
919 40 560 218 224
920 230 333 180 129
921 930 963 160 180
922 847 448 592 164
923 825 306 256 420
924 252 601 252 83
925 89 455 976 444
926 210 363 255 121
927 242 977 242 240
928 211 240 210 290
929 592 38 547 113
930 234 234 239 243
931 926 159 160 431
932 252 58 412 803
933 956 7 7 213
934 163 86 518 252
935 125 124 323 654
936 936 706 124 97
937 937 125 101 419
938 611 176 576 526
939 350 157 53 18
940 93 513 183 146
941 189 663 188 486
942 95 309 218 133
943 295 434 46 428
944 748 495 526 160
945 325 260 260 325
946 641 163 154 252
947 321 232 486 114
948 381 948 381 181
949 59 520 420 28
950 166 174 84 333
951 913 7 546 909
952 28 405 495 42
953 35 282 441 466
954 249 105 492 48
955 593 908 776 201
956 183 257 568 458
957 700 956 856 615
958 69 212 256 363
959 377 741 103 157
960 377 182 377 385
961 377 127 82 303
962 325 5 980 64
963 241 243 235 96
964 40 93 458 93
965 936 935 100 708
966 21 92 137 164
967 498 247 707 19
968 184 546 546 760
969 509 480 678 92
970 820 918 51 30
971 417 38 915 38
972 913 699 529 699
973 971 196 424 170
974 820 202 201 64
975 971 416 173 301
976 547 340 107 541
977 977 242 879 242
978 753 914 115 531
979 1 225 148 468
980 427 87 393 145
981 411 473 106 486
982 137 54 249 28
983 113 151 24 30
984 333 981 547 981
985 376 182 393 384
986 470 655 37 36
987 339 30 172 292
988 411 2 63 233
989 91 110 478 108
990 59 160 506 358
991 412 826 826 63
992 992 992 992 992
993 408 130 342 493
994 6 54 411 163
995 712 995 712 401
996 12 358 106 373
997 24 997 24 32
998 65 430 64 198
999 145 393 157 350
1000 166 19 823 558
1001 803 195 826 832
1002 560 1002 560 316
1003 258 1003 258 282
1004 55 107 809 826
