0 377 249 765 707 913 700 332 499 510 8 569
1 52 786 189 87 86 18 85 14 426 423 333
2 160 270 278 365 12 638 10 133 135 169 263
3 3 56 209 282 142 226 222 160 251 340 165
4 282 74 121 121 356 434 183 544 542 291 133
5 337 336 41 165 251 336 160 427 438 25 160
6 379 719 296 387 42 667 81 225 17 255 300
7 754 7 573 856 87 252 286 160 368 52 185
8 569 452 823 19 107 310 78 531 548 129 562
9 421 362 16 170 81 671 329 21 80 424 493
10 564 303 533 160 146 66 611 86 466 893 971
11 421 409 497 548 116 533 165 455 976 245 337
12 362 405 121 4 142 338 464 23 878 27 116
13 440 64 389 53 380 103 394 104 376 321 387
14 85 14 486 303 5 286 520 21 355 896 160
15 46 271 54 107 454 106 21 129 413 515 413
16 543 292 515 177 440 129 285 126 271 518 518
17 160 611 938 611 486 537 459 268 301 225 223
18 182 321 320 389 162 333 28 254 453 420 189
19 422 363 329 476 478 258 111 84 295 387 366
20 10 564 190 420 305 132 249 569 11 293 11
21 221 74 224 148 377 392 61 395 121 518 615
22 92 326 932 142 45 933 15 13 168 543 168
23 251 443 171 847 444 263 113 250 103 53 389
24 997 24 34 33 27 883 883 27 438 74 5
25 301 137 812 62 98 97 708 124 892 300 475
26 590 35 409 90 459 253 509 282 80 384 105
27 336 116 548 21 301 166 518 552 515 664 425
28 37 667 533 201 167 201 342 381 156 381 948
29 36 37 33 339 417 423 547 847 263 686 531
30 169 115 932 576 176 413 129 329 64 249 209
31 261 169 427 655 75 75 253 418 508 550 508
32 27 197 172 181 155 108 69 287 106 371 155
33 37 36 486 426 621 518 209 601 141 498 573
34 35 31 229 115 417 115 339 39 13 450 86
35 39 23 964 24 32 417 333 120 5 489 249
36 35 409 165 34 26 971 582 189 695 315 495
37 33 370 423 333 42 329 190 971 8 9 506
38 29 533 61 265 265 957 141 142 217 340 226
39 35 129 28 142 418 129 308 494 83 236 932
40 33 282 589 107 509 356 91 90 329 419 329
41 232 1 537 53 434 489 87 107 591 591 83
42 280 292 278 377 918 918 204 65 840 65 776
43 43 406 699 602 700 19 83 747 513 518 371
44 525 913 699 499 43 569 430 411 604 411 597
45 140 812 826 412 162 333 601 422 145 105 269
46 495 468 148 179 296 380 539 380 391 426 276
47 427 254 255 63 209 58 233 433 288 433 372
48 443 414 415 852 18 85 41 133 93 473 329
49 153 984 153 856 430 249 115 153 932 642 254
50 654 249 333 615 331 615 64 166 233 434 308
51 918 201 205 483 851 180 851 191 528 392 321
52 719 182 18 0 248 317 85 313 560 223 142
53 440 840 562 129 30 128 41 94 198 205 581
54 59 174 286 57 698 4 3 371 185 353 125
55 305 55 412 971 47 409 108 652 163 212 408
56 2 96 367 283 363 161 12 7 44 699 359
57 55 57 54 2 896 638 10 405 133 483 47
58 166 374 502 661 11 956 856 7 506 510 84
59 132 481 809 132 63 107 441 608 265 503 506
60 385 182 181 181 383 157 376 390 61 301 953
61 182 381 380 296 254 137 54 63 880 880 812
62 405 419 128 87 473 642 405 106 133 160 548
63 132 210 21 22 22 22 11 506 661 141 213
64 103 377 220 165 900 953 26 442 455 136 455
65 204 51 261 655 151 62 546 604 546 115 23
66 560 313 223 612 492 166 882 160 778 549 274
67 66 258 87 325 971 406 504 569 359 504 293
68 549 162 295 157 150 376 160 346 206 908 51
69 663 747 86 41 200 65 998 65 840 457 533
70 233 234 166 84 75 36 25 10 64 238 244
71 71 70 217 49 84 553 84 269 84 268 496
72 524 72 311 612 17 82 404 83 292 278 129
73 0 177 5 184 314 434 4 532 285 812 880
74 549 550 508 189 146 601 859 880 174 379 387
75 655 419 714 183 44 42 106 546 245 115 339
76 75 560 73 358 700 452 19 504 301 118 21
77 87 303 87 215 560 336 860 251 136 27 560
78 419 460 80 367 64 115 171 299 298 106 74
79 290 426 457 238 930 301 52 314 507 314 255
80 253 227 695 222 519 61 178 157 321 395 376
81 105 64 840 275 226 317 389 321 179 103 395
82 84 533 430 569 7 506 529 166 431 166 420
83 63 211 129 434 245 183 169 896 142 393 377
84 752 65 990 4 434 128 283 114 81 434 184
85 146 17 107 769 62 3 128 526 515 381 390
86 508 10 366 690 189 582 667 473 108 474 249
87 253 106 353 121 4 552 305 281 738 424 115
88 533 582 473 855 86 47 245 171 64 133 568
89 408 411 102 516 2 238 89 469 66 984 66
90 13 333 516 195 517 2 411 318 443 165 136
91 108 509 62 493 820 533 86 141 438 31 361
92 65 307 301 820 269 16 249 28 82 261 437
93 443 84 58 546 129 611 464 249 280 464 727
94 65 998 65 568 457 409 357 82 179 262 533
95 450 5 438 33 32 165 167 133 136 160 308
96 91 11 183 256 191 121 278 149 655 458 493
97 5 96 28 93 647 435 160 389 252 3 195
98 125 708 98 101 185 800 409 23 13 21 282
99 434 165 119 455 455 245 434 21 28 44 155
100 62 212 183 655 280 167 199 200 562 401 621
101 380 320 379 383 383 377 960 377 215 82 30
102 97 434 431 141 264 533 541 511 262 262 907
103 377 491 168 47 483 493 413 426 426 245 165
104 82 410 329 568 562 6 516 6 305 132 63
105 296 342 575 206 440 438 892 892 45 16 153
106 210 169 123 160 336 41 169 170 81 877 137
107 366 474 105 80 169 900 464 128 932 41 205
108 328 478 110 111 66 90 459 188 69 777 723
109 108 375 51 82 233 58 86 23 166 373 283
110 108 290 531 212 121 280 165 133 256 14 79
111 110 478 474 107 489 771 13 83 693 82 93
112 357 81 58 105 160 308 379 389 6 5 132
113 547 361 171 160 327 820 198 129 188 424 151
114 166 184 409 30 336 136 820 205 955 955 820
115 18 167 296 420 458 568 458 82 121 353 354
116 221 549 106 462 430 543 450 257 342 681 191
117 189 671 509 480 223 106 756 73 223 142 10
118 83 107 252 845 924 303 121 249 211 66 112
119 261 261 37 30 169 339 13 550 44 21 1
120 133 133 133 39 86 172 143 480 418 160 188
121 210 107 285 371 107 333 113 106 283 166 77
122 156 160 423 892 367 160 368 146 17 726 121
123 275 542 403 172 440 629 316 537 259 777 862
124 51 114 318 367 212 288 295 268 221 82 130
125 424 263 245 121 419 128 206 820 420 280 282
126 55 6 949 59 4 131 455 261 437 115 339
127 166 77 445 254 165 166 474 128 278 114 464
128 254 340 106 155 147 154 269 615 422 82 356
129 932 180 166 105 183 845 2 409 316 629 440
130 342 346 191 645 414 479 479 381 686 22 686
131 209 42 490 460 116 317 116 27 172 121 468
132 211 730 231 179 381 391 426 318 176 417 32
133 133 419 848 340 494 504 7 573 856 186 82
134 373 83 168 515 817 515 572 426 458 6 587
135 47 76 981 263 455 131 698 131 64 523 464
136 455 131 285 172 197 86 151 116 420 810 87
137 420 82 12 856 612 492 107 187 166 430 971
138 4 193 193 2 96 24 26 165 186 433 393
139 342 219 17 145 82 245 370 40 28 33 370
140 46 107 80 663 747 80 747 612 2 886 601
141 407 93 940 128 303 263 263 423 62 361 160
142 303 255 42 23 107 237 107 90 160 278 405
143 160 153 166 666 324 11 327 945 409 316 377
144 492 152 212 249 253 121 752 283 204 917 204
145 105 281 131 422 131 422 424 357 486 94 918
146 533 508 142 480 184 546 105 371 13 326 13
147 612 612 84 162 195 533 84 338 160 145 326
148 179 121 87 296 121 665 107 420 114 892 226
149 621 425 543 16 169 434 214 851 191 365 489
150 148 191 157 851 180 366 163 932 531 121 601
151 438 38 48 976 263 245 444 442 976 485 166
152 212 106 82 186 31 256 534 813 526 401 276
153 87 506 462 145 4 96 20 480 20 137 301
154 58 89 408 571 288 212 160 45 62 21 326
155 533 25 23 261 151 424 249 462 460 256 187
156 344 178 191 180 820 955 205 201 204 936 232
157 214 157 668 157 104 103 162 249 286 57 131
158 137 58 812 803 990 5 375 110 258 424 518
159 243 950 427 470 753 119 40 38 258 477 69
160 343 231 65 413 440 380 178 656 231 377 283
161 358 505 374 441 707 73 0 1 224 218 220
162 549 356 410 160 233 58 814 344 377 215 114
163 613 756 390 384 388 378 376 296 42 133 256
164 62 586 63 209 154 419 473 393 283 318 423
165 261 438 440 149 277 296 277 232 284 342 103
166 133 181 950 173 212 144 254 474 23 438 365
167 453 283 379 160 389 104 388 182 167 655 419
168 840 413 813 440 172 292 493 413 177 113 48
169 123 455 304 57 137 126 564 281 685 81 371
170 513 271 737 271 470 155 87 353 124 107 478
171 443 437 261 171 172 377 382 393 380 379 387
172 65 232 264 499 506 699 359 672 365 405 642
173 366 474 301 444 263 283 329 477 108 91 469
174 283 226 105 508 373 93 41 167 377 486 14
175 252 803 63 379 182 182 103 377 782 526 129
176 381 377 389 60 390 250 166 20 537 368 395
177 459 616 435 519 809 63 5 325 326 173 254
178 656 177 232 872 581 820 133 208 371 641 106
179 157 384 295 932 258 66 375 340 405 438 26
180 346 352 483 47 443 333 105 346 172 171 5
181 61 172 813 458 172 197 64 572 290 295 391
182 379 385 157 343 345 82 227 87 543 672 160
183 309 495 377 352 352 157 6 826 412 162 17
184 546 184 86 173 20 887 20 536 189 81 129
185 662 62 20 163 106 489 473 459 90 91 89
186 531 106 17 83 591 591 96 251 40 261 980
187 518 155 855 86 35 86 90 477 108 301 157
188 663 747 189 311 16 183 146 147 106 641 212
189 117 211 552 13 349 644 6 286 2 308 6
190 282 518 351 284 107 226 74 116 367 367 419
191 346 214 128 607 256 318 981 485 48 442 333
192 192 195 195 286 58 115 533 165 160 17 162
193 859 411 338 439 338 409 428 429 448 269 592
194 160 512 155 187 365 269 333 517 516 333 361
195 58 89 482 172 280 291 543 93 30 588 392
196 776 908 196 198 229 39 30 28 896 303 610
197 167 168 486 426 413 813 526 231 157 397 393
198 51 283 221 129 820 13 980 980 367 417 5
199 280 107 708 82 215 218 696 17 73 268 106
200 440 231 231 280 270 28 952 81 46 236 87
201 51 13 21 300 10 20 121 145 4 194 132
202 201 202 820 143 62 454 106 519 809 304 405
203 377 6 377 464 483 142 132 532 308 438 27
204 167 149 490 410 160 163 86 215 114 28 655
205 197 206 575 280 62 7 141 496 141 913 956
206 917 820 93 306 21 715 20 173 154 932 282
207 167 18 146 779 820 180 347 149 349 160 206
208 211 599 242 158 160 337 464 563 522 563 14
209 303 932 490 491 816 455 914 113 51 917 205
210 245 370 41 593 434 367 36 34 434 11 209
211 462 506 64 249 642 107 269 15 82 27 370
212 142 424 375 111 375 112 66 338 420 60 947
213 823 707 627 513 269 448 216 254 665 859 932
214 124 97 5 183 58 597 460 41 95 60 392
215 363 165 26 26 971 235 303 145 533 333 121
216 273 447 461 447 323 99 124 404 212 422 424
217 340 121 856 358 530 358 505 661 267 661 363
218 196 14 85 160 139 322 676 322 461 272 63
219 181 950 17 494 529 44 129 208 738 58 826
220 90 220 218 177 223 0 5 318 283 577 249
221 166 86 498 452 569 558 823 521 389 296 387
222 18 166 209 63 114 249 589 155 137 272 461
223 612 347 307 971 975 971 695 607 471 473 93
224 468 82 5 218 282 16 543 65 14 526 257
225 314 222 459 490 160 200 176 501 452 7 452
226 0 560 474 478 176 593 434 320 160 427 115
227 268 215 347 181 182 60 177 629 316 629 177
228 121 203 829 203 351 231 60 380 380 377 562
229 513 92 260 21 114 36 86 14 53 157 52
230 106 828 896 4 174 209 494 27 197 65 264
231 466 893 466 86 142 212 856 421 213 823 971
232 413 426 232 707 872 581 133 18 104 388 128
233 210 963 235 360 293 141 204 204 377 320 381
234 58 138 2 62 410 486 362 856 366 886 59
235 303 256 531 811 497 419 249 367 245 115 245
236 154 546 62 480 143 229 37 35 30 33 438
237 62 281 160 123 115 753 900 411 438 136 336
238 62 295 471 160 104 82 15 164 174 815 520
239 13 840 5 271 80 549 215 177 601 177 231
240 160 3 272 252 82 647 434 231 730 64 141
241 252 107 395 296 610 694 706 523 522 523 332
242 926 243 234 239 238 242 13 840 562 515 14
243 57 96 728 20 81 303 252 183 513 226 283
244 64 445 64 140 301 857 166 180 231 292 611
245 417 486 115 254 114 128 201 473 150 301 108
246 649 246 266 9 421 404 153 422 615 115 42
247 506 661 441 362 28 20 409 390 396 182 351
248 372 282 665 254 283 256 249 162 482 14 498
249 81 518 154 269 820 974 87 20 106 80 96
250 351 734 156 180 352 178 413 493 572 426 493
251 169 283 589 400 222 221 459 223 480 638 356
252 826 412 921 930 234 930 921 859 932 859 932
253 17 0 560 496 83 140 272 461 461 269 216
254 31 32 165 123 438 29 116 460 300 10 121
255 169 46 405 543 326 92 400 10 409 21 86
256 226 282 131 132 89 405 142 665 87 42 243
257 231 201 51 917 820 327 11 530 161 314 310
258 347 122 262 345 254 495 468 160 799 549 540
259 92 373 112 368 301 81 494 152 364 169 64
260 10 564 686 21 274 334 579 15 760 546 115
261 116 32 24 37 36 21 518 166 87 424 249
262 903 191 494 39 84 467 434 142 191 5 102
263 443 113 47 417 442 976 442 170 188 971 47
264 569 11 21 128 424 748 160 400 678 68 62
265 529 496 602 466 608 7 498 0 166 426 401
266 13 350 851 214 166 173 10 256 210 166 474
267 466 804 266 440 661 441 87 42 459 717 106
268 74 331 73 218 82 401 714 143 197 199 197
269 173 69 715 69 64 318 375 494 151 23 249
270 28 170 115 373 552 738 285 107 405 28 249
271 859 183 478 306 327 160 512 162 186 490 377
272 45 211 5 201 95 128 155 87 81 141 672
273 273 15 164 170 282 184 287 549 221 166 128
274 139 107 141 265 466 5 236 963 158 160 143
275 458 82 278 343 343 160 263 485 336 280 486
276 426 231 624 84 560 775 560 474 424 518 132
277 971 59 685 13 183 909 87 77 531 142 493
278 179 103 150 166 2 273 812 373 106 64 166
279 107 212 114 896 404 662 323 354 101 102 517
280 556 330 438 107 459 188 222 226 440 515 167
281 281 303 845 211 89 405 434 820 544 212 255
282 4 58 252 183 63 552 82 367 115 113 263
283 211 582 189 663 551 298 473 582 211 129 14
284 6 128 116 420 301 173 269 5 57 58 372
285 533 562 493 426 621 425 430 62 209 319 237
286 532 131 366 86 170 424 497 170 26 135 26
287 896 2 58 950 366 366 693 83 506 466 602
288 405 282 572 572 939 232 160 66 477 329 486
289 482 419 531 363 508 418 189 20 560 48 976
290 83 420 280 367 48 372 62 362 16 222 424
291 183 16 187 155 87 21 624 420 12 267 265
292 611 66 215 549 663 474 110 111 110 478 442
293 420 254 420 293 420 186 450 123 37 34 361
294 65 176 440 53 397 122 342 681 86 7 249
295 390 295 379 285 305 243 63 62 188 82 168
296 434 121 84 664 401 457 533 65 457 568 426
297 218 297 73 485 263 531 497 562 380 177 309
298 301 298 507 507 513 271 304 369 303 304 82
299 418 142 153 212 252 160 467 81 663 188 160
300 282 464 420 355 329 13 156 344 177 297 177
301 147 513 271 89 411 96 327 327 894 327 306
302 57 252 195 517 411 816 953 816 169 548 377
303 269 234 6 466 496 213 499 374 166 536 189
304 252 685 812 126 286 412 412 138 63 5 24
305 57 809 137 365 338 365 87 282 518 557 201
306 533 236 434 509 107 310 82 15 274 263 263
307 226 165 337 31 135 96 37 48 643 48 212
308 74 310 313 17 342 262 148 149 655 367 420
309 268 84 654 58 462 20 87 490 80 340 115
310 313 85 307 177 413 200 275 526 493 283 0
311 17 615 412 865 59 57 286 408 212 589 638
312 222 64 456 64 730 160 413 172 292 515 290
313 317 366 109 424 422 615 142 41 86 366 474
314 418 747 667 6 237 244 158 159 931 927 234
315 495 46 269 152 726 17 518 533 204 581 531
316 6 194 408 57 271 717 131 283 333 546 82
317 84 585 295 290 357 258 365 602 141 421 249
318 83 496 213 700 499 765 86 484 129 44 8
319 209 300 68 212 28 409 506 411 552 6 237
320 434 417 183 464 211 138 481 57 58 371 419
321 376 308 129 210 87 513 365 44 51 64 450
322 533 269 212 357 5 419 226 419 128 214 94
323 192 412 87 173 184 106 695 21 375 474 82
324 266 246 7 141 569 674 267 570 19 160 821
325 65 752 121 161 300 489 771 13 340 867 96
326 82 327 128 593 974 128 955 955 197 199 197
327 173 533 950 145 828 612 83 107 141 754 11
328 328 560 518 166 485 423 171 318 482 419 105
329 255 5 41 546 909 280 165 290 340 128 6
330 438 38 321 295 18 84 233 546 7 365 569
331 73 17 107 809 58 86 234 533 572 939 350
332 720 699 9 661 161 570 247 707 661 674 12
333 58 303 58 183 165 329 198 689 689 543 478
334 335 929 489 249 393 368 397 379 382 377 280
335 579 164 929 933 46 21 308 121 58 422 145
336 860 816 491 491 377 839 191 645 156 181 176
337 136 251 27 301 29 33 878 27 116 30 437
338 367 32 361 533 441 602 602 61 265 608 441
339 370 115 612 2 333 460 467 509 972 509 87
340 62 371 708 748 256 340 134 62 377 365 765
341 316 726 282 166 380 166 485 443 976 442 114
342 191 345 214 460 183 326 10 339 29 51 14
343 342 340 274 335 447 164 281 552 195 160 362
344 148 179 214 214 419 214 215 155 215 756 225
345 121 651 546 256 4 625 4 193 803 812 366
346 6 308 379 393 379 63 363 106 353 796 828
347 149 6 206 196 200 198 198 229 177 86 259
348 342 621 149 148 377 284 284 301 930 926 159
349 149 377 745 74 116 221 106 278 347 258 132
350 351 167 483 377 383 295 142 828 300 889 375
351 284 174 377 128 165 366 217 432 71 121 308
352 346 128 129 44 30 417 133 232 64 209 235
353 371 405 828 353 371 28 34 434 208 371 101
354 97 354 353 82 41 21 519 465 786 407 502
355 212 174 16 170 303 236 587 237 243 319 234
356 434 295 395 283 253 121 121 326 10 86 145
357 474 112 258 932 107 480 667 184 19 293 44
358 506 498 602 182 377 149 656 352 347 181 381
359 570 971 2 880 80 114 356 828 356 410 490
360 169 6 183 168 789 129 211 252 153 49 49
361 136 116 96 76 75 253 189 667 409 710 187
362 129 292 206 820 336 485 73 221 485 166 422
363 188 183 355 356 81 170 753 860 978 900 169
364 21 10 777 862 777 259 695 491 753 914 900
365 486 353 618 662 353 662 371 97 124 618 820
366 445 139 282 107 82 173 114 283 162 468 224
367 666 166 114 21 283 752 84 393 150 321 301
368 387 378 61 60 214 21 211 405 892 173 513
369 88 303 254 84 366 145 115 405 158 241 243
370 427 119 455 485 338 169 329 143 90 11 430
371 371 132 242 132 271 45 446 446 448 429 429
372 431 756 166 320 295 391 971 672 672 672 506
373 306 169 326 107 430 856 358 11 754 161 160
374 499 8 499 602 616 320 397 103 283 2 273
375 477 478 514 329 46 106 147 115 513 154 107
376 389 162 2 612 50 153 404 420 13 351 321
377 776 94 776 204 41 62 418 107 187 316 255
378 157 377 0 64 309 221 459 549 877 137 298
379 368 181 377 398 379 182 499 19 7 8 971
380 380 393 433 288 105 771 489 365 362 486 303
381 150 60 157 381 380 283 283 4 812 826 803
382 393 84 811 28 261 28 183 343 278 611 464
383 181 628 628 379 384 495 21 325 945 409 244
384 377 147 422 163 121 27 197 373 420 607 222
385 231 176 204 593 128 495 314 221 83 496 487
386 393 86 17 405 114 423 547 133 844 971 627
387 384 295 450 14 593 200 380 379 384 377 526
388 164 335 579 592 446 166 141 473 298 299 287
389 150 541 150 368 390 14 922 79 811 497 491
390 390 61 150 179 342 277 130 936 546 187 932
391 776 196 231 656 177 218 300 329 424 153 493
392 321 250 368 376 166 411 308 283 393 71 432
393 421 141 488 362 529 602 533 87 545 462 545
394 157 128 3 194 281 738 208 363 256 121 533
395 164 2 162 31 115 337 883 39 86 115 123
396 380 320 593 142 83 221 256 445 366 283 333
397 378 385 181 150 301 29 24 609 333 419 497
398 377 734 0 73 166 28 896 355 355 365 87
399 51 128 168 403 473 32 151 367 245 444 423
400 690 20 400 69 69 108 109 108 258 402 258
401 574 280 121 88 303 28 952 509 299 6 194
402 148 434 89 64 201 278 160 286 685 859 194
403 473 93 513 93 165 115 145 233 288 269 154
404 254 169 4 564 338 987 339 251 96 20 271
405 518 81 20 326 20 80 21 695 227 268 295
406 43 502 358 266 407 43 498 473 747 612 223
407 566 569 8 510 84 87 812 520 845 63 211
408 6 6 54 685 845 809 59 826 1001 990 2
409 418 508 710 896 300 21 127 92 137 301 581
410 62 714 419 68 306 28 36 31 37 590 409
411 263 419 340 226 459 565 459 212 365 495 62
412 6 3 175 63 278 409 169 437 30 35 183
413 526 526 840 840 426 423 5 7 674 430 5
414 479 177 656 177 215 82 31 135 409 27 51
415 697 697 645 191 681 347 347 180 851 852 415
416 327 328 86 226 17 309 297 13 685 81 62
417 971 844 165 105 450 813 458 397 537 61 95
418 184 290 62 212 48 36 36 367 434 509 189
419 180 123 170 533 590 34 35 86 686 263 531
420 783 16 367 81 375 577 375 230 920 230 80
421 496 5 859 249 327 327 128 970 917 593 199
422 180 851 907 156 180 214 483 482 535 10 11
423 455 816 115 900 822 183 562 568 526 401 44
424 395 393 947 295 398 295 179 340 215 187 62
425 4 431 152 187 550 434 249 132 366 215 103
426 270 515 562 425 568 568 82 105 384 363 384
427 47 86 98 768 434 473 189 549 173 538 326
428 335 322 676 447 446 45 322 933 592 272 446
429 929 335 97 98 618 618 98 124 99 62 17
430 486 169 300 739 82 420 434 813 440 840 562
431 433 405 10 271 55 194 211 82 68 62 163
432 71 70 433 144 546 427 107 478 13 318 245
433 121 890 121 127 121 363 422 950 333 169 301
434 212 166 351 420 293 374 7 161 667 6 527
435 440 266 358 500 374 293 856 932 494 168 82
436 438 129 292 176 200 176 204 176 176 178 350
437 26 588 307 376 181 541 160 207 160 47 220
438 113 107 420 106 748 46 256 282 142 222 253
439 115 443 133 399 450 167 280 95 201 82 115
440 458 440 542 543 576 482 93 30 33 40 900
441 533 25 37 588 545 27 128 3 174 305 411
442 455 169 62 29 29 459 616 1 254 283 234
443 40 38 171 847 38 39 133 399 457 568 493
444 245 62 269 617 592 735 322 335 15 404 254
445 5 47 245 365 212 64 140 15 820 593 350
446 166 347 278 292 168 13 53 231 277 231 377
447 498 446 164 285 586 63 3 685 175 252 5
448 274 428 579 335 592 461 272 5 900 900 338
449 414 414 605 797 797 342 376 103 14 65 870
450 534 440 61 103 61 421 258 474 340 165 51
451 487 498 956 933 334 446 45 640 97 434 450
452 666 62 531 914 455 437 165 151 748 173 404
453 84 478 108 477 329 896 28 142 258 375 6
454 82 464 129 351 284 168 568 568 276 276 275
455 96 209 546 41 932 187 107 127 21 221 403
456 405 274 335 274 269 16 164 272 665 175 532
457 238 233 434 83 20 536 184 969 184 536 473
458 515 409 38 40 116 171 261 115 153 180 231
459 759 459 17 115 115 753 470 914 900 914 251
460 214 95 342 262 907 262 342 103 546 856 282
461 533 128 64 177 459 453 932 82 641 82 357
462 411 333 212 172 27 35 35 409 27 35 590
463 462 211 301 482 218 177 656 344 656 344 231
464 331 29 588 438 338 256 303 4 434 813 458
465 465 316 549 146 160 127 318 127 130 65 291
466 213 332 499 440 168 62 63 83 49 152 271
467 460 81 329 419 460 495 214 172 212 518 422
468 82 225 17 340 513 229 31 256 133 403 172
469 474 546 137 249 105 589 365 495 60 377 94
470 470 438 438 38 474 493 572 82 296 397 321
471 84 115 405 16 304 411 2 405 355 283 365
472 355 513 652 329 211 450 176 93 121 31 256
473 14 380 60 381 393 393 71 49 297 17 671
474 87 50 48 66 112 37 37 27 27 370 226
475 300 896 303 286 80 96 88 121 209 126 812
476 258 375 329 568 168 615 152 467 17 310 494
477 258 932 236 237 240 424 281 174 520 20 306
478 424 124 896 114 169 326 86 506 358 247 700
479 177 232 121 30 29 261 93 95 377 380 440
480 509 107 438 54 6 134 521 553 521 295 450
481 5 281 333 366 183 113 41 601 177 113 367
482 162 549 877 28 63 58 121 116 896 329 410
483 232 611 486 63 162 283 378 61 213 407 499
484 86 251 336 560 142 166 340 160 188 160 25
485 170 86 458 83 589 434 467 84 373 714 413
486 172 219 181 376 377 839 191 365 183 160 129
487 558 529 608 754 804 754 466 9 266 267 707
488 362 82 963 235 238 92 426 160 312 218 224
489 419 18 201 776 14 419 848 445 160 81 478
490 249 355 856 932 489 87 190 311 295 268 316
491 816 336 860 816 411 671 21 966 21 422 131
492 83 114 444 47 114 184 486 184 678 492 64
493 254 152 404 420 733 733 440 24 30 337 16
494 113 165 437 30 32 37 127 491 490 460 411
495 114 170 427 651 624 223 18 133 557 5 35
496 11 699 44 486 493 401 533 310 17 219 82
497 531 165 900 438 892 128 6 184 106 160 526
498 64 62 508 480 69 353 935 125 618 820 918
499 502 500 44 500 266 525 332 421 268 19 434
500 502 504 501 452 213 466 231 167 460 490 434
501 500 506 166 128 607 128 526 495 106 314 309
502 358 501 160 261 29 29 339 438 36 442 442
503 498 700 359 570 971 778 160 30 93 409 2
504 359 754 19 452 501 498 86 441 602 700 823
505 502 8 950 387 395 182 321 179 122 103 537
506 699 359 525 967 504 971 391 368 301 963 859
507 298 184 173 896 81 58 288 431 70 152 283
508 418 747 612 153 427 980 13 12 82 58 462
509 260 248 341 316 73 74 312 74 872 581 531
510 141 19 570 12 365 83 591 160 717 160 490
511 541 150 60 295 471 295 471 421 404 662 97
512 366 58 552 211 128 900 753 151 35 36 301
513 340 256 296 288 295 157 483 41 204 205 483
514 478 160 58 58 886 859 815 138 990 812 520
515 484 563 493 434 515 167 526 296 419 221 526
516 195 59 252 46 371 97 640 45 461 446 13
517 2 323 160 362 441 661 569 707 232 201 202
518 252 272 322 446 322 269 334 579 334 322 676
519 61 265 7 359 498 197 143 160 428 409 785
520 685 58 244 209 303 950 820 62 367 340 280
521 823 971 403 133 450 129 121 29 417 96 304
522 493 283 271 283 21 256 258 105 184 311 373
523 14 93 108 356 303 367 133 531 556 232 64
524 72 259 508 550 107 258 357 82 526 840 413
525 707 700 452 421 258 87 256 58 865 412 105
526 167 167 908 199 677 199 820 106 671 357 68
527 318 170 31 337 23 215 218 5 132 518 82
528 489 106 400 400 106 253 80 114 170 914 816
529 525 213 8 141 9 499 501 430 362 549 371
530 293 504 409 171 590 545 40 438 93 40 361
531 82 376 377 782 377 181 950 404 160 667 189
532 520 174 405 145 546 255 63 183 68 282 726
533 44 324 44 366 84 71 209 166 82 489 211
534 813 399 401 257 65 574 65 64 376 307 588
535 482 129 127 377 380 377 572 167 342 284 642
536 166 4 126 13 168 820 165 847 443 455 24
537 74 513 173 513 459 490 371 174 286 209 242
538 306 733 440 266 754 565 608 452 608 267 700
539 531 78 419 221 282 531 405 300 166 194 826
540 509 424 28 170 165 82 404 412 303 486 261
541 764 377 745 221 42 492 283 234 639 65 498
542 168 82 748 121 366 387 295 210 290 495 459
543 65 357 183 209 64 492 83 727 464 493 105
544 6 308 129 303 369 89 520 121 58 371 211
545 93 494 932 812 142 508 80 286 252 412 59
546 859 990 859 434 214 280 291 458 789 5 417
547 444 76 76 485 338 31 107 820 779 820 87
548 106 747 671 253 62 372 70 83 115 439 338
549 356 283 153 615 121 615 87 137 520 520 3
550 121 169 116 73 297 309 64 280 199 207 409
551 106 560 211 375 328 143 18 232 52 368 160
552 126 6 751 51 399 493 280 206 277 296 932
553 86 306 825 733 440 200 95 61 390 13 326
554 419 184 5 230 230 80 546 441 82 518 363
555 141 264 266 500 569 362 81 121 4 2 886
556 464 160 17 225 223 106 329 190 533 499 525
557 51 908 593 820 618 100 429 446 139 448 87
558 529 466 160 395 283 726 85 307 133 292 14
559 282 58 921 412 256 493 342 726 314 301 953
560 283 752 65 639 639 209 155 533 306 329 187
561 462 5 681 682 511 511 337 437 336 280 734
562 515 6 284 168 789 835 84 323 160 4 271
563 14 498 360 452 661 13 211 106 142 151 30
564 209 244 810 471 255 316 268 0 222 905 215
565 459 106 434 215 17 441 142 747 86 508 418
566 141 62 290 531 365 209 601 83 233 434 820
567 567 843 567 290 145 147 615 453 86 81 225
568 256 314 189 786 64 11 90 107 170 16 783
569 264 213 247 707 809 738 2 58 612 393 60
570 265 707 331 856 823 661 252 160 377 388 387
571 520 281 56 809 89 59 286 57 2 612 347
572 129 127 613 288 296 719 395 103 377 163 420
573 86 504 912 466 893 971 336 437 816 116 160
574 425 86 20 301 278 345 345 681 345 180 348
575 206 290 295 379 388 150 191 851 214 94 64
576 93 424 222 107 708 98 97 185 52 157 387
577 366 306 326 160 249 672 543 16 255 211 142
578 577 757 757 757 980 64 199 278 13 980 261
579 335 334 447 933 448 448 421 393 392 392 60
580 580 580 580 580 580 580 580 580 580 580 580
581 445 848 445 310 17 249 129 562 14 232 294
582 582 211 243 252 193 990 281 62 169 41 136
583 521 62 597 810 210 82 489 932 333 114 165
584 290 531 914 900 168 403 493 413 129 275 123
585 585 295 472 255 215 812 880 859 665 412 64
586 932 153 115 900 914 251 860 116 361 47 107
587 238 506 44 374 856 264 359 359 525 265 823
588 26 135 338 16 280 458 568 457 562 440 426
589 459 295 394 393 62 80 107 704 704 704 107
590 29 62 390 526 440 450 133 183 15 448 446
591 62 180 381 393 180 191 148 191 148 468 221
592 735 448 421 19 856 282 82 310 307 317 313
593 572 5 833 5 323 192 5 419 199 205 593
594 84 243 80 249 695 106 287 21 787 21 44
595 52 820 955 197 908 593 198 128 346 820 168
596 366 218 309 85 307 85 317 485 198 167 199
597 301 115 41 207 94 515 176 501 452 856 560
598 553 553 553 134 134 554 419 495 932 63 411
599 708 97 335 533 590 30 172 133 367 263 333
600 588 206 51 306 373 563 706 694 664 84 453
601 333 318 40 24 609 114 83 450 86 681 191
602 441 19 661 252 114 24 953 35 590 24 953
603 414 605 797 231 575 149 490 490 405 173 950
604 411 303 544 932 115 370 455 171 976 318 925
605 797 605 414 916 414 916 414 605 797 797 342
606 495 460 421 11 504 374 500 525 856 87 62
607 253 373 133 28 31 115 87 856 913 700 957
608 7 498 804 232 231 157 381 149 284 1 142
609 333 302 160 234 930 235 930 158 236 121 748
610 610 694 610 160 3 571 285 63 211 155 877
611 11 400 183 170 164 429 322 447 45 447 440
612 163 105 242 209 252 546 377 52 377 393 388
613 163 615 180 86 21 44 546 249 253 62 212
614 756 74 230 283 363 256 366 190 473 183 464
615 513 92 105 283 290 13 272 651 2 411 405
616 602 525 213 359 525 510 674 569 452 9 754
617 592 617 592 760 592 46 355 256 518 226 186
618 100 434 288 19 142 46 121 161 451 558 213
619 613 163 170 169 33 13 29 473 296 380 160
620 620 86 222 20 87 365 419 434 105 285 379
621 401 712 255 472 355 405 210 305 366 253 162
622 238 237 5 527 6 286 183 705 425 84 333
623 623 450 342 351 87 513 19 247 700 359 608
624 420 363 128 183 69 329 434 356 375 110 478
625 412 738 809 160 21 83 395 107 41 612 393
626 87 183 13 280 296 157 397 537 61 392 368
627 62 19 19 142 357 82 290 256 401 526 13
628 628 320 349 347 105 187 316 218 316 758 366
629 178 180 62 582 62 340 282 271 89 924 88
630 303 738 56 619 89 924 211 364 212 371 424
631 159 215 215 197 601 3 194 6 611 270 493
632 376 387 385 376 181 346 133 426 167 13 179
633 633 633 633 633 633 633 633 633 633 633 633
634 635 520 183 410 107 69 64 292 523 64 445
635 4 107 165 314 434 191 346 345 254 296 932
636 211 371 124 64 102 300 183 426 206 1000 206
637 233 828 405 274 335 446 139 322 933 446 579
638 329 560 474 419 214 176 486 128 434 458 515
639 639 234 927 241 159 89 301 856 374 529 602
640 97 102 812 412 192 2 54 698 131 107 165
641 333 601 209 637 234 58 82 84 404 474 258
642 473 280 201 820 136 361 976 411 24 151 655
643 963 159 235 5 423 318 423 892 491 490 121
644 950 422 601 422 819 140 273 273 209 183 611
645 191 82 368 841 719 52 595 52 397 60 295
646 646 646 646 211 249 154 58 654 48 96 2
647 256 557 160 724 160 892 828 896 287 509 546
648 648 648 648 648 648 648 648 648 648 648 648
649 649 466 804 232 201 918 95 60 296 256 280
650 215 211 705 401 430 569 7 12 681 160 747
651 428 676 160 96 326 21 36 36 121 719 121
652 108 160 490 258 356 121 80 249 209 242 303
653 653 653 653 653 653 653 653 653 653 653 653
654 66 477 90 474 143 357 568 276 275 434 106
655 427 655 13 420 20 127 227 405 158 639 234
656 178 344 377 177 331 166 492 144 254 345 346
657 269 46 271 45 210 931 930 301 273 274 335
658 658 658 658 658 658 658 658 658 658 658 658
659 659 659 377 388 179 160 252 209 84 269 334
660 660 660 660 660 660 660 660 660 660 660 660
661 700 602 61 368 182 384 390 320 390 320 380
662 618 523 601 405 518 426 14 312 218 224 74
663 81 356 478 13 497 482 74 86 67 108 494
664 401 82 188 184 21 409 81 86 508 69 183
665 2 506 856 62 93 576 142 211 15 174 932
666 161 12 419 290 165 186 129 413 168 426 231
667 550 19 121 10 434 69 958 962 958 69 282
668 157 6 1001 832 57 107 96 169 172 62 209
669 420 123 450 295 290 643 269 820 142 82 419
670 670 670 670 670 670 670 670 670 670 670 670
671 69 80 174 233 433 144 121 166 366 372 107
672 359 672 406 466 12 573 573 573 452 264 500
673 495 278 343 107 493 424 124 638 495 218 313
674 12 82 856 7 266 466 720 11 661 823 9
675 675 675 675 675 675 675 675 675 675 675 675
676 322 794 322 13 244 615 714 419 105 69 260
677 434 367 980 980 655 116 513 116 513 19 434
678 480 143 41 336 438 333 531 183 366 368 0
679 971 401 600 813 600 600 813 544 133 44 359
680 380 320 483 113 455 361 417 333 417 64 349
681 160 312 177 65 280 18 533 582 184 183 42
682 681 180 932 820 203 376 841 719 64 66 474
683 131 96 123 302 303 107 493 133 426 206 292
684 684 684 684 684 684 684 684 684 684 684 684
685 809 552 373 82 53 465 615 393 249 589 107
686 381 393 421 362 488 362 65 874 425 457 533
687 107 142 125 100 5 357 328 66 560 518 559
688 543 113 983 333 269 643 162 79 226 494 515
689 543 405 419 105 74 310 533 362 466 362 141
690 5 279 82 142 4 971 133 65 160 12 560
691 691 691 691 691 691 691 691 691 691 691 691
692 231 172 486 53 820 95 93 443 414 414 370
693 283 82 87 13 515 494 190 189 160 316 424
694 706 373 184 82 355 46 329 286 412 832 832
695 211 210 546 129 186 226 166 93 166 283 411
696 74 106 117 189 454 107 16 340 405 10 535
697 321 378 128 207 908 200 207 917 970 128 106
698 412 59 137 254 453 86 590 33 113 106 582
699 924 845 699 506 971 505 971 108 69 467 166
700 525 86 203 829 523 836 523 618 353 770 353
701 462 408 130 277 14 129 343 191 682 681 180
702 107 100 262 180 342 130 621 426 280 494 372
703 703 703 703 703 703 703 703 703 703 703 703
704 704 107 420 114 160 724 338 229 229 119 165
705 256 263 62 242 303 114 300 475 300 187 107
706 585 295 172 65 160 418 142 183 21 173 333
707 566 569 569 105 453 107 45 124 405 183 705
708 100 102 64 129 161 129 187 155 429 428 409
709 353 142 258 18 18 221 166 177 218 560 358
710 187 222 86 205 201 342 343 820 918 197 95
711 711 711 711 711 711 711 711 711 711 711 711
712 4 803 54 194 238 498 9 565 9 720 754
713 69 480 601 3 58 698 685 698 685 13 2
714 419 268 227 268 301 209 924 252 233 637 234
715 84 229 64 980 119 427 474 145 615 129 542
716 5 82 81 400 183 249 129 184 582 106 155
717 215 460 74 248 259 695 164 335 322 735 461
718 63 243 58 63 126 137 209 587 238 237 243
719 841 719 841 397 53 5 481 131 604 411 84
720 765 504 406 43 505 249 340 535 164 64 305
721 721 37 667 189 184 190 296 288 434 434 53
722 278 621 278 168 789 275 511 5 35 116 361
723 723 306 511 511 215 221 226 892 226 79 219
724 338 464 5 243 210 236 83 536 86 107 393
725 370 113 424 357 5 318 171 26 113 245 183
726 612 248 282 586 58 546 187 546 404 252 854
727 464 116 151 417 151 116 123 122 156 181 347
728 400 105 160 142 128 327 400 306 64 840 168
729 649 44 573 856 498 573 141 601 405 107 236
730 468 495 227 519 228 314 165 361 318 426 65
731 731 731 731 731 731 731 731 731 731 731 731
732 732 732 732 732 732 732 732 732 732 732 732
733 420 141 608 566 608 358 8 661 264 9 499
734 377 468 342 94 205 922 280 284 231 730 468
735 448 107 221 468 180 433 152 288 212 7 265
736 333 230 420 83 209 71 209 371 269 234 210
737 737 271 2 434 813 440 426 275 840 86 70
738 57 195 552 411 537 157 393 378 376 385 380
739 12 11 452 161 87 227 268 73 485 455 302
740 82 281 195 533 185 323 99 640 124 429 447
741 179 397 179 349 262 533 86 417 114 925 981
742 546 173 20 519 21 306 64 149 278 114 62
743 102 100 97 101 96 847 417 151 438 34 27
744 744 744 744 744 744 744 744 744 744 744 744
745 979 979 979 316 435 920 435 616 602 707 823
746 746 746 746 746 746 746 746 746 746 746 746
747 549 218 308 308 283 169 364 169 212 114 892
748 16 379 387 381 394 389 103 321 390 250 295
749 820 212 612 49 50 82 165 171 38 547 455
750 88 58 89 91 989 91 96 211 301 596 218
751 51 261 24 590 443 48 443 263 30 438 114
752 82 252 254 433 254 170 301 278 114 533 818
753 115 254 493 166 480 678 492 254 355 210 235
754 565 324 666 141 407 856 212 364 152 183 705
755 211 495 5 198 183 480 221 107 90 143 326
756 533 94 201 486 292 172 123 180 810 301 730
757 980 119 427 434 42 245 443 41 82 211 469
758 91 160 230 898 230 375 340 932 20 86 212
759 121 338 987 339 47 5 272 665 685 54 89
760 15 174 84 317 218 459 421 7 452 487 452
761 393 86 593 434 252 281 2 62 417 176 417
762 516 5 309 248 215 150 166 434 144 492 186
763 5 234 236 121 114 318 107 280 130 776 130
764 541 764 331 260 173 69 747 613 288 405 543
765 421 504 674 9 957 707 525 65 206 786 160
766 340 10 160 466 213 266 11 506 105 92 127
767 82 219 377 344 349 64 269 46 256 256 263
768 99 353 935 936 907 262 511 541 541 181 397
769 559 283 209 244 422 404 254 531 300 102 412
770 353 937 125 121 189 127 613 793 206 6 323
771 64 730 107 427 121 191 121 84 338 564 686
772 772 772 772 772 772 772 772 772 772 772 772
773 773 773 773 405 355 300 269 473 582 84 662
774 285 137 520 281 408 281 13 126 285 57 281
775 560 295 382 295 471 421 434 450 534 440 399
776 167 526 86 623 313 317 312 300 68 494 366
777 173 416 173 462 430 5 469 474 469 211 2
778 569 452 971 406 720 498 238 440 149 440 447
779 146 316 73 218 308 121 665 63 193 192 4
780 84 233 460 183 343 343 13 177 65 409 81
781 52 397 320 333 411 88 303 423 485 73 106
782 526 257 130 351 214 301 228 172 123 172 167
783 424 80 21 346 342 493 105 215 218 199 218
784 411 816 151 655 261 121 84 249 132 234 931
785 13 135 116 128 557 205 498 738 481 137 139
786 465 14 65 231 206 280 526 53 397 537 7
787 21 230 82 426 231 820 5 169 169 820 422
788 717 160 252 859 859 195 160 308 393 395 424
789 835 425 567 567 567 843 567 82 228 226 371
790 544 129 28 338 142 480 678 627 473 408 517
791 612 311 215 268 459 548 170 543 401 82 58
792 121 209 174 199 288 121 353 124 640 64 21
793 316 221 82 99 708 768 99 640 640 64 51
794 322 428 216 446 335 760 592 617 269 424 695
795 417 409 515 94 294 301 446 592 124 618 618
796 405 210 255 365 226 300 283 589 282 45 139
797 231 232 277 82 172 23 39 31 34 5 128
798 798 798 798 798 798 798 798 798 798 798 798
799 160 224 17 74 331 764 541 181 160 529 498
800 287 82 269 579 216 45 322 46 21 355 424
801 820 483 280 115 64 215 314 310 221 405 303
802 129 65 425 457 493 424 280 83 233 84 152
803 812 428 164 379 64 232 413 176 292 176 593
804 466 496 362 430 8 452 358 213 951 44 62
805 971 805 487 213 525 707 499 525 238 700 452
806 809 13 33 23 422 129 95 123 61 392 390
807 132 160 423 527 976 976 919 919 333 493 515
808 808 808 808 808 808 808 808 808 808 808 808
809 859 601 480 20 83 420 326 325 65 51 200
810 244 209 118 748 160 482 160 576 82 509 958
811 77 121 552 54 54 56 63 254 255 189 62
812 877 184 127 92 22 127 84 18 74 460 518
813 440 265 674 504 529 166 18 85 1 17 295
814 344 814 262 301 393 607 589 671 106 467 69
815 194 4 96 263 981 113 919 263 274 140 617
816 437 443 96 4 323 5 362 533 21 107 82
817 544 183 292 160 105 142 128 306 64 170 116
818 259 536 229 170 249 351 5 105 375 328 478
819 140 448 484 129 44 324 7 62 390 381 176
820 212 41 460 730 62 147 121 191 348 180 284
821 163 115 38 48 105 544 534 450 64 191 347
822 280 14 35 51 498 247 661 754 9 569 44
823 700 566 358 247 707 264 499 374 529 488 529
824 191 352 377 203 167 60 381 394 486 232 6
825 923 723 923 825 306 538 777 86 427 87 154
826 2 305 132 5 325 409 292 377 782 377 129
827 506 956 362 107 295 331 44 161 265 498 9
828 5 232 557 51 196 167 199 918 14 515 93
829 290 493 254 531 212 282 10 25 27 438 263
830 452 9 765 525 913 699 441 608 452 608 466
831 258 142 271 412 803 194 685 193 812 87 129
832 145 105 281 63 685 481 809 519 315 218 513
833 249 16 210 174 211 506 211 705 401 971 10
834 107 441 699 924 209 282 560 223 518 434 62
835 65 177 331 29 443 251 370 92 65 160 490
836 836 332 421 466 856 186 82 263 981 925 925
837 837 837 837 107 280 822 280 165 64 372 372
838 124 185 99 323 100 142 107 434 493 278 130
839 191 282 84 18 280 62 117 100 768 371 97
840 232 120 101 323 662 371 640 100 429 429 446
841 231 262 402 377 495 118 118 300 161 314 309
842 211 990 803 63 57 304 369 160 748 164 695
843 567 82 143 201 199 434 283 152 86 840 413
844 971 29 554 419 249 166 105 771 13 550 81
845 63 815 286 3 137 880 282 366 387 393 105
846 605 851 575 280 51 371 283 142 667 42 667
847 981 976 47 165 900 40 151 82 748 105 81
848 445 518 460 411 986 470 151 29 160 504 430
849 859 921 56 520 859 845 281 56 59 5 374
850 546 909 183 4 283 210 255 121 269 335 533
851 180 615 145 950 173 518 81 211 408 271 412
852 206 196 128 917 41 336 115 129 623 313 223
853 82 50 612 272 13 244 84 425 256 234 256
854 183 154 647 154 333 518 17 255 546 115 302
855 86 23 434 200 207 206 160 371 353 249 441
856 833 44 212 494 305 411 552 518 492 107 161
857 191 277 203 183 278 345 345 254 227 215 5
858 306 91 375 455 245 245 455 423 444 527 424
859 62 748 121 236 159 215 311 74 560 74 227
860 338 932 812 59 990 859 132 54 249 63 281
861 350 572 822 464 116 411 131 209 490 513 272
862 777 173 513 340 375 107 183 212 450 176 381
863 57 305 552 89 369 160 152 154 155 615 281
864 411 102 5 106 287 69 508 546 352 178 214
865 305 815 5 141 913 183 81 494 593 955 197
866 80 107 147 173 259 69 188 69 325 87 114
867 411 64 201 200 167 751 167 351 179 321 384
868 5 163 82 124 640 937 353 640 353 486 51
869 182 380 377 494 170 40 443 366 223 655 155
870 425 426 423 13 147 82 853 82 486 232 556
871 231 280 201 218 307 226 443 919 976 442 245
872 218 18 307 310 314 495 424 371 65 714 562
873 425 835 84 425 426 93 135 31 51 41 197
874 65 776 409 474 87 243 950 113 76 89 238
875 170 249 172 285 89 302 304 13 526 537 486
876 564 303 571 285 174 209 564 81 86 229 115
877 137 815 685 193 803 195 859 62 186 82 51
878 23 301 303 369 160 3 183 282 140 819 139
879 242 160 19 142 191 379 295 86 39 35 953
880 815 174 420 106 290 143 82 612 747 424 329
881 96 338 245 339 123 339 336 336 115 173 404
882 160 28 86 38 115 883 116 896 63 174 250
883 39 560 400 728 21 259 777 723 126 209 121
884 412 194 832 859 59 481 552 571 211 389 295
885 20 715 21 256 434 243 607 255 145 188 495
886 58 434 424 113 370 26 38 443 116 470 75
887 92 137 194 300 419 84 399 440 172 204 200
888 412 192 826 809 54 803 252 237 240 931 931
889 405 45 828 892 828 300 114 367 105 226 300
890 121 282 340 314 17 105 509 972 913 967 498
891 892 340 848 419 68 667 189 465 14 312 300
892 340 143 82 179 365 495 128 290 290 515 167
893 971 3 252 6 204 280 81 46 434 153 513
894 327 325 64 318 424 18 222 905 222 21 188
895 333 23 494 588 545 462 82 168 276 549 551
896 638 169 588 36 31 32 590 37 27 722 28
897 263 151 86 69 467 142 424 612 83 166 446
898 898 898 481 3 128 908 94 41 95 204 917
899 2 138 481 898 898 898 898 230 20 188 311
900 183 64 280 130 351 575 167 203 82 533 46
901 137 272 447 592 428 301 21 306 215 820 47
902 5 207 409 497 482 89 405 249 255 82 278
903 907 377 61 95 593 515 526 537 222 74 134
904 321 377 782 82 30 51 206 196 95 450 340
905 905 905 222 187 256 81 252 288 19 265 503
906 533 262 533 21 409 325 409 47 280 575 280
907 377 368 82 31 123 169 133 41 197 198 183
908 917 820 615 121 518 492 254 81 667 69 81
909 303 896 169 261 986 261 427 252 832 57 160
910 65 371 58 455 131 96 842 96 326 173 21
911 222 253 20 163 282 480 107 326 923 723 551
912 499 9 500 358 73 311 373 83 162 549 184
913 213 957 213 8 504 501 500 406 43 44 211
914 455 919 40 75 36 35 442 417 258 16 183
915 38 547 527 64 5 157 321 150 820 136 169
916 414 697 415 697 645 645 645 191 122 167 165
917 206 205 128 974 593 936 168 172 214 82 552
918 51 820 254 115 486 36 170 301 356 480 480
919 40 438 411 511 337 93 133 340 554 134 64
920 230 898 230 283 106 129 576 494 539 77 84
921 6 79 581 409 504 500 498 562 654 83 96
922 856 166 114 464 183 108 405 121 362 6 563
923 733 326 82 932 702 932 255 145 20 459 215
924 845 520 195 195 194 195 517 195 6 2 517
925 981 318 547 547 370 39 38 13 128 430 362
926 926 243 236 142 216 62 434 61 390 377 490
927 926 210 282 665 6 95 309 905 309 313 85
928 211 64 926 927 242 158 244 303 236 121 114
929 489 300 62 188 508 663 160 828 546 760 15
930 930 927 210 83 105 518 771 105 362 6 204
931 159 233 333 983 333 245 417 971 740 971 844
932 310 78 366 183 486 263 48 981 444 442 113
933 956 213 141 5 34 34 39 370 417 62 28
934 268 756 73 309 183 36 301 445 77 79 601
935 936 546 23 590 165 113 40 438 590 33 34
936 955 936 232 611 270 486 155 137 877 81 160
937 100 107 96 80 329 495 46 533 58 159 820
938 611 419 214 851 605 414 415 414 414 697 156
939 572 493 133 493 62 541 511 342 345 352 350
940 93 417 333 89 89 552 552 481 107 106 188
941 189 460 679 188 533 28 170 490 460 117 460
942 95 342 95 167 918 95 942 435 647 434 116
943 295 717 717 215 197 205 128 409 207 94 918
944 748 405 329 340 342 95 196 776 196 203 199
945 325 260 400 971 799 715 84 160 105 543 526
946 641 495 223 221 310 340 114 234 159 105 546
947 181 295 215 306 160 611 64 492 518 11 7
948 381 391 321 162 190 184 129 30 129 186 474
949 285 86 444 417 170 280 813 450 211 252 552
950 260 728 260 400 173 256 28 172 107 493 817
951 957 707 525 44 44 21 329 121 190 121 474
952 710 187 679 189 459 87 183 400 86 533 562
953 590 33 31 151 121 365 365 495 300 12 11
954 249 765 293 765 249 187 329 638 355 83 221
955 94 918 204 917 204 199 820 464 611 278 343
956 933 89 933 592 322 434 233 252 212 411 816
957 141 496 602 441 466 555 161 249 17 219 172
958 509 183 430 856 913 700 498 360 11 720 324
959 377 294 232 277 191 13 420 211 389 317 313
960 377 389 397 381 61 301 214 280 543 168 424
961 377 172 493 424 46 129 291 280 183 257 342
962 958 962 958 509 546 290 231 841 312 228 160
963 242 241 232 156 345 191 142 145 160 336 337
964 23 23 24 440 215 18 133 11 421 498 141
965 936 284 130 278 214 450 13 113 169 107 84
966 21 327 733 777 173 612 41 95 122 347 307
967 504 7 246 649 421 566 569 451 496 362 430
968 184 82 820 483 205 94 917 820 21 230 920
969 184 142 859 281 58 195 162 81 679 188 971
970 917 918 206 200 918 51 200 777 86 189 420
971 812 193 832 859 63 285 303 21 68 68 220
972 913 529 141 496 161 44 11 247 358 504 430
973 971 47 79 420 167 776 160 778 971 627 473
974 917 776 908 918 494 450 275 440 129 183 129
975 971 29 93 545 24 64 133 373 239 145 427
976 981 443 76 318 370 414 697 415 414 605 846
977 977 242 242 241 210 283 201 206 307 74 86
978 165 160 482 531 811 28 160 466 7 956 44
979 170 360 44 42 249 355 183 209 63 13 949
980 119 40 448 271 142 166 340 13 19 7 511
981 981 417 47 409 418 68 183 531 249 173 10
982 137 126 723 971 401 542 129 563 373 481 83
983 113 486 51 820 86 510 674 504 494 281 285
984 66 91 143 91 110 110 375 455 330 73 84
985 376 391 377 577 333 249 351 122 411 281 211
986 411 192 58 107 8 856 430 430 83 424 166
987 170 875 170 460 189 726 17 459 467 86 145
988 411 170 453 84 121 154 256 14 284 642 932
989 329 211 117 211 308 129 214 60 320 593 196
990 5 333 83 86 191 121 217 282 256 460 57
991 520 59 481 552 285 83 131 63 114 655 231
992 129 557 79 539 494 296 105 820 63 131 107
993 408 252 107 162 287 162 180 810 210 58 129
994 6 571 288 756 74 221 177 113 115 493 483
995 712 4 107 489 5 242 96 2 193 192 102
996 12 564 281 305 58 520 281 105 203 206 352
997 27 13 509 13 286 486 65 840 5 96 58
998 65 51 95 181 346 5 809 707 358 332 487
999 145 427 47 41 581 21 715 799 971 307 872
1000 14 167 14 226 225 18 160 314 166 4 635
1001 826 408 625 408 194 63 405 62 142 145 326
1002 560 74 5 29 417 38 31 143 548 170 115
1003 258 454 189 17 177 177 5 486 232 65 231
1004 55 63 87 255 46 933 15 121 890 121 752
0 377 249 765 707
1 616 459 25 361
2 323 371 45 447
3 56 859 195 57
4 89 482 339 79
5 135 336 409 244
6 183 249 280 409
7 7 266 267 266
8 499 332 505 406
9 8 11 293 504
10 96 48 211 211
11 400 160 426 166
12 365 83 133 106
13 346 181 389 394
14 368 376 283 121
15 335 447 46 211
16 282 546 106 160
17 154 493 42 221
18 223 758 223 313
19 12 441 661 452
20 188 21 278 284
21 642 16 379 719
22 20 86 540 184
23 367 318 48 211
24 494 305 845 63
25 28 351 342 257
26 165 547 165 533
27 62 211 54 107
28 38 31 29 183
29 590 27 370 427
30 546 377 562 232
31 36 128 82 53
32 339 340 848 419
33 113 263 531 497
34 29 33 409 346
35 409 785 23 170
36 113 339 40 13
37 32 654 252 3
38 37 667 105 212
39 339 28 338 28
40 339 336 820 424
41 86 417 245 367
42 74 5 511 346
43 43 358 332 500
44 661 502 661 267
45 62 282 77 107
46 429 446 272 269
47 482 450 494 318
48 678 311 420 165
49 433 152 116 136
50 49 152 434 459
51 100 708 768 708
52 786 519 435 65
53 486 270 183 249
54 194 193 192 408
55 86 225 222 696
56 303 513 422 163
57 304 369 303 551
58 886 859 160 314
59 160 282 372 87
60 60 395 164 446
61 379 316 519 465
62 292 82 226 42
63 233 88 183 146
64 458 291 257 526
65 133 120 333 895
66 160 306 858 306
67 66 160 179 869
68 20 137 520 56
69 420 531 249 747
70 233 209 236 243
71 84 86 36 165
72 524 72 92 160
73 74 82 552 54
74 228 450 129 28
75 367 82 693 82
76 76 976 485 221
77 811 531 290 563
78 539 160 471 255
79 497 440 368 150
80 459 74 331 74
81 409 90 474 38
82 296 363 129 296
83 355 405 773 773
84 84 729 649 421
85 151 367 169 136
86 598 86 485 981
87 155 147 142 441
88 369 303 363 87
89 183 212 549 679
90 258 112 896 638
91 160 666 267 674
92 326 64 249 209
93 473 371 405 773
94 95 342 180 257
95 60 391 393 546
96 54 271 192 192
97 100 768 98 124
98 708 100 404 166
99 125 124 892 828
100 820 162 186 654
101 65 275 450 526
102 101 99 404 185
103 377 166 492 186
104 393 60 387 115
105 183 12 996 12
106 155 104 295 397
107 306 28 375 328
108 110 375 143 42
109 51 109 424 340
110 375 494 290 291
111 108 473 498 406
112 37 29 261 23
113 263 29 23 212
114 81 568 82 188
115 155 326 325 306
116 420 212 253 189
117 106 303 13 214
118 495 278 121 395
119 980 13 255 712
120 18 301 655 75
121 518 366 163 652
122 377 389 391 380
123 337 5 619 56
124 618 124 323 640
125 142 589 607 128
126 285 366 217 433
127 613 747 494 450
128 179 820 105 546
129 11 213 823 570
130 776 206 307 696
131 422 424 495 315
132 366 812 282 209
133 29 438 86 42
134 84 533 362 496
135 40 917 820 254
136 133 340 256 340
137 126 126 56 252
138 809 738 59 132
139 334 929 579 38
140 209 420 581 205
141 525 499 498 61
142 183 44 419 848
143 340 420 409 421
144 433 288 152 467
145 20 82 114 30
146 368 103 389 321
147 316 979 316 758
148 262 191 179 231
149 347 814 347 262
150 820 280 284 642
151 151 136 438 107
152 160 287 509 467
153 932 236 234 282
154 932 597 301 624
155 19 560 361 171
156 697 321 60 60
157 378 17 1 187
158 82 739 155 115
159 434 820 654 26
160 25 38 474 90
161 160 180 346 342
162 81 170 367 62
163 612 832 3 89
164 533 201 197 143
165 336 84 442 981
166 55 638 55 252
167 165 51 160 424
168 6 128 355 283
169 340 173 96 444
170 163 62 544 107
171 38 30 27 13
172 734 284 155 215
173 306 93 563 14
174 174 305 494 918
175 3 408 412 683
176 344 231 537 157
177 166 513 615 155
178 157 368 394 182
179 365 172 365 607
180 381 179 133 142
181 383 181 64 42
182 18 18 182 872
183 145 283 333 282
184 189 5 337 511
185 800 615 800 549
186 433 372 75 76
187 459 548 106 371
188 183 116 136 437
189 160 264 9 19
190 106 642 932 77
191 64 523 172 142
192 58 412 193 252
193 1001 194 132 859
194 685 698 126 638
195 162 45 424 641
196 143 484 484 129
197 917 974 94 41
198 485 333 269 735
199 434 548 169 165
200 820 908 207 183
201 64 269 83 290
202 820 95 214 191
203 249 209 252 132
204 776 160 353 100
205 93 78 310 445
206 593 350 936 86
207 377 959 377 104
208 281 59 886 601
209 235 963 859 832
210 255 255 145 86
211 62 190 564 589
212 106 90 162 287
213 155 95 203 41
214 191 346 6 323
215 296 103 215 495
216 509 671 589 607
217 50 152 79 165
218 220 165 171 64
219 17 224 1 147
220 165 337 27 23
221 493 464 820 751
222 607 471 671 189
223 121 199 338 485
224 160 286 411 517
225 494 407 786 166
226 79 282 20 409
227 254 186 129 351
228 121 612 105 441
229 494 107 99 64
230 375 110 108 67
231 179 284 149 191
232 707 161 44 805
233 366 187 1 537
234 282 434 44 499
235 159 240 243 233
236 363 210 46 81
237 242 242 564 183
238 930 208 815 520
239 238 758 283 271
240 235 240 424 172
241 499 608 141 62
242 235 238 499 503
243 84 57 863 57
244 235 360 533 950
245 444 96 37 588
246 141 566 573 566
247 7 420 60 280
248 459 496 459 467
249 46 211 129 434
250 296 160 559 160
251 438 135 337 170
252 859 5 931 158
253 316 377 450 257
254 152 84 474 145
255 152 82 104 395
256 133 14 53 199
257 426 450 342 377
258 454 62 430 674
259 127 184 64 199
260 311 184 513 249
261 121 127 166 141
262 62 129 53 822
263 981 925 443 96
264 608 754 441 754
265 11 7 504 441
266 525 141 161 667
267 570 452 43 505
268 0 560 295 585
269 473 29 964 23
270 11 421 496 268
271 366 160 17 253
272 272 513 184 183
273 140 735 140 541
274 592 15 929 15
275 160 326 64 611
276 275 232 284 749
277 280 277 971 799
278 278 168 292 515
279 160 127 21 480
280 113 26 443 409
281 271 256 471 671
282 58 963 950 644
283 392 61 177 601
284 133 136 165 492
285 625 4 434 65
286 129 176 94 917
287 20 142 222 256
288 162 2 160 279
289 231 278 83 601
290 533 679 551 533
291 5 96 28 93
292 822 53 466 213
293 754 266 0 178
294 301 655 116 135
295 377 316 695 259
296 392 60 95 200
297 316 222 166 366
298 549 667 160 736
299 700 12 121 154
300 21 222 222 695
301 298 536 214 157
302 89 455 263 455
303 551 434 308 393
304 806 89 2 635
305 54 131 86 28
306 107 428 448 322
307 206 426 840 457
308 430 86 189 941
309 311 420 116 34
310 445 128 970 917
311 420 409 171 116
312 53 403 473 582
313 560 607 471 472
314 309 226 160 90
315 495 290 572 294
316 495 129 694 610
317 309 42 19 141
318 169 136 133 162
319 236 62 164 269
320 166 86 818 92
321 390 395 104 82
322 273 448 269 533
323 708 768 98 185
324 441 602 238 237
325 5 681 82 80
326 932 46 812 685
327 160 394 61 172
328 329 210 494 448
329 106 290 405 290
330 74 231 575 231
331 166 129 165 75
332 7 498 8 44
333 281 845 845 63
334 448 334 429 322
335 461 812 63 81
336 337 31 28 41
337 115 438 33 878
338 35 5 21 96
339 455 338 245 210
340 339 339 116 28
341 309 219 232 204
342 191 231 377 122
343 342 342 393 396
344 377 947 947 393
345 61 283 303 520
346 345 156 160 445
347 681 123 302 252
348 191 851 191 352
349 342 342 231 257
350 352 214 495 228
351 280 473 473 412
352 342 495 351 296
353 486 169 114 4
354 97 100 300 748
355 856 107 3 685
356 474 154 87 154
357 184 405 107 106
358 502 502 500 498
359 570 12 13 2
360 430 128 127 21
361 171 160 268 537
362 280 377 214 177
363 188 82 285 371
364 165 23 421 13
365 137 208 137 57
366 153 83 420 607
367 318 455 96 847
368 275 123 900 183
369 252 615 333 162
370 361 62 98 107
371 256 278 681 682
372 42 160 345 256
373 240 241 592 933
374 466 267 161 107
375 469 211 211 126
376 388 376 320 394
377 155 377 352 345
378 128 35 878 27
379 16 209 543 493
380 376 392 182 381
381 379 80 340 310
382 295 268 84 119
383 157 376 104 389
384 377 391 182 250
385 231 262 656 377
386 379 381 157 378
387 950 181 179 128
388 179 103 215 128
389 103 320 440 497
390 385 379 377 621
391 381 295 490 170
392 61 608 141 856
393 283 21 548 434
394 103 397 389 611
395 121 290 128 420
396 320 616 459 107
397 537 460 427 165
398 379 285 412 55
399 166 474 932 3
400 336 337 338 165
401 543 817 515 65
402 262 100 117 223
403 971 804 232 380
404 371 424 17 495
405 115 105 914 116
406 525 407 44 892
407 466 53 466 466
408 845 183 302 160
409 177 214 280 282
410 258 421 820 5
411 552 58 4 845
412 685 54 59 54
413 177 220 218 872
414 370 96 170 5
415 86 94 908 820
416 327 173 366 443
417 361 151 24 30
418 69 509 540 952
419 450 83 81 508
420 69 108 90 477
421 856 573 498 501
422 17 1 641 424
423 333 81 932 597
424 326 86 441 602
425 870 65 434 220
426 318 283 46 45
427 151 136 30 23
428 322 335 335 579
429 216 139 209 639
430 308 430 856 265
431 427 370 226 275
432 288 217 288 269
433 186 121 88 302
434 203 196 917 204
435 147 212 160 397
436 115 84 48 96
437 251 860 169 820
438 482 553 134 554
439 115 820 206 284
440 608 7 502 8
441 666 661 87 160
442 245 318 127 121
443 485 221 85 317
444 171 48 66 329
445 62 666 62 410
446 140 139 592 273
447 690 447 447 15
448 160 251 169 455
449 414 414 605 851
450 107 187 107 896
451 141 265 7 506
452 451 566 141 672
453 607 128 172 813
454 84 249 159 62
455 318 925 443 114
456 405 107 74 215
457 62 256 363 174
458 533 322 428 216
459 90 459 358 161
460 23 590 38 37
461 812 2 164 424
462 20 82 373 508
463 463 463 462 701
464 291 65 53 380
465 707 12 13 350
466 452 700 7 332
467 85 370 116 135
468 221 166 152 142
469 477 329 20 971
470 427 252 932 169
471 256 132 738 481
472 255 145 427 151
473 81 303 82 165
474 110 91 514 478
475 375 110 91 91
476 375 405 411 784
477 375 889 405 490
478 442 423 442 35
479 381 379 393 104
480 356 357 16 304
481 305 137 20 20
482 172 251 339 135
483 320 381 182 376
484 822 922 499 359
485 485 317 223 212
486 486 278 347 181
487 452 43 498 922
488 498 538 326 96
489 489 489 365 351
490 460 233 242 977
491 163 17 166 269
492 83 591 96 151
493 221 18 852 852
494 100 142 300 323
495 290 533 508 81
496 362 365 353 618
497 170 280 419 68
498 178 275 840 168
499 440 53 403 537
500 264 9 674 565
501 499 503 499 232
502 499 241 592 446
503 61 157 398 377
504 967 525 913 529
505 332 213 7 504
506 64 170 114 78
507 243 613 613 127
508 184 329 42 199
509 958 962 325 340
510 661 440 733 326
511 541 249 356 362
512 512 160 138 685
513 462 462 408 434
514 328 474 23 337
515 275 434 314 340
516 5 191 231 377
517 408 412 408 63
518 107 303 363 518
519 435 793 435 647
520 137 305 516 333
521 86 177 74 424
522 523 387 118 607
523 464 291 203 199
524 72 259 519 20
525 505 661 161 434
526 221 73 218 311
527 333 847 464 128
528 373 283 355 62
529 533 362 165 550
530 161 570 566 700
531 482 655 167 292
532 552 949 685 647
533 269 300 209 237
534 813 403 403 813
535 728 96 338 123
536 214 294 572 82
537 170 434 198 820
538 530 246 247 525
539 178 351 351 28
540 509 678 549 44
541 511 337 420 526
542 275 276 295 16
543 82 130 936 484
544 133 256 557 83
545 183 172 285 457
546 321 393 105 269
547 444 76 96 82
548 365 506 765 249
549 418 509 540 189
550 306 612 393 392
551 473 404 152 50
552 532 107 86 173
553 84 249 464 900
554 419 183 64 116
555 409 13 23 115
556 113 370 333 444
557 395 103 157 104
558 823 9 9 141
559 769 62 393 103
560 1 84 393 932
561 462 173 932 28
562 65 231 457 92
563 484 168 403 172
564 638 640 114 215
565 9 823 19 44
566 11 128 576 160
567 82 362 498 14
568 420 409 357 107
569 707 7 466 8
570 359 608 441 466
571 4 809 271 210
572 484 484 515 515
573 358 504 160 672
574 280 249 493 526
575 351 1 317 248
576 166 249 221 268
577 249 833 249 672
578 577 283 4 145
579 592 429 274 429
580 580 580 580 580
581 13 509 216 461
582 184 536 83 214
583 521 340 419 340
584 272 579 321 385
585 168 121 494 209
586 233 233 637 209
587 832 4 826 809
588 494 544 121 208
589 424 80 474 153
590 33 615 393 607
591 107 115 411 698
592 447 46 255 545
593 820 53 486 362
594 82 410 183 160
595 52 301 312 85
596 597 460 493 17
597 596 282 662 84
598 340 473 269 533
599 158 62 249 114
600 585 295 292 280
601 180 347 352 352
602 533 35 107 90
603 414 370 26 165
604 57 64 90 375
605 414 370 113 113
606 495 254 820 143
607 106 979 316 215
608 406 971 488 499
609 609 24 151 370
610 459 42 86 42
611 160 481 698 4
612 121 107 568 425
613 243 434 231 284
614 742 546 30 545
615 252 283 388 321
616 1 17 533 236
617 448 139 819 461
618 820 533 94 320
619 5 931 210 363
620 620 290 829 290
621 231 53 167 917
622 238 241 238 64
623 623 611 176 231
624 301 511 411 163
625 252 46 269 820
626 87 426 714 86
627 667 747 612 747
628 628 320 321 592
629 316 146 615 333
630 369 252 117 460
631 209 541 107 31
632 376 395 60 215
633 633 633 633 633
634 635 520 412 481
635 126 54 6 481
636 211 473 459 188
637 234 242 977 209
638 81 473 42 820
639 639 639 638 300
640 185 101 155 333
641 946 641 748 932
642 82 53 5 183
643 48 84 318 47
644 140 139 46 473
645 645 191 6 89
646 646 131 160 441
647 685 812 428 160
648 648 648 648 648
649 421 115 644 950
650 215 201 280 367
651 428 140 929 334
652 478 543 430 44
653 653 653 653 653
654 105 16 107 184
655 116 121 393 378
656 352 352 191 148
657 269 933 15 541
658 658 658 658 658
659 377 745 189 747
660 660 660 660 660
661 293 141 107 83
662 404 282 665 55
663 188 81 474 329
664 486 458 458 413
665 303 244 237 244
666 11 266 267 61
667 81 671 356 303
668 157 191 344 349
669 930 926 301 931
670 670 670 670 670
671 932 404 518 106
672 672 8 7 362
673 673 673 495 155
674 674 7 674 430
675 675 675 675 675
676 322 46 269 335
677 434 333 13 297
678 48 847 919 976
679 189 20 560 106
680 380 101 323 99
681 284 167 450 211
682 511 275 160 127
683 285 425 714 62
684 684 684 684 684
685 698 271 283 351
686 21 363 280 483
687 404 97 323 6
688 543 672 365 269
689 543 93 128 15
690 160 856 932 23
691 691 691 691 691
692 130 284 149 179
693 283 693 121 99
694 290 282 115 548
695 106 133 531 932
696 226 309 222 607
697 697 321 396 377
698 58 126 552 55
699 504 971 361 434
700 359 533 63 371
701 462 462 272 429
702 107 131 2 62
703 703 703 703 703
704 704 107 896 116
705 425 430 569 957
706 694 290 526 232
707 247 358 161 267
708 100 662 84 549
709 353 662 84 209
710 187 87 87 547
711 711 711 711 711
712 255 189 627 473
713 81 405 194 373
714 65 380 397 64
715 20 21 62 312
716 5 230 898 898
717 160 859 4 256
718 55 208 809 211
719 182 719 376 321
720 266 0 226 186
721 27 417 455 547
722 28 811 77 107
723 733 326 326 245
724 338 263 527 981
725 339 261 115 212
726 612 233 166 218
727 483 41 143 413
728 885 887 887 20
729 44 128 892 114
730 62 81 161 82
731 731 731 731 731
732 732 732 732 732
733 551 663 69 87
734 351 183 291 464
735 448 592 216 254
736 86 818 86 44
737 271 126 211 87
738 586 126 137 21
739 155 130 621 401
740 82 693 82 51
741 250 394 379 368
742 166 441 161 265
743 743 743 516 195
744 744 744 744 744
745 377 129 275 178
746 746 746 746 746
747 86 540 121 255
748 932 31 27 545
749 62 133 44 82
750 88 924 88 129
751 167 936 167 515
752 82 555 161 569
753 170 310 581 445
754 441 249 421 473
755 211 646 646 411
756 614 742 742 742
757 367 129 546 121
758 61 602 707 913
759 121 1 616 602
760 15 420 337 27
761 393 394 250 181
762 516 6 376 182
763 763 5 59 949
764 377 320 61 213
765 293 12 565 804
766 340 445 128 133
767 473 493 62 98
768 125 283 131 132
769 62 164 137 46
770 353 125 15 322
771 64 157 53 822
772 772 772 772 772
773 405 128 204 283
774 285 58 282 290
775 560 229 86 218
776 820 917 483 377
777 200 344 157 379
778 549 184 190 160
779 820 412 243 83
780 84 649 729 44
781 537 20 424 109
782 82 647 435 147
783 154 62 30 114
784 411 4 256 748
785 13 83 404 301
786 786 64 492 42
787 21 932 187 366
788 717 271 2 89
789 458 152 82 401
790 544 81 3 411
791 612 163 932 45
792 121 31 30 40
793 613 619 5 868
794 335 794 322 15
795 417 333 925 318
796 828 234 269 216
797 14 221 317 309
798 798 798 798 798
799 166 513 906 156
800 533 180 172 464
801 820 801 41 204
802 802 258 831 258
803 990 812 971 8
804 232 484 86 143
805 44 699 529 166
806 285 271 272 269
807 132 59 886 366
808 808 808 808 808
809 949 59 2 411
810 210 237 162 333
811 497 424 211 636
812 877 533 40 251
813 836 706 694 549
814 262 656 377 149
815 63 208 552 373
816 116 129 21 173
817 515 572 426 457
818 65 107 127 435
819 273 15 164 170
820 205 917 199 42
821 163 154 173 107
822 280 83 147 152
823 565 804 971 235
824 191 157 250 150
825 733 306 256 355
826 809 271 738 54
827 506 452 498 602
828 371 161 555 44
829 523 493 153 256
830 452 570 707 232
831 258 66 474 66
832 145 326 538 306
833 5 437 89 482
834 107 62 134 133
835 65 380 160 610
836 523 168 62 159
837 837 107 113 950
838 124 98 932 355
839 191 179 160 557
840 562 425 568 168
841 841 368 83 133
842 96 455 470 155
843 567 425 870 401
844 133 10 86 47
845 412 809 208 249
846 605 414 479 275
847 48 114 326 114
848 445 86 93 205
849 155 486 168 543
850 546 41 143 93
851 852 415 414 370
852 18 86 131 552
853 82 280 169 495
854 252 57 58 372
855 473 537 394 381
856 913 951 359 533
857 191 231 434 401
858 306 141 466 64
859 162 237 238 89
860 438 27 160 57
861 350 13 40 964
862 777 482 301 249
863 57 698 285 571
864 411 375 494 474
865 865 56 56 809
866 96 400 260 509
867 411 375 494 310
868 320 377 403 473
869 182 499 213 956
870 65 483 321 392
871 231 231 645 231
872 85 18 167 468
873 401 82 172 180
874 65 275 562 493
875 170 6 272 252
876 564 114 212 546
877 549 356 81 46
878 33 37 655 438
879 242 235 360 430
880 252 812 63 271
881 96 10 121 518
882 160 137 371 58
883 336 409 244 237
884 884 412 2 131
885 728 96 302 160
886 366 690 107 366
887 885 21 87 163
888 412 102 5 815
889 405 128 41 474
890 121 393 643 290
891 892 367 105 478
892 290 567 843 290
893 466 406 358 503
894 327 306 400 325
895 417 486 172 419
896 405 375 357 80
897 263 151 82 245
898 481 160 209 242
899 2 845 209 158
900 455 443 409 409
901 137 272 462 256
902 5 195 286 174
903 191 528 373 133
904 321 378 390 62
905 215 756 459 329
906 156 321 321 393
907 851 350 94 955
908 94 199 776 572
909 280 199 13 421
910 65 835 425 403
911 222 82 549 268
912 504 699 913 358
913 707 856 107 210
914 860 170 6 6
915 38 547 245 426
916 414 415 697 5
917 51 445 581 301
918 820 200 820 644
919 113 925 423 96
920 435 440 232 241
921 285 132 258 107
922 498 9 499 525
923 733 825 306 160
924 88 271 323 5
925 443 85 221 537
926 930 963 319 243
927 242 105 589 155
928 211 5 192 59
929 269 46 303 88
930 926 210 241 236
931 927 931 599 132
932 233 404 234 5
933 15 760 546 856
934 268 227 377 342
935 768 125 768 935
936 284 130 401 172
937 937 99 5 125
938 611 270 486 245
939 572 776 130 692
940 128 197 160 681
941 189 106 357 454
942 435 942 435 65
943 295 61 178 275
944 748 944 748 121
945 409 27 165 107
946 641 82 454 82
947 321 368 392 390
948 381 180 349 13
949 271 13 168 285
950 492 254 462 58
951 213 700 332 487
952 540 184 540 971
953 24 26 135 65
954 107 495 160 541
955 593 340 16 489
956 430 83 46 3
957 19 473 80 188
958 69 679 549 747
959 377 486 21 210
960 377 450 280 440
961 377 383 181 384
962 958 69 418 508
963 237 237 162 186
964 23 39 883 32
965 936 130 122 376
966 189 434 183 343
967 44 300 460 663
968 299 171 301 45
969 509 518 106 190
970 440 129 557 395
971 416 971 695 129
972 509 216 45 124
973 971 196 64 96
974 917 94 196 918
975 971 799 715 21
976 411 96 46 461
977 977 242 963 87
978 115 340 217 654
979 979 106 184 160
980 5 201 202 201
981 411 665 886 59
982 137 329 560 856
983 114 133 557 51
984 153 932 544 133
985 376 342 533 186
986 470 816 455 113
987 339 13 29 486
988 411 728 306 538
989 329 306 69 13
990 408 89 333 162
991 412 271 411 728
992 129 14 221 526
993 408 5 102 812
994 6 489 408 212
995 712 995 712 255
996 12 560 0 309
997 24 30 409 464
998 65 486 478 90
999 145 271 20 160
1000 166 380 377 0
1001 832 412 211 464
1002 560 856 506 441
1003 258 22 520 533
1004 55 412 303 235
