0 103 123 820 232 121 615 309 341 215 20 127
1 351 495 203 548 129 130 426 956 913 707 566
2 283 182 602 602 11 529 7 264 608 498 765
3 1001 4 285 401 874 401 107 427 249 505 971
4 137 408 473 269 820 751 128 3 183 480 166
5 619 303 564 686 245 444 423 171 172 107 441
6 552 520 21 306 64 216 301 18 221 106 353
7 504 500 374 358 11 44 833 5 234 159 243
8 213 246 504 504 971 554 777 733 723 126 6
9 510 506 430 166 124 99 371 226 218 297 905
10 25 35 40 753 40 245 48 115 261 116 338
11 430 462 462 506 19 856 407 856 956 498 446
12 121 495 434 593 494 280 14 380 387 849 849
13 420 99 62 253 228 342 377 130 290 706 936
14 312 311 188 418 107 221 226 227 222 331 223
15 362 459 610 57 126 405 548 129 42 372 433
16 255 355 518 17 872 74 225 756 42 667 465
17 121 17 422 82 96 23 170 4 138 137 58
18 74 340 554 777 733 440 497 562 498 86 138
19 160 468 160 63 865 56 738 809 859 87 518
20 495 363 664 93 25 27 29 13 172 65 581
21 146 85 222 607 365 137 809 304 89 806 285
22 127 92 678 549 215 5 47 165 531 548 256
23 24 31 256 165 492 144 546 906 533 520 58
24 64 527 318 114 129 35 282 726 212 340 274
25 473 362 19 129 329 486 362 483 851 851 342
26 339 427 47 26 38 33 13 506 332 720 856
27 261 339 725 165 314 189 187 155 128 23 878
28 953 699 913 213 332 406 498 538 530 365 438
29 21 489 21 166 1000 232 501 452 466 6 337
30 51 371 28 405 129 490 365 338 66 375 13
31 367 30 33 282 494 450 494 372 82 782 82
32 113 48 372 58 233 159 963 404 533 213 956
33 438 23 115 860 978 860 170 338 914 860 165
34 37 667 6 859 63 371 828 106 756 106 405
35 590 32 30 339 10 160 440 534 544 121 221
36 25 533 17 233 243 63 2 481 285 65 574
37 655 470 155 269 513 652 333 269 335 461 533
38 48 48 151 86 706 373 239 4 412 64 116
39 370 725 114 255 255 712 255 355 170 164 424
40 35 169 4 169 460 214 681 345 186 533 360
41 82 282 356 478 329 434 393 283 215 377 468
42 21 282 163 162 427 252 115 932 355 152 365
43 324 720 856 160 520 303 932 31 29 229 177
44 8 7 510 12 8 672 543 424 738 424 304
45 838 45 322 140 335 124 768 708 323 5 520
46 107 954 107 163 420 83 70 186 31 33 615
47 409 30 820 199 419 329 13 624 231 277 621
48 229 143 160 526 65 413 178 352 178 483 214
49 50 152 249 856 615 422 819 461 272 429 446
50 153 434 859 87 114 30 35 121 41 63 62
51 362 401 873 425 873 425 874 401 133 136 169
52 1 979 170 860 251 455 119 980 655 75 84
53 394 321 947 947 321 377 384 295 341 215 20
54 252 83 365 353 486 155 106 81 252 237 62
55 481 3 812 298 812 273 15 533 320 734 177
56 286 412 586 195 859 303 236 155 367 170 86
57 411 671 356 142 46 748 424 371 13 39 114
58 56 859 286 520 685 949 305 210 21 513 147
59 63 252 252 303 255 282 17 314 62 554 554
60 231 53 85 147 424 738 586 412 685 160 667
61 378 296 60 393 393 105 223 655 223 309 495
62 748 641 371 65 435 920 230 420 99 62 236
63 6 56 865 56 303 252 338 987 411 552 121
64 106 298 106 183 526 399 84 31 86 8 9
65 401 399 93 129 214 94 820 751 167 776 204
66 67 66 338 135 160 458 142 474 91 514 328
67 533 306 509 259 89 57 949 411 57 194 859
68 400 336 136 160 158 234 58 153 513 115 318
69 549 551 533 115 172 142 589 459 695 222 309
70 152 87 363 256 62 280 129 187 183 137 6
71 83 21 44 555 754 950 404 586 2 194 252
72 259 537 613 613 163 166 132 142 4 698 285
73 316 222 748 424 4 107 132 411 88 96 427
74 459 549 800 533 127 36 114 89 211 552 571
75 560 12 121 27 33 339 114 426 283 210 244
76 48 442 443 76 443 485 387 229 536 86 65
77 581 133 402 349 907 936 129 932 393 386 560
78 79 219 82 104 155 221 403 291 93 260 509
79 226 223 624 491 127 20 137 175 58 195 411
80 287 81 155 105 127 318 169 24 964 29 169
81 569 360 7 362 331 615 180 166 187 145 283
82 160 8 823 565 674 674 707 232 368 146 316
83 42 249 46 592 46 45 269 579 15 125 124
84 112 474 154 114 405 498 956 430 543 543 493
85 519 519 316 231 797 797 605 846 605 851 214
86 2 411 738 132 131 419 81 460 74 764 541
87 490 932 283 932 70 107 142 450 82 337 31
88 304 86 708 97 300 100 98 708 371 210 142
89 302 88 750 88 809 707 823 558 674 674 504
90 107 8 525 525 213 525 602 362 303 145 170
91 110 84 49 49 87 180 366 84 144 144 254
92 72 21 114 355 142 184 420 311 312 300 889
93 563 290 694 664 401 457 232 936 484 290 584
94 918 197 494 225 223 155 17 21 424 366 58
95 206 160 896 329 107 430 401 285 303 610 250
96 151 85 872 581 310 313 313 85 537 61 421
97 371 405 21 513 372 42 226 142 17 308 430
98 101 380 157 343 129 232 176 232 275 275 65
99 98 124 82 186 272 428 164 335 933 335 335
100 618 98 62 41 820 918 776 204 172 82 296
101 353 98 185 354 323 323 300 209 56 845 59
102 2 832 520 532 532 162 212 367 48 847 464
103 320 333 113 13 278 342 129 285 142 453 301
104 104 61 250 166 105 371 351 351 329 208 155
105 589 107 319 237 244 210 132 158 4 685 92
106 20 183 210 45 282 142 591 83 465 707 12
107 375 514 375 91 64 511 309 0 238 252 271
108 160 91 143 484 290 184 253 142 356 256 169
109 108 110 84 494 576 128 346 346 214 351 172
110 108 112 37 24 32 24 654 58 234 639 158
111 474 356 671 69 777 535 134 10 777 259 72
112 7 44 573 441 533 616 435 440 399 84 338
113 168 13 698 55 949 685 59 58 518 282 132
114 485 221 405 891 405 17 615 17 224 365 495
115 615 147 62 68 173 535 173 462 256 412 859
116 417 47 847 172 13 812 137 552 82 215 650
117 66 469 91 143 419 214 284 511 511 306 612
118 461 819 140 5 21 137 88 63 160 445 424
119 229 64 601 41 121 726 314 62 300 209 13
120 18 225 223 314 365 362 856 87 963 238 242
121 142 258 402 211 249 243 820 128 82 494 234
122 347 814 52 397 390 438 494 82 552 285 683
123 172 207 172 351 28 63 16 495 278 13 238
124 64 282 252 3 601 57 195 411 304 54 131
125 142 747 615 820 776 203 776 572 563 493 568
126 812 87 223 226 82 508 679 508 710 896 375
127 21 92 11 11 133 169 337 133 232 473 418
128 212 252 54 107 285 806 89 303 159 105 420
129 419 63 405 249 152 256 114 485 443 165 249
130 388 376 387 950 404 421 180 277 515 172 493
131 373 372 431 70 107 121 131 2 107 544 168
132 121 80 663 679 679 80 747 80 474 145 4
133 309 400 81 509 216 274 273 269 15 46 254
134 134 5 128 83 355 371 363 161 434 300 329
135 136 27 883 116 114 47 40 116 470 470 494
136 135 437 25 301 248 372 83 19 957 12 638
137 271 408 285 59 58 612 4 301 121 86 38
138 815 137 92 96 325 945 409 2 517 517 195
139 420 230 282 87 147 233 601 197 820 231 206
140 812 160 589 155 223 121 19 405 102 812 4
141 213 956 856 374 7 913 699 913 700 602 525
142 153 83 71 288 431 71 432 71 209 158 300
143 172 107 70 62 80 431 166 857 191 256 357
144 144 434 128 445 848 340 564 114 210 128 970
145 144 186 62 509 87 353 768 125 121 121 174
146 177 275 172 166 234 828 107 207 206 168 62
147 513 84 250 60 391 368 150 295 292 62 4
148 434 16 169 114 155 470 116 860 816 491 548
149 342 231 214 377 368 394 388 128 377 347 814
150 741 150 376 60 392 321 483 61 707 765 86
151 165 27 121 21 22 22 686 564 564 281 305
152 114 93 172 169 33 34 38 48 37 37 29
153 50 431 160 468 316 6 6 411 194 58 194
154 375 475 300 44 51 64 300 183 544 105 314
155 351 166 133 377 104 155 285 5 411 84 326
156 697 156 13 137 121 329 184 162 323 447 447
157 537 189 80 671 690 5 7 362 11 19 264
158 237 424 62 164 15 174 284 284 511 7 212
159 249 12 62 164 429 139 99 121 281 683 305
160 96 302 160 458 172 285 458 129 308 83 812
161 19 700 441 11 92 20 187 145 612 145 212
162 71 49 84 492 166 64 786 189 818 189 536
163 62 209 237 587 4 301 445 301 132 118 597
164 564 242 238 622 238 602 699 971 672 406 500
165 820 950 424 105 115 494 121 93 443 455 76
166 132 217 121 747 301 420 152 121 110 84 249
167 168 585 544 434 154 404 896 329 469 469 89
168 568 276 560 218 1 225 74 248 268 73 313
169 41 201 93 16 405 121 752 82 84 1 495
170 491 163 20 145 115 612 41 256 46 429 274
171 981 444 485 443 165 165 254 296 121 151 116
172 523 829 203 280 373 812 880 424 748 46 164
173 134 523 493 533 756 166 333 145 142 367 169
174 815 520 5 171 172 30 26 545 28 133 367
175 137 6 751 820 180 381 180 166 145 106 641
176 65 366 233 145 188 366 44 506 7 332 700
177 177 321 177 220 434 183 28 365 365 362 249
178 191 349 122 231 344 231 466 602 700 213 473
179 214 179 122 262 656 177 905 309 177 64 511
180 145 163 115 96 48 486 493 221 226 107 169
181 60 172 486 410 82 368 321 579 15 405 438
182 395 16 210 305 57 815 57 520 57 84 474
183 53 221 14 918 207 183 419 114 609 114 971
184 160 160 103 389 397 181 376 389 326 733 420
185 101 185 52 314 317 18 121 425 562 6 58
186 121 748 82 77 531 548 753 914 914 165 93
187 155 114 464 169 339 370 455 114 919 113 367
188 663 549 299 80 546 513 642 16 355 21 375
189 508 549 934 549 460 57 88 149 342 107 708
190 42 298 536 214 83 71 71 217 132 283 314
191 150 390 526 576 93 971 444 84 211 271 412
192 59 58 282 196 204 93 291 280 107 237 241
193 55 718 55 160 258 410 286 59 57 195 63
194 698 138 3 160 45 335 933 335 794 335 269
195 4 880 138 57 126 174 164 46 272 322 448
196 167 13 333 21 480 184 249 106 242 96 816
197 167 218 459 498 61 537 268 419 445 133 14
198 290 169 36 318 40 113 263 169 201 197 167
199 13 900 860 337 13 346 168 290 329 87 114
200 820 153 166 181 385 295 397 377 128 405 115
201 166 250 296 280 284 5 271 54 285 65 377
202 41 129 922 822 822 183 81 162 2 803 990
203 83 318 114 609 609 114 171 423 5 236 209
204 95 280 113 971 284 257 284 174 46 933 46
205 93 458 413 93 714 172 23 35 455 131 83
206 546 212 170 107 162 549 800 549 276 549 550
207 107 726 189 537 61 537 227 377 95 200 498
208 481 138 252 115 63 4 533 188 106 1 52
209 494 662 97 353 708 100 125 5 6 516 5
210 238 62 173 147 142 859 142 434 593 776 391
211 489 211 84 372 86 518 661 293 498 92 498
212 408 685 138 301 368 121 748 118 21 371 51
213 503 498 501 452 499 358 358 232 872 377 316
214 124 335 760 15 15 183 480 508 418 467 20
215 223 155 114 170 533 164 46 300 194 6 3
216 428 579 269 252 84 366 169 170 282 375 62
217 288 71 83 143 326 173 99 98 97 533 440
218 228 121 105 310 170 453 166 166 818 65 204
219 218 74 482 331 29 28 25 35 13 164 447
220 128 378 397 379 368 52 133 162 747 418 189
221 549 818 301 655 171 409 118 420 174 237 932
222 519 316 459 434 551 473 367 495 21 486 184
223 480 601 64 169 329 671 188 189 671 106 80
224 148 150 191 903 191 142 333 485 981 442 36
225 756 73 756 533 106 160 406 506 44 42 17
226 301 294 280 232 1 317 312 53 82 252 481
227 537 157 346 5 730 460 214 377 342 139 448
228 172 121 93 183 900 170 164 564 174 411 900
229 170 133 64 165 96 123 123 115 615 800 549
230 333 120 218 223 365 133 405 5 517 102 832
231 841 719 379 396 182 387 61 434 431 249 44
232 275 434 23 153 154 493 460 411 183 142 531
233 441 649 729 141 473 170 4 285 168 494 70
234 404 371 3 194 57 305 483 473 108 514 971
235 971 174 3 239 145 404 546 206 94 955 205
236 107 375 105 453 166 290 107 8 452 506 366
237 209 166 446 46 592 760 15 174 363 508 550
238 0 0 18 419 28 129 813 515 129 211 695
239 233 212 296 378 377 0 250 377 130 121 338
240 233 86 586 826 408 625 63 859 87 160 404
241 252 254 283 411 683 412 58 303 174 809 4
242 977 209 303 81 412 285 809 285 532 56 2
243 211 117 491 816 169 495 424 153 422 23 32
244 241 238 525 498 488 498 0 297 309 225 459
245 546 954 249 363 215 306 723 546 158 121 747
246 266 264 266 13 56 57 285 129 115 153 49
247 11 141 533 269 210 106 377 214 83 131 211
248 282 209 211 738 481 56 209 303 950 644 528
249 84 270 611 176 177 229 338 169 113 64 367
250 295 320 396 320 94 205 847 464 211 364 165
251 123 681 278 179 262 656 176 200 177 377 562
252 932 20 82 15 303 412 57 863 57 460 159
253 20 495 128 11 602 11 324 266 498 602 707
254 453 654 105 495 107 518 405 142 145 147 932
255 712 401 121 66 160 404 58 685 990 59 865
256 173 155 301 356 81 333 417 64 282 132 371
257 284 167 655 75 135 116 29 588 588 392 376
258 410 329 245 423 121 492 166 69 434 165 93
259 259 728 327 945 325 509 424 527 114 326 318
260 336 92 20 253 932 494 25 34 165 82 44
261 116 753 151 34 339 245 329 469 66 338 420
262 191 857 160 509 282 121 540 86 417 96 31
263 274 216 254 233 210 513 642 419 64 685 58
264 499 488 362 15 448 971 812 160 906 546 206
265 957 213 608 406 525 466 804 971 893 466 9
266 61 533 350 593 198 202 820 107 281 738 252
267 61 103 86 223 152 355 114 46 638 639 209
268 222 188 160 559 142 23 422 212 121 647 121
269 322 735 322 140 929 322 448 62 68 329 450
270 14 426 425 664 84 244 460 730 160 336 136
271 86 83 269 461 139 124 908 822 822 53 5
272 140 2 546 44 913 7 833 5 58 62 106
273 812 886 59 803 990 3 128 495 227 756 183
274 405 290 14 562 177 223 218 249 106 242 158
275 86 96 263 419 62 424 527 547 165 280 303
276 549 215 316 146 533 17 309 120 133 971 133
277 284 936 546 859 105 453 107 46 83 153 404
278 722 28 160 435 647 82 222 495 315 218 366
279 107 896 355 283 51 280 199 288 506 529 441
280 909 87 642 284 257 450 581 65 380 200 94
281 183 258 108 108 476 375 16 63 195 2 481
282 105 493 572 434 612 347 681 682 681 284 301
283 405 263 114 424 269 420 139 273 83 612 340
284 155 173 892 45 216 216 301 209 365 121 963
285 168 278 106 72 106 107 74 460 147 82 51
286 285 301 25 38 437 27 588 600 129 208 126
287 69 260 331 482 78 13 36 24 953 24 37
288 105 914 531 212 492 510 506 504 501 358 247
289 231 14 277 289 231 262 231 645 697 156 381
290 65 835 65 291 291 458 82 490 513 83 591
291 290 484 232 312 420 105 86 55 698 59 285
292 486 165 35 409 36 113 478 478 329 671 106
293 525 765 365 405 283 303 137 481 63 738 59
294 346 133 820 206 198 419 474 409 65 426 167
295 162 417 113 932 531 686 263 142 153 856 405
296 494 215 366 218 95 214 343 107 180 421 525
297 309 17 1 218 300 121 15 15 15 62 434
298 137 571 145 82 419 445 64 149 377 160 223
299 184 314 507 513 474 340 494 312 311 341 215
300 367 249 7 11 365 513 173 950 481 57 59
301 209 424 209 63 183 329 96 4 552 54 665
302 123 860 978 860 438 33 23 116 170 165 186
303 89 64 615 747 80 384 363 420 18 155 541
304 405 490 80 81 222 87 155 17 441 366 282
305 6 544 790 544 82 544 544 607 548 1 351
306 21 118 209 83 594 82 123 160 25 494 366
307 347 166 142 172 523 829 523 829 523 706 585
308 396 390 388 393 254 285 286 56 160 132 949
309 95 917 970 51 371 288 371 63 233 242 927
310 533 28 106 72 21 28 26 442 417 438 365
311 905 297 218 133 10 324 65 358 498 0 18
312 221 73 560 142 41 160 778 569 141 498 411
313 218 5 237 210 160 166 742 546 906 533 582
314 18 146 187 405 129 562 568 426 270 160 210
315 253 106 885 106 424 280 170 336 338 439 96
316 468 221 17 308 17 107 2 571 288 432 121
317 389 387 321 179 388 378 393 87 426 270 486
318 283 253 212 296 142 493 249 137 59 865 58
319 963 236 303 254 859 271 86 274 428 812 217
320 349 191 824 191 231 196 167 342 294 129 64
321 388 104 549 855 299 508 69 188 508 212 589
322 15 303 564 164 447 429 269 461 533 67 189
323 160 209 845 859 174 107 357 5 511 651 624
324 971 452 7 222 227 377 872 182 385 385 160
325 10 36 35 31 30 51 65 450 515 373 706
326 327 301 100 301 20 42 300 282 131 809 552
327 473 81 533 165 121 269 533 121 859 212 147
328 66 338 365 314 764 168 419 121 432 121 355
329 10 306 68 220 165 93 450 280 813 399 84
330 74 225 223 366 183 44 649 121 212 453 170
331 707 674 19 107 68 68 679 137 663 188 486
332 487 9 500 506 506 956 7 266 12 264 247
333 601 422 404 62 430 83 141 44 525 238 758
334 272 612 58 84 18 366 107 319 235 84 444
335 461 592 335 124 233 654 376 985 376 296 419
336 339 116 261 165 932 474 112 84 243 233 166
337 860 251 123 96 23 41 94 377 122 376 157
338 724 338 932 113 455 423 370 135 26 590 86
339 883 93 95 201 776 936 129 221 405 371 254
340 654 186 82 161 81 356 405 183 329 514 108
341 311 190 121 152 433 434 168 82 410 82 124
342 60 393 180 121 191 907 180 231 820 83 430
343 350 342 41 474 424 493 121 83 199 128 21
344 149 167 205 917 445 366 333 163 434 233 17
345 82 172 27 28 339 427 82 612 50 153 494
346 168 206 546 850 199 1 128 218 249 462 58
347 460 434 420 541 641 371 137 546 422 180 128
348 180 130 121 856 145 234 58 195 59 5 492
349 644 489 132 63 803 812 193 990 5 261 753
350 861 350 180 343 350 377 106 690 671 69 958
351 167 468 121 79 820 856 44 473 340 867 134
352 347 231 624 231 203 199 278 157 395 295 932
353 166 226 254 367 420 627 971 343 160 117 189
354 353 592 592 447 592 160 369 96 6 168 789
355 114 46 121 424 58 83 87 552 412 408 2
356 405 124 214 434 168 47 925 981 318 64 438
357 404 412 238 525 573 160 136 438 31 337 136
358 407 503 374 503 265 525 765 9 421 332 502
359 951 213 332 7 555 19 473 408 58 249 833
360 4 271 589 105 173 896 355 106 615 714 714
361 160 493 212 856 58 654 163 42 129 129 285
362 506 87 190 108 971 400 560 142 859 434 236
363 81 215 747 69 678 92 530 246 608 529 9
364 165 39 494 23 17 467 549 800 287 92 457
365 371 81 87 643 290 294 232 60 420 190 184
366 142 145 46 748 564 10 326 86 14 389 182
367 427 170 607 560 328 478 83 87 121 130 14
368 182 296 385 157 719 157 378 295 296 181 103
369 89 474 546 803 1001 990 194 305 84 270 280
370 226 314 309 120 74 696 74 438 33 38 86
371 226 74 311 188 189 460 495 278 183 478 108
372 42 474 420 355 16 210 121 174 371 65 430
373 282 318 424 100 99 323 662 166 269 145 21
374 501 504 161 161 363 661 8 525 505 661 267
375 6 168 231 797 605 414 479 414 479 479 381
376 82 458 494 233 63 107 8 160 262 402 402
377 745 745 74 230 80 880 308 21 308 83 465
378 321 179 179 278 493 65 371 249 23 588 34
379 387 390 182 104 82 201 143 166 252 84 107
380 379 387 182 376 392 588 30 27 116 548 283
381 479 381 61 872 61 421 471 170 434 61 707
382 157 104 155 541 150 390 409 581 139 448 617
383 383 377 280 232 5 486 168 292 14 226 282
384 60 377 403 526 199 917 27 121 13 444 96
385 181 231 377 257 526 537 259 509 467 107 252
386 157 278 82 747 671 188 183 518 121 256 254
387 384 105 859 62 820 581 308 5 990 138 4
388 379 390 14 256 568 256 82 105 281 59 5
389 395 164 428 428 15 362 62 131 646 131 58
390 283 129 231 203 86 86 96 303 269 173 892
391 381 178 539 494 918 776 14 1000 206 206 294
392 528 489 2 832 826 63 46 334 448 107 54
393 395 164 564 183 854 183 338 564 126 58 121
394 182 283 314 85 160 187 189 453 459 362 441
395 157 393 424 44 324 43 358 566 700 956 856
396 295 210 209 82 395 181 384 387 295 162 820
397 295 388 61 60 392 86 747 550 82 474 84
398 295 384 295 84 431 160 36 367 473 46 236
399 166 529 332 487 332 608 566 407 7 700 525
400 107 493 422 87 303 302 96 261 160 115 30
401 568 425 285 303 269 301 22 20 72 21 146
402 349 349 180 41 173 107 63 665 107 453 491
403 493 270 28 20 82 601 886 59 54 271 528
404 86 70 431 83 536 86 131 57 240 211 518
405 255 329 42 183 695 222 316 17 441 44 51
406 672 971 325 409 207 197 41 612 828 64 484
407 526 129 58 4 425 257 291 93 493 425 289
408 211 730 301 314 764 377 174 252 89 411 271
409 464 160 116 263 547 370 40 339 27 338 123
410 286 571 6 184 667 627 667 508 142 441 754
411 597 651 651 506 332 358 499 358 729 358 602
412 256 589 215 58 63 625 285 96 591 419 214
413 413 450 232 575 231 797 231 526 231 60 342
414 414 370 333 128 278 214 178 381 379 6 168
415 86 229 84 305 604 458 377 163 82 93 361
416 173 342 342 139 166 459 329 184 253 333 233
417 443 261 119 470 438 129 346 157 130 155 213
418 187 166 61 150 191 645 645 191 150 376 654
419 28 80 747 663 189 80 375 896 173 124 98
420 180 348 191 277 130 351 94 201 204 377 352
421 9 558 487 922 913 44 300 81 367 363 384
422 513 83 283 492 107 91 758 288 288 269 234
423 455 361 31 151 655 114 278 199 167 198 434
424 280 291 257 342 228 160 15 335 760 592 428
425 574 401 365 137 252 166 820 207 5 868 5
426 276 568 450 526 537 1 351 321 181 351 280
427 160 478 306 612 4 329 96 591 96 470 96
428 107 342 94 974 918 974 87 393 396 60 352
429 164 424 950 17 932 169 900 40 753 165 455
430 280 228 17 393 308 320 181 383 383 377 6
431 217 282 434 434 450 65 172 128 450 168 203
432 217 521 554 482 553 598 482 172 180 277 149
433 217 612 2 665 87 412 3 971 361 34 434
434 35 533 194 859 612 832 145 147 160 406 502
435 942 95 199 820 820 644 180 128 203 83 143
436 438 892 160 84 318 494 261 411 89 59 408
437 438 302 533 114 106 256 303 411 208 137 158
438 251 340 325 260 92 21 467 460 74 495 129
439 96 455 438 438 367 75 48 654 58 211 236
440 176 231 262 907 903 907 179 180 342 60 295
441 254 173 62 237 253 237 159 631 159 236 5
442 113 444 455 135 96 119 980 367 115 254 128
443 93 143 201 94 176 593 198 167 201 121 187
444 245 113 976 48 105 493 600 588 494 70 84
445 820 121 306 215 377 572 593 94 955 205 204
446 13 21 422 493 154 121 301 621 130 776 199
447 46 46 46 236 3 812 448 164 272 546 211
448 15 448 812 282 226 440 65 357 589 365 765
449 414 479 275 177 229 86 17 366 596 366 310
450 129 585 172 734 695 424 641 160 137 194 281
451 569 451 265 9 699 720 213 700 11 525 238
452 502 502 8 570 700 267 264 86 822 533 525
453 301 730 62 87 363 128 367 165 590 86 295
454 189 710 189 301 244 810 269 83 17 643 217
455 485 76 263 29 339 370 115 86 438 82 222
456 64 181 250 113 165 256 363 87 147 160 410
457 526 275 200 413 426 391 182 393 157 385 321
458 254 233 288 431 80 121 489 249 187 80 128
459 362 6 486 168 121 58 153 50 71 49 433
460 147 42 427 107 166 340 116 280 18 218 166
461 139 581 420 180 121 478 258 329 108 160 230
462 145 147 460 74 5 408 993 408 281 494 340
463 462 430 86 96 881 96 21 259 89 408 552
464 377 295 434 531 79 417 417 116 64 482 576
465 667 550 81 518 105 914 113 47 251 116 169
466 53 183 160 406 499 699 506 466 498 499 86
467 17 146 779 549 508 325 96 408 57 126 300
468 74 105 169 6 5 931 926 210 300 128 974
469 96 259 508 582 106 371 129 30 820 21 114
470 261 115 105 173 223 160 404 16 771 518 271
471 84 585 544 534 544 183 223 313 218 220 223
472 255 712 255 932 82 372 282 509 418 62 168
473 767 473 509 747 249 115 5 405 498 293 141
474 474 256 212 152 84 110 91 478 442 40 545
475 300 62 410 486 184 329 473 81 106 221 268
476 108 329 128 355 473 412 884 884 412 6 346
477 329 114 173 249 301 404 643 963 930 234 639
478 90 66 111 375 90 86 421 86 36 35 183
479 479 275 232 214 231 53 129 489 210 183 165
480 362 19 161 666 823 666 141 566 8 62 811
481 421 430 65 352 347 262 301 20 306 728 885
482 228 218 596 596 596 596 301 621 426 129 81
483 352 206 284 231 434 53 128 346 214 176 611
484 572 280 388 376 82 160 468 316 979 979 316
485 336 13 255 355 283 379 64 482 777 86 138
486 29 40 409 47 417 40 919 847 205 498 141
487 922 487 922 922 340 424 283 221 403 377 659
488 499 503 374 407 266 358 707 265 11 44 105
489 489 249 602 529 141 306 434 145 105 518 552
490 256 226 223 20 885 106 518 771 489 64 389
491 127 184 187 142 493 426 92 68 212 612 4
492 160 28 31 32 93 361 261 361 434 361 423
493 562 457 425 562 6 305 865 194 412 921 412
494 173 400 10 340 867 340 367 113 33 113 171
495 254 211 375 469 411 281 303 286 80 549 69
496 268 311 189 550 667 549 460 249 160 445 419
497 409 710 498 178 200 51 29 443 409 165 167
498 967 498 265 500 699 602 183 12 510 494 464
499 608 7 7 754 211 46 283 280 1 127 166
500 525 967 498 525 913 525 265 674 823 971 417
501 504 971 10 329 328 357 249 932 450 494 2
502 301 215 227 377 734 377 383 383 181 182 53
503 44 7 754 971 251 62 811 84 82 99 82
504 912 526 199 918 206 202 201 82 18 215 223
505 332 525 951 957 951 666 19 268 496 161 452
506 699 358 500 44 892 44 332 487 213 473 46
507 243 57 863 57 619 89 333 253 282 21 560
508 259 69 311 309 495 254 233 288 84 404 372
509 958 962 325 69 467 86 129 840 562 497 531
510 9 44 82 531 405 255 316 519 259 73 331
511 118 128 450 172 130 568 290 16 281 845 481
512 162 4 665 121 23 251 455 35 38 579 273
513 652 163 83 118 183 129 137 166 132 518 460
514 13 444 84 160 4 552 305 718 55 950 644
515 409 207 820 362 5 106 462 82 147 146 226
516 762 516 2 54 89 305 57 815 208 698 305
517 743 743 743 517 516 192 194 408 993 408 880
518 121 256 107 81 299 6 426 714 373 420 249
519 809 252 303 13 350 13 197 52 185 353 125
520 55 58 5 357 404 115 411 430 11 602 569
521 615 669 669 783 654 252 411 194 211 755 211
522 523 280 179 160 343 191 122 122 351 371 106
523 543 817 813 534 440 275 177 312 225 81 128
524 72 163 83 20 137 166 820 856 612 105 252
525 466 358 602 11 64 91 90 62 184 290 291
526 221 0 166 820 445 581 310 445 518 187 74
527 444 13 27 37 40 135 65 435 127 1 726
528 305 738 285 88 121 282 856 546 723 777 86
529 332 359 570 707 61 267 61 389 6 54 281
530 533 173 892 491 163 42 756 227 87 45 164
531 333 422 819 461 446 13 409 443 442 245 925
532 4 170 548 816 987 123 95 199 288 654 249
533 115 48 75 372 372 404 357 409 785 409 390
534 544 813 817 813 836 706 86 141 500 499 912
535 134 5 511 306 86 586 62 132 6 141 951
536 287 82 280 65 0 250 182 396 377 147 142
537 473 327 894 327 249 153 424 783 420 83 492
538 777 419 482 339 10 971 740 51 85 226 107
539 531 133 134 10 121 16 46 140 164 2 195
540 549 184 486 94 342 257 543 401 426 129 81
541 209 812 601 107 357 282 283 378 128 52 820
542 399 813 129 172 464 183 12 19 11 496 488
543 688 543 87 115 263 13 169 252 654 154 518
544 568 81 188 106 932 115 249 506 500 7 430
545 255 17 224 256 263 976 976 919 847 417 151
546 490 371 169 127 169 210 245 183 413 177 113
547 361 333 2 612 115 337 170 860 135 437 48
548 116 531 173 166 159 89 211 56 13 624 84
549 508 212 371 662 185 800 549 276 568 526 542
550 82 489 929 489 434 58 158 599 304 82 544
551 434 647 82 489 211 807 54 166 331 295 292
552 126 552 57 252 237 5 24 24 440 813 434
553 521 389 53 5 302 13 93 438 655 482 679
554 554 553 598 598 553 84 270 14 221 73 17
555 265 525 232 167 94 204 280 160 367 24 455
556 556 14 86 441 105 281 571 303 63 971 778
557 445 51 113 318 5 74 311 301 314 107 90
558 213 466 7 570 700 971 823 521 553 84 453
559 160 80 303 255 16 105 258 490 405 106 295
560 229 183 12 674 558 674 265 232 280 95 95
561 462 254 256 133 283 320 320 391 295 383 379
562 380 101 99 420 283 577 757 980 757 980 119
563 464 116 438 333 169 486 113 932 70 494 448
564 63 845 685 826 1001 194 865 56 271 210 45
565 608 358 9 720 754 141 754 555 44 360 105
566 569 360 498 205 201 196 776 94 820 166 177
567 290 366 10 86 450 813 399 440 249 548 278
568 457 92 86 368 537 259 173 434 30 114 105
569 11 270 160 394 389 211 924 89 434 467 69
570 360 19 700 823 9 265 661 249 464 133 420
571 520 195 411 58 42 298 549 460 211 990 285
572 493 166 144 434 828 889 828 16 367 434 651
573 12 247 506 166 301 269 657 269 428 272 447
574 65 998 65 290 568 107 303 252 174 195 57
575 149 148 160 230 375 21 160 306 509 972 913
576 482 64 42 612 153 984 153 49 87 223 480
577 578 577 366 512 512 512 155 249 607 589 589
578 577 578 577 757 577 166 786 465 189 312 177
579 164 137 255 712 4 114 725 370 115 860 438
580 580 580 580 580 580 580 580 580 580 580 580
581 497 491 816 115 28 306 91 419 63 175 3
582 418 473 69 69 287 82 285 105 493 611 129
583 521 86 400 309 297 13 63 324 441 666 566
584 563 936 86 37 590 24 28 133 160 251 115
585 585 84 431 288 549 221 129 401 399 129 180
586 408 215 215 189 117 86 526 655 28 339 96
587 587 412 195 195 174 971 971 188 366 518 363
588 26 35 51 118 495 367 96 427 31 337 883
589 249 183 91 328 86 623 202 623 813 836 706
590 590 37 229 366 424 87 212 642 42 329 258
591 107 601 3 3 405 438 87 607 460 518 188
592 46 434 142 152 365 602 238 238 210 121 128
593 350 94 486 280 42 41 47 482 777 538 530
594 82 142 271 86 593 128 420 404 532 54 126
595 52 314 872 307 218 311 248 422 19 666 12
596 301 428 428 164 579 15 533 473 459 513 173
597 142 141 407 506 44 504 856 331 177 515 409
598 340 811 77 581 531 366 62 505 499 502 9
599 304 304 58 412 238 252 481 685 880 2 411
600 401 543 543 121 355 518 106 519 518 152 160
601 191 350 352 65 285 13 93 176 238 302 160
602 700 661 7 265 61 379 397 458 397 389 296
603 414 697 321 177 377 189 225 756 614 106 242
604 96 28 28 419 932 281 13 661 265 452 161
605 851 342 231 278 231 196 918 776 918 197 908
606 495 82 1 222 467 17 474 82 318 170 337
607 548 116 113 527 263 419 340 934 268 313 73
608 246 7 11 496 141 293 11 525 332 421 459
609 24 34 339 39 229 560 224 468 419 329 434
610 296 434 137 298 137 520 6 685 990 859 921
611 183 411 24 64 400 971 108 93 424 478 84
612 131 64 61 166 376 393 61 53 822 464 611
613 288 199 399 166 742 166 282 212 546 221 17
614 756 74 549 459 17 422 473 531 106 188 80
615 546 41 751 128 419 12 14 473 474 494 417
616 320 533 320 351 283 0 0 250 1 127 129
617 448 62 106 82 303 271 470 170 151 85 443
618 353 937 937 64 209 301 138 3 174 208 174
619 89 423 114 420 218 420 78 62 546 30 23
620 86 35 38 722 28 121 405 46 3 175 137
621 301 13 93 664 84 754 569 7 525 602 496
622 238 963 142 249 165 363 367 338 211 371 518
623 129 544 790 544 133 403 813 440 365 12 419
624 13 329 367 81 128 105 859 971 93 86 154
625 285 412 2 96 23 229 29 36 21 137 183
626 87 28 96 444 48 442 442 35 261 27 722
627 189 726 212 174 932 44 12 638 46 210 128
628 295 378 157 368 157 394 14 12 498 9 565
629 440 497 482 598 86 271 738 252 615 163 162
630 369 303 3 371 132 142 133 155 284 155 284
631 159 440 64 329 107 63 533 186 531 106 290
632 632 376 283 518 16 187 679 460 347 180 365
633 633 633 633 633 633 633 633 633 633 633 633
634 634 634 634 634 634 635 286 305 58 54 166
635 812 859 132 46 107 448 273 45 45 892 438
636 636 636 211 46 283 160 812 57 193 195 859
637 234 158 926 64 90 477 90 477 108 328 460
638 210 86 963 238 244 409 420 301 68 183 184
639 234 132 208 520 166 243 607 490 295 398 377
640 185 618 617 140 139 269 216 254 433 431 160
641 82 367 115 883 336 13 461 592 273 812 932
642 82 531 300 662 185 323 124 592 273 139 819
643 48 485 221 107 493 820 970 546 299 855 86
644 950 963 234 587 234 252 66 108 329 478 328
645 231 277 149 377 764 30 136 89 89 515 817
646 646 411 498 538 538 498 74 331 295 341 311
647 82 168 494 404 357 64 458 82 730 107 141
648 648 648 648 648 648 648 648 648 648 648 648
649 441 105 155 495 160 214 180 644 644 5 198
650 215 177 74 340 282 856 498 362 331 225 314
651 597 546 936 350 861 350 178 191 180 349 402
652 329 486 333 282 31 115 79 115 96 599 242
653 653 653 653 653 653 653 653 653 653 653 653
654 252 174 379 377 182 351 157 16 379 191 379
655 149 179 149 381 60 396 377 548 82 124 513
656 177 218 221 82 326 114 226 17 23 151 748
657 269 234 145 233 174 107 83 140 64 116 96
658 658 658 658 658 658 658 658 658 658 658 658
659 377 918 232 5 516 517 333 518 363 236 249
660 660 660 660 660 660 660 660 660 660 660 660
661 700 566 823 19 83 106 405 3 6 204 41
662 84 372 115 115 18 223 17 233 546 615 460
663 137 209 233 252 210 365 7 511 949 949 131
664 84 443 725 370 333 28 655 482 437 437 170
665 175 685 665 272 21 82 121 420 163 420 404
666 141 293 525 332 7 666 161 107 128 28 87
667 118 20 86 173 728 173 96 455 24 5 249
668 157 396 320 232 936 206 291 542 291 403 526
669 615 747 160 85 778 85 226 79 226 186 162
670 670 670 670 670 670 670 670 670 670 670 670
671 187 1 225 301 446 933 929 335 447 676 428
672 365 137 174 157 191 13 32 33 113 129 291
673 673 673 495 316 221 107 31 338 263 160 116
674 565 674 504 301 189 941 189 509 190 189 17
675 675 675 675 675 675 675 675 675 675 675 675
676 447 273 216 69 188 518 362 365 489 129 615
677 199 204 820 142 812 520 208 815 194 859 64
678 627 678 92 818 62 152 41 95 6 204 94
679 971 570 264 608 265 608 754 141 213 266 500
680 380 385 389 377 368 82 508 325 13 371 351
681 350 204 377 149 179 149 64 498 421 38 30
682 681 350 343 157 157 398 295 210 252 48 367
683 131 271 256 412 164 424 15 209 963 242 242
684 684 684 684 684 684 684 684 684 684 684 684
685 698 481 137 249 506 765 358 573 573 11 360
686 86 572 563 563 464 847 847 263 527 64 300
687 404 937 64 815 80 356 160 4 162 163 17
688 543 689 543 280 292 176 344 814 52 814 58
689 198 128 607 393 83 820 412 164 272 274 15
690 21 68 494 480 166 441 473 296 295 391 380
691 691 691 691 691 691 691 691 691 691 691 691
692 130 130 342 352 206 203 291 493 62 811 77
693 366 86 100 640 353 640 185 709 404 687 185
694 129 270 280 706 290 531 173 777 723 538 723
695 424 87 642 513 355 170 303 304 256 412 520
696 17 366 290 106 489 21 212 233 254 441 707
697 321 376 397 458 172 482 74 905 309 872 232
698 131 366 109 51 486 169 62 859 183 418 184
699 913 525 247 566 421 488 141 499 19 550 21
700 11 720 555 7 720 266 441 8 12 452 359
701 462 411 333 171 172 820 544 105 105 145 303
702 932 81 106 128 87 353 486 820 412 54 812
703 703 703 703 703 703 703 703 703 703 703 703
704 704 107 258 105 173 728 10 21 13 271 411
705 232 231 434 83 420 244 210 355 169 816 816
706 124 708 107 44 19 11 209 62 142 44 42
707 602 61 388 249 128 607 81 564 480 329 129
708 353 768 434 229 39 437 116 437 290 843 290
709 185 404 173 723 551 299 473 189 312 494 62
710 299 81 375 62 377 312 420 30 420 304 57
711 711 711 711 711 711 711 711 711 711 711 711
712 4 145 591 142 223 74 495 296 21 355 371
713 69 190 160 15 429 301 183 165 128 179 741
714 129 544 81 83 106 154 154 106 340 932 20
715 21 489 5 809 138 58 142 128 105 154 474
716 716 716 5 902 5 333 366 387 182 250 741
717 160 18 366 82 74 221 310 221 116 464 464
718 305 281 6 79 497 170 753 491 816 548 607
719 121 432 71 217 431 17 378 182 182 181 95
720 406 407 93 51 232 971 423 444 333 113 245
721 721 721 229 86 177 629 177 223 495 114 129
722 28 81 169 548 256 333 89 933 592 461 429
723 126 6 379 316 74 366 166 431 84 75 253
724 160 166 520 685 63 6 237 237 932 131 455
725 165 220 434 550 549 248 309 317 85 307 65
726 160 859 183 695 211 932 490 42 188 129 121
727 84 142 143 86 353 99 100 404 494 84 162
728 21 560 19 360 754 44 498 58 803 59 685
729 44 11 420 180 162 163 249 129 107 310 445
730 62 249 671 106 90 91 474 469 474 13 444
731 731 731 731 731 731 731 731 731 731 731 731
732 732 732 732 732 732 732 732 732 732 732 732
733 327 327 128 214 342 296 607 365 293 19 421
734 172 30 34 28 339 261 48 75 96 169 249
735 448 448 461 592 38 474 42 41 121 255 405
736 160 169 753 165 438 330 556 464 822 464 450
737 737 737 737 737 271 518 187 667 81 252 66
738 5 308 182 396 157 489 21 486 486 426 245
739 155 173 254 283 263 114 249 141 438 129 93
740 51 375 889 828 145 81 161 81 58 5 201
741 250 320 232 266 500 501 569 12 166 209 209
742 614 613 619 56 126 586 285 379 377 392 182
743 102 5 135 251 27 38 321 390 409 140 322
744 744 744 744 744 744 744 744 744 744 744 744
745 221 480 62 371 641 212 128 900 822 86 31
746 746 746 746 746 746 746 746 746 746 746 746
747 667 118 549 221 403 291 133 51 445 424 30
748 62 41 206 277 342 157 380 101 300 173 96
749 284 180 621 425 513 652 329 671 747 107 254
750 88 183 714 450 493 62 15 405 519 435 616
751 820 153 23 546 859 254 283 4 162 389 397
752 65 639 158 233 212 145 58 155 377 656 177
753 470 455 338 199 197 593 205 14 1000 232 939
754 359 141 5 100 301 423 48 976 417 114 39
755 211 389 611 211 928 211 424 151 427 40 753
756 227 405 249 44 133 361 96 469 469 258 38
757 757 980 13 349 320 60 157 489 212 408 89
758 91 89 482 521 134 134 173 333 13 351 160
759 121 550 434 21 105 612 233 366 17 459 187
760 15 274 45 828 5 990 281 285 59 949 809
761 393 153 256 41 47 483 47 107 44 86 105
762 516 192 2 2 283 280 278 199 65 169 256
763 5 931 5 21 728 92 818 65 290 107 214
764 331 73 309 120 0 65 840 285 62 210 295
765 44 951 141 358 266 466 912 765 9 213 44
766 521 134 598 482 554 419 300 128 167 199 908
767 82 377 659 377 150 541 209 518 371 155 215
768 371 828 5 362 86 963 131 532 17 431 17
769 62 249 12 161 141 451 487 498 430 8 358
770 353 160 509 513 218 219 121 371 405 169 263
771 145 427 151 35 86 963 615 253 166 55 949
772 772 772 772 772 772 772 772 772 772 772 772
773 405 892 28 31 256 362 28 27 25 133 531
774 285 552 520 195 286 59 586 2 564 126 2
775 560 336 92 426 245 165 437 169 229 721 30
776 95 94 198 129 19 430 62 459 86 83 128
777 200 94 351 346 133 134 64 820 974 918 14
778 549 418 183 859 963 404 87 820 443 423 442
779 146 177 232 705 705 705 232 575 232 232 265
780 84 318 84 272 273 579 334 335 269 84 112
781 537 259 20 260 260 248 17 467 17 532 107
782 82 20 420 337 424 160 201 249 129 308 379
783 654 154 83 121 424 172 482 437 25 459 248
784 784 411 455 485 442 113 976 527 318 725 339
785 23 40 160 501 500 374 406 407 466 525 9
786 166 44 805 358 8 430 6 3 859 971 284
787 21 365 607 222 142 81 544 544 107 16 222
788 717 717 295 172 167 182 378 103 394 295 377
789 278 365 187 300 489 365 513 229 183 434 290
790 544 544 82 128 14 172 13 302 5 100 323
791 623 313 215 128 81 494 529 487 496 141 365
792 121 252 812 859 131 683 57 240 11 420 283
793 206 908 128 52 221 256 221 224 17 223 117
794 322 933 335 334 448 140 448 272 462 272 812
795 417 361 151 35 655 75 437 38 409 305 815
796 353 365 212 226 121 201 249 950 963 131 160
797 14 556 232 525 500 501 569 452 502 452 971
798 798 798 798 798 798 798 798 798 798 798 798
799 166 405 145 283 392 528 191 903 262 903 262
800 533 663 137 56 211 290 892 44 549 287 494
801 820 955 820 21 405 78 340 434 170 31 28
802 256 283 577 518 460 170 537 397 537 53 103
803 546 233 83 368 434 518 371 183 91 89 437
804 565 9 754 44 550 747 663 68 62 83 591
805 487 332 971 190 329 83 481 132 258 831 258
806 89 3 256 226 165 47 41 282 80 747 971
807 132 6 411 183 63 158 166 493 65 94 350
808 808 808 808 808 808 808 808 808 808 808 808
809 738 195 63 211 434 258 932 77 445 139 446
810 393 295 317 248 268 340 226 160 171 470 170
811 340 268 84 533 303 859 162 212 7 452 161
812 273 272 710 509 710 509 546 212 105 129 694
813 623 813 168 83 142 58 366 131 249 145 434
814 262 215 434 401 562 377 393 153 212 508 679
815 880 57 57 3 239 238 412 698 271 366 83
816 548 152 84 553 86 840 13 170 470 980 980
817 543 478 282 411 285 209 235 96 333 355 142
818 65 581 204 93 450 409 51 121 306 723 546
819 422 153 115 336 116 118 748 182 296 42 23
820 581 533 590 299 81 222 189 69 715 21 152
821 160 393 162 184 253 333 318 482 482 218 308
822 53 103 377 379 16 153 393 381 948 381 342
823 19 525 358 707 498 11 44 142 366 131 305
824 191 601 64 2 160 641 424 31 438 437 115
825 733 420 607 460 117 409 316 309 0 177 656
826 6 430 360 441 608 61 160 371 518 490 121
827 506 64 95 155 333 2 635 520 208 809 56
828 5 323 404 643 48 417 795 417 339 35 878
829 290 211 210 174 166 178 344 156 13 87 121
830 452 608 565 12 661 121 41 51 64 665 6
831 258 108 13 748 129 371 209 155 221 312 255
832 859 132 89 515 280 53 199 288 218 307 218
833 833 249 161 141 359 265 856 856 466 5 6
834 107 338 409 51 114 411 604 411 537 14 53
835 493 292 515 817 813 434 19 549 550 69 671
836 836 836 813 585 600 458 647 82 366 445 301
837 107 183 44 441 11 525 293 374 166 61 301
838 45 210 236 86 189 627 549 287 509 969 509
839 191 824 191 903 262 344 176 113 280 232 64
840 129 343 343 160 786 206 65 334 448 139 273
841 368 440 226 300 11 64 5 931 927 963 237
842 96 867 96 423 442 417 417 976 443 96 470
843 567 567 425 86 259 695 147 83 243 234 533
844 133 129 493 172 114 208 194 137 59 281 137
845 183 145 239 3 195 803 194 373 964 23 27
846 605 414 697 5 489 489 132 243 235 210 271
847 96 170 987 339 860 135 40 75 76 5 102
848 340 212 303 59 520 22 258 454 82 422 153
849 849 849 849 63 272 13 15 162 133 283 577
850 546 105 212 131 271 333 114 165 32 654 186
851 350 345 180 148 179 62 19 661 211 705 232
852 415 86 586 63 6 323 662 323 160 2 58
853 82 53 312 314 228 17 120 79 922 496 488
854 183 520 54 58 174 411 286 532 532 532 63
855 473 174 209 420 106 550 508 260 259 72 21
856 166 880 166 459 616 602 496 459 434 417 27
857 160 347 262 349 191 344 381 157 16 196 218
858 306 10 96 64 733 327 820 232 397 181 61
859 685 281 494 296 320 349 344 177 601 405 63
860 135 96 170 455 470 816 116 39 86 392 379
861 350 157 382 393 389 377 575 232 204 196 143
862 777 21 820 343 180 256 14 232 18 177 309
863 57 303 235 244 210 210 963 243 507 507 513
864 411 698 281 58 195 2 3 685 4 971 29
865 58 271 528 489 473 280 51 917 776 41 197
866 80 188 282 820 256 254 859 269 461 447 15
867 96 400 69 64 389 61 160 163 333 847 205
868 5 325 13 809 88 924 211 730 107 284 642
869 376 393 87 329 474 212 288 295 181 296 607
870 425 84 75 75 494 576 295 424 290 366 169
871 231 278 280 168 160 27 417 417 47 370 116
872 17 107 932 107 428 676 160 233 546 441 754
873 401 82 215 511 262 262 160 786 166 23 422
874 401 133 336 883 32 32 151 24 5 728 327
875 170 135 337 13 168 585 706 523 134 521 86
876 564 81 21 278 301 226 340 96 881 96 59
877 812 845 4 55 86 44 166 799 715 21 306
878 33 32 165 198 329 638 210 158 244 422 105
879 242 564 114 215 262 122 156 180 41 204 128
880 57 126 285 58 921 412 305 520 252 193 990
881 96 115 373 282 572 426 14 368 121 189 460
882 160 29 588 206 294 214 95 205 94 64 198
883 339 10 339 818 86 86 822 533 55 58 282
884 884 884 412 809 13 32 30 261 494 470 816
885 887 885 887 885 887 20 121 190 494 448 448
886 812 461 272 447 428 461 15 164 428 322 429
887 20 271 949 285 164 2 126 285 4 273 448
888 412 303 242 160 129 460 440 450 257 130 776
889 300 210 290 256 357 424 80 474 90 143 548
890 890 890 121 345 82 189 786 206 280 142 366
891 892 314 21 17 493 562 160 303 283 125 640
892 314 363 121 752 82 490 460 730 730 301 818
893 466 359 533 262 377 166 115 493 694 290 166
894 327 105 474 62 371 105 17 386 17 494 375
895 417 93 813 817 813 168 486 261 261 116 470
896 21 462 106 17 145 142 152 223 468 377 483
897 263 169 364 165 105 495 296 363 105 226 313
898 481 898 481 698 809 211 212 114 172 802 802
899 2 971 554 134 62 493 399 183 544 434 221
900 437 25 459 490 371 828 233 243 930 963 83
901 137 303 256 115 455 5 21 145 612 31 32
902 5 198 419 340 107 828 142 375 111 474 105
903 262 376 389 292 543 291 464 727 483 851 681
904 321 560 0 0 148 0 17 314 221 21 254
905 309 226 313 310 313 313 313 223 313 0 0
906 156 321 377 546 859 932 544 257 377 127 533
907 262 191 857 191 148 179 869 179 122 156 344
908 200 562 457 562 498 65 450 464 847 40 37
909 87 438 26 30 44 672 506 332 500 699 499
910 65 366 440 515 813 413 493 817 544 121 35
911 81 367 48 165 533 333 105 255 189 117 117
912 765 498 332 407 374 502 9 487 332 9 487
913 922 922 205 908 822 953 822 922 822 494 407
914 28 35 282 4 859 243 931 963 244 252 412
915 38 421 452 451 452 498 247 498 738 305 16
916 414 479 479 381 180 178 180 83 101 380 103
917 201 167 280 294 342 107 400 173 494 690 107
918 200 41 47 455 115 165 249 137 880 58 132
919 89 63 803 195 195 192 271 20 560 19 19
920 230 898 481 3 880 286 183 480 550 212 128
921 6 56 194 803 4 252 285 532 107 82 158
922 922 14 270 160 748 107 481 950 77 121 748
923 723 825 306 366 62 154 546 206 575 167 434
924 303 252 369 304 16 105 366 44 114 30 27
925 89 271 55 6 486 29 420 340 342 533 285
926 301 368 160 828 612 147 460 347 262 278 301
927 926 234 233 434 191 851 157 155 546 546 404
928 211 96 115 48 492 510 510 525 7 498 61
929 15 533 32 29 301 473 190 108 69 508 550
930 301 216 446 15 174 195 305 57 285 142 41
931 234 533 473 30 41 136 437 436 437 136 251
932 531 365 222 560 363 249 530 161 441 86 37
933 45 15 216 592 321 560 48 38 547 48 678
934 268 215 103 201 133 844 133 545 165 105 347
935 936 130 776 14 128 340 934 549 549 212 106
936 231 526 813 403 426 518 105 173 129 80 287
937 100 100 820 486 115 302 238 176 177 312 300
938 611 450 413 450 232 284 157 378 61 103 104
939 232 275 226 223 183 107 726 189 911 81 518
940 128 133 29 590 32 13 352 351 122 150 379
941 189 1 549 779 549 160 230 230 230 121 154
942 95 123 96 164 395 250 104 60 250 321 179
943 295 320 628 394 61 321 181 388 296 719 296
944 748 793 613 613 537 53 167 218 17 145 142
945 327 327 400 86 117 160 400 411 537 21 551
946 641 669 5 141 332 213 487 451 569 264 707
947 394 295 250 157 103 64 165 533 679 13 23
948 381 179 82 63 473 25 339 167 203 83 365
949 131 271 183 168 47 333 533 252 236 240 211
950 754 9 707 913 183 81 20 728 885 728 411
951 525 573 8 452 608 359 466 5 900 822 563
952 69 160 69 477 375 64 482 74 73 316 121
953 900 953 40 438 438 470 261 116 725 165 133
954 518 252 304 256 490 932 46 28 339 10 36
955 936 204 141 141 12 160 19 700 661 11 956
956 426 840 129 11 359 504 506 672 8 12 570
957 265 466 12 823 9 754 141 451 452 466 971
958 962 958 962 325 10 142 100 640 638 896 303
959 377 231 655 167 205 557 232 280 14 181 379
960 377 393 394 157 150 181 379 395 387 61 368
961 377 65 169 251 338 256 132 142 559 283 132
962 325 173 400 173 223 173 68 663 81 550 549
963 242 963 963 86 95 167 296 434 828 5 234
964 23 546 184 106 169 283 820 87 974 917 207
965 936 290 620 620 86 445 254 345 186 144 434
966 21 365 451 161 661 700 498 707 247 525 141
967 44 11 90 477 469 375 111 258 421 765 506
968 184 480 80 375 258 199 196 196 918 197 41
969 509 513 229 48 444 981 442 333 114 486 28
970 128 405 355 518 422 212 255 366 445 581 65
971 26 251 123 95 122 150 388 157 103 122 179
972 509 260 69 952 509 434 63 89 285 303 28
973 971 466 86 23 116 73 309 183 64 171 41
974 917 205 51 51 93 78 539 380 377 382 377
975 971 108 143 820 365 183 353 592 760 546 518
976 245 365 223 223 480 80 508 582 473 28 339
977 209 420 188 971 467 106 690 74 498 720 324
978 115 165 249 23 26 654 217 432 162 160 856
979 106 230 283 166 373 86 170 160 141 420 165
980 427 105 362 160 440 365 489 489 21 365 338
981 47 114 263 169 114 486 486 128 35 36 23
982 137 183 35 40 171 339 337 170 114 365 401
983 114 426 172 62 818 189 550 249 401 276 426
984 153 859 886 366 440 264 499 19 160 187 405
985 376 18 295 376 160 59 619 89 809 305 211
986 411 212 147 145 771 64 271 411 671 551 723
987 169 96 867 134 340 438 562 380 166 191 351
988 24 32 654 249 166 93 409 318 107 459 717
989 329 357 108 67 108 409 207 197 197 908 128
990 194 587 234 366 169 531 932 210 926 927 242
991 412 81 300 97 300 444 847 263 121 404 153
992 129 542 401 971 336 92 373 411 305 210 106
993 408 3 137 208 57 412 803 1001 826 832 145
994 6 63 115 455 411 303 4 56 286 6 544
995 712 401 870 425 493 168 47 455 847 455 919
996 12 569 249 365 63 408 420 318 333 171 113
997 953 997 24 997 24 23 588 26 32 93 13
998 65 581 5 195 3 252 169 137 211 84 336
999 145 239 158 930 208 210 243 64 326 96 442
1000 166 576 82 641 641 424 366 812 971 566 608
1001 6 195 193 826 4 57 408 285 990 1001 6
1002 560 474 13 322 334 592 461 624 21 1 316
1003 258 253 212 152 132 859 243 820 751 51 201
1004 55 5 690 107 306 329 62 375 91 758 288
0 103 123 820 232
1 121 462 462 256
2 803 59 5 191
3 412 888 412 859
4 160 51 740 252
5 820 615 453 255
6 296 215 560 474
7 5 379 182 103
8 502 504 504 856
9 971 251 170 367
10 777 535 554 777
11 661 420 474 560
12 161 496 487 466
13 748 283 362 420
14 221 160 506 332
15 533 483 533 667
16 221 121 27 62
17 282 218 95 280
18 365 490 87 326
19 86 623 86 145
20 885 106 145 269
21 326 318 256 145
22 11 430 7 265
23 785 23 40 361
24 34 29 339 338
25 654 24 494 225
26 590 165 36 21
27 251 417 258 183
28 46 429 124 708
29 590 34 40 964
30 28 105 190 509
31 23 151 48 66
32 372 107 214 284
33 113 438 423 485
34 24 33 30 129
35 151 816 437 337
36 29 459 537 607
37 127 613 613 619
38 23 417 925 455
39 229 37 24 64
40 165 212 160 417
41 180 345 483 851
42 249 438 74 309
43 324 44 82 215
44 504 301 362 249
45 405 355 546 62
46 139 424 326 306
47 370 27 339 464
48 252 369 630 303
49 643 48 76 96
50 643 17 671 471
51 79 13 450 105
52 103 14 706 14
53 922 205 167 128
54 56 610 472 610
55 698 698 685 949
56 56 685 58 154
57 126 411 194 6
58 865 194 57 809
59 520 859 87 518
60 390 390 756 183
61 52 377 458 83
62 41 136 89 515
63 162 181 291 464
64 229 560 229 721
65 791 401 791 425
66 258 143 478 442
67 108 301 171 847
68 550 508 663 375
69 64 116 443 114
70 433 434 393 421
71 612 311 424 115
72 106 560 229 64
73 215 105 243 237
74 17 315 495 223
75 494 305 54 88
76 263 30 44 11
77 932 820 544 129
78 420 458 64 57
79 152 186 492 64
80 340 217 812 990
81 375 405 758 223
82 329 106 253 121
83 21 118 21 728
84 835 425 705 211
85 151 27 62 662
86 28 249 434 421
87 28 419 82 173
88 924 303 96 96
89 88 210 21 296
90 106 490 63 533
91 108 473 473 298
92 137 59 520 3
93 563 14 86 467
94 515 450 280 270
95 214 176 611 5
96 236 83 333 76
97 323 102 101 185
98 64 456 405 856
99 434 14 221 549
100 935 100 300 142
101 185 768 434 114
102 192 832 2 896
103 64 282 441 19
104 379 398 157 381
105 654 87 131 532
106 1 128 5 207
107 541 420 137 174
108 81 667 6 284
109 366 109 51 121
110 258 356 91 474
111 478 474 107 319
112 469 108 67 549
113 106 363 329 410
114 183 64 168 275
115 644 349 148 148
116 118 409 38 34
117 252 932 147 233
118 300 194 300 108
119 455 171 160 395
120 74 310 1 155
121 518 434 203 206
122 156 232 707 570
123 95 200 413 515
124 404 404 107 662
125 353 183 424 405
126 4 285 132 160
127 259 74 67 189
128 64 389 181 384
129 106 641 946 641
130 425 543 82 549
131 281 13 327 306
132 2 3 303 88
133 11 804 608 265
134 5 820 412 434
135 443 135 160 117
136 336 93 176 318
137 408 412 56 718
138 57 949 56 137
139 335 592 908 204
140 174 3 81 710
141 499 61 872 232
142 480 601 812 174
143 325 143 172 734
144 186 254 174 473
145 21 400 336 41
146 226 142 483 214
147 105 256 282 820
148 377 189 62 518
149 64 181 377 468
150 295 395 908 128
151 35 129 165 443
152 142 46 83 84
153 427 261 753 753
154 932 671 549 508
155 105 86 153 252
156 13 900 251 914
157 231 53 486 172
158 405 480 74 121
159 249 256 748 748
160 326 538 326 10
161 358 498 86 31
162 283 87 371 288
163 459 218 95 167
164 140 272 290 79
165 364 21 551 434
166 880 6 299 6
167 257 401 873 401
168 399 493 458 377
169 914 531 300 283
170 490 419 249 121
171 361 438 261 75
172 60 215 211 604
173 282 16 81 356
174 21 647 420 509
175 665 886 366 255
176 413 65 568 130
177 94 207 198 206
178 275 226 282 221
179 122 103 395 390
180 179 60 167 198
181 383 157 52 397
182 321 396 308 494
183 303 263 30 473
184 434 280 114 212
185 618 353 434 490
186 856 707 525 44
187 365 564 365 210
188 459 86 19 324
189 17 73 707 61
190 299 549 309 495
191 351 303 423 121
192 58 256 46 140
193 845 408 489 212
194 193 192 2 13
195 286 209 63 160
196 198 485 976 485
197 601 238 758 238
198 51 29 183 165
199 207 172 180 172
200 198 128 667 161
201 395 296 393 212
202 201 908 593 197
203 231 74 220 377
204 232 499 358 407
205 128 940 93 458
206 231 624 21 296
207 343 343 278 149
208 174 366 812 826
209 11 720 406 501
210 183 95 205 204
211 55 211 586 408
212 393 295 215 18
213 264 9 141 569
214 483 167 284 296
215 283 5 230 230
216 428 579 929 335
217 84 492 256 128
218 420 7 700 570
219 232 178 656 344
220 17 297 74 460
221 224 17 146 316
222 467 460 663 460
223 121 223 311 905
224 221 218 316 726
225 459 19 107 35
226 106 189 434 338
227 254 254 174 281
228 82 410 356 106
229 387 667 161 141
230 62 666 19 61
231 656 178 440 413
232 971 196 196 167
233 242 242 241 592
234 114 283 153 83
235 209 16 489 64
236 155 58 254 493
237 241 238 930 930
238 62 285 129 41
239 3 137 166 347
240 236 107 141 86
241 232 115 615 155
242 963 932 211 338
243 820 169 16 209
244 238 302 419 12
245 370 115 160 346
246 247 7 754 441
247 566 573 452 11
248 142 283 145 462
249 21 308 16 518
250 60 214 176 450
251 30 27 32 35
252 105 506 362 82
253 333 142 124 125
254 147 513 518 434
255 424 495 290 183
256 552 195 552 13
257 291 168 543 168
258 16 305 718 56
259 89 520 59 286
260 20 28 914 914
261 437 900 438 987
262 148 225 222 560
263 114 48 370 40
264 533 105 601 82
265 407 44 833 7
266 324 558 451 265
267 466 160 573 7
268 549 678 48 333
269 533 493 563 464
270 129 14 434 365
271 63 209 121 191
272 273 272 186 186
273 164 2 13 36
274 272 273 46 106
275 276 276 275 426
276 275 160 145 300
277 191 601 333 493
278 160 410 329 671
279 279 106 695 597
280 289 277 206 776
281 738 271 271 552
282 726 107 459 225
283 226 696 222 64
284 160 448 447 46
285 401 183 913 707
286 126 2 845 56
287 494 305 738 271
288 218 204 936 936
289 280 515 381 344
290 121 531 114 443
291 291 420 28 420
292 426 133 120 74
293 506 7 500 506
294 280 486 106 283
295 179 397 389 283
296 105 252 235 96
297 49 87 62 172
298 301 263 426 568
299 968 968 299 299
300 434 46 28 30
301 856 62 478 84
302 160 171 41 202
303 371 97 354 125
304 411 303 96 474
305 211 45 812 83
306 5 728 400 327
307 872 307 206 201
308 411 96 816 548
309 268 295 150 60
310 222 495 114 340
311 74 188 508 473
312 74 21 166 153
313 74 85 467 86
314 107 417 171 160
315 695 129 346 291
316 465 465 14 389
317 485 73 498 232
318 36 86 203 62
319 235 158 174 371
320 379 388 387 60
321 391 426 391 295
322 15 62 447 62
323 102 300 269 301
324 65 130 180 644
325 306 5 437 169
326 86 426 206 197
327 325 82 58 533
328 494 107 434 258
329 477 375 455 135
330 74 188 42 19
331 177 5 128 133
332 358 459 560 75
333 601 238 930 234
334 933 45 274 272
335 274 678 274 45
336 13 33 438 361
337 367 283 252 302
338 165 280 60 342
339 115 16 642 82
340 777 134 6 55
341 248 366 249 152
342 493 280 424 783
343 183 714 562 183
344 177 220 223 459
345 352 178 53 52
346 157 376 985 376
347 122 180 381 515
348 342 129 623 202
349 5 117 66 64
350 572 129 212 576
351 105 384 157 295
352 483 342 173 155
353 662 371 209 601
354 323 708 100 51
355 46 82 548 405
356 671 187 434 411
357 112 84 598 84
358 264 160 17 340
359 421 448 335 15
360 105 351 210 290
361 437 48 263 424
362 430 971 412 404
363 152 254 345 157
364 169 137 164 334
365 226 107 489 210
366 310 932 23 367
367 363 121 726 152
368 83 557 205 908
369 252 234 234 269
370 26 339 427 438
371 360 371 3 208
372 42 226 232 5
373 528 392 157 368
374 44 362 15 175
375 183 655 470 971
376 654 288 58 193
377 378 385 378 390
378 491 168 280 282
379 64 482 553 598
380 440 818 533 461
381 149 150 60 103
382 295 250 103 103
383 383 377 393 386
384 363 215 23 62
385 377 294 342 284
386 393 166 64 434
387 385 82 372 107
388 160 464 523 493
389 341 316 253 237
390 392 379 384 495
391 381 380 562 275
392 528 528 191 601
393 384 379 392 104
394 182 392 379 397
395 295 162 512 160
396 182 150 473 582
397 632 376 18 166
398 295 434 187 1
399 450 542 183 474
400 105 163 212 296
401 870 65 92 260
402 258 22 21 96
403 426 426 486 537
404 154 422 272 461
405 245 40 917 204
406 332 359 267 700
407 265 661 452 529
408 193 832 2 408
409 207 908 204 196
410 62 856 105 450
411 400 327 259 72
412 81 46 548 121
413 450 128 63 54
414 697 321 232 156
415 697 414 479 275
416 971 569 707 359
417 370 116 280 95
418 129 346 13 2
419 226 483 340 179
420 666 160 589 155
421 434 210 107 395
422 533 94 917 40
423 160 821 163 333
424 31 115 812 601
425 714 426 403 473
426 183 88 58 424
427 427 460 328 375
428 272 334 269 428
429 269 121 77 62
430 14 563 82 74
431 166 320 320 389
432 84 494 121 492
433 434 159 160 468
434 35 86 105 859
435 163 166 23 494
436 115 147 105 249
437 336 136 115 165
438 333 320 181 176
439 115 283 153 493
440 14 426 160 57
441 649 84 250 60
442 478 424 527 48
443 48 211 11 5
444 971 8 160 152
445 86 94 350 178
446 15 533 359 569
447 440 275 200 581
448 409 51 27 917
449 414 645 414 916
450 714 121 355 62
451 558 84 160 29
452 502 661 570 19
453 254 21 211 15
454 62 35 151 31
455 976 547 361 318
456 64 103 211 194
457 86 86 400 183
458 623 84 244 159
459 25 409 292 493
460 473 460 615 129
461 447 273 83 209
462 411 597 301 29
463 462 419 356 478
464 338 564 114 290
465 549 189 155 377
466 11 420 269 820
467 107 366 74 259
468 419 129 11 161
469 96 437 438 367
470 119 427 443 409
471 671 188 69 713
472 610 420 283 388
473 299 69 80 183
474 258 474 68 160
475 300 173 87 615
476 474 476 13 83
477 469 5 89 158
478 375 13 590 40
479 381 344 377 388
480 69 362 256 419
481 96 325 173 114
482 165 256 114 932
483 61 537 231 53
484 86 494 287 106
485 263 686 114 220
486 51 13 197 457
487 487 529 166 242
488 529 913 560 341
489 6 275 368 395
490 106 582 971 8
491 491 168 167 515
492 615 253 259 695
493 153 166 950 303
494 84 492 212 256
495 641 946 641 163
496 141 44 967 504
497 811 340 521 134
498 178 342 160 799
499 466 500 332 608
500 569 44 16 211
501 232 575 342 284
502 301 168 166 1000
503 407 525 699 332
504 569 430 565 324
505 43 505 502 505
506 674 430 11 430
507 85 309 73 0
508 550 160 453 107
509 420 78 13 489
510 525 65 51 118
511 215 20 467 62
512 162 31 254 254
513 906 533 498 569
514 328 514 375 211
515 206 128 116 171
516 743 743 516 408
517 411 88 285 174
518 223 655 35 39
519 222 316 420 464
520 859 194 194 865
521 766 340 450 257
522 563 572 64 141
523 387 388 296 107
524 72 21 214 345
525 332 9 823 823
526 290 108 405 856
527 424 139 129 600
528 5 306 256 170
529 452 358 530 358
530 293 8 213 700
531 173 327 20 187
532 532 211 430 62
533 115 387 384 295
534 440 440 160 308
535 482 228 495 155
536 259 777 69 362
537 231 214 124 354
538 733 723 923 723
539 160 162 71 432
540 121 179 149 150
541 82 180 343 129
542 440 320 166 163
543 65 172 486 410
544 84 254 255 419
545 255 42 309 316
546 604 57 194 586
547 87 63 826 59
548 491 168 128 365
549 74 231 60 420
550 189 255 355 211
551 679 663 188 710
552 126 63 81 486
553 554 482 419 450
554 971 457 840 129
555 44 407 7 502
556 483 483 219 74
557 83 373 82 63
558 213 951 141 44
559 518 188 473 495
560 29 590 34 28
561 462 145 474 112
562 457 533 105 147
563 82 752 82 340
564 638 495 227 82
565 804 720 213 12
566 452 566 7 546
567 567 567 843 567
568 401 526 121 353
569 105 327 11 666
570 8 502 502 374
571 3 138 409 418
572 533 154 422 333
573 12 666 951 951
574 65 294 346 342
575 149 179 249 464
576 129 107 290 184
577 363 256 187 316
578 577 249 252 281
579 46 533 141 306
580 580 580 580 580
581 205 86 201 121
582 582 211 16 183
583 521 134 372 58
584 272 617 448 164
585 84 729 141 81
586 83 340 333 441
587 2 323 192 408
588 29 5 351 5
589 459 490 473 113
590 28 128 35 590
591 107 230 533 483
592 124 335 334 447
593 917 557 129 28
594 283 174 54 552
595 52 820 482 79
596 597 411 271 145
597 58 921 859 212
598 84 244 615 412
599 211 364 152 87
600 600 168 275 232
601 404 87 253 459
602 700 19 525 232
603 414 479 381 320
604 305 683 281 303
605 414 603 414 603
606 495 169 914 531
607 490 405 480 509
608 264 7 674 754
609 24 169 115 533
610 472 453 84 70
611 66 48 212 233
612 71 393 152 548
613 243 243 507 243
614 614 106 979 1
615 121 441 362 15
616 602 602 466 406
617 448 592 216 69
618 617 272 271 64
619 57 96 173 134
620 290 210 303 371
621 160 726 189 537
622 238 412 55 2
623 813 129 296 392
624 420 211 254 114
625 4 282 311 106
626 87 131 2 55
627 678 747 105 329
628 394 389 379 296
629 316 0 309 42
630 369 88 142 160
631 159 931 243 930
632 632 719 397 380
633 633 633 633 633
634 634 634 634 634
635 126 285 96 400
636 636 636 211 333
637 234 654 234 587
638 340 74 330 64
639 234 283 371 288
640 323 3 685 56
641 748 932 489 211
642 82 282 572 167
643 17 73 17 341
644 644 296 388 104
645 231 191 156 191
646 646 211 126 405
647 420 254 46 15
648 648 648 648 648
649 84 71 50 162
650 215 248 330 73
651 427 42 128 114
652 419 848 419 642
653 653 653 653 653
654 217 71 71 209
655 171 590 30 35
656 262 903 191 166
657 269 64 515 292
658 658 658 658 658
659 659 377 204 533
660 660 660 660 660
661 363 215 589 638
662 371 708 185 354
663 679 971 506 699
664 166 420 627 627
665 411 212 249 833
666 666 362 459 434
667 582 667 508 82
668 157 60 389 292
669 783 669 5 195
670 670 670 670 670
671 551 671 106 80
672 160 113 220 434
673 495 62 859 107
674 754 971 466 9
675 675 675 675 675
676 160 205 925 455
677 199 51 35 13
678 480 329 129 283
679 13 748 793 613
680 380 120 120 309
681 350 204 204 41
682 681 180 157 351
683 281 252 87 518
684 684 684 684 684
685 990 826 826 812
686 564 174 411 900
687 185 124 100 107
688 543 424 164 322
689 198 593 918 776
690 366 115 404 254
691 691 691 691 691
692 130 408 138 990
693 366 306 326 549
694 290 14 270 426
695 211 518 426 82
696 222 309 17 249
697 321 368 0 146
698 411 183 142 531
699 913 951 957 141
700 566 247 267 666
701 462 254 371 62
702 932 295 16 221
703 703 703 703 703
704 704 107 747 678
705 705 211 4 281
706 373 58 424 274
707 499 61 707 359
708 98 323 98 404
709 353 708 599 96
710 418 190 366 217
711 711 711 711 711
712 995 712 4 971
713 509 508 667 509
714 62 3 59 859
715 20 462 212 450
716 5 132 166 577
717 295 317 295 385
718 63 137 859 147
719 52 61 104 368
720 441 84 582 671
721 37 112 258 110
722 38 30 44 500
723 777 482 423 547
724 338 199 918 593
725 245 210 513 66
726 726 17 363 106
727 464 35 62 419
728 327 416 173 17
729 141 142 610 610
730 82 304 89 4
731 731 731 731 731
732 732 732 732 732
733 728 20 145 326
734 320 391 377 621
735 592 933 335 447
736 107 327 894 327
737 737 271 86 753
738 132 152 183 90
739 12 267 608 358
740 82 123 122 95
741 103 150 388 283
742 546 760 546 256
743 516 5 135 133
744 744 744 744 744
745 745 745 189 255
746 746 746 746 746
747 86 226 533 187
748 106 90 478 652
749 62 131 83 366
750 88 209 424 249
751 6 549 779 146
752 84 229 177 178
753 151 438 308 160
754 359 498 707 232
755 211 137 329 473
756 756 42 86 14
757 757 757 577 375
758 366 506 496 160
759 121 492 107 18
760 592 933 335 274
761 393 388 387 849
762 516 743 516 517
763 5 763 763 5
764 331 215 159 963
765 912 526 82 74
766 340 107 506 107
767 114 976 245 547
768 101 120 218 308
769 62 833 5 154
770 353 353 106 489
771 105 155 541 107
772 772 772 772 772
773 773 773 773 773
774 285 425 430 441
775 560 21 405 161
776 41 254 147 107
777 498 720 699 971
778 85 778 971 403
779 549 268 311 301
780 84 86 18 218
781 621 149 88 54
782 526 495 107 45
783 154 783 142 88
784 784 784 784 411
785 13 30 165 420
786 160 812 102 516
787 21 728 885 728
788 717 411 163 62
789 275 178 275 368
790 544 585 493 290
791 65 92 723 173
792 121 256 87 58
793 613 614 614 106
794 322 933 929 322
795 417 176 486 261
796 828 107 8 570
797 605 851 157 64
798 798 798 798 798
799 189 667 533 146
800 615 318 527 318
801 41 51 64 216
802 172 333 279 82
803 812 932 671 189
804 266 246 247 661
805 44 254 23 165
806 89 91 514 91
807 192 807 192 58
808 808 808 808 808
809 107 64 302 419
810 180 351 345 346
811 62 457 426 62
812 83 249 340 211
813 399 129 291 420
814 58 55 193 57
815 64 430 4 3
816 151 23 409 23
817 817 493 232 321
818 339 28 32 29
819 461 735 269 448
820 856 249 256 552
821 163 212 612 147
822 572 484 13 581
823 15 429 107 100
824 191 142 183 128
825 306 69 356 410
826 6 137 809 411
827 506 238 244 244
828 434 166 377 133
829 523 14 284 206
830 452 487 922 129
831 258 831 258 802
832 59 63 865 305
833 62 80 137 305
834 107 139 269 434
835 493 183 6 418
836 332 506 141 608
837 837 837 837 837
838 45 300 282 726
839 377 495 424 188
840 840 5 728 327
841 397 632 397 719
842 96 302 160 68
843 290 272 137 82
844 971 729 971 679
845 685 160 8 502
846 605 851 852 415
847 976 47 820 153
848 340 497 440 457
849 849 252 96 417
850 546 103 14 918
851 851 214 495 329
852 18 160 821 160
853 82 549 276 168
854 174 377 149 656
855 155 183 63 55
856 362 529 496 421
857 191 148 148 148
858 306 325 10 160
859 803 546 377 148
860 438 33 35 32
861 350 343 342 483
862 777 10 20 10
863 57 832 57 195
864 411 988 411 215
865 845 865 2 809
866 411 438 93 128
867 134 5 272 461
868 5 163 518 557
869 397 537 74 438
870 65 835 65 291
871 231 232 1 450
872 85 758 85 758
873 425 568 257 377
874 425 289 231 181
875 170 497 340 303
876 564 183 53 434
877 81 486 14 486
878 35 169 900 165
879 242 926 242 243
880 281 845 865 58
881 96 92 678 92
882 166 152 615 331
883 93 168 276 295
884 884 412 473 150
885 21 459 187 671
886 812 812 137 3
887 885 21 690 222
888 412 243 412 271
889 300 126 6 458
890 121 189 627 707
891 892 44 8 358
892 405 405 15 125
893 466 6 58 498
894 327 486 184 69
895 417 133 143 480
896 107 427 96 136
897 263 338 724 338
898 898 481 57 619
899 2 587 238 158
900 822 494 17 41
901 137 571 552 55
902 5 486 81 86
903 262 402 258 66
904 321 295 490 106
905 316 495 21 513
906 160 776 936 776
907 593 936 231 179
908 199 201 169 229
909 129 114 640 638
910 65 457 526 128
911 81 21 183 544
912 526 537 14 65
913 525 466 324 666
914 338 438 263 361
915 38 443 547 370
916 414 415 86 113
917 40 816 40 442
918 51 95 196 86
919 976 76 333 76
920 230 5 697 415
921 845 63 138 137
922 913 856 430 565
923 723 971 754 555
924 303 533 362 661
925 245 424 424 20
926 301 199 94 974
927 210 926 963 87
928 211 128 53 199
929 592 274 335 794
930 931 5 195 5
931 210 963 58 210
932 154 412 683 411
933 956 426 275 168
934 163 145 17 546
935 353 323 2 62
936 232 113 847 172
937 64 90 328 90
938 611 129 405 256
939 350 13 209 160
940 93 114 4 305
941 189 818 339 482
942 95 155 326 327
943 295 103 211 469
944 748 182 321 320
945 327 82 856 362
946 641 420 218 128
947 947 377 546 137
948 381 342 94 320
949 54 57 863 57
950 387 389 390 283
951 951 666 166 115
952 952 952 952 28
953 40 427 169 405
954 249 256 223 228
955 128 11 324 19
956 213 141 672 141
957 951 360 549 299
958 962 325 509 958
959 377 464 900 251
960 377 320 616 1
961 377 177 413 177
962 325 326 21 44
963 301 29 964 373
964 29 27 160 131
965 936 776 200 908
966 21 280 515 172
967 525 533 310 221
968 184 486 51 280
969 184 183 820 581
970 440 152 211 211
971 514 478 477 477
972 913 699 9 265
973 971 805 44 246
974 94 350 593 142
975 971 63 137 82
976 76 5 420 311
977 209 518 283 560
978 860 339 33 39
979 1 317 314 165
980 13 118 651 546
981 547 87 513 170
982 137 408 520 58
983 114 981 417 114
984 66 338 365 314
985 376 283 169 333
986 411 516 195 411
987 115 336 93 176
988 411 303 4 826
989 329 652 163 62
990 65 320 333 516
991 520 408 473 6
992 992 129 489 210
993 408 520 22 21
994 6 665 107 173
995 712 995 712 401
996 12 7 452 649
997 953 590 32 31
998 65 129 184 166
999 145 474 375 21
1000 292 14 103 283
1001 6 481 59 880
1002 560 607 118 83
1003 258 421 86 184
1004 55 208 4 431
