0 222 748 121 393 254 180 615 153 932 31 39
1 280 62 736 107 597 756 74 73 485 84 404
2 494 305 84 244 810 301 581 13 581 77 82
3 114 338 114 971 184 546 80 64 171 470 96
4 286 249 80 303 249 362 5 243 237 241 234
5 74 259 73 313 317 307 872 307 314 301 168
6 563 584 272 271 272 5 859 254 932 856 186
7 608 213 533 499 43 44 405 212 77 82 191
8 823 15 162 253 373 508 105 215 400 64 489
9 266 0 560 913 972 913 44 43 569 249 421
10 326 86 145 180 278 256 474 469 474 87 303
11 183 203 196 16 170 470 367 115 232 413 426
12 86 510 504 494 113 38 421 430 65 600 129
13 278 106 223 655 114 13 351 5 859 366 859
14 289 425 705 401 285 86 212 63 54 132 371
15 274 340 226 223 282 371 254 474 434 21 409
16 196 143 42 298 42 183 152 458 789 275 526
17 146 368 14 283 153 301 121 426 86 326 155
18 14 14 291 257 231 278 13 450 257 130 377
19 293 141 666 161 504 699 602 61 503 61 14
20 537 74 313 295 388 164 16 269 256 191 166
21 82 53 215 89 96 66 513 652 478 83 154
22 35 38 437 290 82 427 443 455 442 113 932
23 24 27 33 438 141 360 549 799 166 577 366
24 35 878 27 721 30 114 363 21 221 14 12
25 133 93 143 357 249 258 375 258 160 776 204
26 34 545 133 93 93 204 198 202 206 205 593
27 722 28 40 816 40 725 486 53 103 283 282
28 254 932 82 420 291 93 78 160 140 448 424
29 39 37 38 579 269 87 303 89 159 215 218
30 51 917 200 434 100 117 117 170 987 816 151
31 143 405 187 80 271 211 45 322 45 142 145
32 654 58 166 139 461 269 164 15 404 160 237
33 31 28 41 21 253 249 243 239 243 305 13
34 116 135 30 160 512 366 114 919 40 48 643
35 31 427 474 42 163 652 333 318 107 165 844
36 25 588 24 5 420 230 920 435 65 362 488
37 96 442 423 417 367 81 166 79 531 420 115
38 29 560 1002 560 224 17 163 170 13 25 133
39 409 447 799 189 667 37 96 56 96 151 494
40 48 211 255 105 255 453 932 494 142 366 305
41 114 155 173 301 180 301 25 160 91 212 63
42 58 533 160 539 160 83 589 160 747 971 343
43 452 666 856 83 495 223 313 73 309 313 317
44 300 11 621 377 379 316 341 215 366 173 99
45 273 2 481 285 96 235 252 235 319 237 233
46 128 13 667 105 420 464 183 81 420 211 269
47 220 68 508 184 434 42 129 820 42 667 582
48 261 169 89 91 112 91 107 128 495 250 526
49 87 820 143 10 971 971 277 203 296 182 391
50 71 49 87 518 145 21 686 564 589 607 42
51 27 160 141 5 128 86 212 82 404 896 300
52 61 347 122 168 121 153 427 261 29 121 654
53 822 290 129 106 756 86 518 107 19 560 42
54 305 137 80 106 183 187 142 165 900 128 23
55 520 208 155 249 833 5 58 481 6 181 133
56 138 409 35 473 531 686 86 526 129 86 540
57 271 455 47 925 925 925 263 245 82 68 329
58 160 877 28 81 568 493 42 387 283 153 115
59 96 303 160 158 132 481 5 902 5 2 195
60 157 321 904 321 368 146 226 459 295 157 342
61 321 103 122 122 123 180 121 173 68 121 368
62 30 263 283 249 7 406 525 19 856 62 135
63 971 63 832 145 269 322 446 45 301 596 282
64 611 623 86 238 2 333 154 154 495 211 764
65 366 531 340 129 748 495 227 222 189 509 282
66 66 469 469 143 201 169 211 932 233 121 88
67 533 180 343 183 303 145 233 252 195 194 194
68 80 96 455 211 411 987 115 494 539 380 53
69 13 340 777 723 173 723 923 733 440 380 295
70 152 256 333 13 210 494 466 494 372 70 83
71 209 211 412 587 236 242 96 169 300 748 283
72 311 282 745 74 86 163 932 371 132 46 932
73 84 110 375 480 494 86 37 38 339 35 165
74 309 18 314 223 155 137 194 408 4 194 865
75 427 160 294 65 92 336 860 330 860 753 75
76 263 114 245 329 10 143 375 243 859 366 188
77 546 340 848 445 51 205 955 94 533 171 370
78 13 375 329 480 667 509 299 418 107 405 891
79 340 325 478 110 111 474 145 591 83 180 231
80 16 448 15 461 624 409 272 612 612 153 160
81 62 448 421 393 421 459 106 400 183 478 356
82 490 87 326 10 133 116 437 339 261 116 896
83 285 183 367 115 18 219 314 105 612 612 424
84 487 558 856 331 358 823 358 699 499 232 525
85 443 33 40 48 252 55 3 62 173 69 549
86 310 170 261 437 96 75 437 25 38 86 17
87 974 917 40 75 261 37 29 971 569 754 266
88 810 471 473 30 165 115 812 366 248 366 506
89 474 473 249 401 249 209 812 2 59 408 6
90 459 25 588 36 183 913 856 246 266 13 351
91 474 375 469 329 478 84 166 857 191 343 214
92 86 259 297 309 74 872 581 51 85 310 365
93 513 546 187 155 486 664 515 494 404 269 174
94 206 593 94 533 393 142 183 458 426 486 53
95 218 300 303 87 642 932 128 167 53 380 539
96 417 96 252 552 411 552 6 4 131 64 173
97 323 99 708 62 211 301 511 420 669 930 234
98 155 31 155 81 81 333 486 28 38 590 40
99 99 290 643 87 820 53 280 820 254 174 685
100 434 167 14 419 828 160 379 61 213 533 236
101 97 102 6 667 184 21 420 30 28 183 430
102 3 845 685 194 6 140 282 183 116 340 10
103 385 380 283 395 86 536 287 896 2 3 371
104 392 393 379 61 267 466 324 7 421 481 898
105 351 303 107 550 549 459 0 73 166 54 174
106 885 887 885 20 82 143 357 357 212 367 375
107 36 30 35 29 24 36 486 426 65 285 58
108 183 308 438 25 38 24 29 971 190 184 5
109 366 180 421 393 296 419 777 173 434 11 530
110 111 66 64 323 125 424 240 237 240 242 238
111 258 417 133 135 133 681 350 593 350 342 342
112 373 133 681 342 393 250 181 291 403 537 103
113 329 129 457 294 457 172 440 265 264 160 448
114 114 971 540 82 261 411 305 132 142 494 107
115 438 860 165 438 337 155 301 168 544 607 453
116 531 142 340 107 154 434 275 434 506 365 19
117 189 420 314 165 409 447 461 140 269 546 83
118 301 340 13 409 65 257 183 58 282 21 306
119 333 925 417 62 242 236 434 17 189 81 486
120 218 288 283 128 450 82 172 27 438 423 13
121 405 424 132 211 96 619 96 411 671 589 249
122 376 160 2 517 516 743 517 2 698 138 59
123 987 438 444 547 165 33 27 917 207 199 200
124 124 185 662 323 3 272 269 269 46 256 180
125 937 64 6 134 766 134 554 777 535 173 950
126 174 15 285 366 173 107 333 329 83 591 145
127 169 41 370 85 18 84 811 77 333 919 40
128 167 231 278 128 166 300 161 161 363 21 405
129 820 42 387 387 118 51 751 206 292 389 252
130 351 419 199 201 41 932 211 209 963 319 319
131 54 481 54 412 803 412 2 58 145 187 87
132 809 305 271 698 54 88 806 304 96 121 261
133 337 6 389 292 611 292 280 440 840 64 685
134 10 133 142 142 338 987 816 491 490 365 7
135 437 251 123 165 183 845 63 281 932 44 8
136 438 36 442 443 847 443 444 263 280 450 493
137 137 252 283 106 400 69 64 170 424 132 106
138 412 404 586 282 248 422 154 492 144 254 296
139 124 706 280 167 483 214 294 129 28 367 116
140 5 105 492 42 215 187 518 282 577 249 121
141 64 309 133 143 357 474 90 459 20 519 228
142 82 211 252 154 114 121 166 142 222 424 233
143 484 694 255 114 30 339 160 83 932 283 225
144 166 1000 292 129 405 828 64 730 107 367 263
145 404 353 160 256 424 269 371 121 255 82 62
146 0 309 221 312 218 340 497 419 113 168 413
147 145 404 323 64 281 412 138 880 157 851 483
148 280 64 199 203 820 254 367 438 562 413 143
149 575 206 205 160 557 445 51 133 362 496 5
150 215 905 74 330 223 330 556 113 171 13 135
151 113 280 47 263 86 546 233 237 209 599 208
152 107 769 62 90 375 13 730 231 655 261 160
153 17 546 367 363 255 152 283 493 403 537 52
154 249 12 161 161 249 160 81 549 550 306 113
155 153 422 105 160 292 611 278 495 473 471 434
156 179 397 60 368 14 196 201 231 60 376 160
157 156 349 347 258 802 256 173 107 41 254 859
158 159 210 234 283 314 872 232 52 719 157 53
159 243 105 367 16 518 351 371 662 353 98 99
160 19 49 152 84 598 340 10 271 859 147 115
161 249 162 31 84 558 569 739 155 877 184 129
162 295 317 85 142 756 142 143 133 155 486 611
163 612 340 282 255 17 82 393 395 83 292 232
164 535 340 473 412 820 167 917 557 77 539 78
165 41 136 135 165 847 40 27 29 28 29 36
166 172 128 200 198 290 283 61 381 515 14 312
167 572 493 62 90 86 563 706 373 194 132 87
168 829 290 405 304 303 896 142 210 269 474 115
169 137 88 129 106 73 106 614 742 614 614 742
170 419 221 177 905 316 255 434 212 269 45 271
171 444 333 5 0 148 0 313 17 253 282 434
172 655 419 493 17 431 217 886 859 408 96 470
173 64 209 121 338 420 318 420 211 698 59 59
174 809 138 409 108 67 108 13 474 96 340 166
175 137 166 424 283 28 34 588 37 40 427 422
176 450 186 654 288 434 589 564 480 69 434 572
177 64 440 434 69 189 312 85 1 979 170 170
178 0 74 85 53 61 60 394 320 593 196 971
179 280 114 892 290 114 640 64 131 738 481 286
180 84 399 401 457 172 333 847 423 114 252 252
181 95 6 168 93 135 75 84 492 42 309 133
182 181 155 215 155 101 100 820 183 326 121 357
183 568 276 276 426 440 206 201 160 690 106 187
184 710 508 82 368 375 424 15 164 164 695 227
185 709 404 45 45 932 812 685 252 269 932 86
186 186 31 33 38 35 51 85 226 105 255 932
187 145 145 404 546 145 393 376 104 389 6 149
188 42 405 211 730 211 424 474 112 356 107 393
189 519 459 42 333 253 405 184 5 76 455 361
190 473 747 612 173 126 812 366 506 64 198 41
191 903 191 348 342 199 95 167 450 568 457 568
192 826 859 137 298 246 141 246 141 555 44 332
193 990 65 160 717 215 197 207 183 58 84 560
194 305 683 131 212 364 433 434 159 241 238 64
195 809 211 338 27 261 29 34 38 321 392 296
196 14 389 104 160 610 235 159 233 236 233 433
197 205 922 14 486 426 93 361 417 183 159 244
198 229 37 37 127 435 616 1 52 53 420 141
199 83 424 337 27 172 64 372 366 690 690 671
200 380 376 182 213 602 699 358 560 224 224 74
201 64 173 549 779 146 147 249 531 405 169 65
202 623 791 65 366 950 166 58 422 269 139 160
203 168 424 82 486 201 203 495 17 312 256 222
204 176 181 395 376 104 320 376 182 351 575 167
205 908 820 106 771 64 108 477 477 66 514 66
206 200 198 41 546 87 473 549 661 362 820 198
207 95 60 381 180 156 381 60 947 377 947 181
208 4 971 4 55 949 281 303 21 363 187 249
209 543 494 90 477 90 91 514 971 893 466 374
210 243 235 209 16 128 206 167 918 14 226 282
211 54 89 412 105 360 360 452 161 451 7 510
212 69 141 5 249 18 62 179 149 575 178 231
213 529 44 406 501 176 417 47 444 442 370 113
214 207 409 325 82 41 136 135 27 32 883 336
215 81 419 607 42 249 218 196 143 196 908 593
216 274 340 483 556 280 93 464 420 647 685 63
217 132 411 5 789 275 276 276 168 840 562 840
218 268 282 441 533 616 459 519 465 786 786 160
219 342 262 376 295 250 150 390 60 381 156 232
220 165 547 333 455 442 455 113 160 512 162 71
221 21 20 306 128 155 351 495 155 150 150 60
222 314 218 248 17 313 73 309 549 316 549 480
223 218 420 5 763 763 763 763 5 445 139 461
224 17 83 121 278 262 278 681 82 540 82 290
225 222 400 68 550 160 321 301 216 269 929 322
226 232 556 280 64 212 364 169 329 42 190 13
227 215 347 231 196 201 107 36 183 400 215 211
228 450 142 591 107 4 193 990 826 809 738 54
229 536 184 68 64 57 859 194 803 252 211 258
230 5 379 103 0 215 73 707 267 267 264 65
231 342 231 466 510 499 358 499 501 406 501 232
232 263 442 423 892 128 256 115 232 457 197 143
233 239 4 126 55 194 815 520 54 132 89 107
234 86 37 261 48 115 87 393 396 61 296 179
235 209 210 235 930 921 63 520 54 412 271 949
236 63 63 635 2 859 990 685 13 56 56 174
237 253 405 183 257 425 90 328 560 106 212 211
238 210 351 180 284 180 148 401 183 129 128 483
239 63 854 82 730 301 52 53 394 179 381 61
240 57 243 411 318 86 261 169 135 75 437 25
241 236 162 482 339 113 338 170 900 123 170 497
242 879 242 106 607 81 16 46 255 546 233 82
243 963 209 42 492 107 226 82 183 93 40 38
244 420 155 115 370 41 581 51 51 205 51 198
245 76 981 527 96 263 438 365 129 142 783 424
246 298 246 247 661 700 247 566 666 666 452 360
247 525 86 222 227 932 106 142 280 572 563 522
248 309 311 301 423 361 114 35 35 116 367 39
249 183 20 121 118 21 326 424 147 155 333 652
250 61 64 375 96 444 96 24 34 37 151 29
251 116 340 922 856 82 20 536 287 80 490 491
252 404 640 100 592 274 678 549 779 146 81 509
253 106 473 327 13 93 168 122 156 320 868 320
254 44 114 158 599 96 304 599 209 58 105 607
255 145 121 649 421 332 358 266 565 266 441 754
256 221 215 400 215 589 638 55 57 532 17 726
257 401 873 425 4 803 1001 193 192 323 618 404
258 410 258 107 356 142 577 366 441 84 372 248
259 173 301 931 210 16 222 81 63 209 16 45
260 311 282 248 0 120 5 492 333 41 171 116
261 455 464 455 211 990 193 859 286 6 63 56
262 377 163 518 173 134 173 68 494 287 20 932
263 424 338 107 69 166 3 932 642 642 513 507
264 264 823 9 452 570 570 566 43 324 555 11
265 525 765 720 213 602 238 233 238 601 405 314
266 9 499 452 498 360 452 566 8 566 452 8
267 265 265 555 466 5 374 505 406 11 661 549
268 405 63 57 302 302 809 826 408 212 17 166
269 164 929 15 428 409 169 33 409 21 129 363
270 160 820 327 728 260 89 252 84 39 151 261
271 57 4 102 743 743 517 411 96 442 443 41
272 513 66 64 183 426 130 692 130 284 749 820
273 46 106 373 166 54 665 212 128 82 357 301
274 428 812 448 140 160 559 258 66 661 823 9
275 493 153 283 389 393 17 218 297 316 74 166
276 401 65 64 376 18 419 18 420 304 256 212
277 971 325 420 316 187 215 589 434 812 59 54
278 121 20 127 20 519 189 549 215 511 651 950
279 5 191 256 434 115 172 228 314 85 758 283
280 340 612 347 122 156 320 166 250 104 377 350
281 160 809 252 56 619 96 443 263 318 107 702
282 218 315 218 218 177 178 656 352 377 382 157
283 263 168 789 458 152 223 518 211 258 559 769
284 167 515 493 403 14 290 484 168 133 44 62
285 138 252 212 249 131 132 424 950 55 411 481
286 410 107 366 84 272 269 932 165 455 900 914
287 800 409 2 57 55 718 281 281 174 3 880
288 549 582 582 418 508 184 509 10 44 12 11
289 401 256 83 212 48 37 261 93 197 215 690
290 843 567 843 290 829 523 543 542 291 290 533
291 464 847 114 371 932 702 932 154 546 859 194
292 14 277 342 351 352 351 210 234 244 13 326
293 362 401 430 425 873 401 874 401 434 208 211
294 401 133 106 495 218 220 377 120 377 748 151
295 150 157 104 387 60 280 283 329 116 32 26
296 61 64 14 172 251 169 136 438 251 971 325
297 696 74 177 60 177 479 414 605 797 18 107
298 473 536 86 271 183 326 145 546 103 53 231
299 69 10 96 160 308 581 204 6 305 411 5
300 158 137 481 54 552 13 483 13 168 83 252
301 429 124 125 185 404 100 92 370 26 26 171
302 89 438 82 708 599 304 252 169 160 190 42
303 486 611 183 207 377 321 697 697 415 852 852
304 809 519 61 178 178 214 160 67 108 143 91
305 84 411 163 546 154 783 82 612 223 459 20
306 825 733 327 21 520 183 5 357 91 375 80
307 588 34 37 48 39 29 13 38 437 417 133
308 393 394 947 393 296 280 204 936 546 87 365
309 0 120 18 167 918 908 199 908 200 413 178
310 932 597 932 86 31 612 31 30 116 171 160
311 424 142 283 726 121 326 160 308 424 172 129
312 218 160 509 747 184 183 89 411 163 601 83
313 223 86 256 420 338 365 165 75 560 295 308
314 82 170 254 41 932 44 892 45 45 271 737
315 695 491 340 129 80 142 1 450 183 493 62
316 223 183 291 232 486 128 46 355 121 18 365
317 309 495 460 434 153 87 371 549 818 86 212
318 5 496 506 452 569 105 400 509 299 855 299
319 243 241 210 963 930 243 83 288 152 355 283
320 295 490 254 492 612 404 142 340 169 495 87
321 376 389 160 251 116 118 51 100 107 518 11
322 434 105 127 160 128 86 166 576 128 95 917
323 404 97 97 768 371 828 892 314 872 309 314
324 63 6 517 743 102 405 601 83 83 115 280
325 306 121 236 159 89 215 0 316 424 371 236
326 155 211 859 269 429 933 592 139 334 933 334
327 325 306 256 552 121 163 166 252 419 78 581
328 494 39 409 336 136 41 23 438 96 455 417
329 64 183 145 180 433 434 89 252 115 340 546
330 438 438 588 27 301 222 314 218 313 560 363
331 764 483 340 867 340 867 411 115 644 147 366
332 421 249 301 271 271 210 494 372 373 508 747
333 283 366 537 316 6 134 523 168 128 377 166
334 15 62 279 279 333 427 339 35 338 165 115
335 274 269 140 160 318 115 812 102 411 338 420
336 165 114 278 280 87 473 326 326 325 962 325
337 367 280 362 483 351 155 18 74 260 93 135
338 35 338 28 168 278 342 593 94 199 65 199
339 39 13 98 124 142 23 474 663 747 69 86
340 78 366 10 11 362 5 730 64 177 94 974
341 311 268 421 471 434 258 282 333 155 101 380
342 533 581 301 357 82 730 64 430 5 308 5
343 13 12 707 359 529 166 429 592 46 129 418
344 177 229 169 495 283 145 255 607 419 5 375
345 350 533 422 212 255 546 252 96 437 38 370
346 820 333 253 106 303 21 68 21 174 250 379
347 180 621 130 425 835 425 285 83 83 465 61
348 349 320 628 320 320 351 155 377 296 166 121
349 644 64 820 908 167 205 41 166 520 991 520
350 681 191 160 428 107 367 405 132 859 5 100
351 106 254 174 126 137 209 16 295 932 114 212
352 350 320 232 284 231 203 296 199 203 168 491
353 708 323 353 86 494 464 820 779 549 326 118
354 404 612 393 378 17 654 217 654 17 177 220
355 371 708 100 687 107 589 212 162 160 306 91
356 424 474 328 91 328 474 90 329 198 689 689
357 357 121 820 41 918 974 917 974 918 95 204
358 602 707 950 58 412 812 102 4 256 255 316
359 700 441 374 856 83 166 296 103 392 377 82
360 971 179 121 329 568 1 147 146 779 549 362
361 444 438 417 333 641 1 450 932 812 282 230
362 12 430 64 197 593 776 200 593 197 41 85
363 115 366 58 856 560 361 547 527 6 0 268
364 211 481 412 820 13 489 2 408 6 379 182
365 210 932 98 97 371 211 283 371 768 100 640
366 282 153 17 404 17 189 215 309 228 280 434
367 329 671 480 142 494 165 115 155 1 495 87
368 182 384 181 150 157 308 430 129 576 526 403
369 304 806 304 564 174 252 234 366 404 420 458
370 151 748 173 256 212 145 252 285 426 129 495
371 256 490 434 148 468 121 28 722 278 908 204
372 64 95 942 435 160 717 131 55 126 13 489
373 528 528 392 86 274 46 932 41 128 900 13
374 501 498 74 0 215 440 264 266 950 77 539
375 62 3 62 541 641 301 963 82 121 221 42
376 61 608 332 44 500 569 441 566 452 856 142
377 249 243 64 450 543 493 419 183 353 354 323
378 150 250 610 296 380 61 389 395 396 182 181
379 383 379 395 395 104 549 64 309 341 74 260
380 61 157 191 284 14 12 681 133 544 212 106
381 948 381 387 394 160 413 177 221 316 223 212
382 393 212 142 493 42 756 183 338 142 282 183
383 157 181 14 498 533 616 1 616 602 525 500
384 105 492 160 690 74 222 316 0 73 74 756
385 394 537 189 679 551 733 825 733 825 723 546
386 181 386 181 376 388 377 157 157 60 215 283
387 182 377 380 390 104 321 947 321 483 232 64
388 384 181 389 341 316 468 258 421 255 300 169
389 66 112 258 802 802 256 51 44 129 813 817
390 60 232 60 283 249 17 42 17 393 104 368
391 60 231 191 150 741 250 377 386 560 474 160
392 104 321 250 157 387 229 114 89 4 323 640
393 719 393 394 393 615 249 282 355 255 211 285
394 60 391 426 318 442 370 171 301 404 145 46
395 379 386 295 150 179 103 52 157 668 157 250
396 61 177 656 149 167 450 232 241 592 15 13
397 157 489 249 615 147 533 856 107 828 434 144
398 377 342 157 179 381 60 133 5 496 451 7
399 166 3 102 743 743 743 516 762 516 411 738
400 309 223 105 28 338 485 443 423 426 292 64
401 121 80 92 137 408 462 430 569 566 573 8
402 211 612 58 155 337 170 336 338 245 62 571
403 542 275 6 685 54 138 880 6 141 957 265
404 45 16 282 64 65 14 562 177 344 156 349
405 143 326 923 723 551 473 63 272 665 665 54
406 699 504 525 213 266 267 570 823 823 265 232
407 213 558 213 452 570 707 498 525 525 44 331
408 516 333 36 82 859 990 59 6 667 161 661
409 25 24 28 26 654 50 153 142 77 581 872
410 160 123 251 336 251 336 485 443 263 847 925
411 286 329 211 16 489 211 54 826 193 4 430
412 195 57 880 286 532 17 654 783 142 212 105
413 13 318 547 527 318 283 308 390 13 326 155
414 603 414 697 415 697 645 156 697 321 320 94
415 852 852 415 414 916 414 449 414 370 113 339
416 971 893 971 514 478 282 577 166 226 300 367
417 423 263 256 172 482 339 170 40 116 455 547
418 160 316 560 48 654 58 422 7 265 7 833
419 253 80 424 240 240 235 159 440 265 407 502
420 244 235 243 243 252 273 2 517 192 832 3
421 488 498 956 11 496 560 39 229 86 20 11
422 473 232 426 114 971 304 809 131 949 411 252
423 245 245 47 847 47 361 261 30 34 116 35
424 527 547 455 47 820 85 820 208 155 363 106
425 526 714 65 362 62 17 297 341 222 218 219
426 426 206 231 206 232 556 330 330 556 464 133
427 165 119 229 119 84 664 65 401 183 351 129
428 592 274 21 695 228 223 155 130 65 840 64
429 429 334 65 177 13 65 101 371 121 116 420
430 506 496 498 160 65 199 196 16 121 285 63
431 288 218 311 188 971 729 44 19 452 451 365
432 433 50 152 166 536 184 184 311 184 5 283
433 288 295 162 612 309 248 309 905 297 86 92
434 81 329 434 147 62 262 100 96 169 129 440
435 647 82 147 513 166 209 963 473 326 325 409
436 115 367 64 5 74 42 160 162 81 671 68
437 860 438 151 85 307 588 28 249 159 159 242
438 417 86 415 414 605 851 377 320 182 378 295
439 96 847 976 245 434 471 607 519 607 695 228
440 499 246 141 107 179 203 351 28 877 160 249
441 87 282 31 30 23 96 437 900 953 590 533
442 114 249 366 310 494 404 371 434 256 170 261
443 84 444 114 531 186 186 70 431 160 261 333
444 245 263 76 75 339 482 531 106 287 80 62
445 160 418 62 133 165 28 363 256 473 114 820
446 334 269 334 164 174 254 128 95 203 41 215
447 139 334 322 273 579 448 273 428 429 140 209
448 334 335 274 335 428 164 140 140 269 371 124
449 414 415 414 645 414 605 846 846 846 605 851
450 1 1 548 203 86 458 420 63 83 932 147
451 365 211 11 209 518 83 162 63 62 281 412
452 19 499 43 499 246 504 699 358 65 320 65
453 745 377 381 156 13 450 62 184 329 20 187
454 258 110 478 477 108 13 244 84 601 3 481
455 485 444 318 107 226 160 551 303 145 326 13
456 64 69 551 533 63 486 232 484 484 64 51
457 562 425 403 172 440 447 799 549 747 62 769
458 152 258 410 62 131 532 4 738 58 552 412
459 20 80 424 99 64 140 209 282 371 46 355
460 116 136 337 136 96 4 971 133 419 170 318
461 45 62 98 404 354 185 125 185 100 97 98
462 411 283 300 46 269 929 334 446 13 552 698
463 463 463 463 462 145 283 308 166 283 366 506
464 455 423 47 423 171 444 423 527 443 96 116
465 786 52 146 81 129 419 482 483 133 971 747
466 6 6 375 455 114 13 135 251 417 263 417
467 142 74 187 166 411 517 411 698 949 131 281
468 180 86 84 664 93 438 411 163 377 546 255
469 477 474 112 7 661 7 529 494 90 409 28
470 816 336 165 367 361 261 114 417 30 420 362
471 434 212 129 116 329 96 847 114 426 232 397
472 255 106 434 30 417 895 114 121 441 213 452
473 68 301 21 518 173 494 404 105 340 256 129
474 166 128 218 220 113 245 329 113 13 767 114
475 375 111 474 249 137 665 64 506 249 363 165
476 108 64 65 493 93 129 93 205 94 214 413
477 478 258 476 108 474 469 474 249 404 105 859
478 469 375 318 443 171 470 753 860 438 38 33
479 381 157 394 389 103 376 179 13 21 188 663
480 62 153 154 434 23 333 129 176 450 409 140
481 137 982 137 880 424 233 142 356 549 818 440
482 553 598 598 598 84 121 395 201 249 63 2
483 345 156 232 64 482 593 176 593 167 453 301
484 572 936 593 820 974 94 918 95 143 196 201
485 221 224 256 607 434 459 62 283 283 321 393
486 286 285 379 64 222 810 87 84 598 598 134
487 213 265 529 466 754 441 729 44 549 671 17
488 466 804 608 452 12 638 356 290 263 527 981
489 473 747 106 81 44 499 332 502 499 246 649
490 256 546 615 331 223 317 1 52 221 225 221
491 163 533 55 738 2 408 826 192 412 615 17
492 144 546 41 483 556 14 498 360 11 699 406
493 232 167 257 167 351 183 5 120 17 212 131
494 27 93 820 51 31 37 37 23 480 184 355
495 932 21 253 434 303 128 205 94 207 183 4
496 359 359 504 246 430 498 51 593 200 128 210
497 440 275 835 65 366 188 81 108 90 11 406
498 0 17 546 604 211 106 314 189 1 146 0
499 141 213 266 555 11 293 293 44 324 565 324
500 499 505 499 407 93 114 278 405 89 259 327
501 374 407 43 502 358 765 525 765 504 569 602
502 8 856 145 81 434 4 193 832 195 859 832
503 61 377 284 255 170 96 442 485 48 527 318
504 246 530 358 500 332 498 64 450 482 679 971
505 43 499 406 498 0 459 187 82 236 96 423
506 529 494 86 586 62 493 600 813 403 133 14
507 314 74 42 5 417 925 263 263 280 105 859
508 105 160 116 114 115 48 27 361 333 154 106
509 551 549 82 128 15 448 334 15 461 13 497
510 141 466 506 651 428 272 271 455 438 86 708
511 118 495 16 187 473 498 441 87 954 518 87
512 162 58 494 458 129 482 162 84 323 640 97
513 546 210 931 930 234 243 373 180 352 41 917
514 66 215 221 283 162 747 105 400 509 282 249
515 94 207 214 231 290 83 236 183 564 190 549
516 411 192 807 303 610 255 421 459 513 116 32
517 192 517 305 64 107 253 83 589 282 33 438
518 424 31 186 533 40 442 976 443 725 370 151
519 316 758 120 101 353 86 44 661 11 5 763
520 22 127 377 295 311 73 215 296 388 128 28
521 366 356 106 184 81 550 68 282 932 212 91
522 523 292 82 212 434 474 233 158 105 569 365
523 464 444 361 133 361 361 107 18 215 411 114
524 72 21 13 27 721 229 721 28 44 211 695
525 525 951 213 247 11 324 558 487 529 533 581
526 221 215 650 215 5 868 320 377 60 150 473
527 263 171 361 114 423 426 114 210 236 211 599
528 271 86 20 306 434 450 464 160 19 83 431
529 529 362 65 280 336 971 569 754 466 265 161
530 365 63 162 180 105 5 437 338 31 361 34
531 290 211 932 187 473 465 189 287 800 409 326
532 520 832 59 859 991 520 21 74 513 74 173
533 40 900 128 152 458 152 114 234 114 981 411
534 813 450 128 212 63 812 13 87 474 13 336
535 728 96 411 597 597 695 597 651 301 281 303
536 189 747 249 147 435 147 17 142 405 518 405
537 526 280 16 642 513 83 513 84 211 513 272
538 538 733 440 226 232 397 53 178 681 278 351
539 531 914 816 816 860 337 170 485 221 485 113
540 509 434 132 194 815 92 723 825 306 10 340
541 541 140 166 856 362 480 282 290 211 738 56
542 401 133 65 426 92 20 222 311 297 259 536
543 523 522 523 168 426 403 971 406 160 826 859
544 105 431 70 186 433 71 70 212 233 239 243
545 40 443 165 113 556 531 133 120 377 450 292
546 144 433 144 166 48 84 254 74 537 486 295
547 133 493 543 326 10 340 280 388 181 103 52
548 365 495 309 219 121 21 296 644 950 58 193
549 671 509 549 663 137 164 107 210 58 145 771
550 106 145 405 283 81 155 183 252 518 445 51
551 533 333 847 333 42 495 218 420 409 776 917
552 411 683 683 211 194 194 132 809 4 971 844
553 554 971 975 971 8 86 415 414 370 92 815
554 554 521 86 191 214 231 181 351 575 851 483
555 720 332 971 401 457 421 529 499 359 951 525
556 483 172 413 93 280 206 751 167 340 314 82
557 581 65 129 116 151 424 16 395 385 377 577
558 856 661 707 19 11 441 699 971 361 47 417
559 283 314 82 340 848 419 81 363 188 418 189
560 362 466 498 197 64 950 963 82 83 214 179
561 462 463 463 463 463 462 254 256 211 845 281
562 380 376 392 157 149 344 377 379 5 489 6
563 484 232 557 51 399 129 292 280 142 86 151
564 258 282 509 518 256 21 17 1 199 41 169
565 12 739 495 46 174 56 303 58 154 153 105
566 11 498 12 183 526 390 409 169 136 339 547
567 82 563 563 706 290 340 121 495 228 74 224
568 426 160 812 193 3 57 63 239 63 880 56
569 498 232 219 309 183 154 412 286 252 195 809
570 452 141 674 7 913 525 406 43 566 569 451
571 252 241 233 158 639 209 211 582 160 170 249
572 64 2 408 571 288 506 856 293 506 166 234
573 573 11 804 466 441 160 296 107 306 728 96
574 425 873 401 257 377 961 377 385 182 167 165
575 178 656 380 157 284 157 156 181 172 51 27
576 129 526 53 65 324 666 362 430 672 365 419
577 377 133 483 727 84 780 84 272 617 618 662
578 577 166 146 21 62 666 161 129 365 12 494
579 592 164 216 140 929 933 269 274 335 448 15
580 580 580 580 580 580 580 580 580 580 580 580
581 79 339 40 38 86 822 86 510 504 502 506
582 103 14 79 165 35 26 654 340 474 427 431
583 521 86 540 971 188 311 678 48 443 427 31
584 290 129 343 191 64 665 54 138 520 183 822
585 706 694 290 145 612 162 333 493 533 269 15
586 63 832 63 405 278 486 29 533 44 486 725
587 832 58 803 63 89 165 337 5 283 295 179
588 282 87 187 1 316 146 81 105 166 353 404
589 459 328 66 560 106 68 184 184 42 166 173
590 953 845 921 6 337 136 136 455 302 183 245
591 160 189 82 353 125 100 97 768 935 125 404
592 334 579 334 272 183 270 160 361 160 173 950
593 482 64 177 533 155 189 690 690 366 86 362
594 84 485 48 212 131 82 77 212 165 171 93
595 52 814 344 231 466 9 510 754 661 506 500
596 282 87 812 3 272 272 546 2 803 546 106
597 810 420 932 68 400 20 327 82 450 409 27
598 134 535 728 259 728 260 92 238 587 832 587
599 132 58 3 412 64 271 408 285 481 845 59
600 588 282 45 446 139 445 79 165 75 76 333
601 238 211 462 212 162 237 237 253 162 252 212
602 616 1 979 106 282 45 142 357 212 333 115
603 414 370 339 336 92 20 142 591 591 145 239
604 305 489 644 147 422 518 188 170 169 339 464
605 851 377 128 256 495 82 462 211 290 167 434
606 495 228 314 317 366 105 223 256 589 365 172
607 519 61 602 362 249 283 5 120 0 223 311
608 498 967 504 161 12 419 249 165 900 860 169
609 609 609 24 367 434 203 201 420 450 160 130
610 59 54 438 455 914 170 367 337 136 116 263
611 419 263 76 75 494 287 82 131 208 809 208
612 4 56 880 138 86 820 171 443 165 135 437
613 537 389 64 113 165 883 336 339 261 980 980
614 756 375 480 671 551 733 723 551 69 356 405
615 115 31 96 123 115 615 615 145 474 233 404
616 320 390 14 523 706 523 168 64 302 809 304
617 618 404 82 365 440 813 399 401 426 518 21
618 523 543 430 183 366 255 42 243 252 302 533
619 56 194 59 132 211 518 559 166 168 276 426
620 290 340 535 134 372 494 662 300 183 845 859
621 301 926 927 931 158 233 237 209 88 304 88
622 238 64 306 51 820 434 589 459 44 424 153
623 129 363 211 355 256 212 256 258 199 1 21
624 420 121 128 210 45 271 210 83 536 229 29
625 285 809 738 2 564 2 859 211 389 317 223
626 87 105 434 62 747 80 329 143 326 169 375
627 184 42 23 964 24 151 261 27 62 418 747
628 295 107 544 568 329 68 400 81 106 256 296
629 440 365 438 336 116 914 531 78 82 173 223
630 303 235 209 411 252 211 611 278 128 30 438
631 159 238 244 233 124 323 300 642 473 188 667
632 376 307 696 18 167 491 127 129 129 63 285
633 633 633 633 633 633 633 633 633 633 633 633
634 635 4 56 63 233 474 473 412 625 252 546
635 286 685 13 39 13 371 365 28 212 162 129
636 211 62 367 280 655 367 16 337 420 118 13
637 233 11 400 106 480 92 160 303 281 54 271
638 355 105 282 183 201 64 65 357 80 480 564
639 209 639 639 65 291 168 292 389 283 129 294
640 114 13 38 590 23 417 245 367 495 105 280
641 160 210 137 272 309 272 216 62 708 125 640
642 932 642 249 159 210 62 306 256 107 211 81
643 393 342 483 94 95 200 593 936 129 123 123
644 296 405 274 263 82 245 329 258 357 249 460
645 191 283 204 232 263 256 63 212 147 62 210
646 646 131 271 55 166 83 133 29 51 409 515
647 82 345 256 255 145 4 665 3 56 137 4
648 648 648 648 648 648 648 648 648 648 648 648
649 649 84 272 252 803 812 373 253 373 280 181
650 215 301 28 30 31 261 486 44 434 172 62
651 597 282 478 486 389 61 380 396 380 157 368
652 333 142 508 509 82 393 388 164 16 106 74
653 653 653 653 653 653 653 653 653 653 653 653
654 355 184 249 63 233 654 83 121 326 87 626
655 301 29 165 261 151 136 89 408 5 419 143
656 262 122 515 129 493 425 526 655 114 547 263
657 269 447 592 15 322 794 322 139 541 641 163
658 658 658 658 658 658 658 658 658 658 658 658
659 659 377 130 172 62 453 546 212 87 419 63
660 660 660 660 660 660 660 660 660 660 660 660
661 459 329 363 169 35 301 199 204 95 351 283
662 618 404 640 638 12 183 450 399 84 467 84
663 679 663 375 282 131 249 87 121 661 9 525
664 664 65 776 917 918 776 201 395 182 379 389
665 4 738 586 2 162 287 509 282 183 854 82
666 160 474 212 74 331 856 950 113 494 261 37
667 161 300 12 565 459 390 321 546 723 538 777
668 157 180 123 455 263 48 333 367 427 75 76
669 420 201 197 64 372 121 36 82 234 474 89
670 670 670 670 670 670 670 670 670 670 670 670
671 69 184 480 66 611 166 308 6 234 404 152
672 971 9 498 593 482 162 612 272 21 166 529
673 673 495 371 323 6 58 856 498 293 12 569
674 7 546 87 208 371 46 46 21 400 10 339
675 675 675 675 675 675 675 675 675 675 675 675
676 447 139 273 429 139 592 353 97 708 599 132
677 199 42 492 121 203 86 12 441 649 441 466
678 311 188 215 316 215 650 215 105 747 106 254
679 663 187 222 310 533 906 513 615 281 4 158
680 380 656 262 656 231 278 28 409 81 371 51
681 681 157 130 121 494 822 822 292 176 214 377
682 511 284 351 284 280 533 322 322 139 129 286
683 57 3 271 513 211 114 96 48 261 37 151
684 684 684 684 684 684 684 684 684 684 684 684
685 990 285 586 195 211 586 126 174 254 144 212
686 22 11 498 499 510 492 152 612 41 434 137
687 282 222 365 28 24 169 251 361 113 232 457
688 543 209 283 693 283 144 186 256 304 599 211
689 543 493 483 157 231 841 312 256 462 82 152
690 400 160 371 124 124 592 933 446 139 420 115
691 691 691 691 691 691 691 691 691 691 691 691
692 231 231 262 376 632 632 376 296 610 459 0
693 366 62 726 314 300 495 169 375 367 254 290
694 290 210 137 281 64 87 210 283 296 280 115
695 695 424 245 96 327 894 327 249 82 137 371
696 226 86 540 82 494 544 542 168 160 201 203
697 321 232 167 820 412 211 211 271 513 422 272
698 55 271 271 10 142 128 212 589 142 856 833
699 529 374 441 707 465 519 21 518 460 419 131
700 661 13 461 15 823 7 700 525 707 602 249
701 462 5 980 5 171 339 417 30 229 64 914
702 107 17 422 513 355 137 271 142 31 27 438
703 703 703 703 703 703 703 703 703 703 703 703
704 107 541 215 128 295 341 311 424 109 366 230
705 450 534 544 820 169 588 25 30 84 432 71
706 563 129 922 908 167 203 201 41 86 521 482
707 872 218 872 182 499 440 172 47 339 136 133
708 599 304 211 412 552 126 723 971 304 211 56
709 185 354 353 371 137 194 56 619 56 859 121
710 69 189 80 379 104 388 61 160 158 107 54
711 711 711 711 711 711 711 711 711 711 711 711
712 4 430 160 41 196 86 226 221 546 321 156
713 81 363 155 147 189 747 86 83 820 820 183
714 172 714 86 362 405 296 179 180 41 41 256
715 69 679 188 184 420 820 136 338 28 23 135
716 716 716 716 716 716 716 5 581 872 307 74
717 295 16 80 679 375 6 54 58 411 126 63
718 305 738 5 807 54 685 3 174 237 932 233
719 395 321 385 385 395 283 142 64 21 44 365
720 324 558 84 288 233 434 132 82 410 258 410
721 27 31 282 212 509 212 549 325 962 958 69
722 27 135 5 117 106 551 509 420 188 679 508
723 306 723 126 723 971 627 420 105 169 450 438
724 338 339 33 165 170 261 40 753 86 708 371
725 318 171 116 245 370 116 280 219 18 219 280
726 5 281 174 140 735 140 140 929 579 13 418
727 84 444 442 115 114 375 356 80 356 62 494
728 173 434 2 308 462 212 212 173 87 484 290
729 44 406 332 9 569 365 12 160 170 82 123
730 62 129 695 695 249 518 106 589 160 296 376
731 731 731 731 731 731 731 731 731 731 731 731
732 732 732 732 732 732 732 732 732 732 732 732
733 327 894 327 5 458 62 158 63 932 932 212
734 377 199 199 51 445 518 490 513 906 156 349
735 322 434 420 820 53 215 331 177 601 238 159
736 333 17 219 314 507 243 963 242 879 242 927
737 271 285 302 438 482 820 232 18 219 483 41
738 281 859 89 271 256 518 155 377 155 58 373
739 12 638 340 548 531 539 77 932 310 218 696
740 252 160 400 107 41 169 251 340 598 86 191
741 377 321 697 645 191 277 342 593 498 573 856
742 166 223 518 771 518 256 81 679 188 459 560
743 517 305 683 57 281 411 252 153 615 615 513
744 744 744 744 744 744 744 744 744 744 744 744
745 74 309 5 980 64 196 593 974 820 918 232
746 746 746 746 746 746 746 746 746 746 746 746
747 971 480 252 533 23 29 121 661 518 771 105
748 283 132 194 6 375 211 730 5 76 96 318
749 167 41 464 93 361 107 133 136 169 63 412
750 88 89 160 329 469 112 112 896 160 562 493
751 51 167 749 776 160 672 7 823 570 247 700
752 84 752 84 441 506 11 159 159 237 209 300
753 151 427 252 154 424 393 107 450 95 351 495
754 44 283 518 17 21 405 498 265 161 107 253
755 211 755 211 924 89 434 411 193 990 803 195
756 311 184 971 9 569 558 213 9 558 487 487
757 577 363 365 401 533 160 180 254 41 203 105
758 238 302 89 159 209 210 355 333 283 426 113
759 121 651 301 621 781 621 278 199 83 162 190
760 15 46 81 114 473 201 128 46 932 281 949
761 393 121 301 118 511 541 155 367 473 188 170
762 516 192 5 619 5 249 424 20 287 418 409
763 5 7 324 65 457 62 329 300 531 434 306
764 331 464 249 210 58 86 100 98 708 100 86
765 246 649 421 607 365 329 87 290 130 351 155
766 340 547 361 29 473 81 256 420 114 609 609
767 803 252 66 328 514 13 535 777 498 62 90
768 708 97 99 424 58 249 301 301 375 340 424
769 559 142 458 160 308 211 211 89 260 173 69
770 353 183 655 149 6 921 6 4 59 55 2
771 518 661 87 83 166 441 105 329 21 462 408
772 772 772 772 772 772 772 772 772 772 772 772
773 405 268 316 6 349 148 180 179 122 468 224
774 285 806 285 401 426 270 14 486 329 363 256
775 560 42 255 329 340 513 513 93 205 199 218
776 342 181 157 379 64 786 160 501 430 280 179
777 173 326 473 42 166 48 252 812 859 183 159
778 549 162 541 82 209 13 199 204 95 13 121
779 146 146 85 307 74 20 215 347 180 278 486
780 84 13 214 419 106 160 376 342 172 64 601
781 537 366 74 331 260 173 69 81 494 197 172
782 377 62 405 283 226 166 42 405 63 420 128
783 142 142 147 329 90 64 412 812 126 723 538
784 411 976 411 373 243 411 308 121 395 61 103
785 409 10 306 509 260 74 309 612 162 195 809
786 160 681 178 0 297 905 222 187 405 300 638
787 21 346 346 157 343 342 180 191 231 624 420
788 788 788 788 788 788 788 788 788 788 717 717
789 278 168 276 426 423 114 895 114 411 192 826
790 544 84 209 233 238 457 232 167 231 440 435
791 493 153 115 302 809 285 303 5 437 170 151
792 121 249 489 13 164 269 434 329 10 434 258
793 748 82 142 856 823 8 672 406 466 265 264
794 335 929 15 269 152 212 233 86 234 319 235
795 417 434 121 158 114 438 655 151 96 80 129
796 353 662 353 125 100 99 937 404 354 124 662
797 14 556 556 280 575 351 329 473 747 301 581
798 798 798 798 798 798 798 798 798 798 798 798
799 549 549 81 184 86 756 431 80 480 211 683
800 549 360 498 496 161 530 538 530 533 282 160
801 820 200 820 208 155 137 46 748 495 371 170
802 172 30 39 883 116 411 308 129 460 23 212
803 58 880 56 305 195 803 193 812 54 285 168
804 232 294 94 167 165 533 461 735 164 388 182
805 971 321 157 668 157 385 393 385 394 381 686
806 89 806 89 408 990 285 571 303 412 832 2
807 132 807 54 252 132 118 51 124 896 173 748
808 808 808 808 808 808 808 808 808 808 808 808
809 859 254 21 28 473 509 189 726 726 212 169
810 222 166 132 160 298 812 273 274 340 62 79
811 79 116 245 423 160 89 405 114 172 820 198
812 812 54 59 194 194 411 408 212 424 21 550
813 275 511 651 624 461 13 94 41 206 51 199
814 58 654 87 233 101 581 445 340 16 367 44
815 520 412 281 164 446 272 584 272 592 428 592
816 165 165 443 96 6 58 153 333 48 482 133
817 515 277 214 166 180 180 373 239 145 106 486
818 440 499 912 504 529 332 504 525 720 332 358
819 140 448 812 272 6 21 695 164 395 385 182
820 533 393 643 290 14 232 939 232 219 60 181
821 160 290 301 35 455 48 38 113 443 919 333
822 563 14 403 426 257 568 121 568 426 423 96
823 9 502 43 44 160 251 86 142 453 115 153
824 191 344 176 440 53 167 149 347 149 64 456
825 723 92 137 408 252 121 269 64 980 64 115
826 194 281 6 134 62 338 123 681 682 681 12
827 506 498 51 740 51 593 94 483 255 137 160
828 46 273 579 83 484 694 664 65 362 483 482
829 523 543 688 543 478 111 474 427 75 560 282
830 452 19 533 393 162 45 160 778 85 85 18
831 258 253 17 494 252 412 243 931 243 210 295
832 859 162 90 328 258 27 29 420 820 654 25
833 7 420 121 82 20 189 215 23 212 160 188
834 107 300 10 535 173 950 23 27 590 165 443
835 275 434 46 3 685 160 84 62 521 62 419
836 836 813 168 278 495 296 392 379 285 533 422
837 837 107 474 375 107 139 209 909 183 845 211
838 124 300 124 371 640 371 256 338 365 183 62
839 191 150 301 21 222 121 434 100 124 371 283
840 562 425 874 425 714 413 200 51 112 51 65
841 869 181 321 394 390 14 181 388 128 152 153
842 211 363 28 37 545 36 127 130 14 205 483
843 567 843 290 546 84 422 82 963 210 121 278
844 133 18 280 575 280 734 351 81 160 237 424
845 953 997 27 197 51 283 249 63 269 234 256
846 605 846 846 605 851 191 282 747 473 550 121
847 925 333 627 809 208 635 812 880 3 158 166
848 445 62 329 245 443 527 976 113 133 291 206
849 155 133 42 405 226 223 316 420 190 329 190
850 546 282 233 433 180 87 607 42 756 73 317
851 352 65 791 623 86 747 509 62 262 342 797
852 18 160 526 181 390 459 331 29 165 816 151
853 82 693 82 856 293 19 265 525 856 922 205
854 183 458 515 232 473 163 518 212 641 333 981
855 155 1 280 373 706 14 284 277 180 231 457
856 765 86 508 550 473 419 932 128 172 251 437
857 166 168 419 591 145 82 173 256 419 63 486
858 306 728 20 127 20 495 363 63 174 285 211
859 803 252 269 424 125 937 353 486 356 424 58
860 860 339 40 25 459 537 307 18 143 166 83
861 350 352 180 256 460 233 158 599 211 66 329
862 777 554 419 405 283 87 441 333 577 282 226
863 57 685 281 698 194 411 208 809 519 222 17
864 411 63 366 271 949 511 949 59 286 5 243
865 194 411 481 421 430 486 292 295 471 810 180
866 96 234 931 927 927 931 243 210 283 271 283
867 134 6 563 706 936 204 201 206 307 317 17
868 320 947 394 388 321 104 18 797 605 846 846
869 397 368 390 250 377 280 129 113 47 925 47
870 425 425 874 401 493 121 143 197 198 204 41
871 231 466 452 264 61 379 377 546 651 546 210
872 309 310 86 105 550 106 351 284 278 280 105
873 401 399 543 493 932 671 509 190 13 949 132
874 425 401 107 963 615 144 212 114 171 847 38
875 170 27 160 17 532 132 87 438 405 283 372
876 564 183 188 20 163 411 116 28 371 170 979
877 155 363 155 377 872 307 301 368 83 318 114
878 33 23 964 373 243 615 393 380 396 61 53
879 242 159 244 963 82 10 20 80 367 980 655
880 59 193 859 991 412 888 412 105 280 464 331
881 96 5 437 482 289 482 777 733 306 93 426
882 166 666 823 700 525 9 265 661 8 7 324
883 93 336 419 542 413 143 121 423 96 318 725
884 884 412 238 244 209 137 272 186 420 121 458
885 728 21 409 506 494 466 213 499 374 529 466
886 601 177 60 122 122 150 179 296 107 164 695
887 20 106 147 644 820 420 624 84 73 259 297
888 412 58 305 243 607 243 963 643 269 45 445
889 375 301 357 328 66 252 826 859 3 158 240
890 121 615 459 434 14 922 913 956 44 424 738
891 405 183 113 455 860 375 51 371 46 132 285
892 367 75 372 84 144 121 661 754 661 666 666
893 466 506 293 12 666 267 61 387 198 196 128
894 327 82 123 172 166 308 424 211 137 371 128
895 417 160 284 296 377 394 537 189 225 215 215
896 405 162 169 64 238 210 810 269 420 209 273
897 263 438 87 282 268 494 2 845 3 599 304
898 481 411 211 695 317 17 726 612 42 115 486
899 2 249 366 20 462 82 462 211 419 554 535
900 978 165 114 423 925 205 199 338 251 169 115
901 137 434 158 233 244 233 115 18 376 64 224
902 5 763 763 5 528 305 4 612 924 211 363
903 907 593 820 94 13 356 434 167 290 6 880
904 321 390 392 368 379 80 256 356 329 62 811
905 177 344 156 381 178 191 5 102 832 160 338
906 533 86 28 811 531 363 236 363 367 183 318
907 156 232 65 160 336 84 333 2 845 953 997
908 196 16 489 2 211 15 322 273 216 301 157
909 493 105 153 256 542 399 166 308 83 121 58
910 65 450 93 482 165 361 251 47 165 409 590
911 222 543 813 172 585 585 600 588 34 38 113
912 466 421 7 537 157 191 256 283 87 859 612
913 7 672 406 506 107 141 161 107 665 58 814
914 987 411 261 48 492 615 427 612 31 34 339
915 38 28 351 250 320 160 96 165 464 116 79
916 414 449 414 645 231 53 380 60 250 377 368
917 820 63 272 429 140 541 160 80 106 748 256
918 200 41 370 135 136 251 26 438 440 498 238
919 263 300 828 106 494 165 494 420 474 258 160
920 230 898 481 599 158 58 62 597 301 621 518
921 859 963 121 173 121 282 124 640 185 404 474
922 498 407 406 533 335 533 320 397 378 321 381
923 326 21 214 129 130 377 250 741 179 365 62
924 211 66 258 329 13 12 823 19 700 264 267
925 423 301 157 52 221 85 146 18 146 13 581
926 930 931 240 240 424 4 107 296 351 342 203
927 927 241 244 236 587 832 145 571 285 2 520
928 211 412 211 928 211 405 226 79 79 340 165
929 489 434 300 106 278 179 869 182 378 103 14
930 963 234 282 163 87 856 856 153 82 329 351
931 599 242 132 518 434 81 280 420 106 11 10
932 98 185 800 185 709 185 768 98 102 743 743
933 334 446 216 273 15 209 238 236 533 86 229
934 163 422 269 334 269 15 45 445 531 82 203
935 353 618 662 185 533 20 885 106 28 183 256
936 907 907 191 681 851 342 179 160 194 166 210
937 640 564 748 283 726 726 85 758 316 255 211
938 611 11 21 695 222 315 253 80 490 377 851
939 232 611 232 214 352 546 83 243 244 963 242
940 93 171 13 297 260 93 473 508 418 142 28
941 189 671 189 536 189 314 218 199 377 577 363
942 435 163 615 393 390 250 166 355 365 438 93
943 295 385 60 157 382 377 384 295 459 215 262
944 748 160 375 494 588 24 64 640 45 812 412
945 325 21 329 90 91 110 84 282 10 306 21
946 641 160 136 93 39 151 370 33 165 438 123
947 393 295 385 380 680 380 440 159 89 482 437
948 381 515 176 440 450 82 782 377 380 232 918
949 880 6 234 269 579 428 448 40 135 96 242
950 113 914 105 859 160 389 326 145 183 309 549
951 359 7 856 249 221 249 236 105 190 282 188
952 69 777 200 167 60 380 178 483 851 191 348
953 292 822 484 232 312 160 44 360 235 303 244
954 87 81 121 747 189 160 828 169 340 167 204
955 936 86 318 420 69 508 260 93 494 141 6
956 213 496 451 365 802 365 765 499 7 546 474
957 19 268 74 105 283 492 283 495 128 355 16
958 509 62 27 560 321 392 390 385 296 157 179
959 377 872 581 557 51 740 252 803 767 473 582
960 377 220 165 550 105 419 434 361 165 23 215
961 377 377 104 392 86 536 20 260 173 612 859
962 325 5 58 193 859 131 963 643 393 160 261
963 240 160 108 190 108 357 375 896 116 207 918
964 373 563 563 706 14 486 353 121 282 560 221
965 936 706 836 332 523 134 62 21 107 172 23
966 189 473 537 403 53 537 403 129 343 128 254
967 504 502 359 360 293 365 314 222 223 758 120
968 299 69 64 124 82 133 107 221 480 166 856
969 184 582 667 105 77 79 340 74 468 377 351
970 51 113 527 6 426 413 178 656 178 483 232
971 570 971 554 521 366 690 107 662 662 97 768
972 913 950 393 181 61 393 386 295 383 157 174
973 971 179 365 362 165 753 491 497 13 329 371
974 593 199 51 65 325 65 92 100 97 533 114
975 971 277 214 345 351 105 81 400 971 325 260
976 527 113 486 303 533 234 210 63 208 930 931
977 242 241 237 210 160 435 920 435 920 230 106
978 753 491 490 356 142 441 529 7 213 246 530
979 106 486 172 64 611 66 984 153 493 41 820
980 5 207 191 345 254 445 45 62 180 84 373
981 417 976 976 411 434 275 176 593 907 180 130
982 137 877 160 367 300 161 530 358 500 265 608
983 114 158 209 977 242 238 64 69 467 418 409
984 153 211 612 211 215 222 301 311 17 459 74
985 376 166 187 667 81 409 69 212 131 281 718
986 261 75 753 914 470 914 28 87 145 115 302
987 116 438 82 544 813 458 600 458 6 738 57
988 411 438 40 917 483 113 442 84 162 417 64
989 989 989 91 989 91 469 96 235 84 162 283
990 5 171 370 547 114 278 292 493 526 232 556
991 812 174 58 212 453 42 612 83 355 283 393
992 129 422 518 405 371 300 638 158 233 11 128
993 408 59 54 63 58 372 494 261 367 531 133
994 6 665 812 447 579 428 651 651 118 83 160
995 712 4 305 174 63 420 450 534 450 409 165
996 12 264 141 856 421 365 820 749 776 342 180
997 24 590 409 474 258 347 157 368 160 194 3
998 65 177 344 377 403 168 764 483 482 777 554
999 145 271 411 517 2 434 533 46 812 140 160
1000 232 292 62 253 405 495 5 285 142 77 445
1001 832 63 44 114 895 417 133 42 560 27 23
1002 560 1 146 18 309 218 86 125 424 612 309
1003 258 469 258 90 91 474 183 152 115 170 254
1004 55 685 281 54 137 81 713 69 400 215 114
0 222 748 121 393
1 215 306 5 726
2 409 800 185 124
3 303 59 886 217
4 738 211 469 258
5 47 482 79 282
6 418 253 107 201
7 856 833 833 7
8 430 569 105 82
9 332 506 160 856
10 82 395 182 385
11 10 134 554 62
12 420 256 82 333
13 263 47 168 28
14 562 380 376 181
15 82 283 83 329
16 434 253 62 586
17 163 434 329 116
18 366 518 183 201
19 366 65 169 409
20 68 932 856 186
21 486 53 420 464
22 20 68 121 223
23 367 48 50 84
24 953 26 30 136
25 438 338 96 336
26 953 822 168 543
27 35 13 748 932
28 953 292 172 424
29 459 661 211 460
30 229 37 34 33
31 135 93 301 183
32 338 564 114 290
33 32 37 37 24
34 30 764 483 172
35 486 184 365 351
36 29 443 427 254
37 30 29 33 113
38 47 86 584 86
39 86 62 186 856
40 34 35 33 33
41 114 925 423 981
42 215 440 533 321
43 406 44 81 365
44 9 44 183 419
45 282 366 183 211
46 303 950 404 166
47 48 482 47 423
48 166 140 15 404
49 19 49 433 83
50 643 963 237 424
51 82 509 62 253
52 146 0 368 375
53 822 86 326 155
54 4 3 256 282
55 86 201 198 258
56 89 252 55 533
57 240 209 599 158
58 552 809 89 260
59 305 738 6 0
60 394 157 380 380
61 390 491 127 189
62 8 430 160 163
63 87 62 233 107
64 133 401 365 531
65 357 357 62 153
66 146 81 490 295
67 66 96 86 426
68 142 434 148 434
69 68 69 108 477
70 180 142 828 5
71 70 84 612 282
72 92 818 92 723
73 221 53 312 160
74 166 191 13 4
75 261 37 35 301
76 245 40 26 28
77 121 180 810 301
78 114 847 443 85
79 86 533 422 163
80 490 254 186 474
81 671 249 114 640
82 4 425 86 42
83 536 166 234 242
84 366 886 3 412
85 310 170 23 41
86 233 107 453 255
87 180 172 205 917
88 142 128 80 128
89 64 173 147 166
90 107 820 183 366
91 91 89 375 282
92 887 887 887 20
93 301 429 216 64
94 218 215 177 18
95 917 41 94 198
96 847 113 160 156
97 640 99 424 280
98 323 353 125 125
99 100 86 90 13
100 262 377 128 27
101 65 776 391 61
102 405 161 82 304
103 392 376 378 397
104 390 60 215 549
105 129 748 708 82
106 212 48 261 35
107 214 157 250 526
108 69 777 69 10
109 366 68 20 163
110 258 27 160 474
111 258 469 329 283
112 368 295 386 560
113 473 498 500 264
114 81 679 971 179
115 252 283 748 944
116 531 77 78 340
117 409 447 799 189
118 549 288 162 295
119 753 119 229 536
120 79 133 171 64
121 233 460 347 814
122 397 160 404 404
123 116 128 167 296
124 166 243 42 105
125 15 121 249 54
126 54 532 107 531
127 128 940 128 13
128 160 747 971 343
129 275 562 714 86
130 425 457 129 820
131 411 373 411 728
132 194 3 845 520
133 284 377 219 377
134 523 601 141 107
135 133 10 326 306
136 115 58 55 718
137 169 405 371 169
138 59 3 880 63
139 429 447 62 749
140 164 428 274 272
141 360 141 573 19
142 424 230 21 346
143 474 42 667 582
144 212 303 96 88
145 160 152 404 162
146 67 533 262 903
147 173 859 147 1
148 468 180 121 245
149 191 365 180 366
150 155 18 182 395
151 39 133 426 956
152 21 537 526 14
153 23 166 127 1
154 114 280 458 714
155 145 366 758 288
156 160 310 18 160
157 150 388 321 381
158 158 63 249 642
159 931 234 158 105
160 820 779 549 459
161 530 11 573 11
162 333 155 105 128
163 131 532 520 20
164 281 949 56 6
165 365 293 360 430
166 857 301 818 189
167 165 35 35 27
168 203 284 133 483
169 494 191 645 697
170 533 94 95 377
171 263 455 47 925
172 493 82 219 342
173 254 63 56 303
174 166 880 6 157
175 665 812 366 366
176 318 160 173 115
177 166 301 170 123
178 178 177 178 656
179 971 430 4 194
180 128 198 776 936
181 283 372 115 245
182 397 368 103 250
183 271 10 86 65
184 82 153 160 448
185 323 5 177 344
186 70 288 252 237
187 16 290 706 694
188 69 952 28 82
189 966 21 686 114
190 311 268 419 129
191 262 344 377 204
192 807 303 63 254
193 3 160 747 249
194 826 812 193 990
195 281 698 271 64
196 917 970 440 280
197 64 170 417 160
198 41 254 453 170
199 205 483 178 180
200 207 196 128 64
201 420 180 343 183
202 562 202 41 113
203 129 210 210 210
204 94 120 333 233
205 483 226 212 492
206 546 760 546 44
207 5 375 679 549
208 115 453 459 190
209 209 174 281 208
210 208 285 379 6
211 238 244 236 587
212 544 534 440 149
213 466 406 503 498
214 280 86 372 372
215 214 278 681 284
216 509 420 669 5
217 71 84 105 170
218 219 82 41 918
219 60 167 434 478
220 218 133 134 5
221 83 372 70 217
222 311 69 550 121
223 155 81 549 162
224 148 0 177 629
225 311 223 222 1
226 74 18 424 160
227 127 613 747 80
228 301 115 256 258
229 23 932 169 363
230 107 662 323 125
231 575 280 734 351
232 60 393 810 180
233 434 459 212 365
234 5 438 333 627
235 930 963 612 832
236 233 115 417 976
237 243 242 533 154
238 235 303 80 128
239 3 63 193 193
240 11 608 7 666
241 592 15 62 730
242 303 520 138 137
243 63 532 211 258
244 420 188 20 80
245 76 139 447 447
246 608 141 452 7
247 246 765 44 820
248 309 309 223 756
249 333 249 405 143
250 0 223 222 82
251 251 900 900 822
252 434 509 958 509
253 315 519 20 81
254 210 208 126 552
255 366 44 405 145
256 255 303 271 481
257 278 191 121 462
258 329 165 223 366
259 89 4 434 132
260 69 282 223 17
261 986 470 86 165
262 342 851 377 344
263 444 444 847 205
264 823 666 566 8
265 466 804 11 358
266 720 525 573 525
267 661 570 267 570
268 215 820 128 533
269 210 83 288 71
270 493 84 729 441
271 400 336 133 5
272 563 290 107 371
273 461 447 498 466
274 549 187 21 68
275 434 419 300 226
276 275 368 368 377
277 149 490 473 627
278 121 125 283 390
279 279 279 106 223
280 458 600 813 280
281 3 408 281 137
282 226 419 68 509
283 365 44 246 649
284 280 282 531 107
285 426 391 389 103
286 685 481 950 260
287 69 80 303 665
288 433 121 278 420
289 401 294 214 413
290 822 290 87 187
291 256 160 666 7
292 232 804 754 9
293 360 951 951 141
294 342 62 329 64
295 104 18 18 0
296 249 105 550 187
297 73 311 612 145
298 812 115 42 309
299 855 299 287 549
300 355 160 15 405
301 930 927 210 238
302 252 154 474 233
303 82 158 107 690
304 256 28 473 465
305 56 13 286 481
306 21 642 300 169
307 65 371 662 185
308 430 65 434 3
309 314 310 218 340
310 82 128 343 42
311 420 5 2 489
312 377 741 250 61
313 221 85 226 301
314 189 312 311 756
315 495 329 96 474
316 726 107 704 704
317 312 160 59 252
318 981 981 455 113
319 160 127 435 435
320 333 280 340 483
321 103 122 130 127
322 45 640 640 100
323 662 62 186 82
324 65 409 515 13
325 173 728 173 107
326 549 160 251 23
327 326 121 480 211
328 328 459 20 183
329 495 371 21 489
330 248 0 1 268
331 225 148 179 214
332 720 529 525 500
333 393 390 296 199
334 322 269 155 420
335 446 335 274 335
336 400 92 818 259
337 419 526 407 503
338 116 420 511 215
339 170 160 445 133
340 494 222 253 227
341 389 181 160 448
342 160 856 525 11
343 207 214 95 908
344 231 203 376 157
345 345 483 142 458
346 214 278 409 318
347 105 474 474 356
348 349 148 344 156
349 156 645 697 697
350 861 350 345 82
351 283 256 338 115
352 352 345 160 137
353 183 210 420 68
354 125 354 64 411
355 121 288 212 404
356 142 263 29 183
357 258 831 258 91
358 459 268 0 226
359 558 324 11 529
360 452 501 430 65
361 438 482 218 596
362 362 506 504 8
363 351 350 320 349
364 152 340 375 154
365 87 509 710 299
366 404 121 1 317
367 424 518 362 121
368 182 395 174 84
369 630 630 630 630
370 85 74 950 80
371 932 296 351 183
372 75 135 361 318
373 83 71 50 49
374 501 44 366 163
375 889 300 10 82
376 632 376 654 186
377 160 379 321 971
378 295 60 296 376
379 250 250 0 18
380 295 157 483 351
381 379 64 445 86
382 157 395 64 172
383 377 379 397 53
384 295 320 333 105
385 295 387 182 384
386 560 313 0 283
387 849 57 552 411
388 130 167 342 257
389 150 376 378 182
390 389 521 366 217
391 60 60 389 252
392 296 810 420 581
393 62 423 76 417
394 393 104 157 149
395 181 172 197 86
396 395 321 377 745
397 64 244 233 88
398 379 283 182 378
399 450 13 339 123
400 589 107 310 18
401 289 482 89 809
402 148 180 178 180
403 426 263 115 113
404 643 217 366 10
405 519 259 96 160
406 498 447 334 272
407 502 529 44 8
408 826 56 859 601
409 590 32 23 33
410 160 255 421 488
411 195 281 303 89
412 552 552 532 54
413 450 434 152 107
414 605 846 846 846
415 414 603 414 645
416 327 128 211 402
417 64 528 191 179
418 480 282 373 121
419 105 28 367 116
420 13 84 558 9
421 409 450 399 129
422 615 669 420 107
423 76 318 114 165
424 366 134 134 5
425 285 15 461 322
426 93 169 210 159
427 96 114 362 856
428 448 322 533 230
429 592 760 15 160
430 6 299 546 906
431 434 856 434 214
432 121 890 890 121
433 288 212 21 87
434 290 206 307 307
435 616 459 221 222
436 438 32 417 115
437 5 291 129 62
438 6 515 232 473
439 115 411 900 169
440 24 30 86 306
441 161 452 487 213
442 333 421 473 855
443 976 361 976 442
444 423 62 201 200
445 917 51 51 409
446 46 592 322 139
447 676 322 334 269
448 617 448 617 140
449 414 605 851 157
450 275 840 13 409
451 360 971 505 502
452 666 166 12 166
453 167 257 130 278
454 82 854 420 526
455 443 116 533 201
456 64 820 150 148
457 457 840 526 103
458 64 601 197 201
459 1 568 401 562
460 411 192 58 546
461 533 269 533 58
462 256 14 141 265
463 462 21 274 45
464 420 408 516 192
465 189 540 121 151
466 451 452 661 8
467 142 577 377 383
468 122 468 82 325
469 5 980 470 455
470 980 5 357 82
471 170 424 429 274
472 610 235 96 285
473 201 51 256 802
474 115 147 173 342
475 375 6 4 121
476 112 474 107 36
477 375 90 329 4
478 478 424 880 305
479 414 605 414 443
480 21 46 272 63
481 698 131 586 233
482 576 932 147 115
483 214 176 94 201
484 572 129 86 223
485 84 835 401 257
486 295 317 85 142
487 805 487 487 9
488 466 358 602 700
489 473 412 281 271
490 81 170 355 82
491 753 115 339 123
492 612 306 434 340
493 563 272 45 162
494 58 83 450 93
495 82 186 165 258
496 602 533 434 252
497 79 77 79 116
498 265 213 407 332
499 529 608 265 161
500 499 707 12 430
501 500 498 11 91
502 43 499 529 504
503 358 406 358 106
504 967 525 510 499
505 407 499 922 488
506 332 523 601 107
507 298 160 166 87
508 69 551 671 471
509 216 269 234 256
510 499 407 358 913
511 651 301 444 444
512 160 319 107 187
513 474 234 5 0
514 328 143 413 13
515 494 268 313 310
516 743 517 516 2
517 516 195 738 195
518 121 345 156 697
519 21 221 85 313
520 532 56 271 152
521 482 593 197 86
522 563 290 366 152
523 64 244 236 235
524 72 21 367 113
525 406 407 504 494
526 65 818 301 27
527 113 245 423 443
528 489 129 714 458
529 533 18 146 13
530 92 72 259 728
531 107 448 428 139
532 107 36 93 458
533 44 956 426 231
534 256 129 88 88
535 13 514 13 83
536 473 537 157 880
537 268 212 641 282
538 306 549 549 82
539 178 539 494 328
540 82 327 301 301
541 107 86 41 160
542 450 142 248 301
543 87 13 130 122
544 133 18 280 388
545 27 24 367 96
546 129 106 298 184
547 113 13 409 20
548 256 318 171 370
549 778 549 162 333
550 434 208 281 520
551 21 686 86 145
552 738 286 58 408
553 521 583 521 366
554 553 134 777 340
555 720 700 11 11
556 556 483 424 86
557 201 203 829 168
558 359 7 212 223
559 166 340 169 486
560 922 79 165 932
561 462 211 473 483
562 200 200 440 226
563 290 531 62 128
564 4 533 210 533
565 608 466 499 452
566 608 440 159 249
567 567 567 82 395
568 257 231 257 291
569 558 84 585 544
570 700 957 700 359
571 63 490 546 474
572 64 89 183 19
573 856 83 368 301
574 280 105 210 174
575 351 377 491 816
576 543 688 543 450
577 283 16 258 564
578 577 518 121 226
579 592 164 64 733
580 580 580 580 580
581 310 62 80 490
582 508 550 69 299
583 521 340 251 115
584 272 334 274 45
585 706 373 282 17
586 285 57 303 252
587 6 397 389 292
588 13 339 34 30
589 607 544 932 98
590 953 301 281 564
591 145 828 45 447
592 617 272 462 546
593 572 426 168 458
594 283 103 201 232
595 52 221 82 420
596 596 218 313 215
597 118 461 447 139
598 482 74 142 129
599 63 826 990 859
600 493 422 131 101
601 422 21 363 63
602 365 249 365 137
603 414 443 590 545
604 96 121 642 212
605 846 846 605 414
606 495 460 115 301
607 695 597 411 132
608 246 498 74 177
609 30 169 64 466
610 235 963 319 243
611 176 381 379 295
612 145 115 531 405
613 127 130 776 593
614 756 223 758 85
615 669 783 82 782
616 435 519 61 123
617 592 15 533 84
618 125 121 23 545
619 56 56 58 107
620 86 261 753 170
621 149 88 303 166
622 238 252 880 812
623 313 268 756 106
624 13 820 15 45
625 412 921 880 880
626 87 405 174 254
627 707 674 19 700
628 295 394 537 14
629 177 734 0 177
630 369 160 146 1
631 159 931 159 58
632 376 18 160 320
633 633 633 633 633
634 635 520 174 254
635 126 405 2 434
636 211 96 2 249
637 209 159 183 58
638 638 638 124 214
639 638 44 406 501
640 98 768 323 300
641 495 329 300 160
642 121 526 419 131
643 17 62 377 284
644 269 105 859 520
645 191 350 861 350
646 411 285 371 494
647 420 230 533 435
648 648 648 648 648
649 421 359 525 406
650 215 650 215 105
651 254 433 49 612
652 333 984 66 611
653 653 653 653 653
654 234 238 499 510
655 526 420 280 128
656 178 539 531 116
657 269 273 428 273
658 658 658 658 658
659 659 659 377 278
660 660 660 660 660
661 518 86 584 563
662 100 640 124 99
663 80 62 356 258
664 166 404 252 427
665 685 137 81 4
666 420 167 284 6
667 409 108 155 150
668 157 345 346 291
669 641 669 5 763
670 670 670 670 670
671 329 363 188 549
672 8 12 141 430
673 673 673 673 673
674 674 674 7 498
675 675 675 675 675
676 322 533 572 290
677 199 205 955 205
678 400 411 212 69
679 189 189 519 21
680 380 60 283 4
681 133 377 347 179
682 511 215 309 223
683 285 425 457 294
684 684 684 684 684
685 2 166 124 214
686 531 445 557 77
687 404 160 69 81
688 543 93 183 81
689 543 399 183 249
690 5 379 103 0
691 691 691 691 691
692 231 262 215 66
693 121 232 501 499
694 549 84 754 141
695 734 177 307 114
696 218 313 295 490
697 156 381 176 413
698 685 481 58 159
699 529 160 140 64
700 441 160 484 494
701 462 212 107 137
702 107 47 437 89
703 703 703 703 703
704 704 107 226 146
705 211 243 238 622
706 563 936 130 130
707 232 483 255 932
708 82 87 533 15
709 404 323 98 932
710 418 69 105 212
711 711 711 711 711
712 401 664 65 172
713 509 216 160 261
714 172 450 211 304
715 21 966 189 509
716 5 163 107 518
717 160 778 85 778
718 281 174 854 285
719 841 368 394 53
720 9 498 506 411
721 28 588 36 93
722 28 96 423 13
723 538 498 573 166
724 160 187 300 662
725 318 83 253 434
726 342 191 142 589
727 83 83 484 515
728 259 728 173 68
729 971 321 103 395
730 64 102 64 98
731 731 731 731 731
732 732 732 732 732
733 327 21 375 110
734 351 284 14 290
735 140 929 579 83
736 160 441 82 393
737 737 271 737 737
738 208 133 134 598
739 569 7 365 224
740 82 546 490 186
741 377 147 166 221
742 742 166 48 455
743 517 517 411 469
744 744 744 744 744
745 377 250 395 104
746 746 746 746 746
747 166 23 83 121
748 46 638 589 424
749 167 204 280 556
750 88 57 412 105
751 206 133 367 263
752 82 281 494 68
753 151 261 980 757
754 19 573 19 707
755 211 106 551 679
756 390 397 182 393
757 577 166 194 990
758 91 11 213 602
759 121 424 258 90
760 15 139 429 929
761 393 308 581 533
762 516 102 98 618
763 5 115 245 442
764 168 64 102 812
765 249 152 492 152
766 340 593 94 176
767 82 150 368 896
768 124 214 352 345
769 559 559 166 351
770 353 592 46 828
771 106 748 641 1
772 772 772 772 772
773 405 303 551 473
774 285 252 105 357
775 560 42 607 434
776 908 124 354 185
777 419 302 809 88
778 85 146 187 222
779 146 120 5 7
780 84 338 211 2
781 52 314 107 69
782 377 82 233 147
783 654 376 387 321
784 784 411 96 211
785 409 28 32 26
786 465 83 434 163
787 21 467 222 249
788 717 295 17 872
789 419 365 133 44
790 544 494 90 162
791 401 835 789 458
792 121 748 46 169
793 613 793 435 160
794 335 140 428 107
795 417 795 417 64
796 828 234 241 440
797 231 624 461 446
798 798 798 798 798
799 447 334 140 282
800 409 421 430 6
801 41 129 460 493
802 129 95 351 377
803 412 57 832 586
804 608 141 44 406
805 487 922 487 922
806 88 149 6 181
807 54 949 13 420
808 808 808 808 808
809 845 3 158 241
810 244 810 420 541
811 84 615 163 643
812 160 29 263 411
813 275 60 157 483
814 347 166 742 742
815 137 520 532 54
816 753 40 23 115
817 813 172 121 180
818 65 409 710 747
819 139 107 362 141
820 51 199 1 121
821 163 105 358 504
822 900 987 411 132
823 213 913 506 406
824 191 857 301 29
825 733 326 306 509
826 812 877 812 461
827 506 661 13 137
828 300 11 11 466
829 168 133 283 249
830 452 501 406 407
831 258 160 441 473
832 63 635 63 896
833 856 932 77 79
834 107 23 83 42
835 493 483 205 93
836 332 707 823 971
837 107 154 249 474
838 45 272 137 6
839 191 122 468 180
840 426 562 457 86
841 368 112 478 476
842 211 87 422 244
843 290 822 494 68
844 971 277 621 426
845 685 281 63 826
846 605 851 191 212
847 171 113 263 82
848 340 491 490 63
849 252 159 926 927
850 199 13 476 375
851 907 342 681 851
852 206 593 572 434
853 82 51 141 161
854 63 126 54 57
855 155 188 189 377
856 142 226 533 61
857 191 83 366 366
858 306 68 418 69
859 211 21 308 430
860 437 443 847 919
861 350 342 13 36
862 777 777 535 173
863 57 194 2 865
864 411 517 516 333
865 845 305 55 685
866 80 82 27 24
867 340 143 62 209
868 5 495 60 105
869 841 376 379 397
870 425 835 493 292
871 231 179 203 249
872 232 214 280 458
873 425 873 401 543
874 425 294 425 294
875 170 513 652 329
876 564 242 564 340
877 549 467 106 717
878 35 165 13 326
879 242 238 243 319
880 921 58 210 128
881 96 302 160 270
882 166 79 107 468
883 115 978 900 411
884 412 832 832 131
885 20 106 80 424
886 2 107 187 222
887 887 92 22 20
888 412 56 3 160
889 405 4 62 147
890 890 890 890 121
891 892 160 180 86
892 124 282 124 101
893 466 359 267 247
894 327 728 21 278
895 333 82 567 82
896 28 38 26 135
897 263 13 130 180
898 481 54 89 63
899 2 285 371 28
900 183 137 481 54
901 137 301 184 546
902 5 194 54 194
903 907 180 156 321
904 321 546 513 19
905 316 1 82 345
906 160 464 136 464
907 903 191 149 149
908 822 350 320 94
909 493 791 425 403
910 65 199 94 207
911 81 412 738 698
912 765 506 19 142
913 358 729 971 179
914 914 135 93 95
915 38 258 111 474
916 414 916 414 603
917 201 202 623 84
918 1000 232 141 86
919 919 113 483 172
920 435 160 426 113
921 880 160 314 228
922 14 280 426 92
923 326 420 351 179
924 303 411 988 411
925 263 925 981 417
926 159 241 210 255
927 158 159 160 251
928 211 63 283 3
929 489 129 403 221
930 963 930 963 131
931 158 243 411 318
932 453 167 218 201
933 592 241 242 963
934 268 340 405 355
935 125 424 172 129
936 232 141 573 573
937 100 662 86 37
938 611 129 495 107
939 350 178 342 393
940 128 355 896 329
941 189 710 498 293
942 95 143 172 51
943 295 486 14 419
944 748 16 210 810
945 945 945 327 21
946 641 106 1 199
947 393 212 492 42
948 381 182 380 283
949 481 286 520 305
950 17 147 13 509
951 666 666 666 420
952 81 160 308 160
953 699 953 26 40
954 87 490 473 371
955 820 420 311 312
956 856 331 764 314
957 700 498 64 950
958 962 325 327 416
959 377 172 413 426
960 377 734 177 546
961 377 344 156 342
962 325 87 547 87
963 237 252 137 174
964 24 988 411 84
965 936 206 751 6
966 189 117 86 295
967 44 359 213 707
968 968 184 115 883
969 509 87 58 886
970 820 950 266 358
971 893 971 520 533
972 509 13 476 478
973 971 20 409 357
974 94 94 167 257
975 971 336 251 135
976 76 417 976 919
977 977 242 243 241
978 753 170 900 411
979 745 979 979 106
980 5 327 894 327
981 443 261 133 557
982 137 210 329 363
983 114 417 40 953
984 333 42 473 404
985 376 397 546 367
986 261 82 540 549
987 116 136 116 152
988 411 646 211 464
989 91 96 318 455
990 408 571 520 58
991 812 685 408 473
992 129 464 611 419
993 408 625 285 854
994 6 2 405 355
995 712 995 712 401
996 12 183 282 254
997 27 588 545 442
998 65 562 515 817
999 145 333 609 114
1000 14 562 515 275
1001 4 114 420 116
1002 560 21 283 394
1003 258 347 191 283
1004 55 533 187 129
