0 250 320 379 157 352 180 344 656 262 656 149
1 17 18 14 103 582 582 62 357 64 249 42
2 571 288 58 654 25 301 321 385 60 395 377
3 63 129 714 121 163 518 509 710 971 332 406
4 408 138 880 2 586 932 283 115 900 5 283
5 132 132 258 107 84 37 96 599 96 2 546
6 137 20 21 259 260 400 64 458 813 434 551
7 112 896 4 809 5 237 162 747 494 17 155
8 9 707 86 707 331 362 129 585 168 484 160
9 558 529 166 48 229 31 229 143 10 638 10
10 64 306 400 20 188 82 445 64 980 261 28
11 7 765 498 265 360 19 434 147 173 859 286
12 823 707 569 359 7 754 608 213 720 804 466
13 207 116 340 848 419 474 233 654 217 70 212
14 85 142 667 13 445 256 21 357 478 13 342
15 461 13 26 171 41 143 758 91 143 340 107
16 771 64 98 62 93 172 847 976 527 5 115
17 147 249 172 419 405 896 638 55 2 58 950
18 86 152 79 557 205 172 523 457 425 567 82
19 324 266 266 11 720 529 166 160 381 182 250
20 163 162 71 288 19 661 666 267 700 525 65
21 260 69 282 687 86 377 468 148 180 348 349
22 35 24 40 251 860 330 455 417 23 13 661
23 494 404 422 180 87 105 173 306 69 777 10
24 169 303 738 481 599 211 420 139 342 107 160
25 473 549 215 215 408 552 57 137 211 84 715
26 654 333 932 489 408 59 63 56 89 482 78
27 29 588 36 86 620 290 829 168 434 233 159
28 30 62 295 385 182 377 215 248 311 295 150
29 486 232 707 331 707 359 213 12 638 329 46
30 37 667 160 262 160 413 168 611 86 353 121
31 338 338 724 338 114 184 678 48 437 115 404
32 40 75 753 978 860 170 427 142 356 896 63
33 438 437 337 155 105 147 859 121 1 142 107
34 438 33 27 997 24 40 29 24 30 51 557
35 655 171 38 409 800 409 800 533 422 601 494
36 438 136 339 443 414 603 414 605 851 180 129
37 37 123 681 86 70 494 225 312 225 756 597
38 592 160 279 82 747 107 209 303 932 186 272
39 455 115 900 165 170 495 606 495 21 107 357
40 160 621 377 160 195 174 932 494 590 24 590
41 152 612 434 147 42 190 418 184 188 20 72
42 820 198 329 90 90 64 142 248 459 496 922
43 502 499 264 266 804 720 213 265 498 956 213
44 366 253 259 509 299 546 723 551 86 421 249
45 405 268 160 191 83 84 471 256 362 62 820
46 461 322 933 322 929 140 216 509 508 212 253
47 409 504 409 138 305 865 63 128 80 490 460
48 527 443 261 28 169 114 847 547 340 612 49
49 217 886 601 105 28 23 546 828 356 301 340
50 50 217 431 249 161 249 19 83 478 477 375
51 199 419 255 434 214 82 114 128 21 29 455
52 368 896 356 256 363 174 121 324 121 468 730
53 157 64 129 162 427 651 624 21 367 82 12
54 126 408 130 14 47 86 259 173 21 329 419
55 63 184 21 274 448 273 429 448 592 160 552
56 738 285 63 62 237 233 62 164 15 216 273
57 949 809 481 738 281 195 211 55 59 89 114
58 587 238 62 290 495 155 223 87 106 255 1
59 832 63 46 252 269 301 621 781 537 106 72
60 390 392 379 389 6 430 211 254 81 42 64
61 177 734 211 283 393 387 385 394 376 385 160
62 133 83 484 448 335 139 139 581 79 47 135
63 87 405 124 300 269 657 269 371 183 44 211
64 89 63 115 63 820 256 87 300 312 309 215
65 169 137 305 210 513 425 568 425 791 401 285
66 329 283 221 256 3 58 193 859 193 2 665
67 74 268 215 313 221 17 282 154 269 121 17
68 20 690 301 284 180 347 460 244 422 180 351
69 477 66 160 249 81 87 163 145 83 333 329
70 431 17 363 17 405 187 80 142 333 162 253
71 70 433 254 490 165 329 80 62 21 169 165
72 259 72 21 296 388 104 392 321 392 387 366
73 707 566 570 823 8 430 498 499 765 504 441
74 950 424 526 840 440 200 581 5 809 481 5
75 470 816 437 290 6 206 41 14 65 639 209
76 485 417 795 417 165 366 305 718 55 949 131
77 539 79 115 142 338 37 84 336 30 121 568
78 497 491 163 83 329 469 329 363 187 106 614
79 121 121 296 256 170 145 434 190 533 551 106
80 121 209 62 158 434 97 768 124 708 185 52
81 63 56 859 826 832 4 587 832 587 6 194
82 222 7 922 488 922 141 913 956 700 452 649
83 236 63 209 234 828 405 828 889 300 183 36
84 174 371 533 408 412 55 160 812 45 273 269
85 313 223 218 314 226 317 85 310 313 309 309
86 444 547 370 251 169 229 183 900 978 165 160
87 484 494 296 199 593 320 321 396 377 352 178
88 210 158 158 242 963 950 820 168 62 312 222
89 423 333 577 282 140 644 296 526 840 413 562
90 459 548 283 182 385 60 390 268 282 424 783
91 89 259 253 17 427 474 477 474 494 170 163
92 105 210 546 77 546 17 546 144 433 405 456
93 413 183 159 237 243 926 159 240 242 963 930
94 974 87 393 377 384 295 268 223 282 210 638
95 95 6 193 55 5 375 28 114 76 119 816
96 113 28 35 455 411 986 411 738 286 481 271
97 100 592 216 216 69 477 90 64 113 438 54
98 353 354 354 64 149 157 389 64 611 5 423
99 290 936 822 86 366 820 95 123 103 157 390
100 102 2 685 54 34 23 474 145 105 187 183
101 380 391 971 566 451 7 537 259 259 96 66
102 812 373 373 180 352 206 588 37 151 23 128
103 201 917 593 201 196 203 121 84 210 208 195
104 181 166 64 212 77 950 707 232 103 160 44
105 155 187 20 971 321 697 5 102 4 96 245
106 221 53 389 389 521 766 521 482 74 116 361
107 730 82 84 649 44 754 569 971 184 355 63
108 190 311 16 311 424 68 62 417 263 547 527
109 366 518 256 363 169 127 21 518 11 300 11
110 474 476 258 434 191 122 123 115 339 818 339
111 375 96 24 5 286 126 812 137 6 89 89
112 474 96 89 76 976 76 263 82 10 282 687
113 41 171 590 494 141 306 426 458 647 121 890
114 438 361 62 179 156 645 156 160 481 586 408
115 87 642 106 255 419 450 186 272 461 140 269
116 725 370 171 41 464 377 734 0 166 285 698
117 121 462 411 132 518 362 81 607 87 365 258
118 420 143 51 498 710 418 190 42 87 304 285
119 470 119 455 444 847 114 80 395 368 321 320
120 146 146 52 52 314 18 222 331 222 253 107
121 480 92 80 188 222 459 19 331 222 519 518
122 179 741 150 160 400 105 493 817 515 290 169
123 251 30 545 23 333 173 531 482 419 367 337
124 640 124 64 615 412 137 249 820 206 852 852
125 937 353 354 125 185 354 185 100 820 201 197
126 564 876 564 340 129 137 249 615 546 233 424
127 121 719 376 654 323 98 768 125 98 99 97
128 3 599 63 820 950 77 254 420 13 129 495
129 82 187 215 17 282 420 133 308 17 612 152
130 122 376 380 320 65 440 458 152 404 366 537
131 54 249 355 83 615 144 166 269 82 137 249
132 121 283 115 473 301 453 212 41 129 329 306
133 362 420 373 112 66 160 589 459 513 303 56
134 5 438 340 419 263 547 443 417 40 23 590
135 170 114 362 405 129 495 278 149 180 142 121
136 338 114 133 169 6 362 107 45 322 334 139
137 54 738 252 115 318 485 387 393 810 520 121
138 698 738 412 285 625 408 286 5 840 413 542
139 137 880 252 237 234 58 832 194 54 949 511
140 274 549 188 74 696 18 133 337 160 138 412
141 494 470 455 302 238 241 209 11 661 661 8
142 560 1002 560 496 529 498 9 558 84 835 789
143 548 381 380 232 241 232 266 358 707 913 529
144 121 438 29 971 470 438 114 208 408 993 408
145 255 189 418 747 282 82 279 118 21 671 411
146 21 624 651 118 118 326 86 145 950 707 267
147 859 612 612 58 865 865 59 832 63 880 815
148 262 262 215 53 466 266 11 270 515 434 169
149 6 5 528 373 106 283 577 377 316 459 434
150 393 17 363 278 201 249 62 749 62 708 708
151 121 300 892 124 99 768 404 145 252 518 145
152 71 121 420 311 612 393 60 391 368 157 301
153 474 478 325 260 92 434 159 243 271 412 803
154 5 7 754 141 407 502 7 212 107 21 533
155 420 212 165 47 443 133 400 400 69 549 188
156 180 601 107 333 28 63 209 909 129 296 378
157 393 166 446 428 448 15 447 473 25 438 655
158 638 355 169 46 579 428 409 448 484 290 169
159 183 543 813 623 84 107 828 896 710 952 540
160 496 488 971 10 13 146 368 376 166 178 344
161 160 29 23 37 86 551 160 184 540 971 133
162 417 38 165 725 114 527 423 442 113 455 135
163 142 963 235 252 518 445 366 107 438 38 23
164 63 233 235 233 145 828 419 405 548 531 133
165 900 123 41 203 829 523 522 563 706 836 836
166 404 121 438 249 184 301 686 381 60 179 342
167 128 128 13 337 883 337 82 458 275 65 568
168 426 318 5 346 168 491 497 77 105 654 249
169 62 255 419 256 473 188 420 212 106 690 690
170 513 211 211 646 646 646 646 211 654 217 288
171 976 114 896 828 87 63 812 520 832 192 411
172 464 420 362 51 112 66 90 86 366 215 53
173 105 400 309 222 1 979 1 225 17 311 72
174 685 57 849 155 133 399 93 171 160 224 256
175 685 55 305 58 434 460 189 550 480 23 546
176 214 178 157 149 149 179 61 53 380 200 167
177 656 231 377 283 296 379 390 526 714 425 457
178 61 707 465 83 518 404 643 48 443 133 336
179 741 250 390 321 810 471 333 279 333 121 665
180 533 434 154 256 226 142 124 371 329 38 245
181 381 394 283 363 256 471 333 443 527 547 417
182 378 378 295 82 290 295 295 210 245 424 326
183 165 482 89 455 375 756 268 405 541 215 459
184 540 971 174 16 164 735 140 735 448 424 422
185 800 409 474 473 3 473 17 283 160 375 411
186 433 217 142 19 473 355 282 318 13 137 80
187 418 509 259 127 189 121 211 424 255 107 280
188 418 187 166 42 427 367 36 409 35 533 576
189 508 363 560 282 121 114 35 38 29 62 99
190 82 281 195 57 412 4 57 809 174 4 102
191 284 255 405 44 424 311 225 74 224 1 224
192 2 409 420 60 157 351 183 430 765 9 971
193 57 59 520 971 406 332 505 358 805 44 932
194 58 886 2 412 54 54 56 57 55 718 305
195 174 107 812 859 56 921 880 424 318 527 114
196 201 199 197 206 14 41 917 199 83 162 184
197 206 94 820 115 62 666 11 8 265 11 266
198 5 35 129 486 6 305 210 244 810 420 256
199 167 196 64 466 12 365 12 570 707 161 249
200 200 820 53 440 526 172 93 813 534 813 526
201 486 493 474 107 129 363 278 343 214 352 13
202 623 84 58 424 434 46 533 146 17 532 285
203 342 149 150 397 182 869 376 841 869 181 380
204 94 515 817 813 515 168 93 409 140 446 216
205 206 290 143 166 301 63 209 166 4 520 22
206 352 60 250 610 59 6 429 269 269 643 163
207 95 143 258 421 448 812 434 183 28 270 515
208 685 160 418 473 412 252 137 679 508 62 295
209 158 114 114 152 420 28 545 36 30 438 141
210 208 57 460 169 336 400 325 326 306 173 531
211 513 147 377 918 201 202 201 160 336 169 987
212 404 62 180 644 147 189 190 971 232 204 198
213 823 666 12 494 311 74 560 229 560 223 165
214 681 5 284 191 157 376 387 115 900 464 282
215 340 46 174 564 2 520 63 738 208 408 56
216 164 164 579 334 929 592 335 447 812 285 271
217 50 49 433 186 363 81 568 426 526 199 196
218 215 589 365 141 496 602 213 529 494 173 892
219 232 214 95 199 105 74 67 66 48 338 485
220 68 212 48 560 48 847 547 133 844 133 143
221 52 221 18 82 543 105 351 214 129 254 114
222 0 238 243 80 508 81 508 473 6 170 453
223 83 586 481 58 249 19 513 84 662 62 283
224 160 223 0 283 187 316 629 178 539 77 105
225 74 459 331 328 258 110 478 84 244 238 506
226 79 77 78 581 409 346 214 413 542 419 932
227 74 188 663 68 287 536 287 162 512 155 512
228 309 219 218 133 405 456 456 456 64 209 140
229 29 545 40 47 251 62 211 683 131 57 698
230 62 544 121 438 169 24 28 722 28 107 400
231 196 206 86 79 417 971 488 466 407 141 81
232 368 368 160 138 86 191 350 345 82 186 345
233 63 272 186 490 149 381 182 53 526 493 399
234 239 373 404 643 17 313 0 377 546 490 160
235 5 445 301 686 86 67 108 509 216 46 429
236 3 175 174 815 63 809 5 97 100 107 221
237 238 241 252 252 6 845 63 329 340 375 480
238 92 685 57 5 291 5 305 211 87 132 285
239 373 515 458 494 222 365 495 309 85 778 569
240 160 29 23 116 160 352 656 352 214 82 494
241 927 926 159 931 963 82 188 486 29 31 34
242 13 361 981 547 40 135 170 115 107 490 518
243 80 271 859 3 81 155 44 405 107 68 212
244 236 208 54 252 209 5 218 196 51 30 93
245 405 15 285 840 129 42 820 41 212 411 498
246 856 913 922 529 11 506 430 401 285 107 284
247 12 161 249 602 61 150 541 511 5 261 986
248 297 905 215 60 172 30 13 461 735 461 13
249 147 612 145 612 282 20 92 238 499 440 661
250 610 250 166 107 21 434 58 282 20 22 20
251 443 116 914 251 23 113 115 155 546 508 184
252 169 5 24 35 183 326 96 89 271 304 303
253 80 16 543 257 65 526 576 295 17 41 212
254 820 493 168 494 268 301 225 226 546 536 473
255 145 42 129 623 458 168 128 434 137 252 546
256 434 35 5 125 283 106 340 638 300 173 340
257 291 346 160 4 58 494 510 492 166 81 460
258 211 363 211 455 444 442 318 423 245 725 114
259 259 83 147 329 137 355 932 859 142 211 106
260 509 671 747 671 471 473 495 208 131 586 4
261 367 116 221 310 17 219 74 212 86 563 6
262 180 156 906 533 441 282 196 918 51 197 917
263 171 5 34 40 33 165 333 105 173 223 330
264 500 466 804 232 576 482 172 169 81 418 188
265 407 502 8 525 602 362 16 281 6 397 320
266 358 569 360 549 221 74 142 531 366 105 508
267 12 141 555 19 573 9 8 499 529 496 602
268 513 303 255 249 121 719 395 389 628 295 393
269 121 492 105 357 282 812 272 273 83 118 301
270 278 199 64 950 58 271 142 480 62 29 35
271 142 357 357 568 544 257 426 283 114 137 901
272 272 812 826 192 517 102 405 891 892 405 519
273 164 448 933 446 216 15 446 428 461 269 166
274 216 461 322 428 592 160 376 390 387 41 443
275 835 84 510 7 546 58 832 587 587 236 46
276 568 458 789 835 425 567 82 1 560 282 132
277 342 178 176 94 820 908 592 100 5 34 25
278 611 270 493 82 368 841 376 122 468 167 426
279 333 438 82 31 37 23 301 311 301 147 615
280 113 434 440 321 104 82 282 589 212 83 579
281 564 640 125 424 337 437 75 470 427 119 229
282 83 615 142 44 28 87 208 126 211 513 272
283 494 27 494 113 455 29 545 462 121 752 121
284 749 167 820 932 165 547 245 976 444 96 302
285 457 425 294 232 525 7 466 649 246 504 183
286 532 131 366 165 170 40 13 145 366 105 569
287 299 700 358 699 406 502 141 729 358 9 500
288 283 493 129 473 249 541 533 28 30 31 151
289 231 575 851 157 60 368 393 377 342 277 231
290 301 52 368 368 104 295 179 180 950 249 5
291 183 568 562 497 531 169 254 77 531 169 355
292 543 672 141 754 324 121 184 473 371 932 153
293 856 362 280 483 61 177 113 370 96 337 115
294 232 918 14 168 198 31 28 151 113 932 86
295 104 392 377 483 345 483 113 32 33 34 32
296 810 511 306 373 411 665 63 212 74 459 249
297 215 74 341 248 297 49 50 217 121 285 4
298 299 145 239 145 404 412 137 679 137 22 137
299 546 362 303 932 129 214 277 231 181 104 250
300 255 419 333 627 809 845 809 131 160 114 932
301 45 15 823 7 365 141 5 105 495 351 161
302 333 105 153 166 253 75 437 25 34 28 46
303 340 215 18 365 245 160 104 395 295 398 295
304 54 194 587 6 169 36 48 151 24 24 440
305 64 64 69 663 188 42 188 145 115 114 105
306 733 420 138 54 949 949 880 166 133 280 405
307 133 362 44 62 427 165 329 254 366 114 212
308 462 308 532 131 55 63 54 54 88 96 303
309 228 342 130 180 348 349 644 140 139 461 819
310 18 317 84 87 363 283 215 86 41 14 14
311 16 281 5 374 441 434 145 283 392 392 392
312 377 776 199 205 160 159 158 107 184 190 366
313 560 474 494 312 255 212 256 63 520 6 440
314 161 12 420 11 209 128 42 74 18 17 0
315 17 121 495 739 12 420 114 47 245 183 68
316 341 222 268 301 28 39 883 337 338 37 112
317 17 17 495 468 148 180 493 142 269 371 121
318 127 105 215 747 184 82 641 424 295 308 6
319 160 342 851 852 18 258 802 172 585 600 813
320 351 303 255 107 371 65 197 601 233 494 328
321 397 377 342 214 284 284 681 123 681 123 170
322 429 301 166 132 283 368 440 24 609 333 320
323 3 303 87 325 260 248 215 1 199 917 40
324 11 699 922 822 290 366 233 932 81 128 133
325 340 548 434 100 86 177 18 222 365 314 340
326 20 462 701 462 173 115 160 108 494 474 366
327 894 327 894 327 107 467 142 81 184 105 546
328 66 389 320 308 157 149 440 159 166 818 259
329 329 184 80 329 28 169 210 283 932 474 128
330 438 339 883 39 35 588 392 296 107 115 301
331 358 232 840 65 86 484 290 291 420 541 541
332 9 466 510 494 438 31 32 438 29 473 459
333 107 284 155 420 283 162 287 69 400 400 222
334 164 446 448 160 338 28 283 106 42 147 434
335 164 174 84 558 823 452 213 155 221 224 1
336 419 270 611 232 121 88 211 571 2 865 59
337 419 356 69 80 431 433 84 487 451 360 451
338 114 564 81 400 107 450 515 494 25 588 282
339 987 338 28 892 300 355 303 369 304 96 20
340 274 140 64 281 252 369 89 2 126 552 6
341 309 17 494 305 54 57 96 417 847 448 428
342 376 376 160 78 531 256 63 89 2 192 4
343 278 114 485 485 387 61 707 73 358 105 340
344 231 290 129 542 183 218 226 256 568 329 329
345 180 365 363 186 283 320 166 296 42 560 222
346 133 544 121 116 337 301 155 31 170 165 135
347 231 53 103 122 180 105 115 113 494 23 27
348 180 257 65 493 817 543 672 672 7 922 340
349 122 123 37 590 494 310 313 215 812 366 950
350 377 748 367 419 554 535 134 554 134 133 367
351 352 656 352 157 250 1 726 17 312 301 22
352 351 483 556 14 283 133 179 907 156 157 155
353 770 353 98 98 124 706 694 706 124 892 45
354 100 100 124 353 709 353 768 98 768 404 708
355 184 188 424 86 506 956 498 499 86 690 301
356 108 109 51 14 35 409 318 318 411 987 816
357 107 90 329 13 980 757 757 980 757 367 366
358 9 971 569 12 62 356 405 16 196 41 21
359 558 856 823 213 473 163 518 404 434 229 29
360 44 10 971 2 405 498 86 283 46 812 428
361 47 47 547 40 442 370 48 486 285 126 405
362 356 356 405 290 643 217 49 71 71 70 431
363 114 47 96 66 121 199 174 366 333 172 181
364 212 83 186 433 405 411 115 373 306 173 300
365 224 309 495 459 610 59 55 552 281 412 56
366 147 160 454 160 278 278 722 28 51 283 356
367 434 64 89 845 412 587 238 242 533 856 264
368 181 156 906 160 353 183 62 30 35 62 419
369 160 319 160 90 13 121 474 62 269 365 802
370 40 93 458 493 280 333 441 249 258 477 66
371 768 99 97 101 300 108 290 108 91 474 107
372 594 372 513 166 233 532 107 23 166 133 261
373 180 468 223 480 21 519 259 253 366 84 553
374 499 506 407 504 44 424 738 131 612 105 543
375 475 375 21 13 520 160 222 227 227 253 83
376 181 346 345 186 129 291 294 294 94 494 229
377 120 380 680 380 177 601 57 193 195 208 698
378 378 321 380 120 232 231 179 345 130 157 296
379 182 872 377 156 344 262 907 180 107 54 56
380 380 232 241 241 243 950 74 82 12 11 20
381 515 167 149 284 280 221 222 301 624 84 233
382 379 60 368 232 64 69 189 418 190 971 540
383 383 295 296 87 105 223 560 39 13 356 564
384 321 250 157 64 229 143 10 64 215 690 690
385 378 296 351 575 377 182 320 381 182 167 181
386 295 106 259 69 356 82 552 305 4 138 698
387 849 63 896 169 427 166 366 152 258 160 592
388 130 127 166 64 65 910 65 177 232 265 856
389 162 323 6 826 56 63 599 132 192 271 63
390 182 380 396 320 283 434 329 568 562 497 78
391 380 440 661 66 389 211 48 105 152 62 245
392 104 157 346 291 232 499 499 374 407 332 7
393 142 191 282 427 980 119 40 165 165 333 84
394 182 376 719 379 383 377 61 608 971 679 663
395 164 448 424 210 129 346 172 457 197 498 700
396 395 387 395 80 64 243 5 763 5 481 698
397 122 123 115 336 337 27 722 28 28 590 13
398 379 150 179 351 483 219 314 314 107 430 141
399 199 278 342 62 546 321 301 18 107 726 189
400 589 107 162 15 273 46 3 587 832 252 411
401 705 705 401 568 129 53 18 103 378 397 160
402 262 148 180 172 86 573 9 358 500 265 525
403 813 714 615 393 719 719 393 105 21 495 638
404 45 16 379 628 628 379 316 121 256 557 581
405 107 284 5 572 533 302 183 170 86 39 409
406 502 11 7 506 166 223 152 211 473 471 170
407 358 264 608 466 494 234 121 256 296 283 379
408 685 990 138 301 189 533 141 232 275 426 401
409 138 86 840 440 249 183 353 486 114 983 333
410 490 932 671 17 459 490 212 256 531 366 537
411 195 174 859 366 285 6 57 949 271 282 268
412 434 550 212 226 419 64 103 526 232 312 317
413 172 180 257 377 392 588 27 93 27 25 13
414 479 381 156 645 156 179 820 215 363 495 170
415 414 645 697 414 414 697 645 191 282 932 115
416 327 10 13 129 121 131 86 92 22 520 303
417 30 24 26 971 20 560 386 17 393 155 22
418 747 671 107 172 183 854 174 281 208 129 106
419 183 411 24 39 13 167 206 776 203 495 129
420 5 411 646 211 137 329 187 679 508 68 212
421 466 499 8 672 430 501 504 466 359 44 332
422 393 155 301 216 216 448 45 300 145 142 820
423 176 292 1000 292 62 79 601 86 453 615 252
424 495 107 417 165 258 469 478 111 108 476 478
425 874 425 835 84 57 243 537 389 292 292 278
426 133 106 278 106 490 160 41 167 168 168 840
427 474 143 419 221 73 106 473 551 303 486 430
428 428 429 164 448 735 448 335 933 15 216 160
429 139 428 409 244 810 296 397 378 295 368 434
430 19 267 265 232 265 213 320 368 86 290 892
431 434 320 734 211 254 28 27 883 883 883 165
432 288 217 50 612 2 651 118 387 387 849 63
433 180 345 82 4 405 124 98 932 115 340 134
434 190 184 184 667 160 366 115 612 393 391 61
435 793 316 297 311 16 337 13 197 917 94 918
436 438 96 481 4 158 244 159 237 162 389 397
437 337 23 31 361 417 423 442 84 77 166 146
438 405 87 329 351 278 347 61 390 395 390 226
439 115 30 256 211 210 300 124 214 450 493 424
440 733 327 326 173 96 6 191 352 178 483 172
441 529 533 333 23 42 44 300 106 106 353 486
442 115 252 237 209 235 234 366 886 366 312 221
443 725 165 725 443 423 370 47 76 5 718 281
444 86 392 61 392 182 388 378 397 376 388 181
445 5 96 100 494 372 433 83 114 183 430 569
446 272 84 492 105 360 360 44 525 247 525 700
447 933 956 506 913 7 420 373 92 480 405 405
448 335 446 166 187 42 820 172 168 440 498 362
449 414 603 414 603 414 603 414 414 697 645 156
450 83 128 940 128 409 28 23 254 290 160 423
451 365 191 156 349 262 215 408 4 424 308 320
452 856 560 358 913 972 509 518 518 771 489 305
453 142 589 283 577 166 742 742 742 546 282 480
454 160 61 533 17 18 366 859 105 856 264 61
455 361 25 409 590 29 51 917 51 283 577 282
456 456 64 11 365 362 533 170 26 35 878 27
457 399 543 249 283 932 450 65 483 345 61 608
458 275 511 309 85 1 979 1 199 526 257 183
459 17 467 84 62 68 173 74 222 80 121 137
460 411 102 517 195 412 434 458 813 836 523 134
461 272 6 54 58 665 665 175 58 665 137 371
462 256 187 549 778 85 820 107 490 513 66 389
463 462 121 425 129 515 206 918 776 130 155 208
464 249 460 467 21 364 211 89 333 129 695 183
465 707 12 569 451 365 226 313 17 431 58 174
466 8 301 155 46 174 520 285 4 131 63 210
467 971 812 87 353 185 662 84 492 615 17 518
468 223 215 747 166 474 143 484 563 493 568 65
469 89 6 79 116 434 300 419 340 17 474 409
470 119 229 513 372 366 305 137 812 4 166 467
471 170 31 27 197 197 601 480 166 194 300 283
472 284 377 189 189 20 287 81 44 11 240 209
473 326 183 42 86 138 698 58 131 209 424 290
474 409 590 171 847 263 142 333 2 137 166 377
475 375 469 112 80 271 513 115 453 62 15 424
476 478 442 35 37 24 953 28 168 615 747 215
477 90 108 300 106 280 47 417 40 547 263 116
478 282 188 495 106 282 577 757 367 133 400 68
479 381 60 250 104 394 947 393 333 160 261 986
480 66 211 611 450 95 342 94 533 29 160 482
481 898 481 208 114 892 300 444 96 6 194 55
482 419 531 539 78 581 133 113 263 455 116 27
483 320 321 301 307 177 221 468 419 87 160 216
484 494 283 234 132 142 338 199 206 6 6 134
485 318 333 154 375 28 81 215 434 478 306 215
486 389 295 450 13 47 114 129 42 249 253 315
487 421 459 548 116 118 756 375 477 69 356 638
488 529 525 529 374 358 498 51 121 1 450 128
489 771 16 153 249 19 107 35 38 34 5 35
490 460 189 627 707 720 720 720 608 213 441 62
491 453 142 458 275 172 181 64 74 230 230 533
492 115 513 218 315 495 638 480 143 328 474 269
493 434 170 453 86 373 508 480 143 133 201 93
494 197 601 163 162 283 254 1 142 28 282 77
495 107 493 282 188 62 310 249 495 82 395 201
496 141 6 389 379 396 393 180 420 212 459 695
497 440 61 178 157 178 381 479 381 182 181 390
498 141 438 165 32 23 261 96 455 35 29 51
499 358 510 466 5 730 468 121 168 198 419 336
500 501 406 499 86 222 459 189 155 223 17 153
501 504 441 466 510 499 700 11 22 92 86 94
502 529 558 674 707 73 268 84 533 408 138 481
503 506 466 971 108 971 554 777 862 777 340 116
504 421 409 504 141 957 700 441 504 332 500 265
505 499 332 529 362 434 221 549 667 387 394 368
506 288 506 13 730 13 900 251 172 214 107 63
507 298 106 405 758 366 68 300 444 113 543 542
508 747 971 423 976 245 318 82 63 486 21 64
509 671 42 612 71 50 87 654 186 121 110 474
510 492 64 325 143 108 93 291 206 199 526 419
511 118 651 434 252 685 193 832 63 518 58 252
512 155 104 394 60 352 180 434 145 180 373 373
513 269 211 58 408 126 57 619 303 174 411 604
514 328 329 190 459 495 87 434 4 58 212 86
515 167 277 342 381 380 656 176 129 296 320 156
516 102 98 124 371 269 643 48 560 474 301 61
517 192 271 142 222 249 427 980 119 76 75 253
518 105 357 82 493 422 23 480 62 426 129 802
519 316 17 427 460 460 347 157 214 351 256 291
520 533 435 127 169 438 96 881 96 170 537 61
521 389 252 117 106 5 644 5 281 738 63 371
522 563 494 153 107 153 249 548 169 290 282 210
523 280 450 83 963 237 253 509 160 349 179 214
524 72 21 96 400 260 20 163 473 508 550 249
525 232 483 556 14 206 65 53 103 378 321 232
526 568 290 290 290 211 990 65 835 401 121 87
527 5 980 13 169 133 443 409 135 914 169 588
528 392 61 53 466 53 312 232 397 157 155 157
529 141 160 394 61 14 440 629 316 17 612 272
530 293 504 359 452 360 19 405 300 263 301 311
531 482 78 420 155 285 107 18 82 490 518 771
532 57 849 155 145 256 371 51 557 917 593 776
533 173 184 710 710 747 366 230 74 340 612 2
534 256 169 438 38 86 79 497 409 357 290 295
535 482 89 63 236 930 235 963 154 963 612 4
536 20 189 82 508 679 971 747 106 226 232 53
537 52 197 86 84 295 387 389 162 405 44 254
538 538 733 728 327 945 945 327 128 11 293 530
539 160 882 160 181 541 139 99 124 708 323 354
540 952 710 509 434 280 172 172 333 518 533 457
541 249 474 17 310 581 473 459 212 17 62 448
542 172 515 458 142 333 2 238 237 587 234 58
543 576 166 376 841 312 5 437 900 753 261 333
544 790 544 107 211 738 809 481 58 105 80 747
545 24 964 373 420 5 303 356 329 20 106 615
546 212 363 577 283 107 161 570 7 661 264 160
547 547 417 38 29 560 295 250 394 379 384 379
548 753 261 32 24 997 27 165 41 212 420 254
549 934 163 373 373 58 208 137 812 115 113 84
550 288 434 243 241 159 301 818 189 117 491 163
551 184 6 290 426 714 129 909 183 413 542 399
552 285 457 65 275 840 168 829 523 168 133 107
553 134 372 248 218 218 36 82 518 249 282 493
554 777 535 13 576 526 280 53 18 376 368 82
555 141 430 569 504 183 44 504 160 106 190 509
556 556 330 248 297 341 297 218 167 133 333 493
557 256 129 169 371 256 362 362 62 81 409 448
558 674 504 525 525 510 84 510 492 84 715 84
559 166 223 218 226 494 222 513 226 85 86 226
560 223 73 317 389 537 106 979 106 560 496 141
561 462 249 162 541 511 810 511 682 681 86 611
562 562 183 93 14 18 852 851 605 851 605 797
563 93 205 206 852 851 214 191 351 419 249 856
564 114 655 96 303 137 481 281 2 333 950 424
565 9 720 700 499 407 43 505 332 529 699 332
566 570 452 466 649 729 84 253 189 582 533 950
567 82 209 845 685 880 138 252 162 79 160 136
568 65 257 284 1 224 224 17 146 615 513 652
569 778 971 416 327 473 14 196 917 483 172 197
570 360 533 249 209 16 495 42 820 44 8 661
571 137 82 282 106 74 120 18 301 35 23 42
572 280 256 312 222 106 548 1 254 128 450 420
573 166 172 333 422 7 332 500 265 674 19 856
574 65 581 139 342 820 16 543 326 325 82 853
575 149 349 160 333 269 422 820 86 459 519 106
576 543 280 303 81 932 114 411 506 64 918 95
577 377 181 95 203 183 212 450 186 186 254 518
578 577 377 393 342 95 143 91 989 329 576 212
579 46 748 46 28 419 495 367 80 282 464 409
580 580 580 580 580 580 580 580 580 580 580 580
581 41 546 377 94 593 205 128 63 194 803 193
582 667 465 667 118 387 321 392 61 483 352 352
583 521 823 9 141 7 499 7 922 499 8 672
584 290 263 48 84 729 141 504 494 662 86 42
585 706 836 706 694 706 290 87 426 86 310 340
586 404 97 371 99 125 185 98 98 932 856 362
587 209 83 46 142 404 474 859 56 6 337 5
588 13 679 375 455 442 245 183 105 87 495 218
589 357 375 91 356 282 665 87 661 66 67 189
590 34 35 30 546 209 131 57 552 54 107 166
591 62 115 612 356 69 418 253 84 443 114 212
592 334 592 139 269 579 216 592 15 933 429 274
593 955 94 218 219 377 199 83 253 121 173 20
594 84 134 62 21 371 211 434 258 402 148 148
595 52 133 443 527 423 5 303 845 252 273 273
596 301 810 301 153 16 518 187 256 546 856 264
597 282 124 353 87 77 212 105 44 506 19 434
598 84 211 83 601 886 601 523 464 409 38 339
599 63 4 283 162 389 283 390 381 479 381 397
600 588 588 36 37 32 13 266 0 316 905 316
601 163 83 612 340 342 483 321 391 379 160 410
602 213 407 44 649 452 830 452 608 499 649 729
603 414 697 5 55 285 174 408 89 610 610 142
604 305 845 845 63 812 58 685 194 990 5 58
605 851 605 414 479 414 697 5 437 482 553 553
606 495 203 105 282 223 317 218 225 409 169 5
607 42 296 526 568 544 303 950 80 92 21 96
608 441 87 147 612 248 221 468 419 268 459 177
609 24 169 263 442 84 87 283 160 589 160 504
610 96 481 132 599 63 212 183 513 652 163 821
611 486 333 128 974 94 955 205 197 13 65 231
612 347 166 536 601 283 495 460 615 546 533 518
613 747 82 221 310 82 187 155 495 932 420 254
614 613 537 85 222 166 114 339 116 34 34 39
615 521 583 521 823 823 661 252 932 169 133 346
616 320 60 295 486 169 301 225 218 316 341 17
617 269 933 322 139 447 440 450 409 27 29 455
618 820 82 186 450 186 144 434 489 405 433 144
619 5 198 200 776 593 176 275 232 41 85 1
620 290 493 562 380 380 61 533 667 81 494 470
621 301 180 178 275 276 549 74 549 418 409 504
622 238 241 499 699 720 720 441 17 82 93 176
623 84 269 513 66 64 24 28 306 93 563 6
624 461 322 140 216 142 285 586 58 86 620 86
625 4 174 199 288 613 537 189 69 188 473 747
626 87 859 137 139 342 130 130 284 255 283 288
627 667 473 367 434 607 42 221 17 212 23 36
628 389 162 133 443 114 78 497 562 562 200 498
629 177 13 785 23 494 25 160 268 106 420 186
630 369 303 423 47 135 337 245 82 526 93 576
631 159 301 581 41 282 79 420 133 309 17 340
632 376 391 389 61 232 872 61 265 11 22 21
633 633 633 633 633 633 633 633 633 633 633 633
634 634 635 285 83 20 83 296 610 142 427 165
635 63 3 128 329 300 355 82 366 372 121 30
636 636 636 211 480 223 155 371 87 160 495 365
637 637 637 209 639 65 543 813 440 460 615 393
638 495 495 154 83 280 113 133 169 306 612 311
639 234 244 210 128 900 987 123 302 438 113 919
640 185 354 354 323 662 62 206 196 128 127 36
641 946 641 212 81 518 58 131 949 809 160 63
642 212 329 68 69 108 514 91 160 179 342 342
643 963 963 930 238 602 466 754 62 730 5 271
644 349 191 64 367 405 365 513 627 420 610 96
645 414 449 414 603 414 414 414 415 852 415 414
646 211 114 76 113 26 47 40 25 459 21 777
647 154 533 242 132 86 470 75 437 5 177 60
648 648 648 648 648 648 648 648 648 648 648 648
649 84 780 84 31 23 172 86 23 113 106 519
650 215 53 312 377 344 377 393 388 388 384 387
651 2 685 685 194 1001 832 2 333 329 90 162
652 163 459 0 177 176 178 575 231 292 493 84
653 653 653 653 653 653 653 653 653 653 653 653
654 420 654 186 533 86 421 246 247 213 360 359
655 470 494 340 114 245 725 40 35 434 81 256
656 122 180 820 208 738 412 865 194 300 121 280
657 269 64 434 459 616 1 549 74 188 82 279
658 658 658 658 658 658 658 658 658 658 658 658
659 377 257 284 277 191 86 65 14 12 161 141
660 660 660 660 660 660 660 660 660 660 660 660
661 570 7 407 44 504 19 823 558 213 182 378
662 124 353 708 86 441 62 285 55 665 303 263
663 80 287 80 129 405 255 610 57 6 587 234
664 363 152 340 464 249 388 379 191 191 231 257
665 137 420 494 404 937 353 249 155 211 546 352
666 666 856 87 83 145 999 145 166 64 438 28
667 465 465 14 221 83 255 210 238 602 499 332
668 157 537 411 263 564 2 58 81 256 210 46
669 669 5 2 62 238 239 3 481 950 366 305
670 670 670 670 670 670 670 670 670 670 670 670
671 932 186 186 162 84 585 813 623 202 562 401
672 249 154 5 374 358 504 441 466 374 293 765
673 673 673 495 5 726 17 23 142 828 615 963
674 569 19 570 247 506 62 253 189 287 92 685
675 675 675 675 675 675 675 675 675 675 675 675
676 428 429 166 664 401 835 65 483 219 342 345
677 199 203 121 114 28 116 39 33 35 34 588
678 48 372 82 180 365 765 506 827 506 765 430
679 375 329 91 91 306 68 663 375 679 187 183
680 380 101 0 146 549 582 549 173 748 944 748
681 191 347 166 223 256 249 80 459 695 607 87
682 511 275 542 544 813 600 129 533 94 494 504
683 411 209 494 68 92 20 87 545 28 46 473
684 684 684 684 684 684 684 684 684 684 684 684
685 137 880 2 1001 2 271 455 318 976 245 424
686 531 116 816 548 278 493 232 121 654 453 301
687 185 125 125 935 100 97 708 100 404 212 256
688 543 458 183 13 39 133 206 133 29 37 34
689 543 326 118 121 493 405 896 405 424 183 183
690 20 188 549 309 495 495 526 390 491 753 116
691 691 691 691 691 691 691 691 691 691 691 691
692 231 871 231 377 295 142 820 197 172 171 263
693 283 390 393 932 282 223 152 86 441 566 421
694 664 58 126 13 33 169 339 437 89 482 79
695 85 872 307 376 250 390 376 6 440 840 129
696 17 612 17 473 19 422 19 549 74 282 333
697 321 379 103 86 304 89 4 4 131 96 164
698 738 63 131 949 56 738 56 160 296 388 393
699 506 510 86 87 163 105 282 249 147 155 351
700 498 473 114 41 87 23 878 23 494 25 30
701 462 462 145 142 450 340 79 581 77 121 362
702 932 338 337 93 399 93 13 550 81 16 211
703 703 703 703 703 703 703 703 703 703 703 703
704 107 550 288 217 366 10 306 169 434 467 434
705 211 455 119 165 128 576 160 338 564 12 564
706 585 129 363 278 191 13 329 87 81 169 338
707 332 359 570 19 430 421 13 39 114 847 172
708 404 234 86 234 82 58 233 83 211 599 3
709 404 145 82 345 350 350 377 395 160 165 96
710 509 287 189 215 58 494 90 474 409 27 590
711 711 711 711 711 711 711 711 711 711 711 711
712 995 712 401 543 257 65 581 13 65 568 183
713 69 409 506 503 213 608 720 332 505 525 913
714 419 170 337 23 546 533 518 166 160 730 301
715 20 106 226 218 317 221 493 292 295 182 377
716 5 305 281 174 16 255 87 473 441 707 19
717 295 434 550 165 820 165 198 201 199 918 204
718 5 611 278 179 280 367 155 95 917 918 494
719 393 17 494 113 114 365 21 221 222 607 81
720 804 720 213 452 141 69 216 164 395 377 103
721 28 29 33 24 30 263 443 366 187 518 81
722 38 48 38 28 820 183 329 357 64 66 338
723 92 426 292 389 628 389 64 42 474 434 14
724 338 485 74 228 450 482 655 172 457 238 243
725 114 444 976 485 455 442 976 171 93 86 536
726 85 53 178 629 177 0 226 106 340 179 278
727 84 268 340 329 306 21 820 256 21 560 224
728 327 10 325 5 405 278 183 568 401 873 401
729 649 441 87 210 300 303 285 481 685 826 859
730 730 13 588 26 27 170 117 460 225 215 309
731 731 731 731 731 731 731 731 731 731 731 731
732 732 732 732 732 732 732 732 732 732 732 732
733 64 397 379 368 83 212 357 357 486 106 454
734 177 221 116 47 423 485 317 74 310 222 314
735 140 409 945 327 486 114 255 405 537 368 103
736 736 86 177 309 400 589 249 153 256 58 155
737 737 271 481 552 373 964 373 121 820 801 41
738 411 2 57 619 56 57 281 121 154 513 459
739 12 62 427 47 113 232 291 183 184 282 166
740 971 416 173 160 533 525 213 503 502 503 407
741 150 393 342 294 493 426 276 275 835 65 285
742 614 742 166 882 160 136 27 82 419 655 482
743 516 333 288 433 254 518 519 21 188 189 453
744 744 744 744 744 744 744 744 744 744 744 744
745 745 282 401 285 15 420 201 283 63 826 859
746 746 746 746 746 746 746 746 746 746 746 746
747 301 273 252 434 128 362 820 196 908 124 166
748 256 271 518 518 533 435 647 435 920 435 920
749 776 917 95 41 166 641 424 256 263 256 333
750 88 233 252 427 151 62 81 121 828 169 333
751 41 387 296 215 314 215 114 3 434 509 87
752 82 365 377 468 148 280 289 277 167 290 83
753 86 17 87 954 249 208 63 184 287 92 513
754 555 856 366 223 268 218 300 642 513 268 160
755 211 106 188 69 958 69 400 20 166 859 254
756 756 223 314 85 222 301 284 214 346 345 483
757 577 142 28 63 272 447 62 708 86 218 222
758 223 215 183 460 80 169 588 35 114 93 183
759 121 201 202 41 205 95 280 291 14 430 401
760 335 139 209 241 234 319 234 160 237 160 183
761 393 182 320 389 611 166 518 166 404 353 99
762 516 517 333 173 326 183 95 198 820 53 18
763 5 669 615 281 411 183 95 61 213 247 707
764 314 300 739 82 278 493 14 776 204 95 203
765 246 504 699 913 951 359 558 324 266 441 602
766 134 523 601 141 754 608 608 754 359 141 502
767 114 63 164 16 337 5 718 56 59 845 685
768 371 82 752 65 53 537 268 311 268 222 226
769 107 856 44 8 107 859 546 41 14 918 974
770 353 125 99 124 892 44 142 62 279 107 84
771 518 63 532 520 164 160 333 531 497 482 78
772 772 772 772 772 772 772 772 772 772 772 772
773 773 773 405 162 186 121 513 269 234 256 63
774 285 286 859 991 859 212 48 75 36 13 236
775 560 283 367 115 473 42 44 401 835 425 403
776 199 342 62 187 166 107 518 621 301 52 814
777 134 74 17 872 314 495 300 489 64 232 264
778 85 695 227 519 61 388 128 44 499 19 121
779 549 288 70 83 133 168 133 62 230 898 898
780 84 393 103 296 380 680 380 157 380 283 494
781 537 405 10 256 212 128 166 81 363 186 186
782 377 396 321 947 60 388 378 103 250 84 249
783 154 107 420 152 494 404 421 649 421 649 121
784 784 784 411 671 690 20 68 357 329 143 86
785 545 785 545 34 27 438 249 211 117 121 544
786 64 10 306 306 326 389 14 280 333 172 172
787 21 92 260 93 205 925 925 89 271 55 665
788 788 717 411 2 481 685 412 81 280 290 290
789 835 789 419 64 243 105 474 166 429 274 678
790 544 107 127 128 483 219 222 215 295 385 321
791 493 835 84 624 231 440 200 440 365 602 61
792 121 71 49 297 74 85 758 316 297 248 17
793 613 163 17 308 256 224 160 377 368 395 390
794 335 15 82 180 148 401 493 464 249 765 86
795 417 133 547 333 180 352 789 93 280 493 909
796 353 768 124 300 12 362 303 166 373 58 209
797 342 277 284 301 276 168 206 280 107 166 404
798 798 798 798 798 798 798 798 798 798 798 798
799 715 84 752 121 173 533 461 216 107 495 377
800 615 21 20 715 799 447 334 579 929 164 160
801 820 86 285 683 211 15 933 45 447 448 428
802 256 223 366 131 950 424 695 222 282 559 283
803 812 57 809 138 137 434 148 280 483 178 351
804 720 266 12 466 494 529 332 707 9 699 9
805 44 11 420 230 230 533 87 233 586 826 809
806 88 57 59 610 160 230 5 63 845 685 54
807 192 517 195 281 949 285 304 13 305 305 89
808 808 808 808 808 808 808 808 808 808 808 808
809 132 481 412 64 108 971 466 12 441 107 35
810 321 182 393 212 91 108 81 490 405 489 212
811 62 109 62 137 880 58 921 845 305 517 517
812 428 428 428 579 448 446 139 445 160 19 420
813 403 971 360 570 700 525 9 265 407 498 358
814 58 373 964 24 169 254 63 239 238 86 98
815 64 129 254 114 168 822 494 268 1 147 160
816 437 417 5 243 252 162 549 540 86 12 466
817 543 113 419 777 535 340 226 459 498 246 266
818 533 266 267 498 238 92 513 210 255 545 473
819 140 2 323 353 99 125 185 354 64 249 63
820 100 5 868 320 156 907 179 394 381 60 182
821 160 336 93 438 115 513 372 107 736 86 563
822 563 373 411 122 122 167 149 440 434 208 635
823 213 533 562 497 424 245 329 290 493 572 939
824 191 365 269 139 282 4 564 12 300 107 162
825 306 81 877 81 486 128 371 708 748 13 137
826 6 549 146 21 486 664 515 413 93 62 17
827 506 211 329 434 424 256 63 212 494 229 84
828 233 474 121 301 357 13 413 526 576 329 477
829 290 568 493 249 165 41 86 41 206 6 286
830 452 830 452 971 235 234 237 319 236 237 236
831 258 410 160 312 309 312 14 291 290 62 45
832 612 356 183 229 39 40 251 96 337 5 125
833 5 464 41 21 174 405 15 273 216 592 908
834 107 46 129 992 129 303 145 404 249 161 300
835 493 434 65 200 196 206 751 820 83 163 160
836 332 700 957 569 754 44 500 141 360 19 430
837 107 226 256 283 518 121 300 371 363 364 212
838 45 447 15 183 300 323 768 708 107 152 256
839 191 178 0 283 234 209 88 149 157 53 231
840 440 970 128 494 115 42 300 475 300 434 820
841 368 14 482 318 326 114 168 278 284 5 520
842 211 434 19 459 223 177 177 74 424 170 310
843 567 843 567 567 425 870 425 526 420 282 518
844 971 480 211 809 845 2 635 2 59 2 195
845 812 83 424 367 113 32 33 28 953 699 406
846 605 851 575 851 605 846 846 846 605 414 479
847 47 976 333 165 434 44 486 333 281 56 859
848 445 419 129 296 181 219 74 460 427 115 339
849 63 158 3 3 55 809 58 59 286 252 273
850 546 812 54 532 132 599 931 294 425 426 283
851 352 160 261 40 361 333 129 114 106 132 371
852 851 907 191 379 385 181 182 283 81 710 189
853 82 143 41 167 13 520 532 175 63 420 53
854 285 62 107 65 998 65 515 373 115 404 474
855 299 184 422 269 546 210 107 340 553 84 393
856 107 296 256 224 148 191 284 203 829 290 643
857 301 303 283 594 283 820 95 123 455 89 333
858 306 141 555 720 498 293 44 913 529 720 529
859 520 21 174 4 832 63 826 6 290 282 212
860 169 252 427 431 17 297 86 177 61 160 610
861 350 939 572 593 955 128 167 130 342 103 201
862 777 862 777 259 106 748 944 748 105 771 145
863 57 619 96 417 485 73 0 17 282 132 236
864 411 430 86 184 480 223 222 227 495 169 339
865 59 832 587 4 13 476 108 290 568 107 481
866 80 187 121 132 194 411 517 192 323 101 97
867 411 209 158 58 587 58 304 88 285 562 401
868 5 236 209 543 326 121 46 322 140 592 322
869 397 537 405 212 450 292 822 908 593 198 207
870 401 562 493 115 370 226 128 450 123 338 123
871 231 232 291 181 60 385 377 464 339 427 212
872 232 277 203 41 232 241 498 8 213 473 106
873 425 493 62 290 495 118 116 23 39 48 36
874 425 835 65 320 232 486 48 48 171 245 337
875 170 360 293 8 8 950 8 44 569 570 7
876 564 190 311 366 537 222 226 443 40 847 437
877 184 301 311 309 314 726 62 393 62 258 107
878 35 114 87 859 174 209 490 149 64 379 316
879 242 158 927 242 158 209 283 367 303 106 717
880 921 58 865 194 5 272 513 92 498 562 497
881 96 80 367 155 114 183 545 442 333 516 2
882 160 184 420 283 87 490 81 494 474 269 643
883 93 25 473 116 263 169 355 300 218 311 282
884 412 137 252 17 309 297 260 74 268 248 218
885 21 519 160 426 275 200 413 840 562 177 377
886 59 949 6 563 936 593 320 320 60 231 730
887 885 20 329 363 21 64 98 64 496 64 42
888 412 404 373 194 405 891 892 892 44 63 210
889 828 353 129 434 473 201 198 202 201 200 176
890 121 856 166 79 160 404 654 83 465 14 270
891 892 44 362 82 314 309 872 707 465 53 221
892 45 932 310 313 221 316 221 53 231 191 83
893 466 12 957 951 141 506 238 62 8 950 644
894 327 306 373 134 74 73 311 69 549 855 155
895 333 444 114 767 82 285 774 285 183 302 57
896 63 58 281 16 174 395 387 389 66 96 411
897 263 48 486 165 114 725 116 860 753 170 280
898 481 3 272 462 58 55 738 131 126 209 631
899 2 5 417 971 216 107 441 498 58 84 107
900 822 494 252 302 302 285 285 209 64 482 74
901 137 249 173 892 423 981 245 115 546 453 491
902 5 690 86 2 208 363 174 564 303 544 817
903 907 342 17 474 932 419 462 308 438 261 367
904 321 378 379 61 19 560 48 976 423 76 96
905 309 218 223 330 248 218 221 225 225 82 81
906 546 742 546 87 105 550 434 551 671 329 286
907 907 907 156 381 686 245 160 232 51 375 21
908 41 129 81 367 107 281 411 55 285 83 963
909 183 3 971 20 142 258 474 23 249 365 133
910 65 752 283 204 533 520 160 321 395 201 94
911 189 5 611 938 611 450 291 464 5 859 58
912 526 53 52 397 181 947 321 904 321 579 46
913 358 602 602 441 466 602 11 666 12 420 733
914 36 183 434 405 456 405 541 162 236 236 208
915 38 722 27 40 964 23 82 490 434 296 388
916 414 916 414 916 414 443 135 136 27 38 26
917 199 301 428 216 62 79 166 86 714 413 542
918 206 94 120 0 459 615 856 950 366 166 201
919 981 171 301 4 62 4 430 12 419 68 183
920 435 942 95 61 387 388 128 490 149 148 149
921 880 174 281 683 131 532 63 5 828 142 427
922 280 342 129 184 287 494 281 6 544 168 292
923 733 723 173 17 643 50 153 152 114 89 136
924 96 64 16 404 100 107 91 469 474 66 215
925 245 121 651 301 153 612 248 17 341 17 219
926 210 211 132 949 211 683 57 849 63 4 162
927 963 83 612 58 856 44 525 525 11 11 365
928 211 518 519 160 292 484 13 79 417 47 251
929 335 929 322 45 446 46 446 447 46 139 107
930 931 210 926 926 234 209 963 546 129 495 283
931 599 63 812 45 87 215 297 215 313 623 813
932 81 62 282 107 114 39 27 997 24 36 160
933 334 592 269 424 495 748 708 99 708 185 640
934 268 421 359 699 406 160 251 160 168 35 30
935 125 424 69 434 478 476 108 357 184 420 19
936 935 125 354 353 640 64 129 278 231 290 99
937 353 69 184 355 106 303 738 286 329 365 83
938 611 252 244 615 180 86 499 602 238 931 927
939 232 141 83 292 543 291 450 434 210 105 127
940 128 283 114 76 89 610 56 412 685 845 63
941 189 301 189 21 283 61 872 85 146 187 671
942 95 60 384 60 231 871 231 191 284 511 191
943 295 182 748 151 816 40 23 28 51 51 27
944 748 641 166 83 42 86 518 509 747 710 710
945 409 667 582 549 248 422 518 422 819 140 929
946 641 641 541 15 211 137 169 127 107 131 481
947 947 393 60 296 254 23 32 367 28 590 37
948 381 178 537 315 218 128 205 197 409 357 105
949 55 412 57 107 314 307 218 220 220 68 173
950 17 21 184 582 211 738 411 375 282 131 64
951 213 7 222 810 301 362 51 85 147 152 249
952 69 549 74 85 18 104 103 182 380 14 776
953 590 35 32 33 86 573 452 9 44 166 64
954 518 546 651 301 121 158 114 981 976 76 318
955 593 974 918 196 593 907 262 907 180 350 345
956 922 908 922 205 206 201 167 128 362 421 333
957 265 533 498 44 121 186 932 3 845 953 40
958 509 216 273 301 269 371 132 518 434 368 440
959 377 347 278 347 258 328 90 375 328 90 329
960 377 316 218 17 166 742 742 166 4 169 63
961 377 398 157 104 379 394 385 82 115 753 900
962 325 971 467 142 258 559 258 198 168 198 329
963 612 747 62 478 176 656 176 93 413 13 95
964 23 950 80 508 325 10 256 128 346 214 82
965 936 129 493 282 424 18 85 695 189 536 20
966 21 82 549 663 189 627 62 454 106 519 20
967 504 301 375 114 318 169 434 404 354 354 100
968 184 106 226 518 155 188 363 255 212 371 236
969 184 409 108 477 108 474 87 17 115 366 233
970 546 333 169 318 127 259 69 679 188 473 256
971 805 971 540 86 226 390 61 95 342 907 179
972 509 952 710 508 550 249 147 316 519 518 16
973 971 336 883 336 170 453 42 560 73 268 309
974 94 533 562 515 14 290 643 50 431 105 74
975 971 430 565 9 213 957 700 823 566 573 160
976 976 411 506 406 971 343 157 368 320 396 320
977 209 319 243 615 281 615 800 287 896 116 411
978 115 86 271 45 162 433 405 19 555 720 525
979 106 28 655 171 171 40 251 361 245 160 104
980 427 261 96 442 370 245 405 288 571 303 551
981 361 93 367 283 226 513 268 84 110 111 66
982 137 166 74 227 222 331 362 356 638 169 896
983 333 320 60 385 377 82 468 224 74 230 82
984 153 301 404 252 412 473 256 303 405 773 405
985 376 6 552 949 880 157 61 503 406 971 582
986 261 411 174 859 812 140 819 139 140 812 812
987 338 135 40 964 24 23 113 83 465 519 160
988 411 506 86 96 400 678 48 976 444 48 361
989 989 989 329 165 27 37 86 197 64 96 96
990 65 86 121 19 288 296 810 511 306 141 494
991 520 252 803 1001 193 3 587 234 86 12 681
992 129 802 256 129 563 272 216 140 617 618 185
993 408 489 300 21 548 121 158 58 304 87 828
994 6 552 57 685 815 880 286 211 481 131 950
995 712 4 166 373 93 30 24 654 17 74 340
996 12 249 153 211 283 133 44 11 141 569 661
997 24 367 424 758 223 64 10 728 411 4 192
998 65 574 401 600 450 526 543 493 450 123 455
999 145 271 137 281 286 252 5 115 883 39 86
1000 918 974 593 167 232 275 413 13 461 45 210
1001 2 826 990 2 859 520 166 320 104 376 378
1002 560 922 488 922 488 141 12 466 487 805 971
1003 258 27 409 65 275 835 84 87 405 28 811
1004 55 63 62 285 252 333 142 125 124 82 458
0 250 320 379 157
1 255 419 199 105
2 64 323 640 64
3 6 4 4 107
4 971 844 165 365
5 357 64 249 42
6 481 421 11 573
7 19 155 187 20
8 950 8 823 570
9 264 161 666 62
10 121 480 69 287
11 406 971 332 406
12 466 265 804 11
13 444 318 326 932
14 103 582 62 245
15 140 166 333 115
16 107 172 51 29
17 163 107 3 412
18 103 52 52 221
19 421 607 222 17
20 306 858 306 723
21 62 833 5 730
22 11 359 11 211
23 30 251 23 41
24 24 590 27 878
25 36 367 82 963
26 40 32 338 142
27 336 337 30 27
28 142 128 95 167
29 5 5 809 4
30 32 165 363 28
31 107 4 285 57
32 31 932 187 62
33 13 655 261 96
34 34 545 183 544
35 114 226 533 310
36 486 430 411 252
37 23 166 84 272
38 13 588 588 36
39 39 33 165 847
40 318 494 39 370
41 202 206 86 290
42 74 152 494 24
43 502 358 729 441
44 105 518 11 434
45 448 16 63 363
46 83 496 602 499
47 370 113 424 83
48 925 205 93 29
49 50 431 141 5
50 49 297 0 73
51 85 307 177 377
52 397 377 280 256
53 221 0 17 932
54 59 138 56 826
55 285 142 576 543
56 59 408 489 2
57 243 240 233 82
58 859 243 242 240
59 96 336 165 114
60 232 241 210 290
61 14 35 339 336
62 571 520 286 56
63 254 77 166 747
64 62 18 219 314
65 835 275 450 611
66 117 62 245 339
67 549 690 447 447
68 82 17 0 498
69 667 473 422 180
70 71 612 131 283
71 209 118 748 16
72 163 377 764 377
73 485 73 560 27
74 316 424 68 142
75 494 563 272 273
76 443 116 367 75
77 78 366 86 747
78 548 381 686 381
79 420 474 301 226
80 357 91 474 82
81 69 747 366 190
82 567 82 147 121
83 355 300 187 146
84 58 162 287 299
85 142 263 142 597
86 96 326 245 113
87 546 256 534 440
88 806 304 971 417
89 369 304 285 55
90 90 478 143 172
91 91 112 356 301
92 86 98 155 128
93 543 430 674 565
94 177 440 232 141
95 377 394 181 378
96 164 170 987 914
97 434 236 587 236
98 62 367 932 83
99 434 433 254 210
100 98 86 68 220
101 124 45 162 84
102 743 102 4 1001
103 61 264 441 608
104 377 157 231 655
105 748 164 45 428
106 932 338 121 355
107 184 420 641 669
108 478 160 450 542
109 366 537 307 314
110 258 474 62 98
111 110 258 490 106
112 51 114 686 22
113 51 165 978 900
114 847 114 234 210
115 820 93 201 232
116 38 915 38 165
117 460 159 931 210
118 209 155 593 955
119 96 21 107 357
120 120 377 390 181
121 173 64 222 537
122 122 468 107 518
123 160 821 163 121
124 82 641 1 218
125 640 124 45 87
126 812 252 481 57
127 82 86 226 62
128 303 564 480 678
129 450 420 149 206
130 776 391 389 160
131 366 282 820 123
132 234 243 244 409
133 170 471 170 145
134 64 80 356 121
135 251 170 96 115
136 41 87 438 470
137 255 355 107 859
138 698 208 930 238
139 819 422 129 458
140 274 405 174 250
141 500 506 366 169
142 280 214 413 450
143 160 123 455 455
144 492 283 252 56
145 234 244 238 440
146 81 303 619 56
147 366 820 342 173
148 0 316 465 667
149 206 291 256 356
150 148 344 262 376
151 48 37 32 367
152 340 513 546 377
153 256 445 254 458
154 249 187 74 5
155 1 21 29 455
156 345 681 345 180
157 383 157 157 214
158 137 194 587 832
159 210 62 131 126
160 468 162 184 62
161 405 356 112 7
162 160 431 71 49
163 42 249 129 419
164 273 4 408 552
165 113 165 30 133
166 513 459 717 717
167 218 341 218 420
168 568 329 68 69
169 249 212 268 313
170 411 24 37 96
171 981 925 443 725
172 251 443 47 483
173 121 129 128 116
174 420 402 133 280
175 532 285 138 698
176 450 107 212 7
177 515 168 62 242
178 344 231 344 180
179 262 301 150 103
180 422 473 427 443
181 6 826 4 131
182 60 157 53 61
183 116 896 173 249
184 513 422 7 422
185 640 185 618 100
186 144 144 492 186
187 222 226 222 215
188 62 152 70 152
189 106 400 92 260
190 329 80 747 508
191 157 301 36 48
192 5 102 6 63
193 859 57 211 55
194 5 423 444 245
195 59 174 366 187
196 908 124 353 97
197 64 640 99 107
198 203 231 262 345
199 1 146 299 508
200 204 199 13 489
201 95 201 128 327
202 201 183 215 747
203 776 204 95 13
204 41 612 306 325
205 172 82 106 105
206 917 820 197 373
207 207 13 191 231
208 63 305 494 822
209 121 80 329 258
210 363 63 419 18
211 506 7 833 44
212 303 304 89 302
213 61 503 407 526
214 178 231 176 65
215 214 60 219 121
216 428 107 79 219
217 432 162 2 809
218 128 355 365 226
219 377 381 387 667
220 17 115 546 103
221 283 577 375 282
222 911 222 560 922
223 331 482 172 820
224 74 696 248 17
225 314 365 293 420
226 0 64 309 183
227 222 74 495 222
228 495 363 518 86
229 119 816 151 28
230 160 142 756 183
231 440 215 114 133
232 440 94 974 128
233 244 58 215 541
234 637 234 86 70
235 244 234 930 238
236 244 235 209 599
237 210 121 296 256
238 210 932 82 104
239 145 612 747 106
240 209 209 62 158
241 440 215 717 160
242 5 718 63 5
243 64 68 667 533
244 460 249 371 45
245 725 417 96 116
246 298 42 756 225
247 661 66 90 220
248 311 341 295 450
249 243 64 197 197
250 495 62 58 142
251 160 19 331 44
252 160 423 892 423
253 259 69 184 747
254 859 56 209 234
255 312 222 225 312
256 263 686 245 547
257 231 385 385 379
258 410 486 303 329
259 253 80 68 212
260 260 728 96 136
261 427 427 254 152
262 533 147 513 84
263 274 335 429 140
264 358 264 232 440
265 856 661 700 11
266 213 11 421 365
267 608 406 608 264
268 215 460 115 615
269 46 932 326 538
270 486 417 263 232
271 301 621 301 368
272 584 272 461 819
273 15 274 273 2
274 428 446 139 448
275 458 604 131 142
276 276 295 560 21
277 342 776 14 221
278 365 419 489 434
279 118 183 159 237
280 340 434 533 18
281 271 411 949 809
282 880 56 481 271
283 320 394 381 176
284 511 346 168 820
285 96 4 169 65
286 5 237 240 424
287 184 69 259 728
288 199 41 63 665
289 401 971 723 825
290 184 355 405 278
291 133 403 172 205
292 160 300 42 607
293 19 141 506 107
294 401 434 531 77
295 255 284 168 172
296 810 520 3 405
297 259 818 440 14
298 473 403 168 440
299 184 107 141 555
300 114 4 635 4
301 25 38 722 27
302 115 107 170 249
303 533 493 909 303
304 271 809 627 62
305 54 252 174 63
306 723 723 733 440
307 317 695 597 411
308 157 385 60 275
309 222 810 511 301
310 170 40 964 29
311 612 147 155 183
312 218 166 64 212
313 73 268 218 120
314 74 86 142 41
315 222 223 18 852
316 222 331 166 577
317 18 74 87 280
318 171 41 215 341
319 319 234 930 963
320 321 157 174 303
321 697 321 160 685
322 15 447 592 760
323 640 98 185 97
324 121 296 6 408
325 509 434 62 203
326 107 300 495 460
327 327 486 261 339
328 258 132 211 283
329 258 16 249 12
330 556 531 249 459
331 223 221 14 41
332 9 510 674 569
333 444 113 33 13
334 322 269 473 163
335 447 45 107 115
336 485 113 107 99
337 860 116 245 424
338 229 23 170 816
339 29 116 533 520
340 142 254 252 303
341 222 690 106 979
342 450 426 129 187
343 157 321 697 414
344 814 344 377 394
345 152 467 85 221
346 345 156 157 385
347 377 403 172 183
348 349 344 200 95
349 348 191 142 128
350 350 343 214 460
351 203 351 278 157
352 656 177 214 180
353 404 83 355 249
354 323 100 92 678
355 518 152 271 210
356 355 115 337 165
357 424 87 422 474
358 707 602 700 720
359 7 506 452 360
360 441 282 121 21
361 263 423 176 238
362 483 205 199 105
363 384 157 155 183
364 211 469 411 981
365 293 360 569 602
366 184 678 69 187
367 338 169 338 211
368 295 268 300 128
369 252 58 803 2
370 333 173 64 820
371 121 316 459 434
372 404 217 50 643
373 306 327 327 327
374 7 452 823 823
375 896 329 286 252
376 321 546 84 288
377 365 672 359 452
378 388 394 368 376
379 157 345 342 350
380 103 393 295 395
381 295 585 389 521
382 379 390 226 313
383 157 156 179 121
384 60 390 181 397
385 395 719 52 146
386 157 16 164 520
387 115 169 255 13
388 283 420 355 128
389 628 181 526 232
390 104 388 376 321
391 61 283 494 420
392 321 397 378 390
393 62 282 300 62
394 537 103 295 450
395 103 60 179 280
396 182 380 120 333
397 368 537 394 397
398 157 231 292 389
399 457 425 568 121
400 69 184 188 710
401 285 552 285 55
402 133 362 434 329
403 403 542 172 342
404 404 86 14 706
405 303 114 362 405
406 358 510 19 129
407 44 213 182 182
408 489 87 154 236
409 13 114 375 477
410 183 290 211 88
411 84 598 340 133
412 404 233 239 373
413 129 820 615 163
414 697 697 415 414
415 852 206 852 415
416 173 892 367 473
417 93 883 116 183
418 187 184 473 667
419 28 33 878 33
420 235 930 236 82
421 649 421 7 546
422 129 282 121 367
423 438 437 336 260
424 255 300 642 473
425 129 615 546 23
426 493 932 237 587
427 546 86 480 480
428 160 96 924 845
429 592 461 447 335
430 183 343 681 12
431 141 666 856 362
432 71 393 84 811
433 233 210 106 820
434 420 326 932 180
435 519 227 254 820
436 437 337 160 582
437 116 35 533 335
438 36 438 588 23
439 96 339 47 86
440 534 813 623 202
441 729 525 707 73
442 976 411 116 473
443 547 133 600 600
444 423 245 183 44
445 531 121 208 820
446 46 548 340 211
447 15 16 404 373
448 87 490 356 486
449 414 479 414 605
450 544 6 438 336
451 365 489 771 106
452 466 12 823 823
453 170 336 971 179
454 82 708 768 434
455 333 288 434 129
456 64 177 380 377
457 568 1 560 282
458 604 131 132 194
459 513 518 355 210
460 170 442 35 31
461 428 428 448 579
462 5 7 754 141
463 462 211 84 323
464 331 166 18 365
465 615 253 166 83
466 529 265 407 498
467 509 105 431 80
468 160 582 184 357
469 5 820 203 829
470 170 82 285 401
471 607 243 434 356
472 471 160 206 575
473 509 62 457 840
474 478 356 256 83
475 375 340 78 497
476 112 469 211 208
477 91 478 543 543
478 66 258 347 352
479 177 546 856 498
480 509 509 747 80
481 3 2 57 880
482 553 134 173 259
483 178 14 41 93
484 292 284 277 232
485 73 485 485 86
486 365 62 263 847
487 332 500 7 365
488 487 421 487 451
489 107 963 235 252
490 459 756 390 491
491 695 424 87 21
492 83 221 226 165
493 212 283 115 615
494 168 764 541 139
495 739 82 46 273
496 922 53 182 719
497 482 593 908 822
498 500 264 533 252
499 358 407 93 399
500 498 0 88 302
501 176 204 41 207
502 661 362 856 922
503 213 358 12 666
504 499 503 44 424
505 374 505 499 141
506 141 161 667 409
507 85 226 390 377
508 550 160 506 500
509 424 105 589 671
510 661 264 264 661
511 949 481 107 495
512 155 533 280 228
513 655 96 842 211
514 91 514 375 80
515 65 835 401 543
516 517 408 516 6
517 102 2 4 826
518 132 252 212 64
519 160 424 355 183
520 2 896 12 430
521 366 30 169 36
522 563 86 706 280
523 280 105 252 389
524 72 92 160 381
525 951 141 488 362
526 457 86 172 60
527 443 527 6 644
528 191 180 122 123
529 160 591 62 419
530 92 400 133 83
531 811 84 441 266
532 211 654 58 685
533 195 826 408 285
534 256 607 393 145
535 728 535 554 553
536 298 536 184 373
537 537 380 391 376
538 777 482 423 442
539 77 950 113 925
540 952 710 189 314
541 160 663 160 108
542 172 377 86 340
543 478 474 145 326
544 450 526 103 150
545 25 473 537 368
546 290 424 237 62
547 340 325 306 81
548 365 329 365 362
549 215 440 159 434
550 249 256 557 445
551 69 679 482 553
552 520 991 412 54
553 134 134 766 766
554 535 482 419 473
555 856 264 608 566
556 14 922 908 41
557 395 152 288 431
558 569 441 213 8
559 518 771 145 518
560 222 1 146 21
561 462 513 183 218
562 493 254 142 152
563 464 338 113 301
564 304 252 210 58
565 754 661 440 320
566 7 141 699 924
567 567 425 870 401
568 129 362 405 132
569 674 19 265 141
570 12 419 226 86
571 285 83 105 859
572 533 189 17 120
573 166 249 460 81
574 401 425 65 64
575 851 352 41 196
576 13 329 367 35
577 249 243 64 149
578 577 757 367 980
579 83 87 371 768
580 580 580 580 580
581 531 686 86 820
582 106 820 21 327
583 521 217 50 162
584 272 15 541 541
585 172 121 752 283
586 4 698 194 698
587 408 434 518 187
588 35 114 169 318
589 83 236 86 840
590 86 85 147 155
591 145 82 555 82
592 100 708 353 434
593 820 159 89 183
594 82 31 135 361
595 52 719 52 786
596 301 818 339 167
597 282 163 83 478
598 84 295 386 295
599 2 845 58 175
600 450 568 82 490
601 480 549 934 549
602 569 501 504 500
603 414 916 414 415
604 131 932 115 145
605 414 479 414 370
606 495 42 41 280
607 519 160 67 189
608 498 51 593 494
609 333 115 96 599
610 142 64 397 381
611 129 695 147 377
612 50 433 434 368
613 613 163 160 44
614 756 215 341 222
615 404 366 142 211
616 459 248 309 219
617 618 97 434 89
618 523 134 173 896
619 56 520 4 183
620 86 233 546 272
621 149 179 284 342
622 238 236 209 210
623 623 84 393 546
624 491 377 395 387
625 285 211 698 809
626 87 419 28 256
627 420 116 114 152
628 394 182 283 494
629 177 94 820 183
630 369 88 302 89
631 209 285 411 211
632 376 378 295 424
633 633 633 633 633
634 634 634 635 137
635 126 271 210 963
636 636 211 210 546
637 233 160 506 83
638 169 114 158 174
639 639 638 44 441
640 323 185 618 100
641 641 946 641 212
642 932 3 236 159
643 50 217 142 357
644 950 913 856 331
645 645 156 191 645
646 131 698 411 517
647 154 236 238 64
648 648 648 648 648
649 729 44 10 405
650 215 756 268 300
651 118 21 495 228
652 419 84 411 784
653 653 653 653 653
654 153 820 256 142
655 301 597 142 355
656 178 344 178 656
657 269 174 57 271
658 658 658 658 658
659 659 377 368 395
660 660 660 660 660
661 87 132 58 166
662 300 892 124 173
663 80 230 20 72
664 664 65 664 515
665 121 110 111 84
666 7 504 494 82
667 549 540 509 107
668 157 6 170 453
669 5 726 316 215
670 670 670 670 670
671 932 702 107 296
672 249 208 2 564
673 495 424 78 340
674 707 823 7 249
675 675 675 675 675
676 322 533 146 316
677 199 198 201 342
678 68 80 62 811
679 482 41 215 440
680 380 440 434 856
681 5 195 738 2
682 511 682 681 160
683 281 698 55 685
684 684 684 684 684
685 698 271 411 305
686 263 30 115 152
687 86 627 473 163
688 543 689 689 689
689 689 198 41 482
690 74 498 200 562
691 691 691 691 691
692 231 214 178 380
693 83 318 64 93
694 610 472 471 84
695 315 253 84 87
696 226 309 218 133
697 321 61 380 391
698 211 44 211 364
699 11 360 170 471
700 267 707 86 44
701 462 546 509 400
702 107 837 837 837
703 703 703 703 703
704 704 704 704 107
705 183 400 259 695
706 124 139 160 166
707 86 152 74 419
708 62 172 231 797
709 185 662 124 282
710 184 106 184 249
711 711 711 711 711
712 4 208 194 193
713 69 424 308 434
714 93 563 86 21
715 69 508 549 480
716 5 105 152 355
717 788 788 788 788
718 56 4 121 165
719 157 155 655 427
720 266 7 12 266
721 30 417 30 82
722 38 115 31 282
723 971 520 54 826
724 338 116 470 170
725 486 29 31 34
726 5 430 971 710
727 83 579 334 335
728 20 83 492 678
729 44 374 856 8
730 62 216 461 273
731 731 731 731 731
732 732 732 732 732
733 440 526 458 275
734 172 61 61 267
735 448 16 269 859
736 86 623 450 581
737 271 301 393 391
738 738 698 412 473
739 12 441 84 57
740 51 118 117 170
741 103 123 129 600
742 166 142 597 596
743 743 102 101 768
744 744 744 744 744
745 189 146 52 314
746 746 746 746 746
747 121 615 155 546
748 283 137 408 516
749 167 453 167 820
750 88 210 160 128
751 6 515 176 440
752 283 5 35 24
753 900 169 932 254
754 7 566 569 19
755 211 705 425 285
756 183 4 13 172
757 757 757 980 655
758 316 341 309 268
759 121 1 568 183
760 15 446 322 446
761 393 60 103 352
762 516 517 102 411
763 5 323 185 768
764 211 859 809 685
765 249 41 115 644
766 521 553 554 535
767 473 116 263 455
768 404 82 5 125
769 107 160 108 971
770 353 185 354 323
771 105 400 107 3
772 772 772 772 772
773 773 773 405 375
774 285 304 271 333
775 560 810 321 546
776 204 196 917 128
777 498 86 131 373
778 160 747 366 283
779 820 133 170 107
780 84 582 971 809
781 537 781 52 595
782 526 183 430 7
783 424 154 269 404
784 411 195 208 208
785 13 84 558 9
786 160 161 667 509
787 21 6 183 256
788 717 106 300 748
789 168 13 25 339
790 544 817 515 484
791 425 294 294 425
792 121 288 613 127
793 748 106 46 322
794 335 139 424 212
795 417 370 27 339
796 828 46 46 81
797 14 47 361 151
798 798 798 798 798
799 189 20 230 375
800 409 326 86 590
801 41 94 515 93
802 802 802 172 168
803 859 685 298 685
804 754 466 441 324
805 44 649 44 367
806 285 949 56 619
807 54 665 55 411
808 808 808 808 808
809 132 89 88 233
810 301 209 71 612
811 28 811 79 419
812 366 63 41 114
813 413 450 438 588
814 347 181 250 104
815 57 84 160 880
816 170 987 816 169
817 817 493 568 457
818 301 276 426 518
819 140 461 812 428
820 167 51 100 107
821 160 494 169 129
822 292 543 294 301
823 823 971 679 482
824 191 347 61 421
825 923 326 420 13
826 685 92 426 280
827 506 674 510 8
828 889 828 892 892
829 290 206 94 320
830 452 700 498 178
831 258 132 87 45
832 826 58 411 114
833 44 9 19 49
834 107 319 319 107
835 425 129 133 51
836 706 836 523 543
837 837 837 107 41
838 45 461 216 254
839 191 346 128 667
840 65 483 482 331
841 231 936 168 615
842 211 142 85 726
843 567 843 290 495
844 165 547 547 263
845 812 273 140 269
846 605 851 214 83
847 47 79 922 499
848 419 296 395 296
849 859 6 549 160
850 546 2 481 57
851 352 157 719 395
852 852 206 917 970
853 82 567 290 295
854 252 305 64 305
855 473 393 212 152
856 612 147 612 105
857 160 183 400 81
858 306 128 283 166
859 194 685 3 175
860 135 337 30 546
861 350 851 350 851
862 777 10 160 173
863 57 194 4 281
864 411 784 411 517
865 63 195 3 932
866 411 58 83 296
867 134 554 971 4
868 5 252 105 105
869 181 296 288 282
870 401 130 342 343
871 231 290 79 77
872 707 957 213 7
873 401 835 789 419
874 425 4 54 63
875 170 427 119 455
876 564 640 99 768
877 160 778 160 78
878 33 86 963 160
879 242 234 238 601
880 4 89 610 235
881 96 136 337 115
882 160 799 160 163
883 93 93 204 128
884 412 252 845 58
885 20 536 259 509
886 366 187 129 296
887 92 105 187 152
888 412 803 195 412
889 405 695 129 286
890 890 121 478 183
891 405 83 431 141
892 300 300 161 44
893 466 160 321 38
894 327 20 222 219
895 417 62 769 62
896 896 112 37 86
897 263 361 171 981
898 230 920 230 366
899 2 137 56 194
900 437 438 336 816
901 137 812 215 494
902 5 218 94 955
903 191 6 859 4
904 321 321 697 697
905 309 400 309 133
906 533 86 114 183
907 349 349 180 434
908 199 128 86 95
909 303 174 15 533
910 65 176 333 493
911 222 268 459 212
912 466 421 487 421
913 358 358 331 225
914 116 28 28 362
915 38 26 25 459
916 414 697 156 179
917 201 121 115 114
918 974 128 115 48
919 981 547 171 423
920 230 80 286 411
921 63 419 79 77
922 822 53 178 178
923 825 733 326 145
924 699 506 856 265
925 48 654 404 87
926 931 210 129 346
927 242 243 83 209
928 211 107 356 301
929 592 160 551 733
930 208 564 158 105
931 301 113 847 444
932 174 54 4 3
933 15 303 28 283
934 268 496 498 430
935 353 687 353 708
936 936 955 197 199
937 100 618 618 404
938 611 176 238 302
939 572 593 908 278
940 128 197 593 350
941 189 551 69 477
942 95 41 200 41
943 295 392 528 191
944 748 16 46 3
945 325 65 574 425
946 641 641 160 255
947 394 368 157 128
948 381 181 342 284
949 54 126 286 815
950 266 498 44 441
951 44 9 720 754
952 69 409 90 11
953 699 525 505 332
954 154 163 166 820
955 197 93 543 688
956 44 424 196 16
957 19 422 950 820
958 69 299 509 82
959 377 776 776 936
960 377 389 317 84
961 377 947 377 219
962 325 340 554 535
963 615 333 281 194
964 40 40 438 590
965 936 935 125 166
966 189 454 84 121
967 525 421 471 473
968 299 700 707 499
969 184 366 105 327
970 440 450 464 847
971 723 538 777 21
972 509 747 667 480
973 971 4 126 58
974 87 84 118 128
975 971 747 612 82
976 76 75 40 24
977 209 319 236 249
978 115 439 338 28
979 106 211 450 228
980 13 655 458 486
981 976 333 895 333
982 137 126 2 62
983 114 169 89 806
984 66 389 320 308
985 376 160 559 559
986 261 40 919 443
987 411 271 54 285
988 24 654 105 314
989 989 989 989 329
990 305 420 810 222
991 520 20 695 85
992 992 129 128 211
993 408 137 815 64
994 6 516 762 516
995 712 995 712 995
996 12 266 525 500
997 953 23 421 141
998 65 86 573 452
999 145 255 105 424
1000 232 320 380 120
1001 194 305 552 271
1002 560 362 498 197
1003 258 802 172 172
1004 55 4 169 375
