0 17 726 85 142 20 467 434 320 616 435 920
1 284 1 218 316 726 283 181 182 719 157 390
2 865 412 192 323 533 141 264 161 569 570 360
3 102 6 55 809 4 532 131 683 412 154 62
4 286 286 412 194 1001 803 990 826 63 303 412
5 809 107 284 749 284 160 466 266 358 498 526
6 55 718 63 420 108 971 417 29 33 35 165
7 11 518 546 828 87 173 41 173 256 221 310
8 107 531 581 205 820 121 117 613 117 100 99
9 44 9 565 823 8 510 504 971 114 375 896
10 44 407 494 128 105 280 116 64 177 307 314
11 7 430 425 870 401 256 371 185 768 101 300
12 362 51 143 93 820 207 197 918 201 203 199
13 38 40 25 494 311 72 163 105 489 132 208
14 473 474 427 142 263 897 263 169 365 180 149
15 183 155 130 157 388 104 288 162 103 380 390
16 828 356 564 748 256 518 366 188 971 332 213
17 21 513 422 19 331 225 82 199 207 95 214
18 376 6 56 949 685 812 63 832 612 963 241
19 62 62 68 473 508 259 72 259 89 933 139
20 329 121 107 255 170 336 409 306 509 282 132
21 422 19 324 555 82 230 21 326 143 90 13
22 21 212 68 92 173 416 327 306 10 21 28
23 172 820 201 917 593 377 403 425 543 170 38
24 169 932 642 83 243 132 62 117 252 46 249
25 26 588 25 23 83 506 332 971 893 971 695
26 953 24 36 218 549 663 460 116 27 301 747
27 722 28 62 377 395 390 409 51 593 95 196
28 96 470 980 13 242 236 86 459 190 82 767
29 121 77 546 233 11 64 0 166 2 832 2
30 32 533 504 441 249 5 133 18 852 415 852
31 123 95 593 142 19 666 19 107 18 0 215
32 93 86 121 890 121 163 105 115 282 271 448
33 29 361 13 39 48 372 32 33 370 40 251
34 54 6 571 6 489 365 765 506 409 2 285
35 455 76 119 96 610 420 647 434 233 160 69
36 318 96 28 438 93 128 197 86 274 15 823
37 370 318 482 521 295 376 82 401 148 160 302
38 116 455 438 136 417 367 48 981 76 443 40
39 28 166 129 42 427 434 41 51 375 21 20
40 32 533 204 232 214 301 307 588 494 23 39
41 352 60 105 187 121 66 112 368 182 321 160
42 147 152 256 3 286 303 114 44 142 285 738
43 499 506 406 525 529 496 496 421 498 533 189
44 550 288 269 272 428 447 15 362 256 291 450
45 210 926 927 241 592 760 546 272 651 651 121
46 638 896 169 13 305 210 169 419 82 62 495
47 129 198 128 970 546 362 405 129 283 333 113
48 338 165 142 226 186 492 42 128 211 128 424
49 153 366 218 482 535 13 576 295 385 378 377
50 654 217 812 46 255 256 340 445 419 268 496
51 917 40 93 301 18 419 270 515 593 95 143
52 1 310 494 371 353 935 768 98 98 708 82
53 178 413 93 494 484 87 21 462 212 253 459
54 411 438 336 337 419 14 178 166 214 178 352
55 533 404 125 283 215 159 631 631 209 637 233
56 126 723 825 723 126 300 158 121 165 482 228
57 863 57 619 89 437 482 289 482 79 922 499
58 845 859 243 930 930 208 63 826 2 698 305
59 865 63 212 296 379 6 337 135 13 90 90
60 391 377 851 851 352 345 160 56 685 4 107
61 95 218 17 166 399 199 53 922 340 169 303
62 627 667 508 105 351 231 645 156 166 191 180
63 87 474 96 527 527 423 423 303 434 221 314
64 379 64 191 142 83 496 160 316 121 356 160
65 107 211 755 211 532 56 685 949 809 806 89
66 211 612 31 24 261 986 470 261 86 521 62
67 533 306 434 478 91 112 357 65 752 84 13
68 80 480 106 212 544 105 285 457 421 255 255
69 68 80 107 856 533 20 519 106 145 950 80
70 84 654 87 82 377 394 160 160 285 55 285
71 393 62 306 549 274 448 933 15 82 310 86
72 524 72 524 72 92 20 467 971 506 247 11
73 17 85 41 123 900 128 11 12 266 441 529
74 537 103 150 820 327 820 546 210 211 249 201
75 427 121 116 655 261 170 81 46 96 261 121
76 981 527 547 87 17 726 107 211 424 68 329
77 78 121 372 121 154 546 82 376 321 160 520
78 581 0 74 310 445 254 495 641 641 495 160
79 417 438 361 444 527 114 129 115 256 303 252
80 431 4 625 408 286 160 206 546 23 545 255
81 46 273 429 46 405 518 209 118 116 245 96
82 494 229 39 40 165 455 919 847 847 547 113
83 290 121 308 411 174 815 174 107 96 443 414
84 780 84 57 211 513 513 372 248 73 317 695
85 226 309 218 310 249 954 154 424 121 281 880
86 756 225 223 20 92 728 535 777 200 207 197
87 300 405 187 365 141 499 440 215 340 128 94
88 142 665 137 160 541 405 543 183 329 514 971
89 520 305 2 211 107 183 504 7 420 351 256
90 328 258 375 121 115 355 121 796 828 615 252
91 469 474 477 375 328 143 90 220 90 409 390
92 137 174 932 128 79 340 129 214 352 214 176
93 443 318 47 47 41 207 197 27 409 390 388
94 198 31 23 135 438 64 438 470 816 470 427
95 218 313 223 73 485 166 74 142 81 142 187
96 5 323 5 99 121 12 82 368 434 44 213
97 125 354 64 455 64 244 422 820 486 664 401
98 618 97 5 302 88 89 455 438 338 35 32
99 64 183 29 29 261 361 93 545 473 642 121
100 185 98 101 99 371 360 265 503 407 374 406
101 96 336 160 79 120 101 323 100 96 58 137
102 743 516 762 516 102 411 88 271 737 737 737
103 394 104 103 389 66 474 160 336 165 40 917
104 392 321 320 397 458 533 249 329 68 220 377
105 314 295 932 233 235 319 237 236 132 234 244
106 486 165 25 24 36 107 47 172 275 276 426
107 36 218 183 229 143 482 165 438 40 448 735
108 405 308 6 96 847 919 847 114 107 509 710
109 51 206 231 841 841 397 378 295 106 533 163
110 478 13 483 340 405 340 143 121 82 303 244
111 258 258 211 194 685 698 809 826 54 89 107
112 356 671 549 934 549 299 287 299 298 549 316
113 220 177 229 366 662 282 28 121 363 208 133
114 444 84 582 84 105 859 211 3 271 45 428
115 115 531 142 338 169 338 564 114 137 679 375
116 38 34 34 588 588 30 251 340 74 187 366
117 189 189 287 80 367 434 81 121 125 62 129
118 21 96 604 411 132 106 356 434 368 440 450
119 84 50 87 211 845 520 408 57 59 949 481
120 232 1 142 223 655 526 413 450 291 65 791
121 23 460 169 212 726 283 254 859 59 194 238
122 351 181 219 232 397 320 157 343 207 918 377
123 172 172 526 537 1 979 170 987 816 860 753
124 45 62 521 217 282 283 63 665 282 480 80
125 166 128 167 820 366 20 400 690 20 74 212
126 138 58 304 87 363 115 86 12 19 324 43
127 22 127 107 162 190 366 107 63 271 126 211
128 362 533 515 533 458 168 813 836 332 421 332
129 282 115 21 489 419 78 77 497 424 395 82
130 342 575 206 65 307 376 82 594 82 450 212
131 86 533 562 232 241 158 160 2 899 2 62
132 285 88 271 589 83 141 913 707 700 441 121
133 41 152 433 144 84 454 62 453 82 681 342
134 10 82 544 494 714 615 513 474 112 37 23
135 409 138 57 924 612 347 352 60 283 601 859
136 417 136 89 411 900 251 47 113 485 485 423
137 286 13 23 30 609 333 460 421 332 707 267
138 63 46 371 353 323 6 57 2 131 963 242
139 139 424 509 253 419 351 518 513 462 411 116
140 140 409 27 878 33 31 170 485 113 160 12
141 213 266 804 565 324 720 555 856 405 490 170
142 106 355 283 333 983 114 976 76 47 333 47
143 95 218 268 218 220 165 361 423 96 361 423
144 434 256 211 489 157 382 379 174 303 107 211
145 591 142 223 268 19 49 643 269 333 367 261
146 615 145 166 58 738 211 612 828 107 747 69
147 233 434 137 255 46 322 139 429 107 8 11
148 402 402 262 148 280 292 206 200 434 63 635
149 167 207 200 820 424 820 171 38 443 318 981
150 82 132 424 518 351 161 107 206 917 201 62
151 113 494 372 32 93 169 4 880 281 305 305
152 121 203 291 280 277 214 342 147 166 611 232
153 212 612 163 366 404 142 81 460 748 256 224
154 147 615 331 764 314 310 221 282 424 448 579
155 470 261 427 655 171 13 126 63 2 409 184
156 179 971 235 930 208 815 174 812 282 106 486
157 383 379 157 389 341 309 495 42 129 35 5
158 174 269 46 424 366 537 411 63 305 845 281
159 210 269 155 181 869 181 6 1001 194 160 310
160 298 551 189 301 25 437 417 79 417 170 151
161 300 405 19 288 217 121 184 366 188 62 498
162 492 105 183 351 106 254 153 427 422 84 411
163 491 695 147 115 212 163 17 612 105 60 397
164 395 385 103 320 593 918 494 438 437 455 263
165 753 491 167 199 64 173 518 21 11 5 430
166 283 249 541 249 155 546 518 513 121 518 366
167 13 165 427 142 151 86 328 328 327 11 129
168 83 365 212 131 83 431 434 147 513 211 859
169 360 11 247 506 366 285 13 238 239 373 311
170 4 81 212 546 393 932 165 169 860 123 123
171 299 473 474 108 155 223 518 404 153 105 180
172 346 409 504 529 496 451 7 19 107 702 107
173 342 180 422 601 859 303 106 83 145 269 147
174 420 128 6 2 114 820 179 203 548 459 390
175 252 404 768 124 708 599 96 165 160 726 189
176 65 371 132 252 803 1001 832 520 195 738 5
177 177 177 905 297 309 218 513 115 900 170 212
178 232 95 214 277 149 278 363 329 283 115 171
179 121 642 473 422 820 955 197 494 142 44 183
180 348 349 64 395 908 124 896 28 41 82 518
181 388 388 181 231 344 814 52 52 719 182 388
182 368 379 296 390 390 397 632 719 182 380 283
183 90 107 285 532 211 402 402 133 568 526 714
184 115 860 116 123 339 116 136 89 4 859 990
185 125 5 234 235 210 236 5 35 26 26 24
186 162 217 71 433 162 820 581 51 409 420 15
187 42 434 471 170 318 171 409 417 423 48 84
188 155 1 147 422 145 4 102 3 859 211 258
189 188 710 549 298 301 281 107 812 373 92 238
190 366 859 87 493 932 338 365 172 60 390 526
191 494 17 386 379 103 122 342 107 429 447 690
192 411 271 137 81 932 237 107 212 726 189 253
193 411 604 411 54 412 587 832 408 625 285 809
194 412 921 845 520 815 859 183 362 856 546 2
195 826 826 859 166 666 367 30 339 482 14 232
196 593 936 965 936 290 198 204 917 908 124 166
197 373 528 392 377 368 121 245 263 245 329 357
198 776 204 918 167 918 820 546 536 473 299 473
199 917 199 342 41 160 96 251 62 151 263 256
200 198 387 283 389 628 379 383 383 377 391 376
201 202 198 207 201 41 932 859 131 64 527 64
202 41 129 65 413 458 533 194 405 896 710 299
203 14 523 64 141 602 61 602 249 114 367 254
204 205 128 142 132 166 742 546 803 2 281 271
205 196 167 122 167 284 749 62 210 21 221 282
206 198 95 351 13 730 468 495 5 192 195 517
207 5 230 80 129 611 86 165 482 162 295 397
208 115 282 65 94 350 593 176 214 294 203 291
209 82 310 932 859 107 54 826 160 262 122 397
210 208 329 190 311 223 655 231 385 380 283 51
211 126 208 208 285 304 57 924 845 4 412 138
212 459 661 459 189 160 262 903 191 342 122 342
213 452 141 438 251 169 28 333 919 89 56 271
214 345 262 342 294 346 511 275 458 568 526 221
215 347 231 645 191 346 160 23 37 96 469 112
216 142 856 430 4 323 64 170 31 30 51 114
217 282 812 932 154 173 82 137 174 121 518 212
218 282 154 783 654 420 174 408 89 474 409 318
219 82 201 51 206 575 231 157 295 424 62 142
220 215 218 228 482 228 121 362 165 115 513 474
221 83 612 832 826 990 2 192 58 142 665 58
222 222 513 747 663 549 298 287 800 287 80 384
223 758 223 160 406 7 500 265 9 699 358 9
224 224 256 462 546 187 329 258 356 490 459 21
225 225 314 507 507 513 184 971 466 266 232 413
226 85 147 424 114 81 685 4 832 160 222 223
227 268 340 482 576 13 667 128 249 131 281 194
228 301 137 283 318 282 87 453 189 582 184 422
229 30 263 47 168 6 284 214 179 150 381 156
230 106 756 142 223 228 280 434 214 351 249 533
231 343 183 282 690 494 128 283 282 393 381 390
232 61 393 391 377 219 222 696 297 248 73 84
233 166 146 183 411 864 411 717 459 498 720 7
234 319 243 159 209 601 197 206 593 14 486 367
235 420 338 263 423 423 925 925 114 932 258 90
236 930 926 930 243 859 809 845 209 285 55 285
237 587 2 411 131 717 717 788 717 788 788 717
238 602 496 421 488 141 83 42 422 546 80 121
239 63 132 249 160 533 4 896 124 97 99 125
240 963 243 931 238 525 504 301 248 297 49 84
241 242 166 128 142 210 405 304 303 121 128 199
242 242 236 86 23 172 30 251 455 271 271 145
243 412 921 930 243 820 153 105 283 209 599 3
244 237 424 497 340 10 509 540 82 438 74 696
245 318 494 225 1 147 329 367 93 576 129 413
246 765 421 359 9 421 498 602 529 374 358 105
247 264 569 9 506 288 758 405 280 277 280 556
248 221 526 840 457 562 183 845 520 20 106 828
249 81 142 560 224 64 489 129 493 41 612 856
250 393 150 387 378 60 105 114 160 480 23 170
251 336 338 136 151 367 105 550 21 560 316 560
252 4 162 83 812 273 15 211 304 411 57 138
253 932 174 63 54 59 859 63 283 60 104 179
254 441 12 573 498 720 529 720 324 754 141 430
255 434 243 243 507 85 820 333 333 47 455 169
256 460 129 840 86 499 238 242 121 172 93 336
257 543 542 168 6 140 461 335 97 335 933 429
258 559 283 191 857 166 107 164 63 210 210 83
259 173 160 103 378 295 182 381 156 160 279 160
260 93 25 30 51 41 142 932 106 298 106 641
261 437 443 13 156 907 851 605 851 191 344 656
262 511 306 549 80 105 371 490 473 412 2 13
263 419 169 229 143 10 339 113 38 30 261 437
264 232 473 80 62 495 526 714 486 333 172 346
265 440 661 264 19 62 290 13 390 388 130 277
266 804 754 293 420 230 80 367 655 470 171 23
267 707 957 213 558 529 466 324 43 502 43 452
268 160 153 404 100 124 768 97 97 124 51 196
269 82 80 271 949 949 685 3 192 5 105 121
270 278 486 478 476 478 486 29 420 304 16 395
271 859 147 329 184 189 519 519 160 397 60 947
272 274 678 68 663 747 549 540 189 420 314 52
273 46 16 187 146 533 87 426 232 129 166 242
274 21 212 21 127 377 122 180 434 173 416 173
275 493 180 434 478 160 859 932 173 184 282 31
276 275 172 204 65 401 526 576 93 261 24 590
277 284 206 205 917 908 196 280 219 172 62 159
278 280 114 48 50 433 254 371 473 129 203 14
279 279 5 511 262 511 262 344 178 629 316 297
280 575 167 450 107 252 283 362 280 420 30 820
281 845 859 56 160 413 160 856 265 267 666 141
282 420 235 84 233 424 255 694 549 460 460 170
283 290 13 19 267 466 7 266 7 913 972 509
284 14 403 221 107 161 7 407 266 358 805 971
285 89 333 601 180 87 547 318 338 900 183 106
286 281 62 736 736 160 193 411 208 129 365 249
287 509 958 69 663 508 546 129 19 247 213 182
288 758 91 514 13 183 15 209 82 932 326 118
289 180 172 181 95 197 205 557 205 51 109 366
290 568 276 168 292 450 211 489 932 531 473 549
291 142 405 132 160 376 387 378 378 377 150 82
292 82 963 121 44 332 720 9 957 19 533 147
293 504 569 778 160 104 181 283 290 87 304 256
294 294 377 199 338 485 423 455 24 455 119 980
295 380 14 936 130 408 520 252 285 562 438 96
296 288 756 225 459 163 72 20 106 518 283 44
297 0 0 560 295 385 231 277 342 533 582 189
298 137 13 35 86 153 256 445 86 310 17 17
299 710 508 480 329 183 209 541 641 641 424 211
300 739 12 420 661 19 11 611 938 611 232 525
301 61 232 397 53 434 229 536 287 800 615 147
302 809 707 856 434 813 534 813 275 840 562 493
303 271 400 690 447 448 335 448 139 335 97 100
304 13 238 89 169 113 438 28 419 5 283 60
305 211 932 153 856 452 452 264 569 451 558 856
306 51 27 953 900 183 89 183 458 13 301 93
307 218 288 550 480 638 338 31 361 533 302 13
308 376 376 841 231 178 575 206 199 51 399 542
309 317 389 157 155 208 434 198 168 419 249 856
310 340 491 497 170 116 340 74 560 224 560 215
311 16 405 105 48 981 76 76 75 84 233 158
312 232 707 61 264 570 661 700 19 265 9 358
313 317 695 695 227 254 129 283 752 82 295 292
314 160 413 129 186 272 21 671 249 371 282 212
315 222 312 301 100 300 81 418 509 356 16 263
316 905 177 515 552 271 552 87 351 345 342 167
317 18 218 223 142 783 424 612 2 859 520 420
318 333 48 261 133 820 142 405 411 986 261 75
319 209 83 533 58 533 189 747 166 818 440 438
320 308 21 371 340 333 601 812 448 335 579 38
321 368 112 368 434 61 434 258 365 351 172 403
322 46 132 211 305 483 205 847 172 123 450 5
323 4 408 533 285 420 114 212 420 647 458 5
324 565 430 11 324 65 176 417 442 114 847 417
325 326 183 900 455 170 133 333 531 420 11 10
326 245 547 437 48 84 835 493 422 272 5 489
327 13 128 107 355 160 428 273 15 164 334 274
328 478 105 282 84 318 47 333 652 163 82 493
329 107 544 168 419 554 553 482 554 482 339 455
330 64 212 91 90 469 96 337 165 844 971 179
331 29 30 30 25 133 402 349 122 397 103 86
332 707 720 406 358 510 264 510 754 84 431 212
333 114 82 367 212 492 950 266 0 380 60 215
334 65 65 600 401 562 562 285 302 303 369 630
335 579 929 489 87 353 166 191 142 128 200 199
336 400 309 95 197 498 765 44 765 365 564 338
337 169 455 423 89 54 411 333 105 183 280 219
338 165 79 77 445 128 306 550 82 170 816 470
339 38 722 28 20 887 20 83 180 342 149 284
340 134 598 521 86 114 892 300 828 107 306 329
341 389 628 379 80 243 373 552 518 283 44 28
342 343 350 320 182 388 181 378 61 465 707 765
343 191 278 128 295 16 107 532 520 13 98 185
344 178 352 178 681 133 420 430 365 363 211 96
345 82 245 210 424 45 322 273 216 272 309 612
346 291 65 64 420 325 326 114 128 955 94 820
347 149 344 148 224 17 219 342 17 173 21 686
348 349 321 179 376 719 841 376 342 621 781 52
349 342 575 231 14 203 167 292 183 207 5 59
350 343 231 377 149 344 149 349 191 179 971 400
351 95 51 200 206 160 591 145 405 531 497 491
352 201 215 64 95 232 41 460 549 855 299 418
353 371 236 121 190 296 167 572 377 959 377 385
354 353 129 489 256 589 564 263 168 450 568 544
355 16 340 811 531 79 340 62 457 526 840 168
356 355 300 166 140 409 306 538 498 569 264 510
357 13 478 306 68 80 106 531 473 129 210 295
358 498 238 252 849 252 546 106 278 83 434 147
359 9 823 565 804 498 232 64 323 101 155 285
360 549 667 118 116 261 339 169 183 58 137 283
361 443 370 85 86 223 18 120 380 321 378 157
362 362 498 447 448 847 114 86 10 339 370 48
363 211 304 211 57 412 56 13 129 186 856 856
364 152 458 275 276 426 121 890 121 520 183 458
365 137 685 174 520 155 518 404 612 71 70 71
366 255 121 647 93 714 172 129 399 183 170 753
367 155 1 187 663 679 188 189 467 21 214 342
368 375 424 230 21 128 226 222 7 266 265 856
369 160 367 151 339 96 285 806 89 114 283 142
370 414 697 414 414 414 916 414 443 40 847 114
371 269 434 424 255 169 409 272 546 80 282 745
372 106 188 549 627 549 64 171 5 89 619 613
373 706 585 706 86 526 14 537 14 280 107 170
374 44 951 213 141 362 498 7 249 856 105 159
375 860 816 914 36 121 333 160 242 303 424 210
376 395 393 87 121 355 62 249 128 970 820 231
377 166 223 155 337 116 655 438 263 16 15 353
378 295 383 181 61 265 12 996 12 247 358 566
379 60 947 295 380 393 105 281 859 932 258 490
380 391 391 182 295 107 169 165 261 5 234 86
381 393 153 142 263 405 434 14 86 206 6 486
382 379 719 121 66 252 236 154 492 160 261 494
383 377 262 191 150 295 380 397 379 389 283 365
384 387 283 81 367 531 133 581 205 925 245 485
385 387 250 166 180 214 128 918 917 204 280 430
386 17 308 393 166 141 7 421 498 501 452 971
387 380 390 377 621 277 971 304 88 304 211 2
388 377 776 200 908 196 776 391 426 263 527 5
389 104 376 250 104 368 1 225 494 209 252 4
390 409 428 409 497 77 212 283 209 240 243 5
391 379 61 392 86 425 4 3 252 236 155 58
392 368 146 368 52 52 314 226 222 223 106 187
393 283 4 1001 2 193 194 238 602 529 608 213
394 182 393 473 362 441 608 265 9 506 19 550
395 379 103 61 321 283 453 546 427 47 116 896
396 395 395 389 376 394 14 47 38 592 274 448
397 537 389 585 585 585 295 390 491 377 250 166
398 379 385 321 250 296 389 395 152 87 859 174
399 183 562 840 413 129 35 409 108 112 7 707
400 68 173 282 253 366 333 601 209 158 174 212
401 362 569 365 283 368 60 167 917 40 318 64
402 211 462 462 545 255 712 401 130 776 342 199
403 168 491 490 249 833 62 255 215 820 53 5
404 373 134 133 65 294 280 128 142 353 618 100
405 19 549 467 142 474 105 69 477 108 110 111
406 358 7 406 501 498 777 538 777 200 160 279
407 503 498 406 525 498 7 212 329 328 560 496
408 625 285 302 89 89 4 162 17 105 21 520
409 47 443 725 339 443 33 27 151 96 119 427
410 62 419 180 70 288 152 86 326 96 54 685
411 63 256 338 900 978 165 367 169 355 137 365
412 63 405 16 170 987 411 816 437 482 41 121
413 562 425 86 215 221 218 549 326 183 152 393
414 415 414 697 321 250 157 5 230 82 748 106
415 414 415 852 415 852 851 377 389 320 734 0
416 327 301 271 89 552 132 131 57 2 195 174
417 409 38 31 38 417 251 336 409 207 172 205
418 314 310 494 233 282 233 242 926 158 158 244
419 114 411 375 62 453 83 243 80 329 184 249
420 180 601 333 601 86 67 146 533 800 287 160
421 466 649 421 11 452 161 707 86 210 252 243
422 58 5 218 560 74 62 372 48 547 40 170
423 443 29 62 131 121 125 100 51 160 69 424
424 318 925 113 976 113 160 395 389 61 250 174
425 294 572 282 45 932 367 44 11 266 267 466
426 129 308 17 311 341 215 313 0 266 358 530
427 166 376 160 278 301 157 103 283 186 62 377
428 429 933 933 46 495 211 126 300 64 379 182
429 155 115 372 48 560 106 405 174 809 305 738
430 462 21 169 828 46 137 355 356 405 2 6
431 433 254 371 424 58 411 281 408 993 408 520
432 84 492 166 156 181 155 145 269 644 115 366
433 405 642 513 229 29 38 13 520 685 305 89
434 53 537 61 537 486 278 420 669 930 669 930
435 533 115 753 978 900 40 38 165 365 210 46
436 115 812 685 815 57 131 285 990 194 1001 3
437 290 99 124 99 139 933 139 447 428 272 63
438 30 336 816 816 987 170 471 607 255 284 296
439 338 438 655 35 588 27 62 818 86 459 248
440 129 133 545 25 654 376 654 186 186 256 212
441 44 546 321 182 53 465 809 627 333 370 171
442 485 48 417 115 165 47 925 976 547 318 170
443 820 483 556 232 498 200 918 207 94 533 146
444 464 41 333 288 549 190 366 63 236 62 811
445 518 559 518 424 280 83 329 560 276 301 818
446 160 539 77 82 255 215 249 859 57 88 809
447 46 272 322 794 322 272 461 448 617 618 125
448 428 140 83 87 325 173 126 174 420 139 160
449 414 415 86 12 249 282 153 493 694 706 563
450 256 333 180 851 342 214 284 1 128 15 541
451 452 160 153 856 922 496 141 496 466 506 452
452 608 565 459 0 223 87 41 83 166 128 79
453 745 282 166 141 266 9 141 496 421 404 768
454 107 113 62 12 420 81 215 262 533 177 223
455 39 38 47 370 151 424 20 106 533 493 543
456 456 456 64 466 488 922 14 523 522 493 333
457 62 187 152 79 121 333 48 261 28 82 153
458 129 290 419 79 14 133 482 14 389 252 154
459 759 121 375 28 31 337 339 438 93 39 370
460 493 405 314 310 314 85 537 1 316 6 194
461 335 124 429 124 353 353 97 533 87 533 856
462 145 299 6 473 14 168 403 425 574 425 513
463 463 462 419 44 332 504 44 142 216 62 82
464 563 822 86 450 544 81 106 17 87 547 245
465 707 602 249 42 143 143 484 13 40 39 93
466 494 2 305 13 325 173 300 489 87 227 932
467 434 184 68 62 20 92 105 357 454 106 311
468 82 211 305 483 205 483 342 593 204 94 94
469 5 481 107 17 378 378 283 129 203 351 1
470 438 136 251 370 38 579 321 250 495 222 187
471 607 544 534 450 168 789 168 440 661 459 90
472 284 155 655 149 206 200 918 167 908 206 820
473 249 353 709 185 124 82 367 115 405 212 7
474 615 954 615 106 537 53 167 130 401 870 425
475 375 477 474 107 142 216 216 164 535 554 29
476 375 329 652 513 422 87 132 301 281 271 57
477 329 160 168 789 275 789 458 600 133 60 250
478 486 261 171 301 482 483 493 486 94 440 542
479 275 440 629 316 377 390 283 494 225 221 546
480 183 309 74 872 61 519 405 19 661 141 11
481 96 259 536 86 627 473 403 133 133 82 730
482 482 576 482 129 802 802 365 490 81 4 211
483 482 165 494 311 223 330 64 354 124 354 124
484 232 501 504 86 215 460 495 641 106 222 560
485 443 133 160 251 417 981 48 212 87 62 23
486 172 133 417 443 409 39 367 82 404 17 431
487 498 496 160 184 434 105 158 564 338 437 165
488 922 488 529 720 213 246 247 358 12 300 124
489 132 107 492 42 215 114 105 441 87 223 105
490 87 147 859 82 165 363 296 190 311 184 115
491 548 152 467 69 105 84 478 474 249 243 5
492 42 188 424 395 107 16 828 46 236 930 931
493 65 664 664 58 455 35 953 27 588 13 785
494 563 936 284 971 570 700 359 141 86 553 521
495 114 971 444 318 5 249 145 13 303 520 533
496 560 922 847 47 116 896 173 41 336 437 261
497 409 417 5 189 453 121 401 542 440 275 526
498 0 377 562 177 214 83 49 19 267 608 608
499 358 374 505 43 502 661 856 249 371 249 671
500 502 359 267 247 7 5 931 158 209 160 234
501 232 368 283 234 121 117 223 330 223 256 121
502 43 505 661 252 411 717 717 131 646 646 646
503 358 466 500 9 529 466 504 569 11 700 12
504 494 283 820 166 857 160 268 311 459 390 320
505 499 241 158 160 388 387 377 61 758 143 484
506 362 331 464 116 207 409 272 216 46 106 820
507 513 340 564 190 366 63 301 931 158 4 303
508 679 137 303 142 269 212 21 329 116 655 482
509 972 913 529 9 957 707 525 533 310 313 295
510 9 957 700 661 363 280 473 201 908 41 215
511 301 137 164 64 918 51 51 133 291 450 494
512 512 155 150 148 280 82 277 377 277 277 167
513 546 210 211 209 126 55 718 63 932 82 211
514 478 66 513 747 166 79 116 135 370 26 30
515 270 486 292 167 172 62 424 4 271 281 285
516 762 516 517 6 285 138 252 4 192 807 303
517 743 102 411 4 273 461 448 46 592 241 237
518 434 116 460 249 132 118 84 623 313 295 381
519 405 106 489 16 222 537 21 137 155 326 173
520 810 301 303 304 599 3 174 411 671 80 183
521 389 157 301 504 358 7 833 833 856 666 7
522 523 464 35 301 81 569 359 529 504 406 11
523 64 375 474 254 147 434 828 371 409 207 201
524 72 311 312 14 133 136 251 86 20 223 223
525 238 244 241 233 159 820 544 133 136 339 437
526 407 786 52 786 407 406 466 267 707 359 332
527 443 41 205 593 918 51 100 185 371 329 989
528 644 950 492 42 405 456 456 64 164 272 164
529 332 7 502 505 374 529 498 14 256 14 205
530 365 569 365 548 491 378 182 283 492 518 533
531 932 489 528 392 377 284 149 284 214 179 121
532 57 604 96 23 37 48 211 473 188 533 576
533 45 160 906 533 269 404 709 185 125 100 99
534 256 256 445 128 667 68 329 90 375 301 228
535 554 777 134 5 327 6 429 429 446 447 140
536 83 13 214 278 270 129 430 246 499 407 499
537 268 160 278 199 301 180 345 160 428 676 447
538 777 554 971 93 426 6 376 985 376 18 424
539 380 157 344 191 150 166 17 643 49 50 162
540 184 355 356 282 221 52 1 377 130 936 130
541 249 121 172 130 65 13 83 17 254 366 305
542 419 848 340 547 38 40 37 721 30 136 455
543 93 940 93 493 115 302 419 63 169 251 86
544 133 545 30 160 404 615 180 172 128 280 21
545 40 443 370 47 455 135 361 339 883 39 229
546 290 329 183 209 233 601 146 17 223 655 438
547 340 310 445 581 409 278 106 253 333 474 254
548 816 914 251 251 169 4 552 121 513 655 155
549 690 447 139 429 216 140 166 249 5 5 170
550 508 546 209 128 445 419 184 418 299 298 299
551 733 733 64 397 60 231 167 468 160 562 840
552 738 305 408 285 164 269 371 640 45 933 269
553 554 29 28 93 172 114 24 96 114 2 612
554 553 521 86 470 151 417 76 444 361 171 318
555 44 499 533 302 238 64 466 231 466 506 211
556 464 116 340 46 211 183 290 419 474 112 84
557 232 368 157 391 393 395 295 107 736 62 458
558 84 142 132 89 169 254 169 486 6 516 305
559 769 107 748 151 370 427 169 419 263 114 326
560 222 21 189 106 756 74 0 18 225 314 340
561 462 82 642 106 377 947 393 321 351 283 255
562 440 168 585 129 351 231 157 53 465 155 130
563 290 82 353 768 124 404 353 124 838 45 933
564 63 3 58 195 832 57 137 880 282 474 13
565 754 569 707 267 661 707 441 649 499 332 525
566 573 86 540 971 554 777 498 358 505 499 922
567 843 567 290 184 82 552 13 550 106 979 1
568 329 121 281 285 411 131 950 173 166 559 282
569 501 176 413 440 14 47 971 232 294 206 65
570 247 506 499 699 529 213 498 573 441 602 499
571 252 212 405 896 28 338 434 420 81 420 218
572 484 572 350 191 191 601 252 54 96 303 114
573 441 233 124 166 55 950 181 386 393 321 250
574 65 413 172 62 262 344 178 157 376 61 60
575 167 936 484 290 495 17 17 215 189 287 69
576 212 87 422 145 183 201 95 181 389 64 95
577 333 925 981 527 333 42 19 434 58 160 429
578 577 366 17 317 1 250 393 104 157 157 5
579 929 933 592 428 322 273 164 170 411 516 743
580 580 580 580 580 580 580 580 580 580 580 580
581 820 114 527 424 695 597 62 375 282 493 84
582 971 627 627 971 113 28 254 495 60 389 385
583 521 62 137 685 2 651 173 405 19 452 264
584 290 424 17 533 320 350 350 178 413 526 167
585 493 426 292 206 204 199 850 199 204 917 557
586 462 82 576 142 184 434 434 471 434 420 624
587 3 252 57 924 211 924 699 924 211 949 55
588 307 85 519 85 519 519 61 345 681 343 13
589 106 641 163 473 963 931 240 209 494 509 253
590 533 582 667 627 184 509 969 184 551 106 21
591 83 495 218 249 255 314 85 1 85 86 563
592 933 15 272 322 140 83 221 317 695 183 68
593 434 172 23 421 466 9 674 9 510 494 458
594 83 115 494 83 288 71 162 181 383 295 394
595 52 368 150 148 149 64 133 403 813 168 129
596 366 174 62 627 549 276 276 560 1 17 310
597 695 85 17 154 252 3 371 371 155 655 280
598 340 494 165 978 900 168 484 83 420 105 314
599 2 138 685 64 528 271 183 418 188 170 16
600 588 392 61 157 278 63 208 329 80 137 21
601 107 211 402 420 296 179 340 420 218 82 325
602 365 607 105 404 58 252 169 337 135 133 181
603 414 916 414 449 414 916 414 370 38 258 357
604 305 211 355 184 249 420 81 128 166 380 157
605 797 797 231 196 94 974 87 210 305 6 140
606 495 1 254 367 116 151 361 113 183 602 213
607 256 221 82 17 18 310 85 519 786 160 147
608 499 9 9 754 608 406 466 441 569 754 161
609 609 24 455 116 460 189 147 546 145 46 424
610 56 13 126 698 481 286 410 329 38 27 25
611 86 42 453 62 736 107 474 473 582 62 377
612 50 217 132 54 96 867 340 892 44 362 65
613 537 607 118 21 42 143 42 169 816 336 135
614 756 533 121 423 981 442 170 13 329 113 106
615 492 162 212 453 160 25 26 588 282 223 314
616 435 163 87 74 5 464 900 169 326 84 73
617 592 269 234 244 233 58 193 859 57 863 57
618 820 86 65 199 342 907 377 60 122 179 104
619 89 859 89 809 411 866 96 234 82 142 191
620 290 114 169 252 174 3 434 290 419 183 302
621 160 440 533 822 533 84 338 48 263 114 133
622 238 931 240 237 424 222 189 710 187 550 81
623 458 623 202 41 160 292 284 642 473 19 707
624 84 664 65 294 214 83 46 269 145 462 546
625 252 520 971 466 510 358 44 11 518 256 333
626 87 252 601 405 42 493 820 206 291 290 87
627 549 299 298 137 408 462 430 401 568 183 302
628 181 377 468 172 413 542 450 399 401 426 568
629 177 656 176 177 146 21 346 21 486 28 41
630 369 96 655 151 753 900 900 411 816 470 261
631 631 631 631 631 209 166 54 738 2 571 303
632 376 82 303 356 638 210 169 365 310 18 133
633 633 633 633 633 633 633 633 633 633 633 633
634 634 635 63 411 166 128 14 64 528 64 11
635 208 495 128 367 116 725 318 411 469 411 671
636 636 211 604 57 880 921 138 2 665 6 285
637 209 63 13 118 209 158 963 142 165 25 473
638 329 128 300 145 233 62 303 57 481 599 132
639 65 776 908 278 130 155 655 114 145 255 421
640 564 158 3 175 137 138 520 20 887 20 82
641 333 48 338 37 38 421 421 13 29 26 171
642 16 379 380 390 491 378 379 393 378 296 420
643 163 411 271 256 412 193 3 160 222 256 548
644 644 64 458 458 604 57 174 520 56 865 865
645 697 415 414 414 916 414 697 414 605 851 377
646 211 364 21 728 96 56 305 132 87 210 810
647 685 285 86 424 641 541 139 447 498 411 981
648 648 648 648 648 648 648 648 648 648 648 648
649 121 187 74 513 66 146 779 146 67 549 298
650 215 155 157 149 377 283 82 219 60 381 320
651 254 1 549 69 420 581 13 390 526 714 486
652 108 477 375 475 300 64 445 531 212 21 326
653 653 653 653 653 653 653 653 653 653 653 653
654 234 474 258 160 63 208 812 520 121 601 64
655 151 263 151 30 82 227 519 227 215 377 129
656 262 215 221 560 363 152 79 820 422 269 422
657 269 16 424 283 157 180 347 160 127 82 41
658 658 658 658 658 658 658 658 658 658 658 658
659 377 393 301 340 217 71 433 152 258 160 91
660 660 660 660 660 660 660 660 660 660 660 660
661 19 267 674 558 487 488 971 343 350 320 350
662 62 454 258 256 254 170 537 405 245 116 455
663 549 550 480 601 163 473 642 405 102 812 209
664 664 694 493 41 196 918 128 165 483 47 280
665 282 494 312 311 17 333 493 342 351 734 157
666 12 7 566 666 11 434 490 107 306 511 7
667 81 356 121 642 473 174 166 513 218 341 316
668 157 352 180 422 424 82 549 218 74 498 720
669 669 420 167 290 572 939 572 572 426 413 413
670 670 670 670 670 670 670 670 670 670 670 670
671 582 103 104 388 390 387 393 387 182 379 285
672 543 494 23 87 404 601 84 118 607 560 1002
673 673 495 296 199 434 340 268 1 85 18 365
674 7 499 141 213 608 213 246 421 38 437 27
675 675 675 675 675 675 675 675 675 675 675 675
676 322 272 310 170 442 35 114 361 27 338 84
677 434 813 413 65 568 183 545 28 419 493 405
678 92 370 245 434 105 601 536 287 494 590 26
679 551 723 92 678 549 64 51 581 77 445 133
680 380 103 157 60 232 294 425 289 425 289 401
681 123 129 283 182 60 394 381 181 376 182 393
682 681 12 160 676 160 347 166 243 158 158 107
683 211 450 291 403 172 401 574 425 285 82 526
684 684 684 684 684 684 684 684 684 684 684 684
685 298 551 298 301 214 284 621 278 343 278 681
686 301 263 925 443 85 370 26 135 96 235 610
687 282 79 166 427 212 174 303 209 420 581 420
688 543 291 290 829 523 172 458 655 526 290 515
689 689 689 198 31 170 875 170 256 210 58 6
690 20 467 460 225 215 314 365 421 255 545 255
691 691 691 691 691 691 691 691 691 691 691 691
692 231 575 342 776 94 494 480 86 86 533 800
693 121 36 31 186 62 87 300 114 165 290 211
694 610 459 226 513 425 430 971 778 160 533 663
695 21 81 434 252 533 213 499 912 526 183 35
696 222 365 833 5 194 405 456 456 456 405 42
697 414 449 414 479 177 200 128 419 482 553 598
698 57 63 571 373 372 48 547 547 38 28 24
699 529 362 498 359 11 240 241 244 420 249 367
700 11 608 61 391 376 166 173 154 363 87 506
701 462 58 283 105 48 560 0 103 377 494 544
702 107 258 183 655 75 470 980 261 165 437 547
703 703 703 703 703 703 703 703 703 703 703 703
704 704 704 704 107 57 863 57 89 924 612 84
705 183 113 455 318 176 176 214 419 460 518 557
706 523 543 543 16 45 273 271 132 16 518 518
707 809 174 121 144 121 326 121 363 664 58 685
708 97 662 124 513 355 184 13 156 697 321 592
709 353 249 430 141 246 608 232 872 307 314 405
710 272 612 83 113 116 64 11 421 11 506 13
711 711 711 711 711 711 711 711 711 711 711 711
712 4 685 665 175 685 812 412 615 460 607 490
713 81 329 303 280 142 366 223 221 223 282 230
714 183 212 404 354 124 173 282 478 183 145 615
715 84 326 932 494 283 371 355 107 206 202 820
716 716 5 716 5 271 285 208 155 209 62 833
717 271 63 305 211 271 859 859 64 420 180 231
718 63 128 1 189 434 365 222 1 459 421 488
719 397 182 391 368 86 714 562 515 409 13 304
720 213 823 19 452 823 707 950 754 44 213 496
721 721 229 86 31 36 318 5 302 252 169 427
722 27 29 27 170 900 900 169 29 964 24 261
723 306 160 191 851 681 191 191 365 329 419 280
724 160 498 503 213 359 533 210 82 576 329 367
725 40 48 492 160 128 420 155 46 210 282 249
726 17 153 249 430 498 61 103 368 395 719 64
727 483 133 172 440 399 542 413 813 129 291 420
728 306 51 143 133 179 296 342 377 458 291 450
729 84 31 30 424 445 531 165 434 612 211 132
730 62 404 532 308 183 11 240 211 3 845 859
731 731 731 731 731 731 731 731 731 731 731 731
732 732 732 732 732 732 732 732 732 732 732 732
733 326 145 234 132 62 404 373 481 132 424 748
734 284 278 347 215 23 151 62 27 23 116 169
735 269 446 579 216 971 805 358 506 434 231 179
736 107 279 62 544 212 509 87 153 615 963 241
737 737 271 304 54 412 6 738 131 832 192 58
738 211 473 483 142 820 5 243 930 926 926 301
739 12 161 161 371 63 129 303 302 302 88 411
740 252 812 208 174 520 815 286 80 142 100 300
741 150 376 390 526 82 1 450 168 285 281 571
742 166 178 539 531 165 329 896 710 747 663 160
743 102 98 100 371 45 933 929 164 533 29 554
744 744 744 744 744 744 744 744 744 744 744 744
745 282 166 404 105 180 70 84 87 963 927 210
746 746 746 746 746 746 746 746 746 746 746 746
747 160 237 162 71 49 19 555 720 11 699 922
748 708 107 23 82 41 128 87 607 105 771 518
749 776 14 231 575 206 307 376 320 61 172 440
750 88 137 303 329 108 93 36 36 34 588 13
751 206 440 231 290 546 404 162 4 329 63 718
752 65 231 645 191 342 468 82 730 730 62 237
753 470 753 753 491 127 227 377 344 157 308 308
754 661 264 141 430 128 41 136 116 437 443 245
755 211 255 434 255 405 283 129 188 21 283 932
756 106 353 354 101 0 74 341 222 225 222 467
757 367 133 417 438 860 455 304 82 12 8 213
758 288 549 509 260 508 550 82 739 569 451 466
759 459 311 74 314 106 133 135 75 655 155 95
760 15 533 404 252 272 310 86 707 913 525 720
761 393 282 662 97 371 323 354 185 662 404 424
762 516 192 271 528 191 86 55 412 971 823 856
763 5 100 92 86 96 114 375 474 328 494 466
764 331 328 66 90 183 118 121 433 434 65 177
765 525 525 238 602 365 765 9 674 267 61 104
766 521 766 766 766 340 13 520 2 249 209 319
767 803 412 87 128 974 820 202 562 232 275 86
768 371 282 280 41 249 18 82 183 544 817 813
769 62 158 238 86 444 86 417 76 455 76 48
770 353 828 371 226 254 404 366 255 222 166 641
771 106 480 20 253 259 777 86 417 434 812 448
772 772 772 772 772 772 772 772 772 772 772 772
773 773 405 889 828 145 269 173 859 612 282 411
774 285 990 1001 990 305 366 109 366 160 368 83
775 560 84 323 97 98 99 62 748 173 115 107
776 391 376 179 381 180 62 714 419 474 560 142
777 733 327 327 160 140 644 644 115 339 417 925
778 549 19 434 203 277 167 491 490 121 99 290
779 146 368 393 61 347 681 82 325 64 183 3
780 84 217 71 432 162 288 434 46 448 269 546
781 621 425 568 401 568 458 168 276 301 423 485
782 82 165 183 6 481 3 886 3 183 281 3
783 654 154 393 301 245 301 35 35 655 513 83
784 411 211 155 367 62 290 620 86 480 107 184
785 409 506 105 87 513 652 333 288 252 269 154
786 160 302 304 16 748 748 793 748 105 493 932
787 21 896 638 44 473 14 482 79 162 4 62
788 717 271 304 87 353 69 105 333 82 495 748
789 93 13 661 549 74 121 427 40 30 128 42
790 544 84 441 569 359 213 720 324 7 406 501
791 493 483 165 40 135 438 96 591 142 367 470
792 121 31 151 31 115 251 417 547 171 409 624
793 748 495 17 643 290 184 5 96 437 48 485
794 322 45 107 329 560 21 6 168 544 303 252
795 417 486 261 339 437 417 171 655 427 655 155
796 121 372 83 233 236 244 64 0 309 905 222
797 797 18 232 265 823 19 666 160 27 36 165
798 798 798 798 798 798 798 798 798 798 798 798
799 715 21 301 215 249 296 249 833 7 833 856
800 409 457 493 932 367 113 29 116 337 367 338
801 41 460 183 133 25 533 457 294 346 128 30
802 365 152 420 184 365 87 304 89 6 54 438
803 412 102 5 718 281 63 132 301 511 301 444
804 264 608 608 499 238 159 301 581 473 30 546
805 358 506 13 576 232 65 818 189 86 453 453
806 806 809 174 56 826 809 519 222 227 82 215
807 192 58 166 506 411 683 683 305 271 282 560
808 808 808 808 808 808 808 808 808 808 808 808
809 845 2 271 738 54 160 146 67 66 96 333
810 511 5 405 274 334 592 592 160 717 131 285
811 84 494 593 434 14 339 114 326 327 6 63
812 209 56 271 305 174 395 250 387 150 215 188
813 280 351 167 749 167 149 347 149 206 292 486
814 52 128 133 134 523 836 523 168 114 485 981
815 305 211 236 83 96 6 137 6 665 254 490
816 115 366 312 314 184 508 710 418 107 154 256
817 515 450 544 121 236 3 411 183 290 829 168
818 533 401 664 84 333 154 121 137 285 408 252
819 461 461 819 140 46 107 481 58 685 252 237
820 533 576 93 458 623 450 568 544 813 458 183
821 163 420 409 23 40 34 26 24 114 114 261
822 53 82 541 511 342 351 95 203 167 232 872
823 566 7 537 460 462 173 83 282 340 339 336
824 191 494 311 494 318 455 170 38 722 278 621
825 733 327 733 728 20 326 82 145 303 96 20
826 6 296 250 1 284 155 593 482 340 371 208
827 506 87 21 548 381 686 301 327 20 87 974
828 353 768 97 708 404 16 820 366 18 121 230
829 203 231 214 413 172 166 177 223 215 549 550
830 452 569 8 504 699 602 441 362 69 68 419
831 258 417 423 455 76 417 434 163 613 127 36
832 194 281 174 303 551 303 209 83 162 412 281
833 62 329 290 822 464 183 564 174 210 489 249
834 107 107 601 3 57 303 121 190 418 184 420
835 275 176 177 113 914 914 816 470 367 932 493
836 813 168 93 337 96 329 638 495 118 21 86
837 837 107 17 146 18 376 296 121 552 305 208
838 124 97 125 62 474 950 8 856 922 560 400
839 377 383 181 321 61 392 393 546 44 649 421
840 168 284 5 132 86 96 325 508 325 143 258
841 231 351 365 602 249 329 480 74 495 121 16
842 211 258 211 83 601 82 290 546 651 272 665
843 290 86 165 492 107 84 144 254 433 180 84
844 133 820 950 474 546 221 83 393 160 486 165
845 412 102 832 586 832 192 193 63 174 859 121
846 846 846 846 605 797 18 82 133 143 413 178
847 925 47 116 183 434 115 28 23 35 588 545
848 445 424 233 333 981 318 455 89 114 165 151
849 155 589 83 368 146 13 484 83 474 80 187
850 199 338 169 80 282 74 64 215 215 53 465
851 605 414 697 414 603 414 645 645 191 178 537
852 206 1000 292 14 523 14 403 221 107 454 107
853 82 372 32 35 24 30 473 129 413 168 543
854 174 809 412 55 55 552 63 473 213 421 249
855 86 459 496 11 621 11 506 699 913 972 913
856 666 11 266 267 570 570 8 301 651 434 269
857 191 681 352 350 342 228 519 459 467 69 508
858 306 327 301 356 249 388 160 2 506 466 555
859 137 194 3 601 57 211 599 3 193 826 194
860 438 151 85 309 495 208 55 950 181 541 181
861 350 851 852 851 483 377 62 87 365 564 164
862 777 86 170 491 695 597 142 4 301 473 340
863 57 64 10 282 20 28 27 40 13 375 160
864 411 121 87 190 311 312 17 228 695 259 86
865 63 324 441 86 90 328 90 11 211 405 161
866 411 2 283 280 655 513 226 301 327 11 498
867 411 338 96 47 168 129 363 236 142 458 494
868 5 644 950 333 166 333 411 88 149 6 337
869 376 103 201 94 196 94 350 533 518 490 80
870 401 183 419 777 862 777 482 133 142 405 132
871 231 122 130 129 291 294 280 419 474 476 108
872 307 114 220 90 108 328 143 482 48 338 420
873 401 249 23 464 249 490 459 0 18 74 260
874 425 664 166 786 465 707 161 363 188 183 562
875 170 424 448 62 290 107 333 473 642 513 906
876 564 876 564 303 87 642 284 472 255 421 333
877 81 225 756 118 420 654 186 152 492 48 165
878 35 170 81 160 548 160 142 222 696 218 1
879 242 159 926 926 158 927 963 612 347 681 342
880 63 83 46 303 665 174 473 87 190 162 160
881 96 867 340 464 114 925 263 280 214 172 166
882 166 559 769 559 282 106 400 74 756 613 614
883 32 26 165 39 114 152 440 61 390 60 104
884 412 408 58 814 344 344 231 191 907 191 212
885 728 92 137 129 526 912 466 421 393 533 17
886 59 174 54 826 685 55 57 59 481 96 340
887 885 887 92 238 302 64 492 144 121 212 665
888 412 252 115 116 29 35 588 29 116 79 128
889 375 121 35 438 444 423 303 630 303 236 121
890 121 51 197 143 405 434 137 81 356 828 371
891 892 45 62 70 217 84 152 363 208 210 106
892 128 892 114 212 44 43 499 332 506 529 7
893 971 304 806 285 209 909 280 179 340 325 409
894 327 82 546 490 518 404 473 537 14 270 160
895 333 155 326 923 326 107 441 649 121 615 404
896 12 82 647 435 519 518 252 87 87 160 428
897 263 486 458 13 12 565 324 43 502 504 699
898 898 481 271 528 392 295 932 173 325 13 357
899 2 59 990 65 990 3 210 290 82 296 280
900 251 170 35 338 860 330 860 914 135 170 170
901 137 87 489 211 738 738 5 809 13 771 489
902 5 690 301 690 189 86 83 49 49 217 132
903 191 857 160 474 328 459 421 362 362 65 776
904 321 321 351 210 114 366 820 201 5 458 413
905 215 5 236 303 169 24 953 24 588 23 107
906 156 321 60 182 320 376 179 156 180 178 14
907 907 156 232 6 191 284 351 106 42 199 301
908 820 779 820 114 36 21 519 316 231 177 479
909 183 3 102 412 281 131 121 308 376 250 113
910 65 0 268 311 459 44 500 266 246 266 265
911 189 69 173 134 62 74 316 221 256 160 117
912 466 487 451 141 510 19 700 267 674 9 499
913 967 498 526 495 106 155 115 82 438 440 61
914 470 914 455 251 123 95 199 65 664 65 425
915 38 590 545 473 213 9 406 358 44 892 290
916 414 645 645 697 697 415 86 2 249 170 256
917 557 133 557 129 42 459 21 166 86 777 862
918 776 749 820 15 140 428 216 107 303 212 462
919 981 411 646 411 126 285 412 211 364 212 74
920 230 107 665 175 685 698 57 685 64 395 557
921 845 408 281 494 142 615 253 20 222 188 82
922 487 922 7 11 270 183 159 440 5 417 263
923 723 546 58 5 333 546 355 333 471 255 316
924 612 612 282 166 2 809 63 41 51 93 143
925 113 483 851 681 133 135 438 26 30 409 464
926 242 132 518 363 17 145 114 307 65 257 167
927 930 931 243 240 237 932 597 62 90 459 434
928 211 258 91 514 66 258 932 367 300 282 184
929 335 45 45 160 681 343 343 345 350 191 511
930 931 599 132 194 373 311 223 221 107 303 4
931 240 159 234 64 66 258 478 652 329 419 45
932 367 375 476 108 474 23 42 226 494 822 900
933 447 799 160 338 82 128 1 189 453 255 152
934 163 121 234 114 896 329 560 27 133 208 63
935 936 14 526 840 840 64 417 165 166 121 288
936 167 53 537 189 537 106 106 373 311 248 422
937 640 64 434 440 434 607 222 160 385 380 379
938 611 183 20 253 166 331 764 168 403 14 178
939 572 86 708 768 101 120 0 166 492 950 74
940 93 526 44 107 480 418 508 81 212 357 68
941 189 5 35 28 545 93 361 438 121 963 546
942 95 342 180 87 211 96 80 663 69 473 166
943 295 391 426 183 504 494 197 13 38 245 96
944 748 107 481 950 533 321 381 479 414 916 414
945 409 27 170 251 914 470 75 84 113 527 113
946 641 748 222 310 85 142 106 230 82 93 399
947 60 103 18 218 85 14 14 419 226 114 434
948 381 387 61 157 393 388 104 549 710 509 282
949 685 58 107 450 568 256 210 249 155 145 427
950 481 421 434 172 413 542 275 840 5 581 41
951 525 421 466 488 971 3 281 4 971 812 160
952 81 63 194 411 981 361 417 485 336 280 148
953 35 28 270 14 526 167 197 820 180 254 121
954 249 424 464 183 365 12 7 573 7 525 498
955 205 128 495 739 495 315 218 160 821 160 478
956 213 155 337 93 176 204 204 94 13 280 523
957 700 602 525 602 533 498 608 608 265 7 856
958 962 958 69 184 183 82 44 82 280 62 79
959 377 179 351 419 434 308 182 392 61 14 556
960 377 220 17 255 483 165 486 285 809 627 333
961 377 172 61 172 128 932 576 13 197 498 956
962 958 509 467 106 518 145 300 108 64 169 283
963 546 377 199 399 526 199 205 198 820 179 741
964 24 64 10 326 114 96 251 136 115 123 420
965 936 546 82 283 589 106 467 62 342 340 106
966 189 287 549 316 160 140 447 335 322 434 115
967 498 64 66 112 37 37 28 365 11 498 43
968 184 508 325 509 184 42 184 256 107 158 114
969 184 114 113 971 360 452 466 452 823 566 358
970 51 114 847 38 417 444 96 114 145 252 209
971 520 57 601 812 54 208 434 433 393 62 521
972 913 44 500 525 765 912 765 249 474 107 69
973 971 608 332 487 488 499 566 43 505 332 971
974 593 494 466 510 674 569 430 486 188 679 482
975 971 412 58 2 192 408 174 16 210 363 28
976 925 113 543 280 543 458 533 20 887 887 20
977 977 209 631 631 631 159 159 234 166 473 121
978 753 115 373 280 204 581 581 581 5 619 96
979 979 316 905 215 177 223 152 393 434 44 501
980 261 82 420 20 28 351 94 206 232 52 103
981 485 76 423 438 151 96 444 455 847 38 370
982 137 481 685 137 6 308 462 462 462 256 363
983 333 441 44 42 145 333 233 612 211 169 121
984 333 163 82 1 726 85 519 607 421 38 28
985 376 307 317 307 872 309 248 301 446 13 949
986 411 102 743 517 408 211 128 820 129 28 113
987 338 338 114 424 340 282 256 462 212 166 300
988 24 440 159 240 237 963 950 820 129 46 273
989 329 4 698 131 87 183 326 173 306 256 41
990 3 481 481 373 131 252 369 89 610 610 296
991 859 921 285 774 285 83 478 434 812 665 58
992 129 418 299 80 69 64 290 643 963 238 931
993 408 63 490 490 295 386 17 218 222 219 82
994 6 5 469 89 438 87 17 533 121 212 17
995 712 995 712 255 421 820 365 434 115 86 251
996 12 141 951 359 498 499 504 674 506 674 7
997 24 38 258 328 514 328 478 160 298 507 513
998 65 664 84 244 238 302 303 304 57 698 552
999 145 180 214 214 214 191 207 198 183 486 176
1000 232 61 391 380 120 0 177 546 856 430 565
1001 4 533 19 506 913 700 499 61 179 104 395
1002 560 282 4 4 281 520 252 932 355 249 356
1003 258 198 128 450 932 283 548 152 83 236 533
1004 55 211 612 223 317 366 190 162 133 39 29
0 17 726 85 142
1 17 82 27 13
2 685 845 303 571
3 371 13 236 252
4 826 586 462 5
5 184 678 92 520
6 751 167 198 206
7 666 420 186 129
8 510 525 602 496
9 265 141 11 666
10 13 135 455 438
11 8 573 19 13
12 420 301 429 164
13 840 86 151 116
14 93 121 306 478
15 820 133 232 918
16 221 222 905 215
17 386 377 347 349
18 53 486 329 363
19 121 478 329 245
20 22 22 92 370
21 17 405 519 607
22 21 41 205 95
23 367 245 263 417
24 31 337 511 309
25 459 189 5 458
26 370 26 30 35
27 28 23 367 748
28 26 35 26 251
29 409 36 170 987
30 30 165 254 121
31 37 39 84 654
32 35 39 116 339
33 13 278 343 820
34 38 417 318 84
35 160 690 107 400
36 113 51 143 93
37 667 550 19 499
38 437 170 301 244
39 27 62 23 533
40 318 83 141 566
41 464 523 332 499
42 422 474 427 142
43 498 405 495 215
44 81 434 159 183
45 216 140 164 160
46 428 579 15 303
47 318 113 443 443
48 981 443 820 932
49 152 114 76 981
50 431 756 183 89
51 27 438 390 60
52 221 0 88 210
53 128 218 86 430
54 738 2 55 1004
55 665 58 174 157
56 698 552 949 281
57 59 54 55 552
58 615 546 187 189
59 880 63 932 131
60 379 182 167 232
61 264 700 299 184
62 296 395 174 126
63 481 4 256 363
64 128 409 33 28
65 581 139 124 64
66 96 164 46 121
67 108 258 91 356
68 86 12 13 32
69 356 896 173 896
70 372 283 256 490
71 209 273 139 99
72 163 934 549 146
73 259 259 695 147
74 106 531 78 310
75 48 643 49 49
76 96 339 179 280
77 932 856 833 833
78 581 13 179 349
79 811 531 473 642
80 222 0 250 526
81 667 184 114 366
82 401 133 333 441
83 536 546 84 268
84 174 520 859 63
85 221 177 309 42
86 563 272 63 865
87 252 66 480 183
88 0 73 166 404
89 57 2 832 2
90 66 611 450 292
91 143 86 129 422
92 728 885 106 642
93 260 69 671 80
94 41 143 93 543
95 197 27 13 242
96 211 106 154 963
97 5 351 345 186
98 99 173 282 480
99 98 353 15 62
100 185 100 424 20
101 185 687 100 353
102 405 16 448 87
103 385 82 158 300
104 157 346 5 285
105 495 82 214 157
106 671 411 408 138
107 284 231 214 94
108 474 90 62 498
109 62 133 309 314
110 121 261 5 828
111 474 357 454 189
112 84 268 84 546
113 62 89 91 258
114 252 533 434 210
115 455 318 494 106
116 340 78 482 64
117 66 252 121 28
118 511 337 135 170
119 470 753 75 40
120 18 420 210 256
121 179 61 380 562
122 342 495 16 132
123 411 64 68 173
124 125 101 131 58
125 323 125 125 97
126 131 142 280 1
127 169 96 135 27
128 226 160 342 593
129 399 457 401 600
130 351 351 371 256
131 809 698 481 137
132 411 462 272 290
133 309 95 123 275
134 64 209 242 564
135 75 655 458 377
136 438 74 311 74
137 412 884 884 412
138 880 949 271 4
139 322 272 269 210
140 409 36 24 590
141 264 264 141 957
142 291 142 338 932
143 484 290 366 109
144 254 173 154 252
145 163 601 209 174
146 81 303 128 424
147 301 321 376 632
148 401 257 426 318
149 342 346 206 292
150 820 207 917 41
151 136 464 172 419
152 345 343 207 409
153 932 31 84 366
154 17 147 422 154
155 655 526 93 136
156 13 352 681 342
157 384 182 390 377
158 241 233 586 4
159 233 333 42 459
160 495 342 533 61
161 569 264 359 699
162 393 386 377 381
163 533 262 122 191
164 96 209 158 242
165 409 409 81 356
166 187 121 154 492
167 128 198 593 201
168 183 756 533 190
169 46 255 607 421
170 543 222 494 215
171 847 444 485 317
172 434 89 552 4
173 651 121 963 243
174 854 285 254 642
175 665 54 89 333
176 181 60 391 389
177 562 377 283 296
178 352 345 278 363
179 907 156 166 121
180 434 229 560 496
181 280 14 226 275
182 321 396 60 167
183 44 503 44 155
184 419 655 149 621
185 97 125 101 211
186 654 323 411 132
187 329 105 327 301
188 363 115 233 158
189 106 490 128 533
190 494 215 340 173
191 420 458 377 396
192 408 57 194 56
193 55 211 243 249
194 1001 3 323 100
195 6 272 651 2
196 424 304 424 196
197 93 664 664 84
198 198 434 23 24
199 280 133 82 427
200 200 196 424 18
201 473 367 367 438
202 198 485 221 74
203 294 543 424 15
204 94 593 176 231
205 917 970 546 526
206 94 294 232 284
207 13 69 166 859
208 434 275 276 275
209 210 129 922 141
210 106 695 189 82
211 434 189 146 601
212 58 249 42 255
213 529 9 510 525
214 191 160 342 621
215 756 86 318 115
216 579 929 933 446
217 132 411 728 411
218 249 371 129 42
219 17 85 41 123
220 434 269 46 272
221 493 278 301 375
222 560 66 112 896
223 309 312 222 911
224 64 201 198 196
225 311 215 87 642
226 282 188 129 278
227 405 81 333 271
228 695 424 526 121
229 23 212 17 145
230 5 423 62 296
231 74 218 308 308
232 177 13 318 411
233 244 238 89 515
234 931 5 125 353
235 610 420 305 685
236 5 527 443 115
237 244 409 371 494
238 601 3 138 809
239 373 240 236 208
240 242 5 527 443
241 241 927 927 237
242 106 20 537 397
243 58 286 410 82
244 303 424 527 318
245 424 99 173 86
246 608 359 264 266
247 358 525 707 213
248 221 459 513 116
249 340 128 254 427
250 157 380 376 307
251 135 40 547 417
252 924 252 55 193
253 373 812 845 520
254 642 42 343 971
255 254 303 170 434
256 283 366 226 459
257 544 121 281 880
258 831 258 253 21
259 86 444 464 727
260 508 188 311 268
261 160 474 166 374
262 180 950 249 427
263 686 301 121 128
264 264 707 441 254
265 661 362 549 19
266 266 441 700 957
267 666 420 11 266
268 212 269 15 429
269 216 216 301 285
270 419 169 339 113
271 63 738 411 163
272 290 620 620 290
273 448 735 461 447
274 335 139 160 90
275 368 157 388 376
276 295 313 623 129
277 167 94 206 200
278 611 419 226 160
279 160 298 106 86
280 81 222 219 18
281 738 481 411 455
282 166 19 7 407
283 495 74 309 73
284 167 515 434 245
285 425 574 280 53
286 520 166 82 78
287 106 83 142 187
288 19 420 53 65
289 277 289 425 403
290 290 620 86 180
291 183 367 30 367
292 129 526 401 873
293 365 489 929 429
294 493 42 17 269
295 162 84 87 290
296 377 385 82 132
297 13 184 62 87
298 473 121 154 493
299 190 509 958 509
300 169 46 164 137
301 368 841 231 201
302 238 302 183 183
303 63 371 169 41
304 89 183 291 403
305 211 64 95 123
306 550 160 747 710
307 114 280 105 173
308 16 748 708 708
309 495 83 84 513
310 74 282 190 296
311 188 184 80 747
312 377 347 181 388
313 313 313 223 0
314 256 83 221 526
315 495 296 810 296
316 316 905 215 248
317 389 162 249 353
318 426 183 6 63
319 234 587 234 236
320 321 381 320 380
321 103 380 177 221
322 335 447 272 710
323 97 100 592 760
324 555 324 10 64
325 971 448 617 618
326 325 69 667 550
327 5 379 320 868
328 474 546 245 301
329 190 69 551 189
330 860 115 455 333
331 340 371 419 445
332 44 63 286 209
333 404 323 160 197
334 448 424 31 35
335 592 124 124 125
336 260 728 411 988
337 464 129 166 177
338 165 170 470 427
339 136 251 169 371
340 612 233 101 211
341 218 307 218 196
342 468 107 532 17
343 128 295 104 549
344 344 200 94 440
345 156 697 156 345
346 168 440 238 525
347 180 160 611 211
348 180 153 173 892
349 644 6 5 57
350 157 60 215 316
351 296 199 199 94
352 351 167 203 820
353 618 124 82 142
354 64 107 687 353
355 121 173 549 460
356 142 375 671 480
357 81 46 174 199
358 823 213 8 8
359 11 64 820 365
360 495 1 142 223
361 971 93 64 419
362 12 365 62 597
363 21 513 153 211
364 433 84 75 76
365 438 31 96 245
366 366 183 187 365
367 300 255 453 654
368 376 320 868 320
369 252 175 665 412
370 25 494 290 145
371 62 448 617 592
372 32 26 588 27
373 239 145 42 17
374 500 501 499 182
375 243 158 174 815
376 388 130 351 495
377 227 82 86 163
378 182 181 351 160
379 380 160 222 86
380 390 103 232 156
381 156 320 296 199
382 377 277 289 231
383 181 320 232 321
384 387 395 393 433
385 387 296 378 157
386 560 1 187 152
387 376 157 16 395
388 379 320 350 178
389 162 252 434 63
390 385 390 268 73
391 376 385 377 495
392 588 13 445 133
393 142 483 556 232
394 295 386 560 66
395 86 777 862 777
396 379 150 376 632
397 6 528 6 59
398 377 464 291 142
399 84 243 613 243
400 20 21 400 105
401 542 168 813 526
402 133 82 544 494
403 971 321 387 182
404 107 147 62 2
405 495 188 81 896
406 525 266 525 7
407 43 407 786 786
408 586 131 64 400
409 667 582 84 73
410 183 473 582 549
411 434 61 53 52
412 888 412 4 56
413 177 214 460 211
414 415 86 453 453
415 697 5 581 21
416 971 216 971 466
417 107 400 589 215
418 508 679 551 298
419 180 373 282 84
420 116 340 79 601
421 481 208 481 950
422 473 108 143 10
423 171 133 600 493
424 166 137 286 2
425 567 425 705 232
426 129 346 206 294
427 980 64 209 183
428 448 40 339 26
429 155 363 256 169
430 211 83 128 214
431 80 105 375 455
432 288 283 191 379
433 180 366 368 440
434 371 303 107 211
435 920 230 160 362
436 115 165 27 48
437 75 367 300 218
438 590 29 40 28
439 338 914 816 151
440 447 272 651 2
441 362 498 178 345
442 36 127 189 679
443 165 47 5 58
444 527 547 340 83
445 310 272 164 107
446 45 424 74 480
447 272 274 335 794
448 461 272 429 592
449 414 645 414 916
450 62 117 409 515
451 466 487 488 421
452 452 830 452 11
453 167 526 426 6
454 107 736 107 809
455 333 361 333 318
456 64 197 373 282
457 409 30 133 93
458 600 450 568 329
459 249 671 249 296
460 490 121 117 491
461 448 971 448 273
462 145 771 106 756
463 462 545 87 147
464 563 563 572 593
465 667 160 468 495
466 374 505 406 498
467 418 6 377 284
468 122 656 176 576
469 66 478 113 28
470 914 251 62 434
471 472 471 255 405
472 453 212 367 105
473 371 124 51 13
474 153 256 41 352
475 375 405 856 246
476 474 328 514 329
477 91 356 142 187
478 514 328 478 329
479 414 603 414 479
480 252 654 121 222
481 4 408 552 55
482 48 442 245 183
483 280 430 7 407
484 160 87 974 128
485 198 198 41 482
486 426 121 174 286
487 213 7 422 184
488 498 500 141 473
489 405 489 82 145
490 212 191 5 41
491 453 107 46 748
492 212 424 46 273
493 600 458 493 533
494 544 585 600 450
495 606 495 83 166
496 83 166 320 156
497 170 13 2 516
498 440 275 542 419
499 241 243 411 738
500 569 81 544 494
501 44 161 496 268
502 301 504 765 430
503 61 265 12 160
504 86 404 185 124
505 249 128 405 531
506 62 498 293 856
507 507 85 160 369
508 259 83 163 170
509 508 299 968 299
510 7 112 108 494
511 346 133 51 79
512 162 654 32 34
513 268 309 316 218
514 328 474 154 492
515 65 231 178 191
516 408 845 859 809
517 333 5 140 334
518 445 64 685 138
519 435 163 601 536
520 859 4 239 63
521 482 134 373 131
522 563 129 19 9
523 172 93 108 108
524 72 524 72 259
525 504 504 912 499
526 568 329 129 160
527 5 230 898 481
528 5 312 189 460
529 699 141 232 167
530 11 360 569 11
531 173 129 936 546
532 285 371 662 97
533 460 730 82 215
534 450 93 417 258
535 13 351 191 528
536 298 301 121 187
537 61 533 520 412
538 777 340 445 419
539 380 160 47 129
540 509 671 69 467
541 764 377 390 388
542 256 121 81 533
543 526 568 183 207
544 494 233 83 42
545 255 453 142 355
546 249 427 165 420
547 437 165 366 165
548 78 121 285 211
549 106 190 299 551
550 189 222 255 282
551 298 812 880 880
552 89 919 40 47
553 553 482 129 180
554 29 13 748 944
555 84 31 86 196
556 232 556 280 351
557 256 81 81 44
558 324 121 78 539
559 258 143 325 409
560 229 434 408 4
561 462 506 651 173
562 426 280 377 149
563 584 290 79 86
564 164 2 160 426
565 266 264 19 247
566 608 754 324 121
567 290 829 290 256
568 329 568 562 457
569 358 502 9 487
570 566 971 179 376
571 552 271 211 283
572 484 83 495 739
573 498 7 566 608
574 65 291 420 172
575 178 413 526 576
576 482 228 223 106
577 757 757 980 470
578 577 757 757 577
579 335 579 446 15
580 580 580 580 580
581 204 776 391 776
582 533 822 572 515
583 521 217 404 353
584 86 840 426 6
585 813 600 813 413
586 826 809 806 89
587 236 434 10 173
588 438 590 953 40
589 271 252 849 57
590 590 533 87 172
591 160 520 420 326
592 335 760 15 405
593 41 143 196 231
594 372 107 812 126
595 52 537 613 619
596 596 597 460 411
597 932 180 373 82
598 340 173 777 21
599 2 160 389 283
600 401 664 93 482
601 886 859 963 963
602 533 266 498 293
603 414 414 605 846
604 57 738 498 197
605 846 605 851 191
606 495 169 42 255
607 460 115 121 187
608 141 957 707 358
609 24 590 24 33
610 472 610 472 295
611 176 177 377 351
612 248 221 155 130
613 288 199 205 198
614 614 106 282 253
615 249 165 39 38
616 459 615 492 615
617 448 16 222 310
618 125 97 533 20
619 613 127 533 498
620 290 167 277 289
621 11 247 19 161
622 238 233 366 747
623 450 172 333 486
624 84 318 64 68
625 285 303 551 733
626 87 365 114 365
627 184 314 872 707
628 295 576 176 501
629 440 266 9 699
630 369 252 233 239
631 209 283 282 641
632 376 385 321 150
633 633 633 633 633
634 635 63 283 356
635 2 56 412 138
636 636 636 636 211
637 233 637 209 107
638 329 283 63 305
639 234 121 288 282
640 125 283 387 368
641 82 62 62 254
642 405 300 194 281
643 217 132 160 818
644 349 348 349 156
645 645 414 697 156
646 411 195 859 254
647 21 325 509 287
648 648 648 648 648
649 452 649 466 64
650 215 58 159 215
651 420 733 825 723
652 329 21 127 259
653 653 653 653 653
654 234 166 666 666
655 482 554 553 553
656 377 494 407 498
657 269 212 42 296
658 658 658 658 658
659 377 526 86 129
660 660 660 660 660
661 267 266 232 575
662 282 153 612 427
663 137 809 845 859
664 694 129 290 434
665 812 115 644 115
666 166 493 909 493
667 508 86 318 485
668 157 180 142 418
669 930 238 210 283
670 670 670 670 670
671 42 473 108 64
672 406 505 525 765
673 495 434 303 924
674 19 560 386 17
675 675 675 675 675
676 447 933 429 155
677 434 153 142 303
678 69 189 549 173
679 69 420 363 63
680 380 200 199 200
681 278 345 343 350
682 191 64 482 482
683 412 89 285 183
684 684 684 684 684
685 208 174 126 63
686 531 445 86 458
687 86 444 48 229
688 543 405 42 215
689 198 165 409 30
690 160 809 89 252
691 691 691 691 691
692 231 457 409 497
693 121 210 241 927
694 664 664 425 426
695 607 460 421 481
696 18 301 393 301
697 321 393 181 390
698 211 329 46 82
699 499 264 452 569
700 956 11 569 451
701 462 506 827 506
702 932 490 129 160
703 703 703 703 703
704 107 3 571 303
705 450 426 290 424
706 563 584 272 563
707 359 754 360 44
708 768 371 494 233
709 404 366 165 533
710 272 446 45 371
711 711 711 711 711
712 995 712 995 712
713 509 972 913 44
714 562 425 430 504
715 20 11 183 249
716 716 716 5 157
717 215 121 306 91
718 281 698 57 5
719 376 82 80 189
720 856 434 651 272
721 229 84 115 442
722 38 115 107 172
723 723 538 306 113
724 160 143 172 292
725 165 105 147 173
726 282 256 105 42
727 464 337 96 591
728 96 235 242 209
729 525 951 957 213
730 468 122 60 394
731 731 731 731 731
732 732 732 732 732
733 64 94 198 206
734 157 386 157 668
735 322 735 269 15
736 86 100 101 102
737 271 589 160 394
738 685 208 194 4
739 155 371 124 354
740 51 121 144 144
741 179 365 21 300
742 546 212 233 173
743 516 333 367 531
744 744 744 744 744
745 979 316 6 379
746 746 746 746 746
747 86 117 409 207
748 107 480 106 290
749 776 14 593 936
750 88 89 437 290
751 6 140 209 490
752 283 388 61 345
753 491 491 340 251
754 569 739 495 118
755 211 661 452 649
756 42 145 105 771
757 757 757 980 13
758 316 495 42 145
759 459 215 82 53
760 15 823 856 452
761 393 86 38 39
762 516 2 599 304
763 763 5 527 318
764 483 764 168 399
765 707 465 473 483
766 134 766 340 593
767 473 30 420 167
768 434 99 937 100
769 559 142 559 769
770 353 129 107 319
771 489 473 35 5
772 772 772 772 772
773 405 268 934 340
774 285 305 208 815
775 560 74 313 218
776 749 284 203 83
777 340 226 86 445
778 549 678 509 540
779 146 18 182 393
780 84 37 31 40
781 52 53 420 430
782 82 279 5 728
783 654 355 16 174
784 784 411 163 106
785 13 69 400 678
786 519 228 482 74
787 21 259 260 260
788 788 788 717 106
789 419 169 229 143
790 544 133 971 391
791 623 129 413 515
792 121 372 62 28
793 748 105 371 494
794 335 448 271 301
795 417 847 263 48
796 121 36 128 183
797 231 377 130 277
798 798 798 798 798
799 447 15 15 16
800 549 667 128 15
801 820 974 593 776
802 258 165 113 424
803 812 665 54 249
804 264 161 441 86
805 358 11 573 566
806 806 89 3 249
807 5 74 259 818
808 808 808 808 808
809 56 56 57 84
810 301 511 682 681
811 531 165 169 80
812 137 272 6 520
813 836 523 493 282
814 262 656 262 301
815 64 389 61 872
816 336 883 32 533
817 817 515 515 232
818 92 326 318 47
819 139 15 183 170
820 546 269 15 760
821 163 106 183 278
822 53 183 6 169
823 700 332 608 359
824 191 191 352 41
825 733 327 486 426
826 193 55 552 411
827 506 366 229 28
828 64 115 229 30
829 290 493 280 277
830 452 466 7 674
831 258 211 243 859
832 826 58 333 288
833 856 293 12 247
834 107 107 63 62
835 493 440 241 498
836 332 406 407 7
837 837 107 478 111
838 124 371 424 105
839 377 782 526 294
840 562 129 440 152
841 376 104 179 347
842 211 495 46 933
843 567 843 290 198
844 971 971 321 378
845 63 195 586 86
846 846 605 414 449
847 547 47 427 42
848 340 405 355 137
849 252 3 4 195
850 546 163 435 65
851 483 851 907 191
852 18 249 172 129
853 82 236 154 422
854 252 252 832 587
855 155 285 683 285
856 62 748 16 45
857 301 856 293 44
858 306 69 747 678
859 254 296 103 397
860 860 169 326 155
861 350 936 129 542
862 777 535 554 340
863 57 160 168 128
864 411 121 693 82
865 59 63 233 234
866 80 950 404 166
867 96 116 152 71
868 5 815 880 6
869 397 53 129 419
870 425 426 14 283
871 231 377 745 377
872 377 593 776 917
873 401 562 232 226
874 401 705 183 520
875 170 360 105 58
876 564 876 564 12
877 160 169 283 210
878 23 62 454 84
879 242 564 748 151
880 56 520 533 4
881 96 56 303 244
882 160 393 162 405
883 339 464 444 86
884 412 665 63 854
885 106 17 872 61
886 665 886 601 107
887 92 530 293 293
888 412 921 285 698
889 375 474 108 476
890 890 890 890 121
891 405 4 880 252
892 367 473 17 431
893 466 649 649 421
894 327 6 57 211
895 114 340 83 453
896 404 357 16 44
897 263 405 333 340
898 481 54 738 5
899 2 665 272 273
900 978 115 302 533
901 137 208 208 131
902 5 437 261 427
903 191 179 320 94
904 321 379 628 628
905 222 748 708 99
906 546 604 546 355
907 936 563 14 203
908 820 950 820 366
909 280 388 393 422
910 65 457 840 64
911 189 465 53 82
912 466 406 44 254
913 358 525 967 913
914 36 10 260 21
915 38 915 38 722
916 414 605 797 18
917 94 218 317 485
918 64 11 754 804
919 263 423 981 263
920 230 20 253 83
921 138 408 625 408
922 913 529 9 754
923 733 825 733 64
924 252 281 932 17
925 113 232 275 450
926 301 29 443 725
927 930 931 210 105
928 211 661 362 956
929 592 353 183 859
930 927 927 927 234
931 210 235 236 83
932 597 460 730 82
933 15 461 118 21
934 549 81 256 269
935 768 101 120 94
936 484 694 129 183
937 640 114 152 121
938 611 176 94 177
939 572 939 572 350
940 93 526 275 86
941 189 146 166 172
942 95 218 74 218
943 295 179 869 397
944 748 367 283 204
945 327 325 400 69
946 641 669 5 980
947 295 331 19 331
948 381 176 501 504
949 281 252 121 473
950 333 460 462 145
951 141 430 280 121
952 952 540 86 7
953 292 822 593 498
954 249 42 209 238
955 955 936 776 593
956 7 922 14 172
957 19 83 533 58
958 962 958 69 325
959 377 872 377 390
960 377 129 425 567
961 377 380 391 379
962 958 509 549 81
963 236 121 340 654
964 23 229 31 162
965 936 563 272 447
966 21 118 279 107
967 525 602 496 496
968 968 184 536 20
969 184 365 438 302
970 820 362 560 142
971 9 765 707 7
972 913 529 44 358
973 971 113 106 68
974 917 196 917 201
975 971 452 971 505
976 333 329 434 367
977 977 977 209 16
978 753 900 753 116
979 106 400 336 339
980 427 261 23 427
981 113 107 129 367
982 137 2 520 5
983 113 113 329 190
984 333 120 133 64
985 376 18 104 387
986 411 116 39 370
987 169 494 187 300
988 411 506 2 300
989 91 212 268 496
990 2 252 96 54
991 859 162 432 71
992 129 748 424 99
993 408 63 59 4
994 6 880 157 393
995 712 995 712 4
996 12 638 169 116
997 953 35 14 482
998 65 177 321 388
999 145 86 421 404
1000 292 206 6 169
1001 3 812 45 210
1002 560 20 533 186
1003 258 62 3 63
1004 55 481 421 649
