0 178 498 700 971 188 459 560 518 173 531 114
1 147 460 74 87 222 87 546 509 356 69 777
2 56 2 859 174 815 305 738 271 88 89 405
3 58 422 601 886 812 461 429 6 134 173 92
4 256 115 251 170 875 170 82 279 160 224 218
5 492 154 209 243 931 926 963 87 163 42 106
6 408 126 286 532 56 54 809 806 88 809 285
7 212 329 989 91 357 454 189 460 467 434 651
8 8 504 699 141 51 198 205 128 483 47 5
9 529 487 922 922 496 83 209 411 987 338 434
10 564 4 286 5 303 665 54 285 131 4 520
11 293 754 441 160 25 133 39 40 135 914 169
12 430 462 462 173 69 663 68 183 356 112 356
13 214 277 377 163 366 856 533 173 223 495 329
14 168 291 450 95 377 160 240 240 236 83 82
15 303 367 300 46 448 15 128 365 303 304 455
16 518 557 518 62 82 693 83 373 82 277 277
17 366 107 86 85 85 151 116 170 427 655 75
18 53 157 320 321 390 379 160 130 122 179 820
19 267 674 707 265 265 498 74 73 309 309 219
20 495 214 107 221 434 169 33 40 23 83 533
21 174 237 107 162 45 124 99 434 11 90 375
22 520 6 921 58 132 305 208 195 162 288 70
23 333 165 245 121 242 237 242 233 58 615 145
24 37 96 728 400 106 560 386 157 394 61 267
25 13 179 295 62 28 329 474 513 513 518 183
26 23 24 37 338 256 552 949 809 56 2 195
27 36 218 82 222 80 431 84 233 434 550 189
28 41 173 340 226 254 169 455 464 339 96 56
29 40 438 93 13 210 420 172 280 203 829 168
30 30 93 169 734 695 315 218 872 218 219 18
31 186 31 23 438 494 25 38 258 211 195 59
32 533 320 389 376 378 321 810 222 218 312 255
33 31 28 63 89 160 592 164 107 269 446 322
34 39 84 372 404 301 482 301 245 62 281 412
35 878 27 26 38 48 229 64 815 137 88 750
36 114 442 263 411 163 612 434 161 441 707 9
37 721 27 261 151 116 464 847 444 76 245 338
38 29 339 251 62 333 282 210 183 285 635 137
39 30 473 187 366 521 553 598 86 706 563 563
40 245 976 171 171 339 114 137 982 137 194 408
41 202 206 291 346 105 128 116 170 860 116 40
42 129 106 560 48 48 976 847 171 261 160 137
43 452 19 430 569 249 310 340 274 273 448 15
44 529 499 503 358 105 173 233 235 420 610 160
45 640 97 99 139 216 272 310 317 695 147 155
46 446 216 274 45 448 107 418 747 494 2 6
47 971 190 473 32 883 337 27 953 822 86 7
48 370 171 533 67 74 309 85 778 85 14 426
49 152 364 211 532 520 174 140 644 6 95 95
50 87 210 106 255 932 355 212 82 474 80 121
51 204 41 114 158 4 405 114 166 187 62 509
52 301 29 261 339 40 33 28 588 494 62 187
53 157 191 824 191 122 123 41 206 776 820 779
54 271 86 467 62 93 114 367 151 417 133 365
55 738 59 586 59 990 4 635 285 302 304 285
56 89 160 90 64 458 526 199 1 568 130 14
57 604 546 493 278 114 318 486 63 278 160 589
58 83 308 129 340 74 248 372 121 144 546 41
59 89 132 366 512 160 454 189 127 491 491 167
60 321 320 396 320 483 305 84 487 452 700 238
61 368 440 160 160 137 809 59 55 949 271 859
62 151 113 981 444 417 925 89 56 209 282 105
63 412 859 59 3 55 194 405 102 517 743 102
64 330 223 228 377 572 5 902 5 931 234 210
65 600 401 148 262 278 249 550 306 549 661 121
66 66 108 183 35 590 494 107 589 271 55 126
67 74 231 936 130 692 231 797 342 294 294 543
68 508 363 371 124 82 490 356 478 84 623 86
69 420 654 211 243 271 470 367 434 459 362 405
70 107 98 13 418 253 166 150 473 3 685 6
71 83 19 441 566 247 7 529 496 11 700 332
72 92 723 551 733 306 409 184 298 299 146 0
73 331 19 107 236 234 243 859 58 366 531 556
74 224 365 63 269 300 46 434 170 318 245 424
75 427 252 273 274 273 209 107 154 932 106 107
76 333 81 306 723 306 28 473 121 285 840 64
77 445 340 521 598 86 106 367 28 129 81 473
78 121 492 162 4 329 106 259 536 601 166 150
79 419 473 116 93 940 128 180 157 394 385 380
80 282 464 172 847 205 593 199 278 160 63 278
81 544 544 212 169 932 355 356 356 424 233 142
82 201 917 970 128 64 445 424 316 695 405 283
83 162 15 269 533 461 461 273 46 107 164 285
84 49 83 536 229 119 753 860 165 455 5 516
85 317 1 121 230 283 137 286 532 211 513 166
86 121 345 214 346 294 425 130 127 533 616 459
87 105 329 4 305 683 131 552 195 58 81 434
88 0 74 17 219 377 6 562 440 438 436 437
89 809 859 803 1001 3 158 137 175 665 812 193
90 477 108 405 314 300 896 828 896 287 299 184
91 96 5 374 44 51 346 206 277 191 342 593
92 92 287 184 419 113 417 409 35 36 82 107
93 424 483 342 851 214 160 189 20 189 679 679
94 440 813 623 791 612 233 637 233 239 243 930
95 201 51 64 420 351 87 545 785 23 422 393
96 6 486 106 420 494 296 610 57 685 208 285
97 99 424 274 592 216 69 216 461 140 45 371
98 125 121 249 129 184 81 107 361 251 151 85
99 107 591 107 410 490 82 371 100 92 238 601
100 687 282 665 411 683 412 832 586 404 249 513
101 99 937 99 107 550 107 310 932 671 187 107
102 102 516 411 304 806 88 369 252 546 210 13
103 211 924 211 301 651 121 131 963 241 252 209
104 104 377 872 17 1 225 221 312 377 918 41
105 166 83 280 515 167 167 94 120 333 423 160
106 979 745 377 147 62 371 405 126 286 410 82
107 90 107 36 23 31 34 54 411 2 211 63
108 328 143 258 90 13 19 422 272 5 58 282
109 424 295 62 211 256 210 931 931 599 132 152
110 375 81 189 473 393 84 83 693 283 271 256
111 258 365 184 114 300 81 896 21 129 211 464
112 51 196 918 128 63 932 70 186 144 434 421
113 443 981 245 976 547 455 76 976 245 981 547
114 356 256 546 44 324 121 127 130 65 172 655
115 229 387 849 155 87 74 482 576 295 320 593
116 437 26 47 361 151 251 27 27 30 417 547
117 491 168 399 450 291 346 511 342 157 346 105
118 495 87 654 333 230 898 481 949 55 126 286
119 816 753 169 337 136 455 411 597 695 21 230
120 218 226 146 779 820 13 87 249 42 128 87
121 290 183 218 82 15 592 735 269 579 269 933
122 156 191 645 191 256 363 129 256 589 459 42
123 82 296 387 384 379 387 296 182 390 381 381
124 405 114 455 318 183 478 543 16 355 356 256
125 185 662 84 282 371 828 45 273 272 462 173
126 138 63 363 186 144 254 173 155 46 322 592
127 22 127 92 498 406 264 266 12 466 488 922
128 900 40 409 555 409 138 481 208 371 371 128
129 292 14 434 338 66 329 286 183 355 254 531
130 121 143 93 336 260 509 494 70 494 100 768
131 373 552 412 4 273 274 273 274 273 448 448
132 518 212 152 50 153 173 533 422 131 57 138
133 10 173 404 84 487 213 608 440 840 562 380
134 133 129 176 292 160 468 121 144 121 88 54
135 96 76 75 494 121 748 748 424 81 877 81
136 170 336 560 400 336 133 206 199 198 258 66
137 665 58 665 303 285 552 121 296 526 543 294
138 3 4 520 2 164 695 695 315 519 809 174
139 592 269 365 283 495 46 322 447 323 3 175
140 140 461 448 160 482 64 395 908 201 202 206
141 754 971 401 870 401 791 612 49 433 84 49
142 121 88 809 465 615 459 661 666 367 300 142
143 420 189 537 232 5 789 5 611 623 813 600
144 84 780 84 533 551 663 747 509 306 86 85
145 404 153 249 160 133 417 29 588 494 510 8
146 146 120 309 612 309 95 199 121 125 124 908
147 115 170 419 172 292 389 389 628 320 94 201
148 224 224 160 389 150 104 389 181 133 107 357
149 656 380 103 162 71 217 654 87 83 84 50
150 388 104 321 181 397 390 182 351 166 856 913
151 34 5 47 409 417 437 169 340 342 393 82
152 615 145 303 369 88 142 58 455 976 411 122
153 654 562 714 62 393 380 391 971 971 251 336
154 153 17 142 282 357 480 550 508 363 155 236
155 285 552 738 195 826 859 252 54 252 740 971
156 381 397 368 1 548 753 548 1 106 90 62
157 397 368 82 168 82 269 859 281 481 950 77
158 235 96 23 588 37 30 133 201 200 917 970
159 963 244 243 87 290 426 129 42 128 157 384
160 137 434 200 178 345 345 178 177 629 316 146
161 371 183 280 181 379 384 105 5 243 412 193
162 417 62 303 242 303 950 707 359 9 466 525
163 333 281 301 245 47 135 251 251 27 133 27
164 139 15 820 254 210 546 909 209 518 560 496
165 121 719 52 185 709 404 160 103 250 376 385
166 17 494 84 268 316 758 424 255 303 286 160
167 130 278 114 114 165 363 255 419 434 478 282
168 168 291 464 611 11 133 39 31 32 28 420
169 371 125 97 124 282 226 17 221 82 568 130
170 860 860 438 436 438 590 35 39 30 37 24
171 5 236 132 738 54 411 115 62 87 363 212
172 483 113 483 851 851 352 350 822 183 353 101
173 10 260 331 215 747 513 459 29 417 981 171
174 252 235 244 233 546 377 155 213 473 299 6
175 3 114 303 302 115 914 455 251 47 113 547
176 344 178 178 413 168 515 168 434 100 592 579
177 479 275 434 340 301 100 640 937 404 249 353
178 681 345 130 160 333 180 820 249 642 254 366
179 284 377 250 0 368 376 64 326 169 438 141
180 434 3 166 355 473 545 30 41 129 413 168
181 351 161 504 407 44 7 833 5 990 5 47
182 321 295 18 14 593 515 515 176 450 544 534
183 152 256 425 574 425 567 82 509 107 164 564
184 473 483 167 918 201 215 309 0 101 581 5
185 640 937 100 96 131 738 281 54 174 212 106
186 83 70 233 63 271 256 145 533 55 58 494
187 215 211 303 665 212 411 55 58 215 187 518
188 311 73 223 756 215 42 343 160 20 459 362
189 253 333 422 58 42 490 254 1 232 178 232
190 473 147 546 509 190 189 67 160 284 6 95
191 345 178 191 191 82 245 426 458 377 393 296
192 516 408 420 83 642 212 509 969 184 509 667
193 58 520 859 162 133 183 128 377 872 309 872
194 193 990 803 194 281 571 211 355 82 17 495
195 59 845 209 62 17 248 301 214 343 342 483
196 16 379 174 121 219 314 17 386 17 313 73
197 409 497 170 753 978 900 165 13 13 78 366
198 94 64 411 460 215 589 589 215 214 294 425
199 174 252 212 255 282 188 311 268 313 623 84
200 177 380 177 74 438 251 438 115 434 92 160
201 918 204 206 820 171 655 367 105 10 133 129
202 206 820 203 206 290 16 174 57 126 131 832
203 198 820 301 150 155 215 64 42 23 25 361
204 172 228 495 296 21 118 279 333 423 485 443
205 14 339 29 486 176 65 64 5 63 81 301
206 820 342 277 277 515 664 84 210 106 226 106
207 13 509 306 400 74 366 44 106 221 459 90
208 155 188 155 81 679 375 62 459 295 384 390
209 166 233 212 489 13 210 494 212 269 322 322
210 45 216 273 301 137 546 210 159 927 926 926
211 506 452 12 569 778 85 820 44 699 922 7
212 42 329 989 329 128 203 277 82 245 725 443
213 182 387 296 377 106 377 103 582 103 741 377
214 107 96 21 695 695 734 157 377 103 296 389
215 400 306 107 4 303 81 365 695 405 283 103
216 45 46 216 579 269 145 474 434 184 256 450
217 132 86 662 282 372 64 730 82 594 372 64
218 248 301 180 349 402 262 903 907 342 17 459
219 377 0 73 485 166 93 116 47 113 925 318
220 17 309 219 218 268 513 269 45 322 273 140
221 166 857 301 155 363 351 250 104 376 296 363
222 690 366 169 29 27 25 35 39 339 482 165
223 309 219 342 820 129 294 232 265 570 265 503
224 218 86 234 159 210 300 314 312 420 338 165
225 409 428 45 461 448 447 498 160 601 180 145
226 85 872 61 483 61 388 387 849 63 169 211
227 227 695 228 226 892 124 638 158 209 543 292
228 82 150 182 351 122 347 215 248 74 231 206
229 198 229 489 408 305 64 61 434 69 353 662
230 333 2 520 57 552 82 190 16 375 340 654
231 292 543 523 172 60 352 546 352 180 433 393
232 263 301 153 87 282 218 74 221 73 248 268
233 333 212 642 932 147 189 188 710 81 710 188
234 239 145 188 508 188 282 340 114 113 426 562
235 238 158 244 422 105 243 105 233 494 39 29
236 208 208 126 638 356 13 413 440 159 89 271
237 242 106 189 20 20 187 155 145 121 117 491
238 2 249 208 635 634 634 634 634 635 208 155
239 3 303 513 271 481 305 281 107 58 950 812
240 242 121 83 252 494 234 269 288 756 86 210
241 209 159 242 234 927 242 243 63 115 87 222
242 121 300 434 221 468 316 905 74 107 809 211
243 820 232 918 776 409 280 181 157 397 52 103
244 13 169 638 495 106 17 180 681 86 218 82
245 329 83 594 84 546 954 546 723 825 923 326
246 498 267 707 265 608 466 12 19 264 441 608
247 700 707 19 324 65 990 193 4 533 906 160
248 311 188 170 860 116 533 581 301 301 273 140
249 211 84 338 35 464 420 610 57 252 282 318
250 84 373 714 413 129 371 62 372 433 288 550
251 123 95 122 103 157 283 28 20 142 82 419
252 404 950 243 931 963 121 173 142 285 62 163
253 17 494 209 494 187 1 224 1 377 347 105
254 329 356 480 80 184 249 607 243 241 499 700
255 106 551 473 537 537 613 288 506 249 137 571
256 705 211 462 463 462 462 211 252 107 820 86
257 167 483 178 498 12 249 252 389 326 114 86
258 375 105 495 283 601 238 758 85 317 223 64
259 259 92 498 92 336 13 506 362 303 362 560
260 89 89 305 990 281 82 169 4 131 212 170
261 51 498 506 247 246 141 213 529 496 922 79
262 278 214 342 156 381 177 61 378 376 103 394
263 531 366 184 160 877 137 92 127 37 655 37
264 406 407 786 206 232 575 851 575 178 166 301
265 503 213 707 213 407 93 171 455 339 437 39
266 232 204 232 705 211 252 880 58 160 234 242
267 265 498 14 380 393 250 368 368 104 157 157
268 340 473 81 183 460 214 851 191 851 851 352
269 272 63 254 859 963 160 160 394 61 440 366
270 493 87 121 752 65 425 513 74 313 0 498
271 412 102 517 102 412 921 58 520 56 286 410
272 310 105 280 464 35 24 997 27 133 544 820
273 45 216 971 3 193 411 211 460 244 303 269
274 140 64 325 340 494 115 492 162 186 932 83
275 434 306 612 311 494 504 494 170 860 116 160
276 168 114 686 531 419 68 509 969 509 253 222
277 296 142 165 34 30 136 96 443 318 121 282
278 201 166 0 377 388 181 526 568 82 419 611
279 333 142 560 361 93 86 777 173 462 58 210
280 87 518 145 13 514 108 301 314 310 18 53
281 3 845 305 409 785 409 118 51 65 435 793
282 153 87 518 333 279 106 44 246 856 249 296
283 125 640 371 107 152 363 351 179 280 574 425
284 296 87 282 254 1 284 621 401 130 180 105
285 281 121 544 568 420 581 497 424 83 856 405
286 6 375 230 82 404 357 486 410 356 329 21
287 160 250 376 342 129 214 232 804 11 555 161
288 212 665 3 2 107 518 426 130 621 149 278
289 180 191 839 377 106 932 107 453 491 491 340
290 533 515 93 13 478 329 255 254 41 207 200
291 346 346 351 81 121 13 346 105 362 19 247
292 822 292 167 206 198 820 154 82 152 494 311
293 498 238 209 963 963 546 441 105 58 826 2
294 214 460 495 641 301 327 13 39 494 17 212
295 383 181 6 994 6 481 950 74 87 145 474
296 390 380 391 776 198 165 186 186 186 121 190
297 215 459 42 255 424 166 573 11 496 506 510
298 473 474 473 30 44 21 459 0 309 297 311
299 287 68 82 563 272 429 446 446 448 409 33
300 419 280 367 115 113 478 258 476 478 478 183
301 473 393 301 269 446 272 563 86 306 215 73
302 96 4 809 971 488 421 255 282 411 212 641
303 283 314 82 133 179 349 349 156 232 397 546
304 302 438 338 564 10 256 306 10 25 23 160
305 409 292 160 129 186 433 121 426 403 425 513
306 141 566 666 856 525 11 530 533 115 900 170
307 85 74 480 20 42 820 166 212 283 249 493
308 379 296 376 397 232 872 74 224 74 5 318
309 495 129 172 820 153 474 333 919 847 48 427
310 17 220 165 75 339 171 444 981 411 981 48
311 69 173 155 130 127 128 23 38 24 367 113
312 53 820 44 932 153 152 431 141 407 7 161
313 310 1 215 756 227 215 23 460 615 168 172
314 764 74 366 217 654 333 976 417 245 38 474
315 495 309 218 288 121 242 243 158 121 228 495
316 73 358 106 163 366 356 564 12 19 420 363
317 226 165 420 82 84 113 443 981 847 444 301
318 5 154 412 586 404 99 708 107 154 412 991
319 209 812 13 39 35 533 114 245 434 62 505
320 166 441 498 360 549 459 189 82 154 147 316
321 177 94 955 955 955 205 86 417 417 170 411
322 929 579 269 46 273 252 333 115 232 177 409
323 662 300 114 263 338 82 165 40 116 725 113
324 44 11 421 466 5 252 243 158 235 238 176
325 173 20 173 549 160 430 430 308 83 333 87
326 145 4 102 2 651 511 346 291 168 122 377
327 96 336 485 417 971 844 165 590 28 375 301
328 460 462 121 333 282 290 165 280 340 169 434
329 82 180 84 57 411 166 79 290 6 296 199
330 556 464 377 621 284 681 214 593 214 345 254
331 856 661 452 830 452 7 466 804 608 498 86
332 971 184 166 12 510 12 681 178 166 269 252
333 411 192 194 373 528 489 305 195 162 321 384
334 446 13 179 345 343 207 201 62 509 424 109
335 97 100 62 209 319 236 121 395 395 719 376
336 339 27 62 201 231 440 813 403 172 60 122
337 338 135 65 357 105 92 728 327 306 169 89
338 62 100 98 102 4 552 13 53 61 378 157
339 123 172 542 403 403 426 306 160 397 380 160
340 325 971 710 710 896 116 32 883 27 301 29
341 222 607 118 597 810 420 820 212 665 665 4
342 907 593 918 51 112 7 506 406 699 406 501
343 681 86 506 504 967 504 856 720 856 19 533
344 377 392 296 320 321 579 428 428 448 15 45
345 82 708 99 640 97 768 708 748 748 793 206
346 351 371 360 359 707 498 74 268 106 128 23
347 105 282 662 282 16 771 64 0 250 321 389
348 180 644 950 266 950 77 105 243 241 240 11
349 156 345 343 681 851 851 852 851 214 536 83
350 939 350 343 345 179 971 971 216 971 777 200
351 179 907 179 179 295 388 377 562 438 405 489
352 351 106 87 393 719 52 146 85 317 485 417
353 166 331 222 166 249 42 434 288 121 288 758
354 100 124 99 173 301 45 447 592 448 421 481
355 62 546 145 393 810 420 68 494 282 372 121
356 114 51 409 272 186 256 211 48 261 27 23
357 258 474 427 107 180 149 655 427 151 39 339
358 707 9 9 500 7 12 160 321 592 335 446
359 533 493 278 179 121 278 280 133 41 169 371
360 169 638 210 183 183 405 226 142 216 107 68
361 48 151 39 34 30 44 366 512 155 108 494
362 28 23 165 40 30 151 32 367 300 64 198
363 664 515 172 434 159 215 494 24 39 133 142
364 212 115 453 105 269 615 281 6 644 140 335
365 141 81 184 298 549 64 292 409 418 549 509
366 512 512 155 223 155 470 971 893 971 971 336
367 155 181 541 162 63 4 430 533 306 858 306
368 377 376 122 397 295 932 642 87 215 86 210
369 303 544 568 458 543 542 544 129 86 611 389
370 725 443 40 560 295 388 164 412 55 685 949
371 106 300 2 738 305 286 408 685 812 115 83
372 84 243 58 215 150 390 378 60 396 393 320
373 515 409 667 142 474 340 218 220 377 227 215
374 499 707 823 707 331 177 218 366 312 189 473
375 860 438 361 981 847 925 89 169 36 29 420
376 391 380 160 131 859 520 3 990 281 63 88
377 316 519 20 287 509 184 13 40 113 318 375
378 393 301 301 444 847 976 919 113 232 473 184
379 376 388 379 380 387 150 368 82 404 963 237
380 393 87 820 366 518 424 78 160 366 859 174
381 156 160 36 588 588 282 531 62 135 437 115
382 295 16 46 303 236 319 963 926 237 62 410
383 383 383 379 181 947 394 157 284 681 682 191
384 157 379 316 309 317 221 468 258 329 989 329
385 321 392 387 667 37 26 29 51 346 291 257
386 181 166 559 160 690 74 134 84 555 265 359
387 368 376 283 132 54 738 5 481 599 304 13
388 130 82 203 495 214 434 34 339 40 545 165
389 326 424 308 424 20 22 22 22 11 506 11
390 380 391 380 391 426 621 425 791 493 563 572
391 776 203 129 294 129 399 183 93 39 883 115
392 296 203 168 434 401 362 459 362 15 125 5
393 62 467 81 162 393 155 351 5 423 121 190
394 160 262 100 935 125 124 662 282 233 159 237
395 385 389 64 482 437 847 455 330 438 86 42
396 320 65 231 343 13 588 26 113 40 28 473
397 321 104 321 380 14 61 64 94 440 813 440
398 377 385 377 120 17 18 301 262 377 394 182
399 401 434 548 1 225 218 160 337 116 367 116
400 64 102 832 160 104 368 387 378 150 376 397
401 65 135 336 437 38 47 79 601 480 375 860
402 420 7 661 267 61 465 14 706 86 141 431
403 426 168 413 200 820 206 575 206 199 95 218
404 372 373 411 102 97 404 234 242 233 121 86
405 128 172 256 492 5 281 208 115 263 30 721
406 506 13 409 272 183 526 840 13 167 149 157
407 265 267 266 533 58 142 106 280 523 836 836
408 993 408 193 845 209 183 183 292 523 618 125
409 117 66 160 809 707 331 223 366 84 48 171
410 356 486 278 722 38 339 245 116 883 39 93
411 102 300 45 269 617 448 447 446 216 274 273
412 3 408 412 162 212 166 366 290 357 105 856
413 714 425 90 66 375 424 495 460 74 228 495
414 479 177 17 295 947 377 182 719 841 869 181
415 86 518 371 106 282 333 171 171 443 26 654
416 173 121 363 114 47 41 17 340 74 313 560
417 79 47 251 32 361 29 30 41 581 301 184
418 509 546 803 194 58 212 106 462 82 489 64
419 652 478 375 114 115 417 27 24 545 183 351
420 191 645 191 191 284 292 543 209 371 212 170
421 393 947 394 385 231 434 165 32 35 590 438
422 7 922 79 14 440 438 113 26 30 34 32
423 892 226 300 166 373 184 301 963 930 238 241
424 99 434 10 329 514 375 89 54 738 5 29
425 714 813 543 458 486 357 480 107 704 704 107
426 562 14 493 254 153 17 105 256 489 932 237
427 62 210 142 216 509 713 81 145 303 271 55
428 322 933 139 334 274 272 140 164 388 280 706
429 15 303 551 549 671 509 713 81 86 526 450
430 765 44 30 129 457 294 214 95 351 483 342
431 372 115 16 263 426 425 129 198 51 970 820
432 84 373 311 73 498 14 593 205 908 201 918
433 393 121 223 152 355 105 427 42 83 273 272
434 183 69 356 509 299 287 549 671 249 431 4
435 435 316 549 934 268 106 820 162 81 663 508
436 437 531 121 714 413 515 292 231 621 342 907
437 455 24 27 336 41 51 751 820 231 656 377
438 545 26 34 29 31 361 25 13 371 404 371
439 115 166 221 218 167 95 122 130 290 434 211
440 172 515 515 129 426 840 285 366 17 145 83
441 19 247 213 182 392 103 52 814 347 231 201
442 96 604 411 211 63 121 546 441 466 649 84
443 114 361 34 33 615 747 121 792 121 601 405
444 86 366 78 581 820 493 424 280 294 160 495
445 820 327 21 41 82 550 249 695 189 127 92
446 933 592 429 334 933 956 933 46 128 155 284
447 592 164 15 322 428 448 322 164 96 21 519
448 46 142 187 16 355 166 19 421 258 22 155
449 414 479 414 916 414 645 645 414 414 414 443
450 493 129 176 423 303 137 298 536 298 685 949
451 569 498 8 11 209 963 107 495 82 201 204
452 141 494 209 15 420 123 31 427 170 27 34
453 42 20 42 86 84 82 74 218 249 17 696
454 82 548 21 214 483 917 776 65 320 394 389
455 338 252 932 296 160 490 149 206 197 167 130
456 456 456 456 64 733 64 349 156 907 903 907
457 129 35 261 980 470 116 339 171 370 25 40
458 160 353 87 256 31 35 953 845 481 56 137
459 498 65 177 321 103 741 103 64 411 4 96
460 170 114 121 458 86 70 71 432 217 643 404
461 624 231 257 377 390 13 53 215 20 83 856
462 513 226 314 312 309 312 5 59 832 1001 4
463 462 506 498 64 93 133 51 44 573 160 67
464 424 589 107 340 211 434 170 135 361 25 10
465 707 498 411 263 411 400 327 11 11 91 356
466 441 430 498 407 266 61 264 19 573 8 502
467 166 107 450 211 137 365 310 82 263 547 847
468 167 749 820 346 352 681 345 157 128 420 568
469 108 69 311 678 480 74 105 77 932 114 116
470 914 900 953 35 588 27 48 333 113 434 100
471 160 168 203 128 199 377 344 191 212 459 189
472 255 105 127 128 133 133 166 147 142 131 163
473 963 159 237 244 13 526 377 122 95 94 974
474 68 16 211 481 211 6 237 162 237 932 393
475 375 21 152 50 612 147 121 278 405 249 82
476 474 477 375 6 63 434 417 976 113 444 76
477 91 478 514 13 239 13 4 160 352 60 381
478 282 87 161 264 661 754 804 971 184 299 190
479 414 370 333 641 212 115 615 129 351 106 363
480 142 19 267 666 7 246 246 421 434 100 434
481 5 235 243 249 253 259 72 106 932 21 173
482 134 134 777 482 679 549 800 615 427 282 577
483 464 377 133 531 165 590 86 125 937 353 796
484 232 450 515 434 493 600 450 256 211 64 665
485 976 245 183 564 114 261 96 13 305 408 462
486 5 29 113 41 87 518 460 215 301 307 537
487 487 805 487 529 359 570 359 359 264 247 213
488 496 161 82 526 275 458 647 256 340 167 231
489 5 42 106 546 490 42 199 850 546 355 371
490 932 544 129 106 615 17 307 133 340 251 336
491 624 21 405 116 914 113 725 165 427 261 151
492 107 201 160 278 130 121 211 460 115 370 26
493 115 914 165 116 47 26 135 62 151 113 47
494 543 16 255 169 160 589 282 107 161 249 541
495 638 338 84 553 598 553 521 62 143 548 129
496 83 513 518 86 820 197 955 205 593 94 196
497 811 340 212 255 106 303 142 249 747 107 704
498 496 11 530 533 84 323 2 1001 3 46 63
499 359 332 213 573 19 247 213 8 11 327 326
500 44 550 249 162 63 854 420 316 465 155 114
501 232 241 499 500 466 754 360 371 490 81 137
502 7 546 103 397 381 390 491 497 419 419 255
503 498 407 499 499 913 560 922 141 266 565 804
504 358 374 505 332 720 720 266 324 754 569 957
505 358 707 61 381 60 181 176 177 166 434 83
506 765 498 602 466 441 62 377 278 82 376 296
507 243 411 58 56 174 211 560 142 81 107 280
508 418 68 679 375 577 578 577 282 121 282 427
509 212 424 355 63 55 208 305 131 532 404 654
510 510 499 440 498 501 569 602 249 695 316 17
511 5 55 166 301 22 35 32 361 113 168 491
512 162 532 107 340 80 431 141 661 211 126 271
513 474 82 337 135 169 816 860 336 41 204 377
514 971 844 971 113 318 176 515 65 53 178 351
515 172 133 136 160 394 379 383 379 380 101 323
516 333 28 338 336 280 133 399 199 776 936 86
517 102 64 506 211 183 129 460 730 62 19 473
518 154 363 87 363 87 42 133 291 203 548 78
519 607 118 117 170 105 152 74 85 778 569 358
520 520 738 809 971 777 419 211 16 45 933 446
521 583 521 389 321 61 498 14 256 419 82 410
522 493 82 708 82 86 427 212 329 13 445 128
523 64 215 222 0 250 390 250 174 16 211 764
524 72 21 422 153 513 154 153 107 106 495 160
525 265 213 951 360 441 62 3 174 285 635 634
526 103 201 201 95 776 391 379 181 947 377 65
527 6 2 845 89 183 68 679 137 408 625 408
528 644 528 644 950 492 518 87 661 363 278 191
529 720 765 358 266 266 0 380 379 628 394 321
530 533 28 588 600 168 813 544 544 133 464 450
531 142 4 252 494 601 58 803 2 131 4 880
532 308 462 701 462 545 588 28 172 450 93 64
533 303 269 105 145 828 87 83 145 303 106 473
534 813 623 813 836 813 450 377 177 166 93 13
535 164 2 971 93 135 65 65 14 181 346 511
536 229 39 24 367 932 296 103 52 595 52 719
537 389 379 398 379 104 379 390 321 320 351 320
538 326 160 184 80 287 509 420 174 420 458 543
539 380 537 380 101 300 128 200 200 344 157 380
540 184 160 506 510 141 266 232 1 128 420 810
541 405 183 42 490 160 347 460 57 481 421 11
542 419 170 4 158 62 154 495 60 321 440 368
543 689 198 204 201 533 169 165 28 24 34 27
544 790 544 81 932 333 48 486 389 387 387 42
545 438 655 167 172 28 278 611 64 196 199 121
546 397 52 301 118 118 83 44 160 338 66 96
547 527 423 301 337 338 411 408 520 408 489 365
548 46 828 107 726 283 492 932 45 335 322 592
549 190 184 418 299 509 183 236 142 453 283 209
550 81 121 568 1 641 301 368 434 356 183 292
551 549 465 615 492 48 261 170 453 86 36 170
552 126 174 254 303 619 613 127 37 86 297 341
553 86 234 243 373 411 84 585 295 292 450 176
554 340 274 86 229 114 160 880 157 719 719 379
555 141 161 87 495 424 196 918 1000 292 83 105
556 113 301 81 932 131 698 552 411 166 347 377
557 79 290 829 168 285 809 174 62 168 166 133
558 9 421 86 400 271 10 777 69 424 28 86
559 258 469 143 95 51 121 654 186 492 678 492
560 19 754 84 118 420 661 19 249 506 83 393
561 462 586 826 160 212 355 170 460 493 17 317
562 498 538 326 107 459 86 74 21 346 105 48
563 373 282 690 549 551 303 533 204 6 284 377
564 158 58 552 256 490 460 419 280 41 62 591
565 459 661 506 462 586 285 412 809 13 126 638
566 823 566 573 11 22 686 263 116 533 97 404
567 567 425 84 229 30 366 215 717 717 131 373
568 257 231 168 6 195 160 559 769 107 41 121
569 566 141 438 562 202 820 165 362 6 55 520
570 360 430 441 84 546 856 612 282 612 17 282
571 63 921 138 520 812 990 285 138 815 64 224
572 282 16 424 255 215 494 94 776 593 936 935
573 856 212 105 509 299 146 779 549 82 464 338
574 280 107 2 271 305 56 408 408 56 174 237
575 167 218 560 400 411 784 784 784 784 411 408
576 232 840 526 526 296 376 393 107 296 380 440
577 377 745 745 979 979 170 875 170 360 359 569
578 577 518 405 434 42 492 152 548 116 27 337
579 447 440 129 489 157 368 275 368 434 198 229
580 580 580 580 580 580 580 580 580 580 580 580
581 200 344 231 172 93 647 154 153 404 82 245
582 103 582 211 56 865 58 288 654 162 492 256
583 521 389 397 394 390 13 53 922 922 79 219
584 563 82 854 285 2 195 738 58 664 93 526
585 389 521 295 250 379 60 352 789 93 29 590
586 126 58 244 159 158 62 447 62 457 971 470
587 234 145 17 434 17 226 459 756 142 1 1
588 36 128 46 495 468 160 736 86 707 525 707
589 215 377 155 429 124 101 211 842 211 355 21
590 494 107 747 142 85 317 366 253 434 607 537
591 96 304 211 194 238 963 158 160 242 62 418
592 448 269 333 533 65 357 328 328 327 945 325
593 86 426 231 232 840 232 113 62 173 326 118
594 121 4 114 35 35 28 261 114 30 40 32
595 52 133 402 402 262 262 344 200 413 515 270
596 282 252 87 105 489 6 252 809 285 13 445
597 107 142 932 147 87 513 154 783 16 363 186
598 134 766 766 766 766 766 521 598 340 268 300
599 63 685 809 304 256 362 301 137 809 859 105
600 401 289 231 290 892 340 612 726 106 16 357
601 79 417 183 518 557 51 35 169 337 30 34
602 499 238 506 441 498 856 573 141 729 441 529
603 414 697 697 645 697 156 349 644 950 820 776
604 131 209 242 121 726 5 21 489 212 82 116
605 797 797 605 851 180 681 284 1 106 420 474
606 495 351 1 616 459 498 332 406 358 913 7
607 253 671 80 81 412 59 685 949 13 236 5
608 358 452 666 441 166 747 105 203 62 736 333
609 114 971 174 46 21 92 65 92 400 183 116
610 142 100 97 185 99 173 142 283 201 395 390
611 623 86 417 116 30 545 34 590 545 785 13
612 163 411 400 678 747 282 62 818 533 186 162
613 747 508 509 969 509 480 107 47 280 169 450
614 613 756 533 106 642 300 108 258 328 474 91
615 33 27 160 284 255 106 355 282 132 305 412
616 435 163 491 377 398 377 782 82 594 372 283
617 448 269 820 412 285 949 481 57 532 520 155
618 124 173 513 425 90 258 469 329 87 131 411
619 5 183 256 115 900 411 867 96 123 170 86
620 620 290 563 93 306 306 81 490 365 362 65
621 401 65 199 218 196 196 94 95 218 297 218
622 238 499 922 922 956 856 19 434 533 393 121
623 611 160 478 113 106 494 822 280 458 168 403
624 223 105 83 269 810 88 533 94 199 526 65
625 285 168 900 822 822 572 572 936 204 280 420
626 87 333 142 367 151 62 312 221 256 304 96
627 473 232 6 418 160 467 86 151 142 667 37
628 295 382 379 387 380 53 61 95 820 41 114
629 316 379 181 182 320 103 14 936 167 133 280
630 630 303 950 820 282 424 81 409 371 226 546
631 631 209 64 269 272 579 83 333 263 290 99
632 397 537 380 396 390 308 133 29 93 78 13
633 633 633 633 633 633 633 633 633 633 633 633
634 634 634 634 635 126 812 877 184 80 384 390
635 520 303 630 369 303 59 6 281 105 199 121
636 636 636 636 211 209 84 110 121 256 308 320
637 234 828 405 303 255 421 7 546 106 223 160
638 564 340 339 29 971 277 621 284 149 64 980
639 639 638 638 124 335 269 210 87 654 25 26
640 404 612 233 105 84 549 64 181 182 351 81
641 282 357 21 44 500 358 805 971 566 451 141
642 254 303 263 232 133 681 12 896 356 480 143
643 87 509 325 420 149 64 482 318 424 142 45
644 147 859 815 685 286 532 4 142 28 29 33
645 697 414 605 851 483 320 60 122 191 13 327
646 646 411 63 195 832 2 62 736 160 128 28
647 154 121 179 231 290 168 280 543 523 829 203
648 648 648 648 648 648 648 648 648 648 648 648
649 421 393 145 299 418 710 189 941 189 82 401
650 215 377 231 797 797 18 18 215 81 679 189
651 506 506 452 661 505 499 504 421 213 466 602
652 513 170 36 438 545 27 261 28 820 974 87
653 653 653 653 653 653 653 653 653 653 653 653
654 66 661 13 339 725 113 444 263 290 329 108
655 526 129 275 226 105 326 87 23 42 490 405
656 122 349 122 342 352 180 166 269 282 747 215
657 269 282 106 494 311 225 86 93 820 115 282
658 658 658 658 658 658 658 658 658 658 658 658
659 377 918 95 183 223 64 412 552 518 82 533
660 660 660 660 660 660 660 660 660 660 660 660
661 363 560 459 225 459 17 225 225 309 309 313
662 323 4 405 892 892 124 706 86 84 121 493
663 188 495 367 932 281 286 183 518 271 210 62
664 694 549 710 69 679 549 146 18 223 309 309
665 54 63 286 137 809 195 2 845 209 812 63
666 566 141 266 232 133 116 896 356 160 490 518
667 582 418 473 105 154 5 669 615 393 950 387
668 157 342 348 191 907 179 869 181 250 166 429
669 641 160 133 167 453 166 492 333 83 62 253
670 670 670 670 670 670 670 670 670 670 670 670
671 582 84 404 615 318 263 76 976 423 333 460
672 359 264 823 823 264 856 331 362 529 529 502
673 495 228 482 133 14 390 182 53 822 292 950
674 823 570 971 488 529 498 232 939 232 133 336
675 675 675 675 675 675 675 675 675 675 675 675
676 160 275 60 380 376 376 82 371 210 494 25
677 434 367 531 282 612 612 17 424 338 438 900
678 509 260 508 373 563 373 563 936 232 380 376
679 187 82 318 370 27 135 914 169 318 171 114
680 380 60 376 296 397 719 719 157 53 52 368
681 347 262 191 214 495 638 355 128 114 210 158
682 511 682 511 810 597 411 166 41 198 95 232
683 131 455 169 371 13 748 151 29 261 171 41
684 684 684 684 684 684 684 684 684 684 684 684
685 286 411 469 469 96 400 222 189 253 75 470
686 564 158 2 520 164 533 86 93 336 169 371
687 86 203 62 226 221 485 221 283 378 283 63
688 543 401 249 172 128 900 168 533 97 98 323
689 543 399 133 11 358 502 406 407 141 452 608
690 215 541 160 251 443 226 340 777 259 695 317
691 691 691 691 691 691 691 691 691 691 691 691
692 231 730 468 342 62 448 334 334 322 446 428
693 83 453 615 84 210 63 175 685 59 194 685
694 549 276 275 493 290 108 409 448 421 607 243
695 597 756 613 613 127 189 69 64 142 28 106
696 17 225 218 133 256 534 544 450 167 95 41
697 5 272 409 710 952 540 952 81 222 20 187
698 126 58 96 56 138 137 13 576 13 13 333
699 499 232 486 184 160 281 285 86 438 32 165
700 499 649 452 160 55 271 528 64 62 662 282
701 462 513 459 212 489 132 285 806 285 62 256
702 107 84 50 654 376 283 62 174 15 404 932
703 703 703 703 703 703 703 703 703 703 703 703
704 704 704 704 107 357 105 283 333 145 83 107
705 211 256 542 450 932 820 343 971 114 847 171
706 86 151 170 310 74 221 215 159 252 302 115
707 359 707 872 74 107 258 66 661 121 767 82
708 97 323 160 799 549 106 107 450 5 97 354
709 185 354 101 125 121 68 62 209 424 153 434
710 188 971 466 266 441 707 332 971 554 29 331
711 711 711 711 711 711 711 711 711 711 711 711
712 995 712 401 133 544 820 343 129 127 613 756
713 69 287 162 184 287 80 480 23 215 1 21
714 172 292 183 215 221 459 756 223 105 180 621
715 69 184 114 820 464 900 170 23 421 255 215
716 5 105 771 105 121 86 328 375 96 725 486
717 215 42 473 327 301 248 422 7 324 666 7
718 55 411 84 594 83 654 162 393 121 151 23
719 397 390 283 14 205 128 280 473 188 533 155
720 856 246 213 141 951 666 661 44 142 263 274
721 721 28 128 198 199 42 42 309 133 93 291
722 28 282 33 615 422 819 140 335 933 269 282
723 733 420 404 323 323 654 233 233 159 434 306
724 338 27 36 218 311 756 288 84 662 166 404
725 165 129 161 441 44 499 498 8 7 504 359
726 121 963 926 301 930 238 302 303 434 220 220
727 84 544 450 420 249 615 460 81 62 450 340
728 400 96 160 65 107 89 114 283 252 434 338
729 141 466 265 823 15 429 429 579 46 495 211
730 82 367 367 419 489 121 759 459 248 297 177
731 731 731 731 731 731 731 731 731 731 731 731
732 732 732 732 732 732 732 732 732 732 732 732
733 440 24 96 442 48 333 163 131 950 387 385
734 280 377 147 85 695 405 434 42 190 296 385
735 269 929 489 107 254 329 108 290 301 473 163
736 160 164 395 80 128 35 25 533 461 429 274
737 737 271 145 87 490 249 19 166 351 210 13
738 498 293 362 6 275 835 401 526 129 377 220
739 495 309 511 118 300 263 151 48 443 40 116
740 971 444 464 169 169 136 93 813 544 84 754
741 377 156 645 191 365 802 802 172 23 220 434
742 742 742 614 742 546 355 405 371 209 210 16
743 516 2 56 619 5 496 602 602 533 401 457
744 744 744 744 744 744 744 744 744 744 744 744
745 745 282 217 84 70 233 159 238 159 237 319
746 746 746 746 746 746 746 746 746 746 746 746
747 282 597 58 215 114 527 424 132 192 832 520
748 283 368 391 320 628 320 390 390 387 485 198
749 62 355 513 474 478 325 96 527 48 486 430
750 88 233 101 300 828 87 128 152 74 121 129
751 6 56 286 486 270 84 82 74 152 121 110
752 82 168 231 820 23 41 14 936 955 128 226
753 753 900 860 123 169 169 339 725 40 113 13
754 359 502 11 525 533 822 593 204 95 64 450
755 211 430 360 754 9 265 529 608 608 232 263
756 183 411 122 468 419 460 233 236 269 142 283
757 577 333 340 434 137 271 528 644 115 615 422
758 424 424 164 160 314 312 255 107 163 473 232
759 121 160 166 55 252 89 136 41 115 340 274
760 546 184 68 549 326 327 306 51 820 365 87
761 393 376 395 389 387 393 376 388 394 628 181
762 516 743 516 102 192 58 89 303 63 820 44
763 5 820 203 829 523 493 168 403 526 655 458
764 168 166 300 475 375 367 36 318 183 473 495
765 504 11 92 72 106 268 496 5 42 667 37
766 766 340 513 229 143 420 283 44 254 74 74
767 803 252 194 252 48 437 26 588 26 437 251
768 404 301 474 183 42 128 23 33 24 169 338
769 62 62 726 726 342 156 166 380 562 568 425
770 353 100 353 434 107 506 674 12 996 12 674
771 489 5 201 917 196 128 81 357 107 154 363
772 772 772 772 772 772 772 772 772 772 772 772
773 405 142 226 443 84 601 812 412 586 4 208
774 285 208 329 333 166 146 226 227 82 282 588
775 560 313 560 329 477 108 290 65 130 284 231
776 203 376 283 492 256 114 464 129 198 168 47
777 554 134 366 368 896 116 169 339 336 971 324
778 85 314 340 654 153 121 261 96 123 172 219
779 146 187 710 896 21 519 160 115 123 170 160
780 84 127 160 812 971 184 64 302 419 253 615
781 537 403 426 129 694 549 187 20 83 83 82
782 377 228 301 25 339 47 925 114 245 725 165
783 16 820 204 204 908 205 908 201 201 198 329
784 411 116 753 548 405 4 59 812 859 174 812
785 545 40 171 318 333 547 87 459 44 129 563
786 206 196 971 20 145 366 78 482 160 362 303
787 21 272 45 107 201 342 493 791 425 426 263
788 717 295 276 168 789 168 168 263 115 372 64
789 129 168 263 411 646 646 211 236 107 279 62
790 544 257 401 621 425 543 424 18 424 172 424
791 493 221 493 425 90 469 143 340 438 339 135
792 121 433 83 278 191 824 191 601 333 615 121
793 748 106 551 189 255 114 533 350 572 484 484
794 322 269 155 209 424 356 375 469 108 478 328
795 417 981 442 245 121 51 261 169 29 25 133
796 121 86 508 373 280 342 139 429 160 474 422
797 231 280 113 370 226 317 73 317 695 315 695
798 798 798 798 798 798 798 798 798 798 798 798
799 971 423 245 38 23 28 160 194 193 1001 803
800 549 104 150 473 280 181 380 232 214 419 45
801 820 546 7 5 281 481 738 252 175 665 58
802 365 513 652 419 462 430 86 510 492 152 726
803 193 192 195 411 976 455 89 62 748 377 130
804 264 161 264 856 525 729 525 359 141 62 180
805 358 729 84 336 816 491 490 121 647 647 121
806 806 809 131 163 282 420 118 387 385 394 320
807 192 323 3 1001 4 665 2 271 304 455 24
808 808 808 808 808 808 808 808 808 808 808 808
809 707 19 12 62 170 453 212 152 115 229 23
810 88 806 809 208 194 3 408 571 408 252 404
811 28 424 245 301 690 222 218 166 859 474 477
812 448 409 128 363 81 215 340 129 161 707 232
813 129 932 41 601 105 158 114 438 860 437 900
814 52 397 546 154 412 698 738 195 738 809 685
815 64 271 55 3 211 734 284 681 12 7 672
816 860 123 337 301 930 236 371 434 647 420 5
817 817 817 817 817 543 16 64 302 64 197 93
818 339 32 261 367 16 379 174 174 420 212 531
819 273 15 446 164 15 175 58 160 454 107 55
820 327 301 18 17 0 368 1 1 215 227 226
821 160 353 709 404 100 708 768 124 896 287 106
822 908 206 918 41 169 114 443 245 47 168 484
823 558 451 569 566 451 265 498 499 504 359 264
824 191 839 191 903 262 345 352 191 351 129 130
825 723 923 723 971 973 971 569 12 166 269 210
826 408 194 193 160 726 342 621 284 681 160 610
827 506 166 41 612 84 558 674 141 7 360 141
828 234 654 24 24 24 39 35 168 14 130 127
829 290 515 526 390 182 213 441 282 4 138 4
830 452 498 421 404 252 389 395 387 321 182 320
831 258 110 84 209 812 285 15 16 46 254 427
832 859 82 189 127 189 695 189 911 189 509 189
833 5 430 421 393 105 589 589 357 121 540 184
834 107 113 32 654 789 93 337 165 86 531 914
835 401 457 440 178 342 575 232 178 177 413 177
836 706 563 93 176 333 28 105 154 155 377 572
837 107 726 5 619 303 236 434 434 99 97 640
838 124 101 233 460 460 537 459 42 41 28 20
839 191 379 164 164 520 685 815 305 685 138 160
840 13 168 413 172 107 284 296 377 486 261 27
841 719 719 632 719 121 252 159 159 210 86 92
842 96 251 169 290 283 137 301 356 490 256 296
843 290 169 329 410 356 91 469 89 89 919 89
844 165 183 308 157 378 17 1 221 434 490 81
845 812 448 160 20 137 58 96 326 20 28 588
846 846 846 846 846 605 846 846 605 846 846 846
847 40 917 199 1 268 513 154 152 82 548 497
848 340 867 96 340 268 390 384 363 420 458 13
849 387 395 80 546 272 446 446 592 273 322 273
850 546 604 546 906 513 462 561 462 211 363 255
851 681 682 681 345 254 81 952 509 282 288 121
852 206 284 280 160 279 82 282 747 62 233 83
853 82 385 295 576 482 41 751 167 133 218 160
854 420 155 393 376 985 376 166 214 95 122 376
855 155 173 404 354 323 5 302 160 96 329 108
856 956 856 661 666 566 358 498 14 394 393 393
857 191 122 168 764 314 165 725 116 151 23 87
858 306 509 287 298 184 971 3 252 285 411 517
859 137 126 300 269 16 221 317 218 315 218 282
860 375 889 828 612 163 249 165 32 26 443 84
861 350 352 60 177 459 615 17 654 783 424 147
862 777 862 777 862 777 259 73 248 73 498 452
863 57 859 58 132 371 269 810 393 761 393 121
864 411 405 212 462 513 340 274 272 63 552 160
865 865 845 59 949 511 337 548 381 387 157 734
866 80 183 366 758 91 64 489 489 408 4 826
867 96 165 171 981 417 318 114 105 340 282 424
868 5 469 91 66 375 411 122 262 160 498 573
869 841 376 380 178 191 282 268 309 120 0 309
870 401 568 544 817 813 129 294 401 365 211 101
871 231 277 232 804 971 336 136 338 420 434 3
872 61 177 459 616 533 756 597 58 121 81 412
873 401 562 275 493 820 100 708 323 708 323 447
874 425 121 372 404 58 254 355 254 77 105 543
875 170 310 221 309 219 74 62 333 163 145 83
876 564 208 131 86 340 491 170 491 548 121 963
877 549 274 86 17 282 401 183 62 201 908 206
878 23 220 177 113 177 231 176 181 166 480 223
879 242 238 622 238 758 366 107 438 655 114 87
880 859 107 282 64 93 166 380 61 213 358 12
881 96 88 0 266 11 518 426 65 232 380 120
882 166 132 252 55 950 481 131 101 353 687 353
883 116 115 473 116 280 130 13 244 615 546 209
884 412 89 91 212 91 11 498 529 141 666 324
885 887 887 887 20 72 20 366 132 86 233 474
886 859 832 58 685 92 815 5 840 840 64 107
887 92 137 164 170 188 81 16 221 249 81 81
888 412 137 92 152 107 708 98 99 5 308 880
889 300 444 455 35 121 285 88 54 4 107 115
890 121 345 346 181 219 218 596 597 596 597 142
891 892 300 81 137 81 365 184 62 666 661 66
892 300 187 142 269 303 105 453 472 255 316 420
893 971 190 434 10 13 421 481 421 820 153 984
894 327 10 325 65 533 473 298 685 137 209 273
895 114 547 165 121 747 513 210 3 845 281 303
896 828 889 828 371 641 1 641 160 108 474 115
897 263 338 199 64 142 20 83 203 231 232 103
898 481 6 211 375 411 988 24 35 14 133 340
899 2 896 142 597 756 431 4 412 408 305 2
900 437 337 336 883 336 860 816 987 914 36 29
901 137 301 36 333 96 165 753 115 105 384 393
902 5 327 945 325 96 303 209 812 215 309 18
903 907 191 262 656 380 60 105 404 612 223 314
904 321 904 321 379 63 129 184 971 174 809 138
905 215 220 74 105 165 32 34 30 764 483 133
906 160 726 316 146 368 283 182 388 321 394 390
907 903 191 857 301 215 495 283 162 186 82 304
908 922 529 913 499 466 266 525 967 525 247 661
909 546 187 20 222 0 218 133 531 333 443 423
910 65 285 379 386 157 388 249 505 971 971 747
911 81 146 549 418 189 454 107 591 83 404 105
912 526 457 840 13 420 932 173 134 62 355 128
913 499 213 266 12 560 518 107 468 258 474 41
914 115 123 95 351 495 371 21 221 42 87 546
915 38 547 976 919 114 106 434 114 366 20 81
916 414 479 479 177 200 196 167 434 459 248 73
917 51 64 201 41 336 136 438 337 860 165 123
918 1000 918 201 94 820 283 129 585 544 133 162
919 455 470 914 170 160 108 258 329 478 357 143
920 230 74 225 459 253 84 269 5 458 64 166
921 930 243 241 963 319 963 82 747 82 12 265
922 529 487 451 161 363 495 46 592 933 956 430
923 923 733 326 473 249 493 283 726 107 124 662
924 845 211 236 63 107 211 807 303 356 303 59
925 113 438 23 229 119 261 119 96 251 339 26
926 242 96 123 115 333 474 409 945 325 306 538
927 930 930 930 927 234 366 596 218 513 124 323
928 211 434 408 4 520 13 820 44 82 424 153
929 334 274 592 334 579 273 274 269 859 105 474
930 235 233 828 87 820 79 581 872 61 499 525
931 301 926 159 820 422 23 785 23 35 28 35
932 142 577 578 577 142 571 211 152 258 410 183
933 89 91 477 69 259 86 450 212 86 143 420
934 340 128 526 13 351 483 820 950 474 333 249
935 768 99 125 185 687 404 107 480 62 107 343
936 935 768 98 353 101 120 133 280 822 922 53
937 937 100 820 107 333 641 748 164 446 269 83
938 611 232 486 129 275 813 434 859 160 91 478
939 232 178 380 381 150 389 385 394 377 149 150
940 93 545 462 58 193 55 252 685 92 336 169
941 189 710 710 952 952 28 892 892 405 63 3
942 435 647 458 494 543 292 543 292 232 291 142
943 295 172 14 141 754 950 77 932 367 62 41
944 748 62 143 480 166 115 531 340 777 10 508
945 325 420 244 303 340 310 221 166 69 356 638
946 641 748 495 128 900 13 33 438 141 14 556
947 321 38 443 725 245 337 23 438 74 120 133
948 381 156 191 191 130 568 107 319 107 165 27
949 481 599 304 302 57 88 302 96 337 338 136
950 422 82 58 282 932 45 424 422 180 422 17
951 951 525 86 142 212 492 212 364 351 161 19
952 69 467 106 405 493 256 492 932 393 254 226
953 822 908 776 749 62 106 311 301 140 812 845
954 249 145 180 342 296 160 190 409 108 111 478
955 128 127 377 396 321 376 342 851 157 668 157
956 44 406 502 407 466 452 452 8 570 823 823
957 9 500 699 913 950 481 83 365 19 265 359
958 962 958 69 434 506 141 306 256 705 211 252
959 377 351 321 296 129 275 526 103 201 86 69
960 377 147 85 872 232 95 214 206 426 130 277
961 377 659 377 292 231 343 157 343 345 179 191
962 325 325 82 218 0 17 82 355 46 283 393
963 58 333 282 80 16 80 671 253 107 19 86
964 373 106 353 687 282 318 176 181 378 17 224
965 936 14 776 391 157 378 157 344 180 254 62
966 21 20 260 20 121 27 721 37 86 368 0
967 44 526 103 378 378 103 342 206 294 65 380
968 968 299 81 418 549 667 188 42 41 198 434
969 509 299 298 160 194 63 54 63 283 182 321
970 820 343 231 176 113 106 283 28 37 39 367
971 679 13 409 945 945 409 138 685 58 612 50
972 509 183 69 550 107 812 812 193 812 373 714
973 971 805 44 501 160 165 38 29 93 78 424
974 128 129 11 183 854 63 434 69 424 783 669
975 971 416 173 533 87 489 932 586 63 2 405
976 411 58 333 405 296 254 17 177 218 249 42
977 242 105 489 434 367 106 249 160 362 356 486
978 165 135 165 258 110 84 118 607 434 221 18
979 170 183 53 537 227 87 963 241 233 84 209
980 5 234 319 107 16 424 69 173 333 113 107
981 485 442 485 387 388 321 810 321 380 61 172
982 137 82 508 62 419 45 335 140 322 428 216
983 114 86 310 78 121 96 599 208 57 2 865
984 333 895 417 32 34 29 32 883 115 932 281
985 376 295 311 215 225 226 0 221 16 282 420
986 470 171 5 496 64 184 473 121 767 82 739
987 411 54 174 121 232 804 754 608 441 573 566
988 411 2 58 455 981 455 263 168 936 290 936
989 989 91 478 329 82 44 141 451 141 913 699
990 65 285 63 107 153 434 340 521 389 283 44
991 812 520 3 252 518 121 326 325 260 259 20
992 129 36 82 20 142 82 263 547 423 318 48
993 408 408 89 91 143 86 138 58 166 243 963
994 6 59 698 59 886 366 107 209 420 184 115
995 712 401 835 84 555 11 666 823 856 452 971
996 12 420 218 872 307 588 23 28 39 339 10
997 953 23 42 245 183 223 74 495 227 377 389
998 65 307 177 113 556 14 776 377 257 180 420
999 145 163 373 131 717 459 80 424 160 207 199
1000 292 167 296 280 556 483 61 388 295 142 233
1001 2 587 209 128 52 133 10 326 533 177 601
1002 560 229 115 460 663 549 509 420 820 142 474
1003 258 424 147 473 404 115 114 419 143 51 14
1004 55 194 3 138 481 211 450 64 397 6 54
0 178 498 700 971
1 121 432 433 372
2 96 114 444 86
3 160 490 80 96
4 208 249 438 590
5 283 254 41 908
6 57 2 859 174
7 823 213 452 823
8 499 241 232 450
9 141 500 569 971
10 564 12 700 452
11 265 141 306 68
12 358 106 278 270
13 771 13 444 527
14 440 458 275 276
15 446 269 234 243
16 748 367 366 160
17 393 180 82 131
18 232 133 309 400
19 62 45 274 448
20 533 82 641 371
21 82 329 989 91
22 173 99 100 592
23 121 404 532 552
24 23 261 486 53
25 26 135 455 263
26 339 438 25 10
27 301 268 756 614
28 168 93 28 914
29 93 940 93 464
30 546 30 136 41
31 135 133 545 27
32 533 155 17 378
33 37 588 37 33
34 23 545 40 448
35 37 38 915 38
36 127 189 549 187
37 27 51 28 301
38 437 339 39 93
39 40 251 443 85
40 245 160 194 865
41 612 212 544 534
42 133 183 478 90
43 505 502 7 213
44 967 504 141 51
45 301 404 372 58
46 448 16 80 230
47 820 212 363 422
48 654 453 607 87
49 50 49 87 145
50 431 4 282 283
51 306 64 98 97
52 128 900 753 169
53 178 381 548 82
54 54 126 174 210
55 412 4 552 481
56 160 90 143 548
57 195 803 859 147
58 160 40 370 47
59 174 254 303 174
60 390 320 157 320
61 440 24 37 261
62 404 17 173 546
63 184 287 68 160
64 61 608 61 483
65 51 14 86 450
66 560 20 932 86
67 86 65 430 401
68 220 74 308 6
69 467 85 307 133
70 186 531 121 544
71 288 58 615 145
72 106 358 805 487
73 221 52 133 5
74 312 317 18 160
75 36 48 367 30
76 47 339 361 533
77 932 494 510 141
78 62 18 166 467
79 226 317 248 17
80 142 74 1 215
81 128 377 127 128
82 84 513 372 48
83 63 571 520 285
84 110 111 375 143
85 226 62 340 314
86 153 254 152 83
87 189 540 121 4
88 183 756 225 756
89 408 212 932 46
90 64 197 172 542
91 758 223 758 223
92 152 187 166 41
93 417 23 17 427
94 820 63 121 601
95 86 218 201 103
96 599 211 430 411
97 354 101 96 816
98 124 185 662 300
99 100 62 125 98
100 124 125 86 424
101 0 221 317 248
102 300 183 300 444
103 283 137 208 363
104 160 67 146 189
105 771 105 58 194
106 249 145 252 243
107 221 160 143 480
108 300 419 253 283
109 62 253 80 64
110 121 375 679 13
111 478 13 343 207
112 258 27 588 545
113 177 60 296 320
114 82 385 379 150
115 361 261 165 119
116 725 245 486 188
117 86 601 141 500
118 607 548 82 46
119 455 900 438 423
120 133 681 123 165
121 329 514 66 661
122 167 426 270 419
123 251 172 333 441
124 107 98 404 101
125 283 594 82 80
126 63 87 546 129
127 22 686 22 301
128 486 232 312 85
129 290 86 373 563
130 157 6 4 424
131 62 251 417 5
132 371 300 283 211
133 64 168 14 291
134 340 546 812 208
135 438 34 25 133
136 151 370 417 318
137 175 685 58 194
138 685 138 408 58
139 446 461 272 6
140 461 446 13 25
141 913 213 608 61
142 932 255 483 219
143 31 256 51 13
144 283 282 559 160
145 106 68 473 533
146 146 18 17 340
147 233 333 261 427
148 402 211 764 168
149 655 37 28 51
150 181 231 177 220
151 816 151 263 280
152 364 351 94 177
153 283 5 169 133
154 58 107 736 107
155 520 160 68 549
156 342 95 205 557
157 179 971 799 166
158 319 319 107 184
159 210 158 930 235
160 90 13 809 208
161 141 608 608 754
162 287 81 460 116
163 87 424 166 181
164 15 448 269 429
165 590 30 251 40
166 1000 292 129 484
167 340 333 444 361
168 167 200 128 42
169 427 160 641 82
170 282 662 100 51
171 444 847 464 249
172 65 307 17 255
173 416 327 96 527
174 58 304 87 304
175 3 283 388 283
176 275 176 593 51
177 113 116 434 474
178 191 494 82 281
179 296 526 420 83
180 289 231 526 390
181 393 61 388 393
182 181 250 495 105
183 286 738 57 107
184 107 133 545 255
185 98 768 185 800
186 162 195 859 411
187 256 363 165 167
188 679 189 508 82
189 533 590 26 23
190 42 405 601 166
191 839 377 872 17
192 323 124 354 353
193 832 832 193 195
194 803 1001 4 169
195 738 132 82 314
196 199 338 28 81
197 601 494 474 105
198 41 93 172 51
199 850 199 218 549
200 562 401 133 143
201 95 199 918 64
202 820 121 169 533
203 294 342 277 515
204 581 301 473 141
205 51 201 82 62
206 205 86 686 22
207 200 908 205 197
208 371 282 577 363
209 11 566 569 498
210 142 106 1 351
211 329 190 329 896
212 589 83 533 35
213 247 7 510 510
214 160 18 167 204
215 283 44 856 264
216 140 644 180 932
217 50 49 643 269
218 297 218 128 6
219 309 5 106 279
220 165 464 900 411
221 129 365 531 556
222 223 468 107 269
223 225 148 150 368
224 365 310 218 311
225 311 282 280 291
226 256 546 44 81
227 227 932 106 107
228 312 53 232 804
229 64 450 211 5
230 533 290 829 168
231 343 278 409 447
232 65 818 166 129
233 173 166 73 331
234 234 587 234 6
235 243 820 44 121
236 162 654 163 142
237 252 494 141 107
238 963 950 249 407
239 3 601 238 412
240 236 249 170 987
241 237 209 96 303
242 236 121 46 271
243 607 460 249 187
244 963 931 210 212
245 42 372 106 160
246 266 950 856 186
247 19 247 661 265
248 366 537 394 377
249 170 16 222 513
250 387 376 377 0
251 27 33 33 39
252 48 115 513 269
253 212 23 36 183
254 63 552 4 587
255 355 16 128 198
256 333 253 615 33
257 130 284 351 167
258 112 368 295 392
259 400 260 311 72
260 74 745 979 316
261 32 165 13 306
262 511 7 499 61
263 925 113 41 333
264 7 246 7 362
265 823 213 61 390
266 498 487 529 488
267 700 957 700 957
268 106 222 107 226
269 62 508 667 160
270 515 270 426 391
271 285 126 174 137
272 45 301 340 166
273 83 19 434 64
274 46 249 569 739
275 515 172 275 562
276 276 301 271 333
277 167 655 171 976
278 789 168 275 160
279 160 548 337 860
280 114 326 64 318
281 62 236 319 319
282 404 896 638 638
283 365 133 162 433
284 936 546 615 820
285 302 13 79 419
286 408 89 271 518
287 106 278 365 371
288 58 498 160 405
289 425 294 129 473
290 83 495 228 309
291 93 494 290 706
292 172 61 172 493
293 19 142 64 325
294 301 173 249 129
295 288 269 107 748
296 250 320 320 295
297 86 601 160 423
298 685 408 880 685
299 508 80 222 519
300 531 367 655 438
301 581 21 346 342
302 89 405 211 599
303 107 954 107 163
304 564 174 303 738
305 990 859 147 115
306 215 459 453 189
307 696 17 147 377
308 21 495 208 3
309 222 905 297 218
310 494 310 74 468
311 69 329 363 187
312 74 314 764 30
313 0 283 83 365
314 764 483 851 180
315 222 81 306 550
316 187 679 68 173
317 389 393 388 160
318 981 527 333 89
319 107 303 210 240
320 734 280 373 92
321 177 200 65 86
322 46 129 351 249
323 371 3 194 54
324 441 160 321 160
325 10 300 489 305
326 533 21 42 226
327 945 409 23 135
328 329 357 82 783
329 300 283 153 155
330 455 89 165 337
331 340 464 377 395
332 359 558 487 466
333 282 357 107 113
334 335 933 429 335
335 124 139 209 319
336 84 318 725 113
337 30 764 541 160
338 424 121 462 463
339 340 932 115 914
340 513 425 873 425
341 17 160 880 685
342 346 160 681 12
343 191 130 425 835
344 148 148 150 541
345 186 474 663 188
346 21 72 259 509
347 149 344 191 681
348 349 6 290 366
349 179 156 321 387
350 593 95 342 575
351 495 114 278 345
352 342 593 342 178
353 124 107 282 107
354 353 99 708 371
355 183 215 511 411
356 282 80 169 338
357 478 434 199 280
358 407 7 213 360
359 452 649 44 331
360 451 452 264 823
361 533 236 241 232
362 165 32 31 35
363 255 170 249 64
364 21 173 777 971
365 283 424 154 963
366 152 153 612 71
367 165 32 24 494
368 232 918 776 94
369 89 302 303 304
370 333 36 367 757
371 355 356 362 459
372 282 124 640 185
373 194 59 303 255
374 407 503 498 265
375 258 434 53 215
376 380 391 391 389
377 621 284 342 173
378 182 213 498 265
379 160 40 35 165
380 377 103 368 393
381 156 320 232 493
382 377 396 157 392
383 379 379 379 393
384 495 42 300 638
385 385 385 103 392
386 560 328 460 183
387 377 1 317 309
388 130 290 936 350
389 387 384 363 531
390 103 150 155 249
391 379 395 157 174
392 103 537 74 560
393 384 390 390 14
394 321 385 385 387
395 181 321 397 390
396 393 282 166 21
397 377 776 917 27
398 377 199 42 145
399 51 143 357 62
400 327 10 86 8
401 133 844 971 401
402 211 138 126 208
403 168 491 377 839
404 473 44 82 30
405 161 105 84 558
406 332 44 82 859
407 213 141 913 141
408 411 375 480 509
409 443 847 847 96
410 107 183 417 38
411 809 88 750 88
412 408 193 408 138
413 526 576 533 236
414 370 26 437 5
415 414 449 414 697
416 173 327 894 327
417 895 333 405 263
418 549 316 690 106
419 611 168 14 203
420 121 480 418 129
421 488 498 86 326
422 84 252 244 241
423 971 975 971 823
424 170 36 86 499
425 714 562 183 21
426 130 127 491 497
427 427 431 80 81
428 579 335 446 216
429 446 269 429 269
430 5 445 13 184
431 152 548 607 533
432 71 612 105 450
433 431 17 316 793
434 495 223 142 86
435 616 320 350 204
436 115 339 32 165
437 531 539 494 39
438 135 115 438 562
439 115 107 113 925
440 241 233 166 880
441 121 186 420 172
442 370 85 309 225
443 547 318 47 160
444 301 294 290 405
445 77 79 62 131
446 269 87 131 411
447 933 933 89 136
448 87 427 212 42
449 414 414 414 370
450 493 93 337 82
451 566 421 649 84
452 502 301 926 931
453 87 21 28 338
454 189 82 158 210
455 338 263 444 48
456 456 64 372 366
457 86 756 118 495
458 600 813 440 160
459 610 610 694 129
460 462 430 365 180
461 735 592 216 274
462 211 6 134 373
463 463 463 463 463
464 339 169 121 296
465 519 518 615 244
466 804 265 141 11
467 459 328 494 918
468 316 629 316 1
469 474 186 144 186
470 170 86 82 63
471 671 329 69 188
472 255 256 405 274
473 333 443 981 114
474 234 96 23 588
475 375 62 736 86
476 13 272 710 952
477 478 328 357 80
478 282 420 244 810
479 414 415 414 605
480 92 520 160 179
481 271 717 160 726
482 228 519 405 78
483 342 214 231 231
484 494 450 212 7
485 73 248 366 166
486 362 62 303 242
487 498 499 608 246
488 487 9 466 525
489 212 252 281 208
490 81 107 57 303
491 453 62 216 45
492 107 21 690 301
493 291 206 593 350
494 23 464 727 483
495 160 778 85 160
496 560 74 219 222
497 562 401 542 440
498 8 672 8 358
499 504 510 84 57
500 501 452 499 359
501 176 318 82 142
502 332 213 951 360
503 265 529 602 496
504 301 262 656 377
505 62 8 452 661
506 107 79 77 546
507 507 243 84 209
508 260 20 887 92
509 160 131 809 107
510 674 707 602 569
511 949 285 209 166
512 366 109 62 18
513 19 267 264 804
514 66 514 91 419
515 562 177 312 228
516 517 5 516 762
517 516 408 174 809
518 492 83 365 137
519 20 222 341 222
520 859 921 880 80
521 295 393 947 181
522 523 387 380 178
523 706 585 389 6
524 72 163 282 4
525 7 247 498 452
526 231 656 177 562
527 64 95 128 495
528 373 180 157 387
529 213 7 666 324
530 161 87 473 489
531 497 79 282 366
532 162 405 434 303
533 88 285 208 329
534 813 543 105 165
535 340 62 338 31
536 601 536 229 338
537 307 376 262 62
538 733 923 733 825
539 531 300 434 210
540 952 28 96 336
541 533 401 129 342
542 172 167 377 163
543 425 257 450 228
544 81 424 543 65
545 34 590 27 26
546 212 153 17 18
547 847 448 429 334
548 46 434 515 434
549 190 311 373 420
550 480 678 48 437
551 733 326 114 564
552 481 552 126 812
553 482 165 434 434
554 134 84 729 44
555 409 710 188 74
556 280 362 121 425
557 581 204 201 103
558 84 70 233 63
559 282 355 170 360
560 27 28 62 427
561 462 254 252 809
562 438 135 336 169
563 373 239 63 571
564 263 82 209 963
565 324 65 430 765
566 971 4 552 373
567 290 426 403 129
568 65 320 321 157
569 362 331 215 220
570 700 267 674 569
571 63 285 105 347
572 290 272 13 65
573 358 264 247 246
574 65 92 100 354
575 377 312 301 228
576 526 425 543 121
577 757 367 121 767
578 577 333 493 562
579 164 447 812 160
580 580 580 580 580
581 133 581 420 669
582 189 818 440 238
583 521 553 84 544
584 563 14 18 376
585 168 611 168 64
586 2 586 462 506
587 237 244 301 482
588 13 474 110 108
589 256 183 458 142
590 26 25 339 29
591 160 550 82 693
592 929 592 428 139
593 205 14 85 309
594 82 23 367 337
595 52 314 365 314
596 301 216 274 428
597 282 256 234 241
598 482 482 89 183
599 708 323 708 82
600 168 494 153 86
601 405 796 828 892
602 362 483 128 166
603 414 479 381 515
604 211 62 833 249
605 846 605 797 18
606 495 526 390 379
607 421 430 62 256
608 720 324 63 826
609 114 983 114 116
610 96 92 80 81
611 129 46 21 364
612 121 249 615 393
613 117 100 86 963
614 106 419 489 434
615 17 309 64 528
616 435 616 1 1
617 592 100 97 335
618 662 353 323 300
619 613 613 127 37
620 290 114 172 93
621 11 573 141 499
622 238 234 58 431
623 791 425 705 211
624 223 218 183 63
625 412 54 305 880
626 87 282 355 513
627 420 249 249 505
628 181 541 405 333
629 316 377 379 285
630 303 174 284 280
631 159 209 587 58
632 397 719 395 379
633 633 633 633 633
634 635 285 552 271
635 137 665 665 2
636 211 434 859 211
637 233 441 87 236
638 589 271 737 737
639 158 242 209 273
640 64 224 256 362
641 166 86 963 859
642 82 121 28 820
643 404 546 490 87
644 147 62 283 373
645 645 414 443 13
646 411 263 417 86
647 685 481 281 57
648 648 648 648 648
649 246 44 82 236
650 215 197 197 498
651 254 81 638 300
652 419 419 828 434
653 653 653 653 653
654 217 340 211 419
655 526 401 133 116
656 231 249 7 666
657 269 5 125 618
658 658 658 658 658
659 659 377 776 203
660 660 660 660 660
661 441 213 533 818
662 84 336 160 166
663 188 710 952 69
664 486 188 62 230
665 411 430 211 364
666 823 661 249 41
667 68 142 115 64
668 157 386 560 211
669 669 615 615 954
670 670 670 670 670
671 329 424 166 366
672 359 213 421 246
673 495 83 533 877
674 19 700 570 267
675 675 675 675 675
676 428 139 269 932
677 199 677 434 115
678 69 958 69 667
679 68 494 328 459
680 380 120 79 160
681 180 615 253 189
682 681 345 156 160
683 683 281 683 281
684 684 684 684 684
685 57 460 41 801
686 245 76 245 183
687 282 401 705 425
688 543 405 255 170
689 689 198 202 623
690 316 0 283 129
691 691 691 691 691
692 130 401 457 568
693 121 531 473 115
694 129 308 256 180
695 20 137 546 533
696 218 225 148 150
697 414 414 645 156
698 211 83 212 180
699 720 441 720 856
700 267 666 452 421
701 462 21 728 21
702 107 216 216 446
703 703 703 703 703
704 704 107 400 589
705 256 128 343 350
706 124 107 429 6
707 602 616 1 85
708 124 233 115 612
709 353 98 371 283
710 710 187 62 256
711 711 711 711 711
712 4 4 424 222
713 69 173 99 768
714 62 212 172 483
715 799 189 222 17
716 716 716 716 5
717 106 365 490 356
718 281 564 12 441
719 52 53 922 913
720 700 247 12 362
721 229 84 30 36
722 278 722 27 128
723 126 137 272 290
724 338 16 337 339
725 245 115 87 222
726 62 295 424 233
727 483 47 48 47
728 92 92 815 174
729 649 452 830 452
730 231 157 398 295
731 731 731 731 731
732 732 732 732 732
733 326 733 551 671
734 172 82 225 74
735 322 140 735 322
736 333 320 250 1
737 271 481 809 58
738 286 183 909 183
739 495 384 157 398
740 51 124 354 354
741 741 377 94 206
742 546 321 349 6
743 743 517 743 516
744 744 744 744 744
745 74 225 460 730
746 746 746 746 746
747 189 106 329 42
748 708 371 99 404
749 62 251 251 336
750 88 252 849 252
751 6 58 115 21
752 283 493 450 544
753 151 31 36 24
754 141 699 971 8
755 211 183 80 384
756 390 756 223 655
757 980 470 455 263
758 120 146 17 189
759 121 544 183 464
760 335 274 340 105
761 393 396 321 104
762 516 411 646 131
763 5 820 615 513
764 211 290 568 526
765 246 649 452 666
766 766 134 84 404
767 473 170 107 532
768 935 125 371 404
769 62 93 789 835
770 353 100 935 100
771 16 375 111 474
772 772 772 772 772
773 405 282 170 82
774 285 121 526 407
775 560 21 44 555
776 167 420 218 36
777 482 162 417 79
778 549 82 365 314
779 146 160 413 562
780 84 119 427 980
781 537 403 133 27
782 82 132 208 174
783 142 571 288 199
784 411 263 160 164
785 23 220 434 89
786 189 255 329 90
787 21 777 862 777
788 788 788 717 717
789 654 234 235 233
790 544 212 211 552
791 425 130 692 130
792 121 203 776 206
793 435 316 519 61
794 335 164 64 309
795 417 93 543 129
796 353 828 896 300
797 14 380 393 107
798 798 798 798 798
799 160 826 160 375
800 185 125 125 185
801 41 206 62 314
802 365 303 209 82
803 812 102 64 107
804 565 674 19 247
805 971 570 247 267
806 304 809 698 138
807 132 82 255 932
808 808 808 808 808
809 160 63 599 209
810 520 13 96 842
811 28 166 133 531
812 520 305 2 865
813 585 168 568 130
814 344 180 162 654
815 305 63 283 368
816 437 115 261 438
817 493 460 537 486
818 259 173 728 885
819 139 164 929 15
820 169 123 96 842
821 160 240 242 235
822 292 129 353 371
823 674 141 601 180
824 191 214 681 123
825 733 723 923 825
826 832 59 286 329
827 506 913 44 293
828 45 124 768 434
829 290 129 457 568
830 452 666 160 252
831 258 107 170 31
832 102 4 586 412
833 62 256 165 254
834 107 163 5 644
835 425 130 167 284
836 523 134 523 829
837 837 107 541 420
838 45 812 57 252
839 191 379 64 211
840 64 511 215 5
841 841 312 221 480
842 96 339 26 24
843 290 620 290 301
844 971 188 160 504
845 859 87 404 618
846 605 414 697 414
847 417 38 48 27
848 445 917 197 199
849 63 685 481 59
850 199 377 294 425
851 575 232 840 457
852 851 180 284 232
853 82 233 637 209
854 183 68 212 68
855 299 184 549 582
856 504 293 44 529
857 301 93 940 128
858 306 327 249 166
859 520 59 55 4
860 438 436 437 25
861 350 345 278 278
862 777 134 6 751
863 57 2 651 427
864 411 976 48 27
865 58 3 107 164
866 80 679 69 325
867 96 135 455 464
868 5 325 82 30
869 376 393 382 295
870 425 705 211 3
871 231 797 342 483
872 581 13 339 251
873 425 664 515 64
874 65 457 409 40
875 170 411 64 170
876 564 164 107 216
877 137 408 845 412
878 23 42 612 306
879 242 160 161 754
880 949 252 845 252
881 96 23 785 13
882 160 582 582 671
883 115 171 423 442
884 412 884 412 193
885 728 92 11 804
886 601 141 674 674
887 92 80 121 494
888 412 404 546 828
889 375 896 300 114
890 121 186 121 190
891 405 495 62 310
892 491 490 932 531
893 466 499 602 569
894 327 416 971 26
895 114 128 751 51
896 142 453 283 387
897 263 62 90 474
898 481 54 665 107
899 2 612 272 45
900 860 339 338 123
901 137 809 698 55
902 5 990 826 195
903 907 377 296 295
904 321 320 94 120
905 177 297 218 86
906 160 10 535 777
907 377 548 152 160
908 51 306 121 726
909 280 292 83 131
910 65 409 776 65
911 222 221 283 493
912 504 569 500 525
913 44 360 430 308
914 470 96 23 160
915 38 170 105 127
916 414 479 414 479
917 167 420 280 290
918 199 419 489 929
919 847 925 423 547
920 230 80 866 96
921 58 107 506 2
922 53 440 434 17
923 326 183 256 450
924 252 211 389 397
925 245 434 550 212
926 64 131 4 303
927 931 234 210 932
928 211 481 412 991
929 140 446 46 340
930 158 174 282 105
931 294 129 86 415
932 20 187 710 81
933 45 160 218 167
934 163 249 607 249
935 100 51 256 169
936 130 692 130 776
937 100 185 125 142
938 611 211 4 89
939 572 5 236 930
940 93 62 44 105
941 189 786 166 146
942 435 147 424 222
943 295 932 932 169
944 748 222 1 537
945 409 326 118 387
946 641 748 283 0
947 394 179 231 730
948 381 393 145 144
949 281 698 285 126
950 113 41 203 294
951 360 213 533 83
952 69 362 7 956
953 816 860 437 165
954 87 145 300 312
955 820 801 41 166
956 11 209 282 880
957 19 707 12 19
958 69 160 82 104
959 377 458 82 540
960 377 483 352 214
961 377 392 295 383
962 325 82 147 316
963 131 87 828 889
964 373 563 572 86
965 936 593 205 483
966 189 540 184 42
967 504 406 11 504
968 184 190 108 469
969 509 434 153 254
970 546 269 164 137
971 554 419 642 83
972 509 62 310 313
973 971 466 466 267
974 87 256 226 128
975 971 4 195 738
976 171 333 279 333
977 209 96 326 84
978 753 40 32 13
979 745 74 225 756
980 367 105 115 443
981 245 405 490 419
982 137 434 97 335
983 113 83 465 473
984 333 438 64 329
985 376 387 849 849
986 470 494 168 542
987 123 123 41 41
988 411 949 511 810
989 989 91 212 160
990 826 412 411 784
991 812 803 63 126
992 129 286 410 258
993 408 571 281 880
994 6 56 412 164
995 712 401 542 183
996 12 121 169 13
997 27 997 27 40
998 65 169 283 215
999 145 147 189 473
1000 918 377 148 149
1001 3 158 241 242
1002 560 1 189 536
1003 258 402 420 209
1004 55 698 281 63
