0 1 224 160 166 127 533 17 393 283 726 1
1 560 913 972 509 260 10 564 209 63 363 364
2 140 164 216 448 592 269 473 545 23 333 302
3 89 455 816 165 249 440 629 178 380 200 440
4 832 194 54 809 54 4 803 252 369 303 21
5 106 42 58 880 174 812 83 612 83 71 152
6 281 131 963 159 440 5 306 62 662 366 86
7 213 466 359 496 466 359 332 213 213 823 856
8 7 754 11 754 211 455 123 122 656 176 93
9 266 720 765 249 145 121 169 46 269 154 419
10 260 69 434 531 367 245 424 308 462 256 647
11 434 256 312 228 312 5 327 20 223 106 278
12 183 107 154 654 333 340 116 79 166 69 550
13 130 167 205 197 64 527 444 300 118 607 255
14 231 871 231 645 697 321 385 393 947 393 382
15 404 124 708 82 168 168 284 133 545 30 764
16 153 82 303 254 142 280 167 290 643 162 4
17 333 517 2 13 168 936 284 14 515 93 116
18 420 581 557 581 21 346 105 366 310 17 269
19 13 352 60 122 156 381 182 167 296 182 719
20 142 424 318 64 302 302 455 437 39 339 32
21 10 44 661 459 189 747 549 274 272 579 273
22 20 459 311 215 74 152 50 71 288 162 404
23 62 186 492 115 245 367 318 411 671 551 303
24 32 261 5 64 615 963 473 393 145 462 106
25 533 105 509 969 509 747 494 494 318 86 310
26 545 24 590 545 36 588 27 917 207 191 148
27 51 35 129 128 36 333 36 545 442 442 40
28 172 168 585 129 186 162 417 30 33 169 82
29 39 93 82 494 24 35 455 547 437 27 116
30 337 169 533 473 355 300 161 19 107 163 5
31 151 165 280 458 377 133 361 251 370 116 317
32 13 820 801 41 167 51 124 323 533 163 612
33 590 590 545 28 932 859 211 329 486 377 402
34 33 169 437 136 165 169 438 129 438 411 460
35 367 28 329 190 184 6 552 55 285 366 18
36 183 218 222 256 184 357 328 327 11 211 646
37 31 282 401 705 256 489 229 229 143 548 78
38 25 24 31 23 33 23 545 165 135 40 847
39 13 83 557 83 431 434 30 339 14 41 87
40 438 308 434 58 285 840 65 840 457 493 473
41 143 160 356 480 121 132 285 425 574 65 377
42 21 83 282 372 75 437 339 33 169 365 245
43 569 558 823 7 922 856 82 612 17 163 533
44 501 160 812 160 136 165 932 748 160 63 921
45 210 244 159 159 243 537 403 403 493 294 214
46 447 446 140 429 107 748 173 254 211 859 173
47 263 263 30 13 303 210 236 238 236 234 5
48 338 411 473 29 339 115 30 165 464 280 440
49 433 254 256 338 123 337 115 48 76 333 421
50 48 27 27 883 32 28 254 269 322 533 282
51 143 328 478 325 549 160 495 46 322 592 579
52 537 473 427 282 546 255 222 227 74 424 20
53 526 576 176 214 157 149 206 593 142 667 409
54 57 604 211 152 288 371 107 280 373 280 128
55 193 160 221 73 73 311 297 17 643 393 181
56 59 57 460 493 294 160 896 638 589 459 74
57 5 0 166 133 493 212 23 417 136 116 170
58 87 137 2 193 1001 826 63 285 302 238 457
59 520 635 137 546 2 1001 990 408 59 286 685
60 231 457 232 177 533 551 723 92 96 437 89
61 177 177 307 85 537 368 387 115 152 153 254
62 209 282 690 86 536 189 941 189 454 107 963
63 183 291 290 183 504 7 112 91 64 434 607
64 665 411 64 466 53 82 23 172 468 172 820
65 0 309 312 420 167 351 483 219 342 94 214
66 160 251 165 64 170 460 81 473 25 24 37
67 189 509 325 143 340 548 160 448 322 322 140
68 107 531 420 209 42 209 411 283 365 695 734
69 356 249 856 950 644 489 16 489 211 16 81
70 107 36 93 201 166 184 190 16 269 140 269
71 162 81 911 222 215 268 221 74 225 215 227
72 163 546 144 546 377 450 482 437 38 33 13
73 268 74 17 363 422 17 282 427 333 261 30
74 222 316 465 189 255 83 17 546 7 358 510
75 560 607 420 82 345 186 152 404 125 166 144
76 444 444 361 171 114 438 136 438 338 318 417
77 62 546 86 79 162 433 71 162 405 46 272
78 107 152 183 116 317 309 177 413 93 971 8
79 78 160 431 756 74 905 311 260 336 116 280
80 64 950 856 452 487 922 913 972 913 213 320
81 3 175 174 564 263 438 116 29 560 358 106
82 133 165 366 521 482 74 460 615 460 493 115
83 481 4 2 62 582 582 184 366 68 550 434
84 453 654 288 58 54 63 971 812 803 767 803
85 313 309 400 68 509 424 230 21 36 34 165
86 196 204 141 488 971 823 856 612 424 462 545
87 304 87 258 434 275 542 450 275 493 160 312
88 89 252 333 169 337 123 820 129 351 28 722
89 64 357 121 420 19 525 11 92 152 50 82
90 107 281 62 356 434 362 666 166 61 14 482
91 91 375 160 236 87 256 160 188 311 366 445
92 887 92 260 508 373 515 493 333 609 30 135
93 464 183 215 494 395 61 465 809 481 57 57
94 65 129 114 255 160 139 274 549 187 166 124
95 13 327 11 504 430 401 107 495 105 165 531
96 881 96 242 242 533 530 11 327 105 362 301
97 97 99 323 192 2 166 320 390 392 588 600
98 100 434 137 80 243 132 305 174 58 159 460
99 62 74 231 385 182 104 376 182 499 238 238
100 429 428 429 461 216 142 131 271 304 411 195
101 323 640 185 323 192 807 211 121 371 129 11
102 517 305 4 6 134 766 340 107 91 11 213
103 395 296 397 390 387 379 384 182 396 61 483
104 179 377 495 459 80 243 237 234 256 420 293
105 333 393 384 60 389 6 204 820 256 154 493
106 748 748 793 206 205 198 196 908 94 196 16
107 84 372 513 222 20 163 82 356 13 27 151
108 110 474 160 129 340 548 531 77 254 490 371
109 51 30 41 196 201 342 450 340 280 363 87
110 121 154 333 288 654 420 128 13 184 69 105
111 258 38 171 261 151 753 169 135 438 35 86
112 896 404 254 427 105 243 236 238 700 7 7
113 151 30 609 609 114 154 474 513 490 419 253
114 455 251 26 29 590 533 226 228 450 932 81
115 160 557 5 690 366 445 557 518 460 256 607
116 73 756 74 42 64 489 210 236 241 237 5
117 223 105 48 229 177 377 376 342 149 347 231
118 128 327 306 366 690 215 74 220 113 232 611
119 261 27 560 321 394 160 217 521 389 182 182
120 377 352 681 160 159 62 27 261 48 333 142
121 796 121 594 82 82 333 47 280 405 308 157
122 122 168 280 420 115 113 38 417 176 576 212
123 31 33 590 165 725 370 40 438 136 116 135
124 371 340 129 211 365 421 457 65 178 351 191
125 404 333 547 318 547 38 547 417 170 816 115
126 58 126 812 665 812 142 424 128 180 851 851
127 189 188 62 23 87 20 137 298 507 513 272
128 494 142 356 91 474 186 256 820 215 255 424
129 351 179 278 199 342 157 157 6 149 655 13
130 257 377 94 65 285 571 281 552 82 183 245
131 455 135 75 40 93 205 922 822 953 699 700
132 58 211 240 237 319 237 242 106 256 83 612
133 340 554 777 173 68 550 480 20 62 329 495
134 133 135 165 129 105 453 83 49 50 153 301
135 251 914 753 40 816 411 976 114 423 160 158
136 133 39 84 585 129 585 706 936 563 936 546
137 481 305 483 345 160 520 55 698 126 300 68
138 809 971 777 777 538 723 546 103 52 128 6
139 461 592 241 241 238 234 319 963 931 238 2
140 139 819 139 6 438 440 94 917 196 820 421
141 365 495 21 424 311 106 82 568 130 408 305
142 494 24 494 305 809 107 74 549 509 356 121
143 41 198 200 176 344 381 150 301 337 116 96
144 546 453 459 177 176 176 333 96 116 338 252
145 81 188 671 21 92 480 508 509 671 68 69
146 160 284 511 306 434 62 90 425 621 277 130
147 460 189 301 581 65 409 336 169 252 494 62
148 225 459 519 106 726 189 663 68 20 96 251
149 160 717 106 367 980 470 367 366 249 546 145
150 376 64 157 389 394 537 405 45 164 579 929
151 261 48 38 38 171 409 27 40 32 361 318
152 548 283 333 516 6 412 105 129 418 68 173
153 87 820 21 184 301 137 877 533 435 127 107
154 87 828 353 129 840 285 281 412 826 194 300
155 133 171 263 82 303 106 21 6 563 86 58
156 321 395 182 385 387 381 391 376 387 295 521
157 387 60 179 62 312 225 222 519 519 21 83
158 236 13 171 847 113 494 212 462 212 121 296
159 159 158 160 251 135 93 426 572 533 88 129
160 821 160 426 130 160 224 148 148 262 231 537
161 358 73 560 282 478 486 48 151 417 486 318
162 468 495 106 459 565 674 661 247 19 550 105
163 17 23 533 169 4 158 137 82 160 312 309
164 579 429 6 140 174 363 420 254 142 19 7
165 107 269 121 333 533 408 130 191 82 767 473
166 882 166 127 160 140 64 172 292 389 181 166
167 205 557 201 232 6 466 324 63 28 655 37
168 543 294 301 473 747 142 20 260 728 885 20
169 172 61 172 542 168 440 450 568 65 425 121
170 23 417 423 114 133 284 377 277 191 179 133
171 590 953 292 284 6 738 286 57 305 285 59
172 251 361 160 168 544 303 533 186 531 114 367
173 62 458 426 306 5 64 318 547 318 82 279
174 859 886 58 305 55 252 571 373 115 128 21
175 532 162 237 319 243 243 235 303 211 11 10
176 232 6 337 464 169 172 526 129 62 172 802
177 166 83 203 280 822 464 128 211 842 211 338
178 352 546 30 366 506 699 9 765 249 19 525
179 397 181 950 820 751 206 936 546 211 215 42
180 254 303 423 160 159 249 280 256 405 166 644
181 219 79 445 557 160 54 809 304 58 121 132
182 397 64 771 16 209 159 460 607 222 420 409
183 460 473 408 286 486 129 121 249 154 256 105
184 106 690 5 333 42 255 932 82 168 280 388
185 662 300 100 125 142 172 166 187 249 513 116
186 165 114 426 130 277 191 351 155 236 5 74
187 365 169 4 82 188 971 114 35 339 38 116
188 82 221 224 148 349 342 94 199 128 51 113
189 160 450 399 543 121 236 121 759 459 565 324
190 16 771 518 17 671 375 142 560 20 82 357
191 142 210 363 21 365 338 115 42 249 388 61
192 517 102 300 183 5 0 215 311 309 549 173
193 59 809 285 131 4 142 163 282 747 710 189
194 195 826 63 281 137 210 83 557 83 280 128
195 533 520 183 509 434 168 6 79 445 366 18
196 776 198 198 129 611 493 600 493 105 58 434
197 197 51 261 114 183 272 216 69 424 356 410
198 41 199 526 294 129 165 339 123 450 542 526
199 82 424 255 121 189 80 271 183 568 183 159
200 65 135 133 30 86 30 721 229 119 96 91
201 918 41 166 23 932 506 856 83 474 473 421
202 623 791 401 971 391 390 397 389 317 218 133
203 434 63 809 285 809 304 599 931 931 599 708
204 198 206 277 342 393 71 49 612 233 404 121
205 94 128 106 253 237 319 234 926 930 243 820
206 41 581 533 236 234 243 375 860 978 900 168
207 13 183 270 426 82 708 599 708 371 137 880
208 155 17 233 159 183 450 176 656 231 575 351
209 13 209 84 326 533 679 189 536 189 20 467
210 513 627 809 949 949 59 303 513 153 434 163
211 81 303 13 146 187 155 495 118 128 121 17
212 253 373 411 949 57 2 899 2 114 208 58
213 558 569 105 412 803 252 738 685 13 421 856
214 277 377 181 386 157 347 814 344 148 191 839
215 17 726 160 133 25 133 160 139 424 211 269
216 273 461 819 422 145 142 172 93 205 128 409
217 612 747 80 169 13 272 252 408 174 284 301
218 311 678 492 42 133 403 426 391 368 391 776
219 74 86 686 531 811 531 438 330 248 17 872
220 47 129 526 493 543 478 258 183 272 409 474
221 225 460 663 460 23 24 114 420 408 212 129
222 513 147 146 226 221 434 58 372 83 256 31
223 117 170 607 519 222 16 405 210 159 238 499
224 309 905 311 72 20 887 887 887 887 885 106
225 82 493 221 215 218 495 83 395 295 377 494
226 696 226 17 41 94 776 776 918 41 199 196
227 756 431 427 254 77 282 589 400 64 405 21
228 218 215 747 249 577 333 355 137 211 138 126
229 536 184 21 36 127 533 602 183 956 856 19
230 74 230 160 333 318 160 345 180 346 180 17
231 280 14 537 178 191 284 174 166 81 564 258
232 5 469 258 258 107 963 859 809 285 86 304
233 252 845 59 990 408 587 832 408 2 166 143
234 587 238 159 105 412 164 16 355 142 223 155
235 209 15 13 266 754 510 494 310 581 531 367
236 363 154 147 932 44 106 132 405 278 493 342
237 160 812 83 478 105 282 28 31 254 820 779
238 211 705 425 574 401 65 910 65 600 600 401
239 13 165 258 66 654 789 275 178 350 593 214
240 931 159 440 447 429 448 271 301 294 493 105
241 240 11 602 707 9 502 332 407 265 707 9
242 303 932 142 88 63 625 412 271 518 560 913
243 166 856 82 568 544 817 817 544 105 509 549
244 303 365 531 932 163 373 411 166 82 326 318
245 96 252 533 252 412 408 211 209 83 13 121
246 499 332 358 266 525 499 407 498 406 672 359
247 498 526 425 543 425 129 426 290 706 936 955
248 549 671 80 92 818 62 372 84 467 142 282
249 462 424 255 405 495 5 528 191 681 191 5
250 160 15 162 4 285 89 809 685 520 281 564
251 455 58 412 803 4 55 160 36 31 438 151
252 854 252 54 304 57 305 683 411 949 685 208
253 671 411 809 949 698 57 58 155 546 7 7
254 169 121 127 160 205 199 206 107 19 365 338
255 365 258 402 377 167 133 179 381 320 65 206
256 173 538 306 13 164 13 515 177 479 177 146
257 342 167 284 232 971 9 9 265 19 506 932
258 160 147 460 225 218 199 218 282 420 404 601
259 509 13 509 69 68 419 474 476 108 300 42
260 260 21 424 249 82 201 420 108 67 160 12
261 986 411 604 411 88 58 494 311 184 678 48
262 215 159 210 114 229 119 165 23 953 27 34
263 76 981 417 494 690 160 67 86 467 418 62
264 65 178 214 495 46 448 216 107 568 107 54
265 266 358 510 674 141 666 62 375 66 90 258
266 265 141 166 178 656 176 333 165 409 165 93
267 359 672 160 129 418 480 143 90 459 268 459
268 73 498 608 246 498 441 699 924 252 520 56
269 301 621 426 413 143 290 160 812 285 305 685
270 84 425 403 221 222 467 459 295 162 236 269
271 366 445 45 46 236 107 342 393 434 283 201
272 6 473 508 550 82 5 466 86 553 553 554
273 592 428 592 908 917 207 95 820 482 134 366
274 86 572 484 448 274 448 40 23 417 40 590
275 440 438 411 481 107 481 685 59 865 412 81
276 560 222 222 82 23 62 201 342 340 325 325
277 280 82 186 31 424 183 160 529 332 504 19
278 365 137 87 166 214 278 681 180 615 83 424
279 333 269 256 473 434 467 549 671 411 375 318
280 493 611 11 44 649 649 44 43 324 754 84
281 271 272 546 163 518 154 474 473 170 548 491
282 255 46 16 395 376 342 533 195 859 849 63
283 453 254 84 119 753 86 196 218 167 918 128
284 203 280 526 813 129 562 457 425 874 65 264
285 806 285 840 232 275 168 13 238 13 96 285
286 859 685 2 300 10 142 458 647 647 121 16
287 21 519 228 312 5 440 380 103 352 342 345
288 333 925 455 76 47 981 245 686 22 258 1003
289 280 167 201 121 324 121 747 612 105 81 249
290 567 82 410 183 4 586 826 408 63 826 54
291 232 705 256 419 105 281 64 438 135 443 171
292 450 64 90 160 36 29 62 230 533 323 618
293 19 166 377 387 390 384 80 142 84 560 224
294 214 21 174 283 87 64 62 769 559 283 288
295 384 379 391 426 401 129 413 526 65 51 306
296 380 60 376 320 390 491 378 393 395 283 392
297 311 222 249 132 16 128 420 106 372 513 154
298 507 314 434 137 158 434 165 39 13 730 160
299 299 184 129 600 813 817 544 6 397 122 179
300 263 444 47 409 474 108 64 445 64 106 82
301 121 18 280 388 283 153 820 202 562 654 355
302 89 408 212 404 166 559 518 509 418 287 162
303 255 212 160 681 5 728 20 28 93 515 593
304 302 419 28 36 25 473 427 249 210 105 256
305 880 815 685 949 552 412 473 642 405 365 802
306 327 400 92 685 520 22 258 468 223 166 331
307 588 29 533 950 913 967 498 720 466 504 525
308 430 62 367 473 63 183 236 303 405 308 396
309 316 519 518 552 4 239 4 282 124 139 164
310 307 17 189 80 142 46 429 45 533 45 448
311 494 2 13 748 118 756 73 166 249 87 49
312 218 482 576 82 281 698 4 412 105 363 508
313 623 791 612 41 82 376 307 206 1000 292 389
314 892 491 695 147 121 44 956 933 45 446 429
315 218 872 74 340 169 329 114 263 86 662 366
316 231 14 232 206 793 435 65 486 486 232 358
317 221 316 215 248 142 131 455 914 531 165 25
318 170 4 411 411 988 411 285 625 285 420 651
319 319 234 5 184 366 404 82 203 128 14 203
320 868 5 455 370 455 115 171 443 976 114 355
321 156 122 231 262 215 81 121 87 253 228 253
322 13 418 253 222 467 549 818 189 155 739 569
323 404 618 100 937 353 87 155 213 359 360 430
324 720 441 324 65 231 466 496 487 805 487 498
325 945 327 326 420 68 549 74 121 856 407 503
326 420 283 210 13 450 169 255 610 459 106 221
327 728 92 426 425 121 252 89 4 845 481 2
328 327 82 269 473 232 358 459 226 459 316 223
329 69 667 189 215 459 221 215 114 78 420 230
330 438 263 16 128 106 377 352 206 290 434 58
331 29 545 25 301 624 491 695 227 74 498 267
332 500 499 61 392 588 588 494 170 6 79 581
333 96 59 826 803 193 685 175 252 145 187 142
334 164 579 429 160 40 31 170 417 47 547 318
335 335 269 63 971 113 129 231 14 226 166 474
336 260 325 325 327 306 533 169 896 287 299 190
337 136 115 420 669 783 669 420 166 285 458 426
338 424 337 6 327 82 211 363 87 121 548 115
339 30 13 179 339 547 455 423 981 114 366 747
340 142 597 301 818 440 6 128 378 491 490 160
341 74 312 85 443 38 579 448 735 140 15 820
342 203 776 908 278 256 154 932 187 249 172 14
343 129 695 971 470 367 249 366 65 0 223 155
344 149 88 88 57 63 738 132 236 932 68 357
345 178 350 94 94 776 130 401 542 544 212 404
346 206 908 167 284 155 115 153 87 441 504 501
347 191 13 526 440 238 86 563 272 271 58 56
348 191 166 150 215 460 440 435 793 206 198 593
349 179 122 167 204 232 320 389 585 129 161 44
350 342 348 342 41 333 471 421 409 457 562 840
351 1 21 173 462 256 419 489 365 589 83 106
352 346 6 430 956 506 856 466 525 500 264 266
353 323 100 97 618 100 935 936 130 277 180 160
354 97 404 254 211 55 685 859 809 552 518 366
355 105 360 359 707 566 570 359 499 43 452 569
356 486 94 776 908 94 176 576 482 554 521 583
357 357 5 405 21 82 367 36 28 62 285 131
358 247 264 440 497 491 497 424 87 412 845 211
359 533 877 549 187 932 269 5 828 612 424 526
360 754 565 12 14 283 280 922 856 922 956 506
361 165 64 124 98 101 354 353 353 249 16 448
362 569 570 161 264 441 87 82 163 615 84 160
363 215 341 311 301 108 66 48 66 513 124 282
364 165 165 160 287 299 549 362 496 466 496 498
365 211 58 552 55 194 194 803 546 536 546 212
366 184 121 234 654 453 283 271 57 137 87 665
367 655 114 78 424 183 160 681 284 149 149 150
368 121 99 185 662 353 125 371 128 152 288 758
369 88 58 153 155 145 393 473 498 0 581 420
370 443 165 455 470 986 261 35 165 336 93 647
371 155 546 362 365 28 820 203 86 601 160 105
372 282 393 615 83 186 144 212 546 208 698 305
373 83 82 77 531 82 549 710 272 45 272 422
374 406 504 466 362 518 17 189 519 222 17 107
375 16 128 303 159 235 252 408 58 244 460 440
376 392 157 104 155 147 301 28 96 455 96 59
377 621 401 121 233 236 160 171 444 96 169 364
378 182 376 157 397 53 221 155 154 493 543 688
379 181 181 150 104 181 167 197 52 368 440 200
380 321 397 458 152 363 215 511 949 949 698 285
381 149 344 149 381 181 162 17 180 342 94 377
382 377 398 379 385 182 150 388 130 121 338 115
383 295 181 162 190 162 184 301 321 283 16 434
384 387 523 601 209 83 594 283 365 172 483 340
385 376 122 167 207 128 86 306 533 602 238 302
386 181 179 284 257 401 424 395 387 379 383 295
387 61 182 396 321 546 147 85 41 133 493 791
388 130 129 210 236 533 234 828 121 209 963 615
389 320 65 574 425 289 280 494 108 474 477 477
390 150 381 515 515 292 232 705 211 460 473 280
391 295 378 377 344 344 180 172 458 542 543 82
392 368 379 390 409 278 128 434 812 4 425 401
393 150 741 103 104 549 671 480 221 222 905 309
394 182 377 377 214 206 41 206 232 232 440 5
395 368 250 495 495 227 87 325 327 486 278 342
396 395 393 103 53 82 163 170 371 125 353 100
397 181 291 450 211 96 591 145 188 189 627 333
398 157 61 179 388 378 321 947 320 308 16 357
399 457 493 458 160 65 990 3 371 236 235 610
400 400 106 74 62 495 468 167 453 160 42 21
401 107 90 66 480 329 46 592 274 45 46 128
402 258 402 420 666 441 17 473 489 229 29 21
403 168 14 776 199 918 94 955 205 197 172 413
404 282 880 4 89 76 263 486 65 200 198 258
405 296 283 329 477 478 84 115 254 180 907 593
406 44 83 118 116 27 721 37 33 37 127 130
407 526 390 61 213 956 700 213 602 249 420 669
408 533 461 592 929 933 447 164 334 139 137 812
409 69 420 453 254 458 542 129 93 78 77 811
410 356 114 254 651 651 506 107 326 173 17 671
411 408 520 533 520 408 57 137 815 194 193 2
412 303 4 533 359 533 371 155 183 44 83 153
413 143 93 336 115 31 367 142 480 66 117 613
414 697 415 697 645 645 191 349 180 301 269 592
415 852 852 415 414 414 916 414 479 275 123 900
416 173 326 13 767 803 252 281 208 281 54 698
417 62 77 531 106 105 10 11 529 699 845 4
418 190 282 478 477 66 478 143 95 776 167 572
419 68 357 105 256 589 282 375 111 108 66 474
420 434 471 170 485 976 318 370 33 30 93 971
421 473 340 892 124 662 86 525 332 505 661 363
422 184 5 255 106 480 92 105 233 243 158 2
423 423 96 438 545 26 38 113 86 115 363 661
424 337 93 128 378 387 296 62 419 493 523 14
425 294 294 342 350 939 350 939 572 593 199 128
426 160 221 403 526 425 705 183 338 114 527 981
427 473 551 679 971 29 339 245 424 82 145 856
428 45 428 429 273 164 140 447 46 82 93 664
429 166 69 747 82 191 379 397 393 387 523 618
430 430 421 466 6 57 532 532 56 174 166 127
431 431 105 748 641 748 748 367 107 441 707 465
432 162 186 433 121 118 83 333 320 734 0 103
433 364 351 95 377 127 130 82 420 15 448 446
434 128 483 556 531 420 450 14 130 172 256 471
435 942 435 127 377 127 184 473 362 498 44 10
436 438 860 135 40 165 367 81 412 195 160 140
437 531 531 142 450 257 65 176 515 65 639 234
438 113 485 221 268 340 173 256 312 300 419 106
439 115 900 860 336 13 108 290 290 437 860 336
440 264 359 498 406 672 543 478 329 478 434 128
441 473 508 184 105 233 105 155 44 82 21 11
442 245 546 221 155 284 255 284 5 349 342 139
443 38 321 321 394 393 394 393 83 586 412 845
444 464 611 450 228 160 54 803 4 256 318 47
445 51 200 177 533 105 41 482 340 424 255 63
446 428 46 132 424 308 183 121 568 276 295 395
447 676 447 139 448 271 859 174 809 738 195 412
448 334 933 592 272 309 313 223 86 212 820 342
449 414 443 370 26 135 31 229 489 107 401 493
450 64 665 174 685 58 175 685 3 845 699 441
451 360 495 188 486 65 135 133 14 130 290 184
452 420 820 644 296 254 665 58 2 685 685 138
453 546 211 571 408 571 211 845 4 138 126 138
454 107 131 160 821 163 518 152 548 62 295 394
455 251 169 255 13 65 430 569 359 7 422 473
456 405 541 162 482 93 464 377 350 94 820 63
457 92 818 166 28 896 405 490 459 21 11 506
458 494 590 953 590 171 981 981 527 444 245 981
459 1 254 84 585 544 129 249 152 283 114 114
460 518 173 147 166 253 419 296 212 612 17 309
461 273 269 212 859 411 308 83 20 183 16 337
462 308 308 581 78 419 642 212 142 783 82 12
463 462 463 463 463 462 419 253 228 312 225 301
464 464 338 199 908 592 579 272 3 2 635 126
465 615 404 371 254 81 121 647 647 435 533 515
466 324 441 362 107 87 20 81 509 400 133 337
467 86 444 48 417 176 181 389 64 238 158 236
468 221 14 394 60 60 321 368 181 346 291 290
469 258 932 86 283 225 459 190 533 822 168 172
470 86 427 86 19 141 204 172 228 301 474 328
471 256 420 305 56 209 174 62 423 301 23 82
472 610 296 526 425 870 425 425 84 233 145 404
473 81 679 679 460 411 286 410 62 340 424 641
474 340 777 200 128 51 740 971 406 332 213 720
475 300 102 3 256 114 82 856 142 258 347 814
476 375 89 211 254 107 127 318 84 582 106 142
477 469 112 373 411 671 411 123 41 776 908 278
478 375 679 679 13 35 114 339 113 301 429 216
479 414 697 5 716 716 5 763 5 134 373 134
480 480 418 81 105 183 62 135 27 29 93 361
481 6 57 138 126 812 107 343 128 576 494 506
482 129 464 169 42 226 459 610 235 963 244 84
483 13 39 34 5 120 94 201 143 469 375 328
484 572 167 231 692 130 122 349 179 907 903 191
485 86 840 457 129 106 283 253 607 544 84 411
486 94 776 65 264 7 421 607 170 255 42 166
487 452 666 161 105 384 105 667 550 434 367 105
488 499 246 7 430 86 540 184 190 42 249 420
489 64 68 419 460 233 243 252 234 58 254 137
490 371 256 58 59 481 698 411 455 370 27 128
491 127 160 306 478 476 329 290 620 290 584 563
492 186 363 531 333 47 26 37 33 443 976 444
493 820 136 151 23 37 151 136 464 291 181 388
494 747 160 158 63 81 419 296 473 280 16 283
495 21 107 121 132 59 5 230 375 28 105 69
496 268 300 124 124 662 323 662 185 640 97 99
497 419 462 21 21 74 222 310 249 7 86 96
498 62 818 339 75 367 256 114 21 686 86 518
499 649 84 83 128 51 283 280 409 292 129 333
500 499 533 115 113 33 33 590 953 900 13 326
501 500 466 496 64 840 840 232 176 93 513 84
502 502 506 211 153 422 546 909 280 105 550 13
503 502 358 913 700 971 480 160 397 380 680 380
504 183 543 82 325 340 329 13 272 409 36 29
505 332 529 720 9 213 956 213 720 406 504 912
506 651 950 303 80 81 329 184 373 83 484 83
507 298 551 184 287 509 68 92 21 690 366 512
508 509 671 932 820 801 820 150 157 130 388 182
509 540 952 540 952 710 272 409 305 408 859 160
510 9 707 570 360 569 971 812 174 15 164 64
511 64 249 393 254 665 272 334 164 379 150 378
512 155 470 971 740 82 782 377 316 309 64 0
513 303 513 906 546 84 253 249 42 169 36 121
514 329 375 756 431 80 546 163 72 259 83 243
515 413 160 338 135 23 170 337 115 387 667 142
516 408 137 408 130 13 420 282 641 166 146 1
517 333 48 925 114 417 485 170 438 34 590 32
518 405 375 143 133 377 128 15 428 272 5 255
519 316 560 29 560 229 39 27 437 136 133 531
520 815 194 832 408 63 371 828 371 129 292 484
521 62 210 355 183 543 257 278 106 80 184 114
522 523 14 450 228 495 351 95 6 168 122 130
523 280 263 419 64 166 64 840 440 206 277 206
524 72 21 671 495 296 549 74 21 46 256 184
525 466 406 506 19 7 11 22 21 966 189 533
526 568 562 440 426 183 16 434 200 198 419 84
527 64 372 87 363 16 153 23 251 26 971 332
528 6 738 131 422 518 58 153 404 404 86 225
529 452 265 503 506 913 950 303 300 531 333 455
530 92 685 812 282 41 41 62 509 551 160 347
531 77 78 310 445 64 400 69 189 533 141 9
532 107 31 86 259 89 469 108 66 389 385 380
533 877 549 679 81 20 409 244 233 474 249 765
534 440 457 401 714 172 365 18 18 182 60 397
535 340 342 393 376 391 971 361 160 333 166 55
536 229 489 82 50 152 254 290 294 294 457 294
537 189 671 187 87 954 615 460 679 460 748 367
538 538 173 513 83 654 105 114 971 336 27 197
539 380 396 157 376 166 285 586 285 426 257 167
540 82 212 21 462 173 326 473 25 459 589 83
541 62 450 172 214 345 214 280 278 292 409 51
542 543 494 576 166 12 638 46 63 803 195 194
543 425 513 116 655 28 365 820 856 331 166 641
544 568 458 714 62 303 571 288 104 389 321 103
545 255 355 282 560 922 141 306 550 667 465 53
546 2 281 845 252 685 412 845 809 738 208 55
547 437 115 494 448 16 269 216 971 804 266 720
548 143 405 126 2 564 242 879 242 963 210 16
549 418 107 142 353 185 52 61 394 397 841 368
550 105 212 106 20 520 166 799 189 911 189 155
551 509 747 513 642 642 87 393 60 215 222 748
552 208 55 58 234 6 183 207 160 316 420 167
553 134 366 312 420 610 472 355 333 128 367 333
554 535 134 173 259 509 10 324 466 500 9 971
555 141 44 502 358 44 211 420 526 458 789 654
556 113 232 265 452 569 19 267 661 44 359 360
557 160 168 543 689 689 689 543 405 64 719 64
558 84 317 307 314 301 298 685 194 5 900 168
559 518 519 607 460 347 377 872 218 341 316 147
560 295 317 314 365 405 184 329 290 290 14 556
561 462 546 84 210 290 16 771 105 84 582 84
562 401 44 434 256 115 283 221 16 395 395 61
563 494 283 420 351 214 377 6 412 281 82 372
564 638 81 710 710 710 69 166 125 125 142 121
565 608 264 232 156 180 157 345 121 261 411 552
566 569 451 161 141 525 913 967 498 488 466 406
567 425 430 501 500 266 533 21 80 271 455 170
568 257 377 127 377 177 61 264 247 570 265 440
569 9 266 525 720 332 487 487 496 64 282 212
570 971 514 329 46 28 27 545 29 39 86 44
571 520 58 404 17 145 166 209 238 457 401 130
572 282 154 424 256 363 87 45 139 445 13 10
573 141 306 533 508 188 420 69 710 896 2 208
574 65 14 196 971 452 8 107 809 301 27 721
575 149 349 348 349 6 411 717 106 83 492 518
576 232 291 542 440 241 236 932 671 471 333 473
577 363 560 316 297 248 372 42 427 169 308 133
578 577 333 176 231 343 971 391 61 267 265 555
579 579 447 428 322 933 929 489 229 39 23 367
580 580 580 580 580 580 580 580 580 580 580 580
581 200 196 218 696 307 17 253 87 87 353 121
582 549 189 255 107 98 98 100 323 768 404 434
583 521 554 971 627 627 549 189 106 11 21 966
584 290 82 410 258 258 365 245 405 21 166 187
585 493 232 292 295 103 86 395 152 107 834 107
586 63 419 44 638 12 856 956 11 20 885 106
587 2 308 129 585 168 14 283 254 137 126 4
588 28 261 29 23 171 417 245 686 263 411 166
589 424 695 607 170 453 82 131 481 4 126 411
590 32 883 116 32 590 26 443 976 444 361 333
591 83 292 172 420 367 21 932 82 426 87 84
592 908 197 95 198 168 419 450 611 160 145 290
593 908 41 23 474 142 591 419 611 419 263 486
594 121 117 211 96 160 281 4 281 121 441 533
595 52 232 576 533 269 105 285 840 65 177 214
596 596 301 166 399 813 623 202 198 202 623 313
597 756 756 311 17 671 582 418 187 142 258 27
598 482 655 223 20 301 273 15 579 447 272 422
599 96 47 76 263 426 840 457 457 238 241 252
600 813 403 221 218 340 13 342 13 767 13 588
601 141 569 707 498 573 166 611 11 209 252 57
602 213 558 856 506 365 293 360 105 474 340 491
603 414 449 414 605 851 352 346 21 87 329 351
604 546 963 963 473 408 56 408 990 1001 193 803
605 851 907 342 228 519 85 370 414 449 414 605
606 495 460 537 268 494 113 51 908 205 922 280
607 81 252 932 237 424 222 18 295 486 410 160
608 264 570 8 301 225 222 316 424 46 269 592
609 114 925 455 48 361 29 121 526 420 314 166
610 250 387 388 296 526 129 486 367 655 75 76
611 160 286 63 162 160 446 428 651 434 280 734
612 71 162 747 615 546 154 404 371 28 165 337
613 756 183 44 525 529 374 358 913 972 913 560
614 106 494 448 272 84 110 111 478 110 258 107
615 669 615 243 859 826 58 404 662 353 434 2
616 320 104 320 60 376 122 231 232 52 595 52
617 140 335 139 76 139 445 133 340 280 450 813
618 124 233 84 474 183 356 142 74 756 215 103
619 5 234 243 236 244 303 81 44 21 489 489
620 290 493 105 546 177 562 497 77 84 494 121
621 518 271 132 89 333 950 820 486 168 231 290
622 238 234 639 209 88 809 845 183 355 356 419
623 450 232 562 183 90 162 333 13 280 333 172
624 223 612 17 23 28 93 40 165 79 120 133
625 63 564 164 13 900 165 28 166 301 226 309
626 87 147 155 393 154 783 424 113 361 547 47
627 809 137 21 20 81 420 68 86 103 380 393
628 379 5 154 154 419 256 445 424 338 485 245
629 316 758 283 105 310 340 79 133 443 366 306
630 369 630 630 303 252 282 129 557 83 101 120
631 631 631 159 209 210 83 963 158 242 13 79
632 397 232 265 452 358 7 498 407 786 160 143
633 633 633 633 633 633 633 633 633 633 633 633
634 635 812 87 69 188 80 174 254 142 180 262
635 634 634 635 634 634 635 137 174 174 62 183
636 636 211 402 211 340 303 142 211 131 285 89
637 209 812 412 552 13 285 625 4 96 340 612
638 300 371 419 356 16 379 378 397 841 397 232
639 639 158 2 59 56 96 443 41 918 908 204
640 638 12 265 525 293 525 65 752 65 791 65
641 748 46 322 140 812 859 5 163 613 537 85
642 419 28 21 29 21 29 13 785 545 442 455
643 393 422 269 45 210 494 191 180 277 971 196
644 528 271 211 132 46 424 445 340 142 142 280
645 156 697 645 231 196 908 199 167 205 14 380
646 131 285 411 115 83 856 504 407 566 700 358
647 121 125 100 185 354 64 484 484 86 226 106
648 648 648 648 648 648 648 648 648 648 648 648
649 246 213 956 856 145 283 115 546 233 236 46
650 215 89 423 301 89 859 254 329 365 12 856
651 254 107 665 411 460 167 133 333 925 925 47
652 478 62 285 65 413 458 93 116 170 27 301
653 653 653 653 653 653 653 653 653 653 653 653
654 87 21 137 13 214 346 409 140 5 42 560
655 155 546 859 243 241 244 210 243 234 282 248
656 352 851 342 346 206 207 908 41 581 497 409
657 269 617 272 513 268 248 142 187 69 477 469
658 658 658 658 658 658 658 658 658 658 658 658
659 377 392 387 394 283 144 144 254 165 223 221
660 660 660 660 660 660 660 660 660 660 660 660
661 141 754 441 19 293 530 358 699 506 407 249
662 494 152 114 128 53 537 221 218 228 17 0
663 375 96 333 166 61 295 385 321 162 549 19
664 515 177 214 172 342 41 123 411 123 180 601
665 3 832 859 886 273 15 933 334 334 446 13
666 441 498 533 303 174 854 285 5 417 29 165
667 509 513 147 166 404 896 287 21 11 400 69
668 157 382 377 106 64 300 303 235 243 83 450
669 641 160 106 358 530 92 96 173 22 686 22
670 670 670 670 670 670 670 670 670 670 670 670
671 932 494 152 107 747 509 952 28 33 409 23
672 249 141 44 529 608 213 602 533 194 132 118
673 673 673 495 739 155 211 329 81 419 828 892
674 823 452 12 8 8 502 661 856 83 533 408
675 675 675 675 675 675 675 675 675 675 675 675
676 447 140 166 128 15 420 280 181 14 270 160
677 199 278 365 82 427 473 447 440 534 813 836
678 627 971 403 813 450 256 474 105 258 468 148
679 663 549 779 146 160 115 163 373 86 458 600
680 380 232 936 572 563 86 306 13 93 714 813
681 123 172 486 357 615 106 282 74 312 309 317
682 681 214 177 220 218 223 221 121 340 922 53
683 411 243 237 319 158 240 243 211 132 46 254
684 684 684 684 684 684 684 684 684 684 684 684
685 809 132 87 256 607 249 371 185 99 424 154
686 381 479 414 443 93 172 183 19 288 550 69
687 353 121 752 65 568 107 230 533 473 69 715
688 543 280 232 219 18 143 90 11 602 700 332
689 543 326 420 99 768 323 618 323 371 128 365
690 316 629 178 351 419 211 57 57 619 59 865
691 691 691 691 691 691 691 691 691 691 691 691
692 231 457 440 450 62 342 450 64 51 13 785
693 366 62 242 564 190 409 65 600 458 183 62
694 493 342 129 210 963 83 393 62 3 256 647
695 491 624 491 340 169 588 206 575 232 65 377
696 74 82 419 74 340 143 172 128 218 309 42
697 321 483 61 177 231 191 347 307 226 696 17
698 126 6 195 2 194 208 809 481 412 683 305
699 602 616 602 533 58 59 54 194 990 2 86
700 707 441 266 565 804 754 44 254 121 105 243
701 462 106 641 282 393 377 961 377 490 932 338
702 107 173 173 87 64 191 142 610 472 295 397
703 703 703 703 703 703 703 703 703 703 703 703
704 704 107 84 411 323 354 100 125 618 185 125
705 183 913 707 809 132 5 57 601 494 601 41
706 280 249 607 365 226 121 438 333 641 82 132
707 627 62 159 183 504 971 699 499 61 123 170
708 97 533 950 243 210 21 777 173 134 6 157
709 185 404 58 685 809 4 56 209 244 233 288
710 549 582 671 551 160 426 183 357 290 643 87
711 711 711 711 711 711 711 711 711 711 711 711
712 995 712 4 174 209 546 184 21 690 106 128
713 69 259 818 339 464 494 83 513 490 607 490
714 62 498 61 264 266 500 501 430 183 223 316
715 69 68 86 90 162 405 695 222 911 81 710
716 5 303 285 635 2 114 184 710 409 36 114
717 215 495 748 129 35 170 249 278 121 166 405
718 281 252 194 685 812 412 105 493 168 14 515
719 719 52 133 402 148 344 156 160 261 339 336
720 7 332 608 264 264 661 161 707 359 699 406
721 27 128 198 593 205 925 976 527 527 114 434
722 28 30 546 526 420 201 166 42 86 458 62
723 92 685 880 252 105 508 142 163 62 189 473
724 160 169 123 37 338 424 356 62 20 189 745
725 318 256 282 533 81 412 971 844 165 482 47
726 121 963 236 238 233 932 249 153 301 375 367
727 84 144 144 433 121 27 38 329 258 559 282
728 173 531 62 450 128 82 782 82 233 62 15
729 84 835 401 183 155 739 12 266 141 421 255
730 13 13 301 45 446 579 83 458 458 254 107
731 731 731 731 731 731 731 731 731 731 731 731
732 732 732 732 732 732 732 732 732 732 732 732
733 825 723 92 887 885 21 41 342 820 955 936
734 156 377 745 221 309 18 232 214 211 194 56
735 461 140 428 272 428 216 216 216 272 3 685
736 160 262 377 207 206 352 851 350 345 214 343
737 271 126 54 949 305 89 469 112 112 66 108
738 208 155 18 365 81 486 270 280 450 458 647
739 495 208 329 476 112 66 469 5 169 638 169
740 252 154 62 586 932 41 593 196 95 86 33
741 103 352 352 789 129 13 421 404 494 75 75
742 546 518 163 107 174 126 635 286 571 408 252
743 743 517 517 517 743 743 102 411 252 812 83
744 744 744 744 744 744 744 744 744 744 744 744
745 221 85 53 14 563 493 232 214 342 122 167
746 746 746 746 746 746 746 746 746 746 746 746
747 671 690 671 589 155 130 408 212 364 169 753
748 151 748 16 44 533 322 533 67 549 189 17
749 820 445 518 509 69 187 546 615 58 105 84
750 88 810 520 160 353 98 371 121 552 208 236
751 167 60 390 756 756 166 20 166 493 168 263
752 82 526 419 62 154 513 66 654 217 160 96
753 491 168 172 212 371 208 495 16 183 290 533
754 84 474 105 546 252 5 455 24 26 26 170
755 211 698 2 192 58 664 363 115 263 168 600
756 106 160 115 443 725 339 340 46 164 170 40
757 577 377 284 621 426 714 486 106 155 19 430
758 120 74 220 68 68 306 141 494 70 433 49
759 459 249 114 547 133 208 236 162 90 106 531
760 335 334 139 209 909 87 74 341 215 460 80
761 393 83 106 154 932 180 278 270 419 169 62
762 516 2 809 685 845 845 924 211 137 809 685
763 5 284 257 544 84 598 553 84 270 129 162
764 541 764 74 219 79 160 573 566 707 499 608
765 86 234 243 242 13 30 51 109 51 113 151
766 134 535 164 13 10 509 287 536 229 177 629
767 473 536 601 82 329 90 328 478 107 601 404
768 185 125 101 155 19 513 93 30 172 542 544
769 559 283 61 537 380 387 380 379 157 347 191
770 353 708 82 81 222 905 215 295 292 280 388
771 105 16 157 387 115 171 370 40 919 919 333
772 772 772 772 772 772 772 772 772 772 772 772
773 773 405 296 203 776 918 128 306 121 210 405
774 285 62 187 62 749 776 196 205 196 280 87
775 560 142 263 82 372 283 492 678 311 72 259
776 204 908 395 181 181 397 368 896 142 226 366
777 862 777 554 340 329 129 922 7 661 7 407
778 569 441 44 300 263 263 419 450 413 177 297
779 146 120 218 315 495 46 252 288 162 468 121
780 84 112 84 431 17 282 173 366 65 320 104
781 52 814 58 132 252 826 859 3 194 305 412
782 377 166 296 295 391 381 380 321 295 398 379
783 420 209 88 285 142 86 706 836 706 14 292
784 784 411 263 338 409 305 815 194 55 718 56
785 409 278 278 681 160 533 17 147 424 31 107
786 166 61 160 812 859 845 699 525 510 506 44
787 21 695 249 62 310 445 419 497 562 380 232
788 717 160 69 713 69 550 434 478 434 23 337
789 458 486 35 25 40 443 427 370 417 443 444
790 544 81 460 117 118 116 47 48 981 47 14
791 401 121 404 950 181 346 342 94 199 204 93
792 121 142 450 169 201 215 589 671 81 564 63
793 613 243 375 183 353 82 450 64 828 16 375
794 335 97 335 15 447 440 241 927 930 926 210
795 417 245 114 290 160 296 379 283 166 756 183
796 405 2 859 832 192 194 587 194 3 59 55
797 18 120 146 299 700 498 65 13 95 942 95
798 798 798 798 798 798 798 798 798 798 798 798
799 189 551 663 137 129 542 413 168 64 820 779
800 409 40 151 113 483 41 129 139 446 139 445
801 820 203 434 165 847 47 251 443 590 590 28
802 129 992 992 992 992 129 992 992 129 42 372
803 826 408 462 408 826 685 160 156 166 856 19
804 11 956 44 555 44 502 407 506 409 497 491
805 44 121 80 474 615 460 169 121 478 176 214
806 304 88 88 806 89 412 162 58 211 365 419
807 192 59 619 303 285 379 383 181 379 150 379
808 808 808 808 808 808 808 808 808 808 808 808
809 5 374 505 499 500 569 7 213 320 868 320
810 471 170 485 455 114 434 63 89 3 89 158
811 84 83 329 128 365 351 371 3 57 243 132
812 63 2 845 89 919 455 304 89 136 116 437
813 526 103 0 222 494 311 312 53 103 211 636
814 344 200 776 14 128 172 413 200 776 342 203
815 5 489 256 210 13 526 576 932 494 210 269
816 115 256 308 581 5 230 160 51 100 820 171
817 543 813 93 171 5 718 5 132 489 528 489
818 440 168 615 142 217 282 405 695 405 253 283
819 461 272 252 83 434 42 300 121 86 129 13
820 232 705 401 294 294 291 142 131 101 96 245
821 163 821 160 141 265 451 466 499 700 332 608
822 563 129 457 231 196 908 197 409 2 408 434
823 264 213 141 510 504 533 818 339 47 318 263
824 191 601 163 115 812 160 47 981 411 283 105
825 723 733 420 235 5 312 841 376 387 485 423
826 58 244 963 210 208 305 174 254 211 365 82
827 506 913 699 500 499 466 602 183 207 918 51
828 896 404 654 333 654 420 409 390 13 130 776
829 203 776 196 207 191 344 156 381 61 19 107
830 452 466 8 430 166 178 350 350 345 152 114
831 258 143 10 306 13 210 82 51 280 543 105
832 145 114 283 368 295 276 560 142 338 96 338
833 856 452 420 69 299 287 184 105 362 11 183
834 107 467 21 5 198 31 39 370 151 34 116
835 275 450 420 13 343 42 147 152 288 434 233
836 813 440 365 209 118 118 597 62 404 373 131
837 837 837 837 107 69 260 10 89 474 42 64
838 124 101 97 5 291 280 367 546 422 21 62
839 377 546 282 290 86 210 300 489 434 258 22
840 562 232 156 349 180 348 342 231 203 41 212
841 719 719 397 379 308 396 380 385 160 278 199
842 211 238 176 176 576 533 546 177 17 228 314
843 567 82 189 551 21 274 335 429 155 221 129
844 971 179 741 741 741 179 295 288 19 549 418
845 924 699 506 661 549 215 187 62 263 426 401
846 846 846 846 605 846 605 414 479 479 381 61
847 464 129 353 86 275 172 292 523 172 251 370
848 419 652 333 288 432 71 432 288 252 244 963
849 252 154 153 87 438 860 330 74 485 387 389
850 199 820 282 188 145 828 796 121 125 5 669
851 342 167 182 389 537 268 934 163 115 63 13
852 852 18 295 182 182 295 104 388 394 60 150
853 82 211 66 329 46 274 272 309 183 450 128
854 285 411 728 535 777 69 747 301 809 552 552
855 473 418 69 353 709 353 365 531 86 372 134
856 8 9 19 268 390 394 157 345 179 191 256
857 301 263 443 48 976 113 29 261 31 424 337
858 306 858 306 121 105 17 495 218 300 269 211
859 153 49 50 87 161 44 358 765 365 18 84
860 438 74 105 165 338 932 23 128 212 459 107
861 350 320 381 393 546 909 303 244 422 58 832
862 777 200 178 381 381 380 377 872 182 181 162
863 57 683 411 866 411 183 417 114 4 571 520
864 411 195 305 64 243 242 241 498 43 566 666
865 59 286 3 256 210 269 447 448 446 160 197
866 96 131 366 312 5 644 644 5 201 395 379
867 411 988 24 997 27 37 127 21 68 550 82
868 5 859 845 252 194 412 884 412 625 412 587
869 182 53 157 388 179 128 42 422 473 129 568
870 65 129 214 214 124 100 618 353 87 253 20
871 231 179 150 61 177 297 218 120 232 1 317
872 309 297 696 248 330 74 105 128 211 286 412
873 425 130 129 434 107 493 585 84 77 539 77
874 401 600 458 291 280 533 371 495 460 495 203
875 170 607 420 531 78 497 440 366 215 81 69
876 564 164 379 181 157 386 560 223 87 42 58
877 137 285 635 812 209 494 190 473 116 39 27
878 27 121 747 249 421 365 765 44 213 720 213
879 242 243 244 236 533 188 145 234 96 169 65
880 59 880 286 815 305 520 92 287 494 75 753
881 96 318 615 244 235 930 243 607 695 228 172
882 160 423 48 643 163 166 253 227 495 468 224
883 27 28 21 300 128 166 404 212 77 121 234
884 412 58 243 244 420 256 303 362 518 82 169
885 20 327 894 327 325 409 30 24 953 900 987
886 2 195 2 564 4 281 301 290 211 842 96
887 20 166 172 655 96 234 240 11 608 265 141
888 412 54 520 59 55 665 2 138 301 28 254
889 405 371 137 982 137 365 506 141 362 16 68
890 121 355 212 172 401 714 183 270 419 371 170
891 892 290 563 82 68 82 116 470 155 31 282
892 128 409 371 363 278 63 209 543 688 543 121
893 466 441 374 466 608 529 502 359 265 804 264
894 327 141 498 232 277 342 94 593 176 318 169
895 333 36 121 550 165 165 151 39 29 560 295
896 896 21 283 594 372 283 494 690 86 131 62
897 263 168 290 282 856 7 499 61 377 562 413
898 230 898 898 481 2 131 532 131 209 812 685
899 2 612 248 696 297 259 83 278 343 350 178
900 338 48 96 66 514 91 258 490 518 86 96
901 137 685 194 194 373 552 55 252 194 685 55
902 5 106 548 531 367 96 135 338 113 36 48
903 191 64 166 506 956 506 9 971 235 420 249
904 321 397 320 397 160 36 588 37 338 136 464
905 297 248 301 226 228 280 458 813 129 65 206
906 160 318 283 17 160 410 486 318 370 33 40
907 377 280 13 210 107 591 107 127 105 41 254
908 199 51 160 19 331 260 93 813 515 373 93
909 280 199 121 395 376 166 212 114 129 526 44
910 65 525 332 7 112 258 559 282 132 532 63
911 189 21 166 857 191 82 147 146 18 215 434
912 499 499 9 421 481 58 153 249 7 754 84
913 707 913 44 473 483 214 128 464 494 458 86
914 900 170 607 460 23 115 474 153 427 165 151
915 38 40 31 96 417 263 426 86 55 411 809
916 414 414 443 443 423 13 301 13 318 96 619
917 483 352 160 136 438 74 696 218 17 252 288
918 196 199 205 925 333 172 121 357 404 323 125
919 443 116 93 336 27 62 856 107 489 105 173
920 230 160 349 160 136 438 438 330 438 892 423
921 845 924 211 375 663 80 880 2 89 408 517
922 529 506 211 152 365 44 503 406 971 812 209
923 723 126 54 4 803 826 803 4 170 164 140
924 303 281 208 210 927 931 159 236 587 58 175
925 245 76 443 13 581 21 169 82 304 806 88
926 242 564 640 45 211 612 340 922 280 181 393
927 210 166 17 162 180 333 471 256 58 252 546
928 211 96 66 984 333 302 115 411 405 105 424
929 933 15 405 174 158 950 820 199 196 218 85
930 208 546 211 364 363 367 245 443 41 63 286
931 930 234 234 58 252 236 63 379 181 283 191
932 812 46 429 272 137 88 142 856 720 11 90
933 89 455 271 63 83 209 271 301 68 82 201
934 340 282 588 392 60 391 380 397 320 868 320
935 936 206 204 218 218 5 35 35 62 90 478
936 290 294 301 222 519 228 342 149 377 381 387
937 640 371 3 971 778 549 221 268 419 367 116
938 611 278 199 201 200 593 128 155 615 331 764
939 572 294 457 65 135 409 36 93 443 133 545
940 93 413 542 458 604 96 327 6 515 93 543
941 189 301 284 342 147 377 321 351 321 377 86
942 95 93 93 82 51 79 226 275 526 407 499
943 295 472 284 342 262 342 776 593 572 493 426
944 748 641 333 895 333 654 153 932 77 121 189
945 327 107 77 82 187 710 747 508 546 393 60
946 641 748 82 450 450 932 303 174 283 559 166
947 393 546 290 210 351 303 242 977 209 15 211
948 381 515 493 522 493 523 387 157 377 562 562
949 59 192 195 162 541 82 345 191 528 191 5
950 173 269 84 585 295 376 295 255 249 154 412
951 957 213 957 700 499 504 510 499 182 379 368
952 81 86 39 40 25 27 28 339 135 361 361
953 816 115 513 474 476 478 62 571 286 481 252
954 615 21 274 263 411 683 412 615 153 654 562
955 955 593 214 495 249 54 665 63 211 269 546
956 430 11 161 44 932 932 367 367 470 971 59
957 265 161 249 365 820 23 932 233 82 567 425
958 962 958 69 356 419 64 141 957 707 441 161
959 377 572 515 6 644 166 84 174 284 157 103
960 377 231 280 114 46 81 896 28 270 160 135
961 377 6 299 81 63 88 142 263 976 113 547
962 325 945 325 13 342 593 199 205 86 765 293
963 58 160 394 387 295 389 103 392 60 250 166
964 373 311 905 297 316 468 148 225 756 166 233
965 936 232 493 600 65 86 620 620 290 143 95
966 189 5 135 96 164 216 142 132 160 495 459
967 913 972 913 967 44 324 666 566 247 498 213
968 299 184 115 883 337 424 304 88 209 137 137
969 184 422 533 326 114 609 609 609 333 120 758
970 51 908 204 918 94 533 401 664 401 430 565
971 63 520 5 191 350 343 971 324 121 420 301
972 913 358 505 43 566 570 12 166 201 593 94
973 971 10 339 116 914 987 438 337 420 60 376
974 593 167 199 1 106 129 87 543 168 600 813
975 971 505 971 679 137 175 58 6 826 54 252
976 417 29 455 423 114 455 925 925 455 271 412
977 977 209 420 78 121 201 204 203 296 87 227
978 753 470 96 417 444 361 133 208 121 210 254
979 1 280 256 338 107 690 690 21 230 20 20
980 64 173 92 127 160 145 239 158 2 506 105
981 527 263 142 83 101 419 611 493 523 292 377
982 137 3 192 2 286 5 302 809 2 685 3
983 113 114 155 301 138 698 281 738 54 34 165
984 153 62 591 107 236 241 440 434 21 214 536
985 376 64 357 409 443 725 417 170 453 84 115
986 261 75 96 325 325 87 371 549 68 21 434
987 339 113 473 465 549 287 69 299 509 551 21
988 411 784 411 4 102 3 174 564 2 238 930
989 989 989 91 356 434 651 118 748 460 129 169
990 281 333 2 6 544 107 47 455 135 914 105
991 412 154 375 6 95 155 181 155 188 145 771
992 992 129 546 404 97 434 420 293 365 362 303
993 408 473 422 19 510 358 266 754 11 452 487
994 6 296 42 495 316 459 328 258 932 83 19
995 712 4 685 859 932 326 306 733 733 923 825
996 12 86 191 278 486 493 820 327 82 296 363
997 24 440 380 103 52 1 495 434 417 107 269
998 65 409 169 283 212 21 92 457 526 221 21
999 145 828 892 226 256 128 5 302 57 411 170
1000 292 83 693 83 365 833 249 115 460 244 301
1001 990 65 910 65 525 699 499 358 608 529 7
1002 560 221 106 42 255 189 519 316 160 56 809
1003 258 211 114 78 539 77 142 508 69 68 68
1004 55 665 58 137 877 812 285 533 473 46 114
0 1 224 160 166
1 127 82 366 950
2 564 208 820 28
3 845 924 845 56
4 193 59 281 16
5 76 48 372 372
6 170 135 115 460
7 700 332 836 706
8 510 7 529 488
9 265 555 720 324
10 282 21 121 568
11 233 252 195 517
12 823 558 84 662
13 35 588 24 590
14 93 413 450 62
15 128 16 93 820
16 269 334 46 533
17 41 93 36 86
18 167 198 820 129
19 550 165 455 165
20 118 667 480 74
21 86 295 292 280
22 155 546 340 546
23 261 37 590 590
24 5 728 10 777
25 36 75 560 106
26 251 971 174 15
27 36 442 545 29
28 62 441 362 421
29 37 48 113 423
30 128 52 377 734
31 162 393 422 184
32 372 433 180 907
33 113 306 327 259
34 39 86 372 431
35 5 302 88 209
36 35 31 40 816
37 151 35 170 31
38 370 135 27 437
39 34 32 37 38
40 31 32 116 170
41 352 178 537 221
42 184 969 509 671
43 566 573 11 161
44 16 828 419 336
45 405 116 548 21
46 142 253 315 218
47 280 572 282 820
48 96 56 303 254
49 83 212 145 239
50 612 832 160 12
51 261 438 6 21
52 157 393 321 61
53 420 494 86 128
54 807 303 630 630
55 6 63 210 355
56 408 462 20 230
57 6 426 86 47
58 154 155 211 464
59 865 194 137 812
60 219 309 309 42
61 376 869 841 719
62 134 62 423 89
63 4 63 718 63
64 165 816 753 115
65 371 208 599 208
66 67 189 453 121
67 74 221 309 495
68 80 384 181 380
69 184 187 533 145
70 180 70 288 105
71 121 495 434 229
72 92 426 14 64
73 560 361 417 443
74 220 68 508 81
75 560 48 547 981
76 318 485 84 318
77 166 320 166 285
78 531 78 531 581
79 133 181 385 393
80 508 418 187 87
81 169 41 200 176
82 63 880 308 5
83 259 519 459 44
84 317 218 341 74
85 151 23 249 530
86 553 86 430 62
87 173 259 83 492
88 54 438 987 116
89 919 847 47 165
90 375 282 589 459
91 306 51 751 820
92 259 74 188 20
93 336 336 336 438
94 207 918 593 167
95 128 405 226 283
96 6 949 880 137
97 300 166 576 13
98 125 618 125 640
99 768 935 936 168
100 937 640 100 935
101 97 662 371 360
102 100 424 445 133
103 250 321 162 31
104 549 540 549 473
105 424 28 329 190
106 254 147 154 154
107 355 282 318 13
108 409 190 189 434
109 62 168 526 576
110 258 66 121 543
111 84 546 474 477
112 258 831 258 211
113 333 263 897 263
114 36 24 31 23
115 83 393 142 367
116 411 209 107 690
117 5 102 743 102
118 495 673 673 495
119 165 28 26 28
120 232 321 533 55
121 290 210 269 173
122 351 352 352 352
123 160 233 242 533
124 139 107 303 81
125 354 353 106 340
126 6 128 214 342
127 84 233 252 254
128 734 284 301 244
129 748 405 695 21
130 936 546 137 286
131 57 4 158 434
132 283 51 908 199
133 93 30 35 339
134 366 174 54 949
135 75 339 34 27
136 251 30 35 434
137 880 308 218 166
138 685 298 160 418
139 107 23 212 462
140 273 269 859 173
141 430 183 20 10
142 263 301 284 231
143 340 256 303 3
144 254 367 361 29
145 333 2 2 832
146 81 508 212 462
147 533 333 320 380
148 179 394 385 387
149 160 129 401 533
150 60 60 104 395
151 29 438 261 75
152 366 271 411 333
153 180 347 377 377
154 546 742 614 614
155 105 358 602 569
156 381 397 389 376
157 394 103 283 133
158 243 5 495 17
159 820 751 128 143
160 135 23 215 306
161 667 69 713 81
162 79 445 139 140
163 434 89 165 13
164 335 461 428 164
165 171 165 160 106
166 41 115 17 308
167 149 621 425 289
168 129 88 285 520
169 251 40 29 964
170 160 506 529 160
171 23 13 197 95
172 526 86 41 105
173 107 172 130 257
174 59 89 2 193
175 685 826 826 192
176 515 381 321 392
177 312 317 223 459
178 0 268 313 310
179 340 106 295 560
180 179 349 149 167
181 394 393 60 394
182 296 166 453 115
183 114 155 269 121
184 546 604 131 422
185 101 101 120 133
186 226 309 615 142
187 518 490 295 61
188 663 460 328 560
189 215 268 311 218
190 494 494 160 57
191 64 16 362 661
192 807 211 56 698
193 6 58 212 160
194 192 516 305 990
195 2 599 242 926
196 196 14 493 403
197 498 608 61 321
198 197 196 201 95
199 196 971 412 552
200 176 93 36 82
201 342 348 191 212
202 562 533 114 261
203 820 198 197 86
204 167 572 515 275
205 41 200 178 14
206 291 294 572 936
207 198 183 859 990
208 564 242 159 89
209 285 271 5 64
210 159 62 211 269
211 174 281 481 107
212 152 223 117 118
213 452 141 951 957
214 179 160 108 329
215 295 314 215 227
216 273 448 140 644
217 404 532 107 180
218 5 96 82 15
219 181 104 60 381
220 223 177 18 201
221 316 424 230 62
222 221 313 309 218
223 212 255 249 820
224 218 1 187 366
225 460 607 420 82
226 307 347 347 180
227 377 177 229 84
228 482 482 331 295
229 64 492 510 492
230 107 343 231 385
231 14 562 160 104
232 266 720 856 249
233 601 333 77 282
234 160 171 172 123
235 243 159 236 363
236 132 58 963 82
237 158 210 300 889
238 64 458 434 329
239 234 474 108 328
240 57 949 880 282
241 241 237 236 87
242 236 303 106 210
243 5 209 236 363
244 241 499 707 602
245 165 753 548 106
246 246 266 500 506
247 498 9 506 971
248 215 340 494 84
249 489 5 2 62
250 495 42 41 387
251 123 61 498 525
252 404 768 371 45
253 21 41 83 107
254 371 419 367 546
255 314 310 366 83
256 473 129 165 420
257 568 81 145 405
258 183 292 168 434
259 818 259 96 867
260 311 366 474 493
261 165 113 263 443
262 344 656 149 167
263 16 362 82 283
264 141 360 452 359
265 503 44 407 406
266 267 498 12 739
267 161 419 184 422
268 1 224 468 316
269 236 158 4 158
270 160 302 88 285
271 408 59 803 54
272 334 65 0 309
273 46 371 183 210
274 86 166 424 196
275 562 425 574 425
276 568 130 257 543
277 277 167 280 14
278 183 542 256 282
279 160 197 196 776
280 362 105 424 316
281 64 405 106 81
282 45 107 96 245
283 162 45 419 526
284 1 142 191 150
285 6 376 82 426
286 249 462 58 87
287 509 108 111 474
288 758 288 282 401
289 425 256 254 420
290 107 147 342 262
291 14 65 426 280
292 62 174 126 812
293 362 486 725 486
294 232 493 168 128
295 321 533 264 700
296 434 69 189 679
297 0 18 215 316
298 184 189 726 283
299 69 679 81 256
300 323 404 420 541
301 159 241 499 529
302 5 417 437 116
303 367 486 278 201
304 285 59 520 635
305 84 443 115 5
306 549 299 6 5
307 85 317 313 17
308 121 107 18 143
309 495 296 397 390
310 309 219 314 495
311 268 496 64 515
312 189 663 551 671
313 74 106 495 114
314 225 283 379 378
315 495 309 309 0
316 549 274 549 218
317 295 382 295 395
318 725 443 847 40
319 234 233 243 305
320 60 105 161 11
321 162 283 726 152
322 45 164 272 592
323 185 52 52 232
324 44 754 293 44
325 326 533 15 823
326 245 333 601 209
327 20 28 87 255
328 329 363 531 107
329 114 226 317 18
330 330 74 259 253
331 764 211 56 174
332 707 331 73 84
333 333 42 245 326
334 334 448 446 429
335 45 812 59 194
336 971 700 441 569
337 93 545 87 412
338 28 721 27 23
339 96 48 847 922
340 274 273 164 322
341 389 391 389 317
342 483 232 6 137
343 971 570 360 971
344 148 401 971 114
345 178 537 7 707
346 294 206 292 168
347 160 453 170 875
348 180 820 52 52
349 64 115 644 5
350 94 377 250 0
351 345 152 62 206
352 346 129 169 28
353 82 121 357 212
354 101 300 263 411
355 638 46 405 143
356 258 183 249 550
357 183 21 548 340
358 560 282 212 474
359 533 249 173 107
360 569 451 566 358
361 107 282 597 695
362 51 95 200 177
363 661 121 594 82
364 152 333 5 527
365 820 420 316 218
366 74 212 191 379
367 82 87 963 121
368 283 249 589 282
369 88 88 809 304
370 443 847 47 847
371 282 222 121 183
372 248 330 74 222
373 283 424 329 107
374 407 249 367 165
375 469 211 636 211
376 654 233 209 599
377 157 320 628 181
378 157 174 932 453
379 396 380 387 198
380 181 280 734 351
381 387 250 60 103
382 295 276 401 82
383 157 379 394 379
384 390 250 376 104
385 389 6 408 411
386 295 378 321 483
387 380 181 320 296
388 378 128 3 89
389 14 133 568 1
390 376 342 94 65
391 368 391 320 160
392 86 94 199 201
393 390 283 162 31
394 250 60 389 157
395 250 610 303 363
396 61 295 308 308
397 394 61 267 570
398 379 308 21 686
399 450 543 688 543
400 64 215 53 215
401 256 62 329 495
402 211 169 290 168
403 133 64 450 275
404 434 100 323 323
405 308 581 473 17
406 672 141 360 11
407 266 525 247 213
408 192 4 271 518
409 30 590 26 28
410 356 366 859 281
411 646 411 462 419
412 154 58 210 243
413 176 204 280 86
414 697 697 645 697
415 697 156 907 179
416 173 41 95 13
417 547 527 113 280
418 188 42 20 11
419 154 783 142 17
420 114 919 113 13
421 471 473 213 61
422 615 155 533 440
423 333 527 6 481
424 311 215 64 183
425 257 183 458 420
426 458 6 516 333
427 612 393 390 14
428 164 428 301 153
429 15 285 252 121
430 411 208 281 194
431 70 233 147 107
432 433 364 351 161
433 121 438 129 932
434 353 129 367 261
435 127 107 726 5
436 115 436 115 336
437 170 495 60 133
438 249 258 476 258
439 338 183 509 160
440 447 498 265 12
441 573 44 324 666
442 84 454 160 217
443 114 245 442 36
444 361 533 499 213
445 848 419 531 290
446 164 13 126 209
447 269 735 140 335
448 971 514 375 28
449 414 479 479 275
450 413 93 129 482
451 558 84 113 473
452 420 138 815 880
453 283 132 46 145
454 160 232 537 106
455 914 105 405 300
456 456 405 314 365
457 172 13 333 460
458 542 440 65 275
459 87 820 21 184
460 347 215 549 356
461 13 423 48 211
462 82 748 283 181
463 463 462 586 408
464 41 546 233 239
465 155 188 282 74
466 466 602 141 672
467 62 518 105 81
468 180 381 320 380
469 411 282 812 57
470 151 339 114 725
471 473 29 34 24
472 453 546 158 239
473 35 442 35 29
474 249 19 247 707
475 300 108 473 408
476 112 108 109 108
477 90 66 146 146
478 121 552 63 16
479 275 458 121 154
480 678 69 477 90
481 96 58 372 283
482 598 482 165 464
483 321 160 610 250
484 563 14 426 167
485 74 438 455 375
486 394 537 74 331
487 558 451 452 487
488 922 129 495 160
489 2 6 587 194
490 42 64 105 64
491 892 160 312 309
492 615 460 41 105
493 249 615 83 211
494 81 155 18 0
495 128 206 133 307
496 506 249 296 62
497 340 74 764 377
498 956 498 141 431
499 232 156 321 283
500 504 500 266 213
501 374 502 407 502
502 7 537 405 314
503 499 19 661 13
504 533 230 230 420
505 971 444 76 976
506 499 765 912 466
507 298 106 129 623
508 68 509 434 167
509 105 41 207 95
510 8 525 529 265
511 262 148 262 377
512 366 153 152 105
513 615 963 240 235
514 13 285 155 18
515 440 426 276 275
516 333 442 263 160
517 516 195 59 174
518 518 546 105 384
519 21 489 229 183
520 2 880 685 193
521 615 252 81 301
522 563 822 280 292
523 134 523 543 65
524 72 21 115 31
525 700 441 333 492
526 526 13 306 69
527 527 263 29 21
528 271 3 256 495
529 359 569 504 160
530 161 44 211 845
531 165 47 160 371
532 552 58 408 138
533 458 714 450 340
534 544 790 544 568
535 728 535 554 29
536 298 184 19 525
537 526 221 745 979
538 733 306 550 107
539 79 133 166 48
540 189 508 549 189
541 140 409 21 44
542 183 417 136 455
543 257 183 434 474
544 257 183 105 351
545 36 25 29 34
546 723 126 698 54
547 245 485 76 263
548 203 129 464 464
549 661 518 366 248
550 473 29 133 83
551 509 189 377 147
552 82 641 1 255
553 84 727 464 338
554 419 161 267 608
555 409 306 68 183
556 280 494 662 107
557 395 283 405 105
558 359 332 608 246
559 282 105 371 170
560 329 283 3 58
561 462 173 10 64
562 285 371 495 314
563 584 290 129 283
564 114 210 235 233
565 674 754 971 232
566 7 324 11 209
567 290 493 425 835
568 121 283 394 376
569 81 412 832 160
570 8 950 820 21
571 552 738 56 54
572 533 44 83 365
573 11 270 486 21
574 401 425 257 231
575 851 483 352 41
576 526 181 346 180
577 142 132 532 233
578 577 375 577 282
579 164 448 409 108
580 580 580 580 580
581 21 787 21 121
582 211 755 211 308
583 521 295 104 18
584 290 129 303 128
585 600 588 36 367
586 282 356 106 105
587 237 253 316 1
588 494 170 212 115
589 607 434 308 166
590 34 25 23 409
591 142 62 372 87
592 273 83 513 84
593 907 593 494 377
594 82 281 683 285
595 52 61 295 17
596 596 596 597 756
597 107 428 322 164
598 134 133 292 284
599 481 809 138 126
600 65 135 133 30
601 146 17 612 859
602 533 195 59 96
603 414 370 113 32
604 546 856 560 913
605 414 645 645 645
606 495 460 211 949
607 256 223 73 221
608 529 487 451 265
609 609 24 654 217
610 610 255 106 820
611 292 611 292 822
612 162 323 192 516
613 747 69 69 663
614 756 227 519 160
615 142 105 154 236
616 459 188 81 569
617 618 618 185 709
618 97 640 638 300
619 89 285 281 845
620 290 843 567 290
621 11 240 235 319
622 238 499 374 441
623 813 544 133 820
624 223 17 233 159
625 63 283 226 74
626 87 255 424 462
627 62 190 82 282
628 394 295 472 610
629 440 232 18 310
630 630 630 630 630
631 631 209 242 241
632 719 157 389 182
633 633 633 633 633
634 635 634 634 634
635 634 634 634 634
636 636 636 636 636
637 209 62 106 287
638 640 98 102 4
639 638 480 92 480
640 564 686 381 149
641 106 64 420 854
642 254 474 108 473
643 49 49 87 69
644 115 17 222 695
645 156 907 349 122
646 131 57 683 305
647 82 377 284 214
648 648 648 648 648
649 246 266 12 494
650 215 227 222 459
651 597 756 73 221
652 108 329 108 112
653 653 653 653 653
654 333 919 455 35
655 151 655 116 171
656 177 214 352 789
657 269 107 690 494
658 658 658 658 658
659 377 280 21 896
660 660 660 660 660
661 570 12 213 182
662 107 279 118 597
663 375 679 679 460
664 58 132 158 3
665 4 533 194 63
666 661 121 166 420
667 160 490 258 478
668 157 231 284 6
669 420 280 572 572
670 670 670 670 670
671 356 160 290 484
672 506 956 856 58
673 495 222 18 121
674 565 754 569 452
675 675 675 675 675
676 322 13 36 486
677 434 269 301 482
678 747 494 23 25
679 81 478 328 327
680 380 53 231 214
681 681 347 377 377
682 191 160 482 93
683 131 62 404 82
684 684 684 684 684
685 826 59 610 59
686 245 337 115 165
687 404 154 62 44
688 543 523 618 125
689 543 817 813 129
690 86 256 258 329
691 691 691 691 691
692 130 342 277 14
693 121 13 535 164
694 290 493 249 438
695 607 106 582 418
696 17 404 371 236
697 156 122 411 2
698 126 209 88 233
699 699 953 27 997
700 602 11 293 141
701 462 5 198 167
702 932 367 81 81
703 703 703 703 703
704 704 107 237 174
705 211 15 13 266
706 936 350 191 278
707 73 756 533 333
708 708 99 100 937
709 185 125 166 17
710 299 473 531 290
711 711 711 711 711
712 4 323 101 233
713 69 509 969 509
714 172 526 458 526
715 69 550 480 549
716 5 619 303 210
717 160 183 292 82
718 305 483 820 618
719 393 381 390 377
720 765 44 555 324
721 37 39 165 914
722 27 197 593 94
723 551 21 548 816
724 160 385 390 62
725 339 40 753 40
726 314 892 160 123
727 83 49 612 131
728 260 508 679 971
729 141 913 141 672
730 730 13 94 199
731 731 731 731 731
732 732 732 732 732
733 420 434 460 615
734 169 64 323 353
735 164 322 592 322
736 333 919 333 405
737 737 271 2 132
738 305 174 80 142
739 495 21 107 114
740 252 243 859 195
741 250 387 384 377
742 614 614 756 268
743 102 812 990 859
744 744 744 744 744
745 979 1 142 559
746 746 746 746 746
747 550 212 253 405
748 641 106 282 33
749 62 546 249 3
750 88 0 88 0
751 128 172 51 593
752 84 467 160 484
753 900 115 405 490
754 11 5 154 363
755 211 117 613 537
756 614 742 166 340
757 367 366 215 150
758 288 654 376 320
759 459 362 560 922
760 592 760 15 16
761 393 612 2 3
762 516 192 59 305
763 5 134 554 62
764 211 6 308 320
765 506 407 503 498
766 134 366 271 737
767 82 228 17 166
768 101 380 166 21
769 62 340 513 474
770 353 708 97 101
771 106 145 256 271
772 772 772 772 772
773 405 78 424 748
774 285 107 490 209
775 560 221 107 541
776 41 336 419 489
777 554 29 459 21
778 85 41 199 593
779 146 52 232 51
780 84 62 427 170
781 52 314 226 85
782 526 65 409 10
783 669 641 541 405
784 411 430 8 566
785 409 47 847 38
786 166 147 145 106
787 21 513 422 513
788 717 788 717 160
789 93 971 423 847
790 544 450 932 326
791 425 568 450 65
792 121 127 121 651
793 206 199 850 546
794 335 760 15 46
795 417 251 339 818
796 121 23 434 612
797 18 82 77 333
798 798 798 798 798
799 971 8 7 573
800 549 549 268 212
801 41 493 256 121
802 258 107 131 83
803 252 571 252 552
804 232 576 533 116
805 487 496 83 612
806 285 379 389 150
807 192 517 517 411
808 808 808 808 808
809 57 285 305 685
810 210 255 212 165
811 79 497 340 165
812 990 59 281 571
813 543 526 82 50
814 262 344 178 166
815 5 611 252 194
816 96 375 478 469
817 515 593 155 153
818 86 553 553 554
819 461 429 579 592
820 776 41 474 494
821 160 492 115 254
822 280 483 340 342
823 452 823 570 359
824 191 352 65 600
825 733 728 400 325
826 160 113 176 515
827 506 765 525 141
828 796 353 166 87
829 168 399 543 523
830 452 499 498 411
831 258 90 107 2
832 832 58 285 254
833 7 265 452 11
834 107 107 113 129
835 401 282 531 173
836 813 714 86 457
837 837 107 233 460
838 124 371 549 356
839 191 346 191 343
840 526 576 82 83
841 841 376 307 133
842 96 66 654 83
843 567 425 664 93
844 971 307 206 793
845 481 96 604 458
846 846 605 414 645
847 444 361 423 527
848 340 922 908 196
849 859 281 59 89
850 546 290 563 522
851 157 181 947 295
852 415 697 697 697
853 82 752 82 53
854 174 932 70 152
855 549 306 733 538
856 358 406 500 7
857 166 20 86 310
858 306 509 10 282
859 3 971 505 661
860 900 953 28 23
861 350 822 484 448
862 777 723 825 723
863 57 408 285 401
864 411 949 552 58
865 2 4 114 51
866 96 59 698 949
867 340 173 154 121
868 320 181 384 390
869 181 162 58 210
870 425 84 467 106
871 231 351 249 833
872 85 53 537 52
873 401 791 425 574
874 65 257 450 82
875 170 212 576 166
876 564 10 44 324
877 28 33 86 163
878 33 590 165 531
879 242 160 404 412
880 424 783 82 170
881 96 58 654 163
882 160 20 145 283
883 32 590 470 494
884 884 884 884 884
885 728 327 486 486
886 601 58 520 420
887 885 20 21 409
888 412 55 305 285
889 405 15 46 638
890 890 890 890 890
891 892 226 232 129
892 44 486 537 366
893 466 496 922 205
894 327 259 695 183
895 333 654 121 261
896 12 7 833 62
897 263 160 165 590
898 898 898 481 285
899 2 434 100 142
900 438 437 25 361
901 137 87 473 495
902 5 120 18 82
903 191 13 361 417
904 321 391 320 182
905 309 310 533 483
906 160 393 283 365
907 262 122 411 408
908 51 197 205 199
909 209 209 155 589
910 65 483 214 180
911 81 161 569 754
912 504 533 23 32
913 141 107 441 504
914 36 82 114 234
915 38 474 476 478
916 414 415 852 18
917 200 498 500 699
918 207 214 166 577
919 847 165 336 438
920 435 519 222 311
921 880 137 663 747
922 922 822 593 198
923 733 440 457 493
924 612 83 373 552
925 89 610 296 387
926 234 474 340 473
927 930 927 930 930
928 211 290 86 415
929 592 160 166 156
930 669 5 195 5
931 238 412 211 195
932 597 756 74 460
933 929 15 16 748
934 163 643 49 643
935 125 185 99 64
936 232 705 450 65
937 353 98 353 124
938 611 129 403 542
939 572 593 820 44
940 93 563 936 167
941 189 941 189 465
942 435 647 458 93
943 295 381 548 459
944 748 46 429 424
945 325 971 174 377
946 641 495 329 80
947 394 103 397 389
948 381 60 280 169
949 698 2 114 307
950 77 811 79 226
951 359 558 213 452
952 69 356 256 340
953 292 450 167 14
954 154 5 379 380
955 955 205 820 420
956 7 506 498 765
957 707 358 7 324
958 509 160 114 208
959 377 167 41 133
960 377 60 384 379
961 377 156 342 483
962 958 962 325 340
963 87 49 152 186
964 24 988 24 988
965 936 350 350 345
966 21 405 278 249
967 525 529 525 141
968 184 127 533 877
969 509 667 69 952
970 546 158 319 158
971 307 218 204 206
972 913 525 407 358
973 971 971 321 971
974 87 654 217 433
975 971 307 314 363
976 113 919 89 304
977 977 977 242 242
978 860 339 116 27
979 745 189 467 166
980 655 458 129 187
981 919 114 355 365
982 137 20 187 256
983 113 932 310 1
984 153 107 258 468
985 376 82 426 14
986 261 470 438 114
987 116 470 455 165
988 411 537 231 180
989 989 91 357 184
990 408 305 4 114
991 520 208 195 252
992 129 343 342 107
993 408 826 6 375
994 6 57 54 107
995 712 4 738 208
996 12 510 9 569
997 953 816 816 987
998 65 14 65 776
999 145 87 518 445
1000 206 207 198 202
1001 193 59 195 162
1002 560 607 471 256
1003 258 258 22 11
1004 55 54 738 208
