0 297 259 73 221 106 17 546 115 5 218 160
1 121 372 134 74 86 400 86 83 963 82 256
2 489 157 278 420 210 106 420 29 533 371 51
3 102 5 141 555 754 555 84 544 544 932 129
4 1001 832 160 114 438 86 510 466 359 504 529
5 96 329 116 34 40 171 443 485 245 547 976
6 528 644 6 308 405 89 183 478 469 478 306
7 365 802 802 365 283 365 137 58 826 63 305
8 569 754 441 166 55 685 949 57 924 612 340
9 9 699 529 441 160 189 459 1 268 19 247
10 36 21 486 232 499 264 141 83 308 182 380
11 211 283 4 160 717 788 788 717 788 717 215
12 249 548 531 473 256 460 597 142 253 373 240
13 255 434 189 87 326 245 338 424 357 80 128
14 562 6 140 644 6 426 413 183 142 68 184
15 933 269 371 82 170 816 116 245 443 47 14
16 183 5 207 198 229 23 36 545 25 29 30
17 467 509 434 411 473 747 80 96 236 238 602
18 18 218 300 300 97 335 592 592 46 132 411
19 62 457 231 526 93 116 513 21 371 360 451
20 282 393 166 87 180 214 681 347 349 191 277
21 11 159 252 302 5 255 329 198 203 121 87
22 21 820 16 183 419 252 494 81 107 170 417
23 170 115 493 333 370 333 23 83 727 483 362
24 151 339 860 169 450 813 280 303 351 320 616
25 370 47 245 417 925 333 153 493 342 280 256
26 135 135 136 338 16 518 405 355 211 308 379
27 438 40 119 229 23 301 225 81 4 303 170
28 27 437 336 337 169 114 81 114 686 22 92
29 443 370 339 14 103 741 377 918 128 86 426
30 33 339 987 438 89 919 919 263 30 336 133
31 424 356 356 183 362 533 269 303 244 158 236
32 40 533 88 88 57 601 84 254 81 155 301
33 590 28 23 160 54 826 1001 2 285 586 63
34 434 23 953 27 437 115 160 156 180 349 402
35 37 261 455 119 165 48 437 169 6 377 748
36 25 437 39 84 166 666 160 306 400 327 945
37 84 624 409 336 337 93 883 39 133 309 228
38 421 332 699 700 913 972 509 62 279 106 311
39 437 5 458 426 86 485 84 250 387 182 283
40 533 147 87 484 129 53 183 170 427 333 5
41 282 45 405 424 87 82 438 116 548 381 397
42 249 388 128 932 255 365 351 1 127 128 118
43 502 500 358 141 510 12 121 201 395 80 303
44 324 720 11 700 213 265 11 209 88 149 160
45 447 461 428 322 334 139 209 118 667 508 81
46 174 880 286 137 809 137 54 160 371 211 990
47 107 187 283 594 84 209 564 564 209 637 233
48 50 71 152 494 312 420 520 812 859 6 376
49 50 153 16 367 546 518 351 320 379 316 218
50 217 886 58 81 87 153 49 84 77 557 205
51 35 31 24 40 28 169 81 473 498 459 328
52 786 407 502 406 608 565 608 246 608 359 499
53 822 350 345 160 106 72 524 72 311 312 53
54 304 82 393 612 42 129 113 171 113 220 223
55 305 210 245 76 455 58 654 83 82 179 388
56 619 59 5 82 438 333 2 886 859 303 242
57 281 107 441 17 342 851 681 278 168 113 919
58 62 58 4 174 854 285 486 280 440 172 351
59 57 243 63 4 169 932 81 490 258 347 157
60 133 171 171 133 25 437 165 171 820 445 160
61 95 280 203 196 424 105 405 518 271 412 211
62 300 161 129 46 96 329 638 495 367 980 757
63 160 329 105 161 707 441 498 8 950 80 287
64 498 43 358 232 493 483 473 269 160 592 124
65 515 176 113 168 936 167 201 342 343 107 329
66 215 434 42 160 338 439 338 16 210 252 615
67 146 21 160 240 233 586 131 2 880 308 376
68 183 118 13 12 498 332 529 494 576 932 82
69 420 15 128 970 917 557 445 13 96 881 96
70 152 183 845 6 141 529 529 9 661 211 424
71 70 83 820 776 204 283 152 458 486 113 40
72 20 81 405 531 183 5 24 151 142 44 30
73 0 459 166 559 518 552 411 434 62 81 474
74 459 253 142 333 652 419 106 548 816 455 455
75 165 116 443 417 183 357 16 820 143 90 494
76 333 113 527 547 417 170 419 460 116 464 128
77 531 142 896 329 459 20 74 254 46 579 334
78 539 494 215 23 41 336 96 437 816 753 261
79 165 261 427 932 812 298 287 189 726 152 458
80 256 226 283 453 607 695 424 422 153 86 297
81 607 128 483 473 269 236 96 619 89 305 6
82 353 106 377 207 191 207 196 16 543 813 585
83 481 59 886 665 412 845 63 16 748 121 828
84 485 166 21 96 13 130 127 121 540 184 355
85 370 245 62 186 82 58 664 486 155 429 269
86 233 238 700 332 608 566 570 161 264 823 707
87 236 3 405 340 217 886 812 3 211 304 405
88 96 82 859 211 183 291 232 971 307 74 224
89 165 844 971 20 480 549 360 293 661 506 83
90 469 258 249 548 143 375 475 375 860 437 337
91 758 61 392 390 395 64 280 291 403 133 136
92 538 498 8 213 141 922 129 214 107 113 32
93 443 455 169 337 437 165 186 283 210 295 389
94 483 128 152 340 867 340 420 520 408 193 408
95 203 62 390 394 60 393 295 181 383 157 381
96 369 252 4 59 2 238 242 879 242 927 241
97 5 63 481 949 271 333 471 333 114 86 353
98 185 125 121 278 183 366 249 28 545 37 33
99 98 768 124 708 98 125 125 121 612 162 427
100 117 118 117 118 209 365 338 437 89 369 303
101 354 353 106 163 166 191 86 467 189 87 106
102 4 360 141 525 238 238 506 409 624 409 27
103 392 61 321 376 181 526 160 690 21 287 418
104 387 377 6 232 537 21 371 21 296 199 677
105 84 84 471 256 263 96 847 919 455 263 847
106 11 611 464 424 154 58 57 949 211 45 419
107 131 82 199 64 115 372 404 601 333 47 26
108 155 137 82 96 76 333 609 114 564 63 865
109 366 82 337 169 80 473 545 785 23 113 232
110 110 474 375 340 438 365 353 828 419 74 330
111 474 81 375 21 137 87 326 114 424 434 245
112 469 477 477 469 375 405 211 81 550 106 434
113 151 263 96 439 338 485 84 254 296 810 511
114 820 366 169 300 531 556 531 365 11 270 426
115 113 473 474 83 453 62 314 105 431 166 480
116 753 548 283 263 405 115 31 282 64 434 412
117 66 252 302 160 776 908 395 82 543 576 533
118 300 121 280 483 232 204 350 320 295 331 260
119 76 47 48 261 339 123 82 184 63 481 137
120 758 758 143 229 165 136 336 165 93 576 13
121 462 545 23 464 282 210 244 422 115 105 115
122 191 256 355 62 63 408 2 89 405 108 91
123 411 866 80 395 321 378 296 397 64 367 113
124 424 509 287 106 695 259 21 624 231 342 214
125 166 250 84 73 106 462 173 892 828 5 763
126 408 57 56 2 86 392 60 283 405 889 375
127 130 377 104 288 333 2 665 2 990 4 208
128 215 103 352 342 262 148 179 249 159 209 963
129 173 154 647 458 62 474 234 244 209 587 194
130 122 411 412 243 235 234 96 58 82 853 82
131 586 404 105 152 393 393 950 260 260 89 423
132 532 132 16 115 171 40 919 263 426 440 629
133 426 423 318 96 474 615 21 1 351 303 356
134 482 218 95 51 109 366 886 601 480 92 173
135 170 261 986 261 5 374 44 473 855 86 96
136 417 258 402 377 106 690 20 327 416 173 859
137 63 379 381 387 378 61 177 218 248 74 690
138 921 859 886 601 58 126 698 552 195 160 195
139 334 579 335 760 592 429 322 428 272 812 880
140 216 301 429 334 592 38 116 437 165 427 160
141 249 107 730 460 748 405 601 82 99 708 353
142 508 189 799 715 20 259 777 862 777 259 818
143 201 94 206 232 840 168 172 458 604 131 612
144 254 81 375 301 429 6 880 921 859 194 803
145 106 256 132 405 28 129 484 290 114 339 160
146 67 189 80 679 189 911 222 64 440 275 515
147 62 454 106 419 419 652 333 128 13 481 58
148 0 5 420 141 232 971 520 408 305 271 513
149 150 60 219 121 21 459 496 498 602 141 699
150 741 250 526 168 426 290 108 301 285 65 282
151 165 121 199 850 546 474 90 13 211 518 282
152 258 365 531 107 708 371 107 74 106 249 243
153 513 422 333 517 5 7 466 529 922 913 856
154 412 665 3 56 55 412 820 493 546 963 932
155 615 129 211 371 129 362 81 252 880 174 371
156 907 262 122 342 41 152 494 128 16 543 16
157 295 84 727 84 1 0 313 74 173 404 124
158 564 589 271 273 46 933 322 334 322 933 429
159 158 160 66 108 652 329 576 329 68 678 492
160 166 180 107 454 106 242 132 87 49 87 441
161 160 533 401 574 425 130 408 412 884 412 59
162 160 54 552 4 121 127 105 77 950 812 54
163 411 864 411 3 249 231 537 411 166 74 134
164 96 115 232 280 388 376 122 347 377 160 663
165 417 494 83 131 101 98 125 640 937 353 937
166 340 105 92 260 20 74 215 155 81 568 450
167 339 33 615 393 397 537 613 619 303 665 137
168 486 114 211 88 63 184 42 300 187 405 255
169 4 55 63 363 155 221 107 434 100 107 209
170 136 96 4 170 355 333 163 154 209 285 286
171 443 590 590 165 116 47 976 318 976 333 230
172 542 450 714 65 135 26 26 23 165 34 32
173 416 173 212 172 585 129 351 28 363 495 673
174 56 738 131 285 138 252 601 886 2 481 58
175 137 420 291 206 199 342 621 377 163 612 859
176 478 306 121 230 283 495 932 494 93 86 191
177 297 17 307 114 256 495 82 318 82 31 40
178 342 122 397 160 458 13 552 195 859 921 56
179 820 581 21 303 244 236 237 6 272 334 139
180 422 615 155 128 121 219 79 47 483 473 493
181 351 342 95 201 215 560 341 295 396 395 390
182 378 296 320 60 181 390 385 385 378 390 395
183 236 3 859 412 81 287 189 184 486 51 199
184 64 98 768 323 3 63 434 231 262 278 114
185 618 662 84 454 160 576 329 81 108 66 96
186 82 227 695 106 82 74 42 5 527 48 212
187 155 153 654 233 63 685 137 809 845 921 859
188 366 173 535 482 820 486 725 116 513 655 367
189 941 189 255 419 28 86 295 486 394 377 177
190 121 494 466 488 466 231 14 206 199 51 917
191 157 278 106 303 630 303 21 367 434 859 809
192 516 305 990 65 64 445 51 751 206 232 413
193 58 6 170 537 14 172 180 820 128 42 44
194 826 192 516 5 286 685 698 126 638 340 82
195 516 743 743 743 517 195 59 252 137 254 216
196 280 363 187 69 68 212 166 485 74 142 141
197 172 130 14 205 955 94 65 320 333 58 809
198 51 172 93 93 133 114 280 420 29 51 167
199 342 257 291 65 366 256 263 417 151 37 370
200 776 14 290 106 64 169 249 153 859 166 234
201 204 201 198 776 391 321 483 41 95 377 215
202 206 342 681 82 221 280 336 971 570 267 666
203 86 275 129 173 896 329 303 302 419 450 482
204 917 970 128 207 95 199 526 543 450 169 434
205 201 94 94 820 106 132 58 826 832 612 212
206 231 621 781 537 613 537 389 296 181 250 376
207 167 526 426 87 227 87 607 421 362 506 500
208 211 96 847 976 113 981 114 919 114 375 143
209 83 285 486 263 121 489 2 517 2 412 6
210 420 15 139 274 272 272 612 356 16 375 230
211 424 154 17 233 241 241 240 237 238 506 827
212 191 256 412 520 57 815 64 93 443 133 450
213 141 573 856 407 374 504 246 856 504 765 9
214 124 892 423 89 434 105 223 560 400 81 106
215 159 235 96 58 886 217 50 433 233 546 513
216 62 151 32 28 114 307 376 104 387 115 439
217 612 859 174 63 209 15 353 662 618 618 124
218 221 74 696 222 495 170 151 367 165 48 114
219 309 219 60 275 511 7 5 7 570 161 87
220 177 176 440 515 562 493 333 96 46 303 610
221 218 201 200 204 200 917 970 440 249 362 62
222 218 420 325 82 540 184 107 589 357 212 153
223 459 295 396 308 133 581 101 419 64 458 93
224 560 221 282 166 18 222 225 223 459 548 143
225 17 643 162 58 195 738 6 141 438 436 437
226 212 641 282 163 145 155 326 105 269 424 210
227 227 215 589 283 105 210 21 647 434 295 313
228 17 215 313 73 317 695 222 188 424 74 228
229 338 37 84 454 62 306 858 306 550 165 361
230 333 367 254 433 372 82 23 62 282 256 290
231 621 284 621 277 621 231 730 82 327 141 951
232 64 172 275 542 291 403 168 62 30 28 952
233 254 492 84 253 212 86 128 179 231 466 500
234 114 303 170 282 230 283 594 84 217 433 364
235 84 87 615 145 163 491 753 548 129 308 532
236 96 370 442 545 87 115 615 460 225 148 0
237 209 238 2 899 2 59 812 252 3 473 642
238 244 158 237 241 158 114 220 218 316 537 106
239 145 249 21 357 105 434 198 94 440 380 320
240 424 495 17 220 114 455 271 183 290 424 132
241 592 272 13 146 17 163 115 546 533 877 184
242 533 88 303 169 162 283 16 121 36 93 133
243 233 58 832 63 921 58 55 552 55 107 99
244 241 242 927 241 242 132 249 115 612 41 601
245 76 417 263 142 280 160 236 371 208 495 106
246 141 473 115 163 5 303 513 507 507 298 812
247 661 569 569 569 12 8 661 44 21 287 549
248 221 82 422 17 82 82 747 494 484 572 939
249 236 238 602 707 358 499 358 266 555 324 971
250 526 420 494 210 174 285 683 57 302 64 133
251 26 442 113 64 124 173 87 363 128 371 419
252 601 79 219 377 160 280 362 441 602 499 529
253 162 217 50 217 142 216 15 162 393 615 318
254 474 249 160 162 295 128 14 593 917 201 776
255 355 896 896 160 539 78 419 214 277 130 277
256 493 546 651 624 409 140 45 812 298 685 298
257 284 6 137 114 365 338 409 2 158 237 242
258 18 143 329 114 486 5 581 420 69 509 972
259 74 313 310 340 434 187 20 163 641 541 764
260 74 87 422 84 254 226 227 537 243 166 158
261 171 38 437 136 438 338 424 153 180 277 377
262 347 105 203 776 342 278 199 64 164 140 282
263 30 121 318 420 301 356 424 83 329 106 222
264 452 359 9 264 358 406 160 478 329 42 474
265 265 498 430 19 265 19 360 44 161 267 674
266 12 707 566 358 608 720 525 525 238 241 240
267 265 7 374 293 661 700 359 504 160 84 425
268 218 310 1 459 328 478 282 474 476 258 417
269 236 183 80 62 459 695 405 4 532 162 512
270 84 73 221 313 0 297 260 69 550 82 486
271 2 832 408 845 3 236 87 441 473 298 160
272 448 448 448 160 15 592 38 38 171 590 171
273 579 447 447 440 457 971 520 635 137 635 285
274 86 143 328 327 416 173 400 20 230 62 281
275 172 205 847 922 908 207 917 205 93 169 375
276 168 93 438 302 419 591 107 165 31 256 280
277 232 160 454 62 74 331 707 12 419 180 166
278 365 121 261 151 263 981 411 4 96 327 96
279 160 108 420 174 15 461 216 301 278 13 272
280 292 1000 292 493 401 285 168 167 515 13 156
281 949 131 552 57 849 849 859 132 949 56 3
282 424 256 306 723 551 86 251 914 115 366 404
283 105 92 65 483 94 120 101 100 301 596 596
284 749 62 292 172 401 621 301 375 301 301 27
285 285 285 698 685 6 527 423 442 442 443 114
286 410 490 87 372 42 495 300 218 226 365 44
287 549 467 86 285 420 121 792 121 179 122 60
288 252 59 832 194 411 58 209 518 62 35 438
289 280 290 290 121 232 204 218 282 58 131 132
290 16 280 291 290 166 644 147 301 655 526 426
291 65 257 526 172 128 155 533 40 953 822 290
292 168 47 483 47 220 223 256 314 219 483 473
293 498 411 867 96 88 63 305 271 63 363 364
294 543 113 339 115 387 118 51 112 37 261 121
295 182 379 390 250 610 472 610 96 285 174 815
296 256 492 950 166 243 233 124 371 490 932 129
297 0 215 316 420 115 812 373 411 215 223 311
298 549 118 83 693 283 271 86 84 272 272 461
299 418 467 509 282 254 458 623 313 268 421 404
300 173 153 86 393 157 52 814 347 179 160 115
301 209 58 83 273 269 256 460 663 508 509 418
302 183 543 16 308 581 65 280 473 113 543 291
303 89 437 75 470 171 547 455 251 23 480 184
304 809 58 145 393 60 133 361 32 33 339 114
305 54 107 474 427 443 33 165 337 367 256 4
306 538 777 498 440 94 95 95 6 949 59 698
307 65 199 434 282 355 63 371 209 126 56 58
308 6 157 389 376 104 60 389 61 377 129 139
309 297 218 297 49 19 12 300 12 739 495 434
310 314 312 160 44 565 44 407 499 498 446 46
311 312 317 17 378 179 869 181 280 367 114 4
312 494 62 812 282 371 249 115 115 87 81 162
313 73 73 297 309 133 29 533 141 504 8 502
314 105 77 166 662 86 494 113 426 167 165 427
315 222 315 519 315 253 83 481 63 89 520 812
316 255 453 62 19 441 573 9 487 9 359 699
317 313 17 269 446 139 541 511 411 285 304 16
318 170 494 58 256 106 5 644 180 851 191 166
319 158 240 240 211 389 317 226 105 420 509 184
320 396 393 105 914 753 116 816 336 820 79 811
321 179 284 14 289 482 14 515 484 494 170 165
322 447 428 446 15 541 160 106 87 74 225 82
323 618 617 448 216 509 287 69 64 183 820 269
324 466 362 51 13 520 138 4 158 107 420 166
325 64 527 547 437 860 455 443 29 339 116 340
326 533 581 450 623 84 121 281 286 183 160 352
327 306 733 777 535 134 133 114 609 609 333 976
328 90 91 183 107 441 249 431 141 602 466 893
329 363 577 518 187 363 188 215 340 134 777 10
330 330 438 87 269 254 256 28 80 480 142 125
331 328 91 474 96 437 547 133 218 482 331 295
332 500 506 913 700 452 498 266 407 786 786 519
333 434 548 160 468 160 826 809 305 210 142 932
334 15 164 16 132 305 6 193 412 473 81 303
335 322 592 139 166 422 166 373 253 509 958 69
336 115 439 338 900 13 333 280 128 218 82 179
337 419 101 323 101 371 170 336 971 467 21 513
338 434 148 191 150 295 290 568 256 290 494 593
339 29 21 647 82 576 142 424 153 493 121 261
340 211 371 137 249 7 674 9 487 84 105 431
341 389 61 389 537 368 392 393 379 5 495 468
342 173 155 541 641 282 271 323 708 768 434 474
343 342 343 191 142 44 502 44 501 499 533 58
344 377 106 44 550 106 329 46 82 50 643 163
345 152 258 831 258 831 258 365 191 342 173 121
346 13 13 342 511 5 520 55 950 820 94 86
347 278 611 292 82 96 303 302 64 224 309 225
348 191 142 4 412 809 949 55 86 58 55 1004
349 348 349 160 366 233 586 282 255 363 129 450
350 681 851 352 345 152 440 24 440 5 520 552
351 183 90 66 67 146 177 86 2 517 333 83
352 347 160 264 804 565 266 13 184 480 39 39
353 768 125 121 145 255 314 310 222 86 283 142
354 124 640 100 353 935 100 424 209 155 157 347
355 121 252 272 448 45 160 287 80 950 266 358
356 357 375 663 747 710 409 945 327 160 347 122
357 16 44 569 498 452 498 265 533 269 210 159
358 765 293 525 707 498 529 699 44 12 267 608
359 11 804 608 265 823 566 11 327 306 825 723
360 441 44 254 642 212 162 2 859 932 490 63
361 444 455 89 474 478 84 87 258 108 64 243
362 121 16 283 4 208 57 137 303 209 420 351
363 518 557 232 820 82 252 81 21 11 265 707
364 165 363 508 667 549 80 356 478 543 170 490
365 569 12 267 661 11 466 266 232 115 86 83
366 84 471 255 105 412 412 256 180 107 233 601
367 165 229 434 412 87 412 820 908 201 283 411
368 321 283 329 896 638 169 255 932 255 316 74
369 89 405 891 405 340 115 486 286 305 210 926
370 40 165 135 437 135 133 166 393 154 474 514
371 269 15 446 46 236 249 28 655 261 30 27
372 84 317 1 222 696 226 309 312 221 160 188
373 134 553 553 86 627 809 13 342 907 377 181
374 407 494 90 328 327 733 327 6 252 338 114
375 154 393 376 103 122 231 278 21 166 187 105
376 104 321 378 491 695 734 177 223 183 509 480
377 103 368 157 342 94 65 664 425 493 107 319
378 181 155 655 526 498 405 283 221 434 142 222
379 103 232 129 232 5 53 232 705 256 180 373
380 178 177 94 776 204 280 494 543 87 20 971
381 150 103 0 18 218 482 47 370 116 135 65
382 377 62 571 408 845 56 209 235 234 145 591
383 181 347 122 656 178 0 74 905 215 347 612
384 181 155 58 107 212 576 82 104 549 800 533
385 160 809 465 473 495 16 164 13 342 726 106
386 181 386 157 880 859 281 412 89 136 165 483
387 377 155 157 668 157 52 221 83 280 419 642
388 61 179 295 106 400 509 325 5 24 23 170
389 211 57 271 513 652 513 124 404 16 281 281
390 392 390 396 390 390 379 16 121 438 417 417
391 182 394 368 0 88 121 116 655 458 458 623
392 390 320 394 320 376 283 290 231 797 18 146
393 392 283 131 949 54 305 949 132 62 310 581
394 104 368 391 157 489 6 194 238 525 266 555
395 164 424 950 644 269 735 448 87 661 265 264
396 60 214 278 114 983 333 981 245 40 119 165
397 321 385 395 160 28 473 42 17 228 482 521
398 377 316 341 309 18 420 188 679 460 23 26
399 450 172 251 165 33 13 35 367 333 82 183
400 20 728 260 311 905 74 495 250 321 301 173
401 712 995 712 995 712 401 430 425 457 65 160
402 377 204 172 419 129 42 64 0 178 440 177
403 403 168 424 462 5 411 2 208 210 58 62
404 518 434 10 20 287 80 183 145 434 161 754
405 303 363 128 198 203 204 820 106 226 114 128
406 332 608 358 407 93 473 183 89 158 159 237
407 358 11 360 371 424 81 215 64 68 212 48
408 96 847 444 96 474 143 340 553 84 83 465
409 325 508 363 371 58 462 506 411 194 281 160
410 160 278 106 480 74 121 719 397 179 394 250
411 866 96 469 96 303 169 113 925 114 932 82
412 54 132 434 303 630 303 271 411 63 486 286
413 168 493 42 405 256 748 16 357 91 66 67
414 415 414 449 414 645 697 321 61 14 289 425
415 414 603 414 605 851 852 415 86 142 441 573
416 971 93 108 112 474 90 90 160 302 13 444
417 115 373 194 832 195 586 404 254 128 121 189
418 508 142 856 856 374 505 62 211 252 83 484
419 199 419 63 252 160 269 139 107 133 10 638
420 314 223 87 419 497 77 950 820 51 306 113
421 359 529 9 358 374 466 11 128 21 820 52
422 19 661 11 569 707 73 218 513 229 115 83
423 485 981 423 96 170 495 473 403 172 420 312
424 172 333 518 62 495 160 45 448 160 446 15
425 543 113 129 183 542 401 65 401 424 355 121
426 526 426 290 165 251 26 545 183 218 18 167
427 82 279 106 256 221 256 542 526 221 177 459
428 301 168 290 405 411 84 549 187 183 6 994
429 429 446 334 272 710 299 549 106 357 64 201
430 506 496 213 496 488 362 420 311 74 282 371
431 160 388 164 269 546 163 518 560 400 690 494
432 162 90 107 162 389 326 932 254 62 20 173
433 49 433 49 612 248 260 10 405 169 256 290
434 412 3 990 59 698 481 83 81 569 569 9
435 65 525 358 141 661 700 11 504 8 950 158
436 437 847 333 340 367 183 909 209 285 4 282
437 900 338 16 362 331 362 486 160 187 365 486
438 531 79 51 93 30 51 65 440 457 426 93
439 115 172 142 105 48 115 41 202 41 113 86
440 152 612 152 211 705 232 457 172 249 932 77
441 107 201 204 820 62 812 54 208 115 254 445
442 114 280 14 196 95 61 14 277 296 160 467
443 527 527 113 318 411 552 87 419 542 256 173
444 485 387 523 332 141 9 358 913 699 602 183
445 5 63 303 169 5 464 377 127 84 399 457
446 447 799 166 474 469 66 654 789 93 482 553
447 272 309 317 309 549 288 19 331 464 556 14
448 933 933 956 11 129 176 94 199 13 171 590
449 414 415 852 206 575 206 94 199 42 642 284
450 434 427 107 371 45 139 140 446 461 461 273
451 558 213 61 499 501 160 314 405 896 710 188
452 358 452 498 440 275 123 338 434 97 102 516
453 932 493 424 478 113 424 106 314 405 642 16
454 160 281 208 115 152 71 162 15 183 252 809
455 443 26 588 29 151 417 64 215 218 225 283
456 456 64 450 183 426 290 424 641 669 930 234
457 493 283 290 405 419 828 896 2 96 242 240
458 533 15 405 356 434 3 252 254 453 654 288
459 340 811 62 256 462 513 513 474 258 38 39
460 333 120 79 226 340 593 200 275 542 413 13
461 446 461 45 269 334 579 38 547 339 455 860
462 21 96 259 509 713 509 551 299 549 146 316
463 463 463 462 561 462 58 597 932 338 263 48
464 420 511 541 139 342 156 232 556 14 936 231
465 615 129 493 153 211 56 826 809 806 285 304
466 504 502 374 506 44 212 21 363 154 963 121
467 549 356 375 211 371 283 362 956 213 957 700
468 172 172 61 61 707 566 358 729 649 246 7
469 375 51 64 615 427 249 695 147 233 241 963
470 914 105 333 444 263 527 547 981 981 113 914
471 810 597 411 163 72 163 612 356 301 429 424
472 255 610 142 963 243 244 234 96 119 980 757
473 87 661 570 661 293 530 538 173 212 82 80
474 254 211 286 126 55 211 419 611 11 362 434
475 300 10 260 248 341 560 42 133 544 257 180
476 108 357 108 67 189 434 210 533 187 82 121
477 91 66 146 226 227 254 254 114 256 283 211
478 183 419 87 404 173 68 121 552 195 411 671
479 275 789 168 133 284 971 196 280 62 70 180
480 671 932 295 393 378 385 182 181 103 18 258
481 54 252 427 165 256 212 411 511 651 427 249
482 172 181 342 797 231 351 105 363 121 190 564
483 65 362 365 183 285 854 183 155 465 61 53
484 694 664 401 129 283 395 387 523 172 169 24
485 443 427 615 106 132 234 242 13 32 35 533
486 261 32 23 25 26 135 338 107 153 16 367
487 498 720 699 504 500 44 161 81 184 80 490
488 529 720 529 466 362 81 713 509 540 509 160
489 5 35 40 725 318 370 33 40 151 40 251
490 490 129 283 252 195 3 102 192 271 243 105
491 163 654 121 88 89 411 438 588 545 28 329
492 950 754 674 141 365 353 121 63 212 859 520
493 153 173 17 532 233 637 234 233 333 355 106
494 142 180 468 377 450 600 493 405 300 187 69
495 314 418 509 494 234 166 518 577 363 105 550
496 161 405 166 18 365 401 44 160 212 932 174
497 482 162 217 160 4 211 11 518 509 710 509
498 406 406 160 621 180 84 144 144 615 121 219
499 525 265 232 294 931 5 809 806 304 89 91
500 466 374 7 569 105 550 480 80 357 589 107
501 500 506 529 506 674 674 504 301 820 114 338
502 11 128 218 219 218 872 85 221 256 183 351
503 358 11 265 498 856 950 74 62 554 62 77
504 160 963 238 440 450 413 526 390 103 352 681
505 499 238 0 268 419 198 198 205 581 531 531
506 506 288 434 856 913 7 451 558 9 406 502
507 507 507 314 52 185 125 142 45 448 428 272
508 105 145 303 244 963 160 142 427 40 318 48
509 546 604 305 89 64 229 31 170 135 165 550
510 525 856 612 492 48 485 338 28 115 254 531
511 64 269 859 832 160 4 431 434 17 546 526
512 366 283 28 128 378 321 320 321 395 174 107
513 170 249 155 377 659 659 659 659 377 495 748
514 328 459 717 131 411 738 208 114 438 261 486
515 176 381 948 381 61 179 231 178 231 178 200
516 6 4 194 63 132 481 411 481 131 82 853
517 333 13 146 549 82 373 82 263 113 220 47
518 154 493 84 411 434 458 377 104 388 157 103
519 519 465 83 96 64 309 224 17 41 254 147
520 6 644 489 300 405 44 51 409 69 189 121
521 482 134 521 766 521 134 554 134 5 327 325
522 493 291 346 294 457 238 64 191 350 191 157
523 292 295 397 368 391 182 104 104 321 379 174
524 72 524 72 106 615 106 287 536 229 198 200
525 238 252 212 169 333 13 199 121 210 249 282
526 401 365 695 597 695 129 563 822 936 935 353
527 5 183 165 75 48 423 176 450 186 129 107
528 191 179 741 150 376 391 379 390 380 295 106
529 452 8 504 359 533 188 282 69 409 140 819
530 533 362 129 425 513 518 513 124 513 74 1
531 256 424 139 819 461 118 326 306 373 112 258
532 520 812 174 84 71 431 249 859 932 282 190
533 530 533 264 19 83 693 121 338 66 984 66
534 544 450 280 128 93 82 99 768 97 533 226
535 482 450 534 440 24 23 480 21 329 371 365
536 189 287 106 537 397 103 232 705 401 130 426
537 52 61 499 406 699 11 19 160 268 282 533
538 498 11 720 765 44 649 729 44 550 667 465
539 78 420 20 80 490 165 245 486 106 560 922
540 184 162 333 107 65 232 60 397 182 103 64
541 181 394 368 434 159 160 346 511 411 286 249
542 543 222 86 33 169 107 478 357 212 166 187
543 93 563 484 563 936 484 290 128 41 207 107
544 107 417 114 107 932 31 254 173 115 153 434
545 29 113 318 375 183 655 171 23 39 84 585
546 158 638 495 211 45 269 15 160 68 667 13
547 527 976 442 423 847 417 486 318 486 295 471
548 143 133 557 77 811 79 820 546 30 29 133
549 184 183 419 68 183 366 10 405 371 81 21
550 105 405 132 243 244 235 244 236 319 158 4
551 733 64 98 371 81 329 106 81 418 160 880
552 208 208 174 859 971 973 971 540 549 540 82
553 553 553 554 62 256 345 121 199 203 291 14
554 62 338 251 86 82 450 5 230 230 366 74
555 754 266 804 265 11 506 83 340 142 217 431
556 113 26 339 170 5 437 261 437 25 494 539
557 581 65 380 101 581 820 85 74 215 189 519
558 674 141 661 9 502 500 266 264 161 405 498
559 160 264 406 11 530 358 106 434 478 424 222
560 283 82 147 612 612 17 166 4 145 183 426
561 462 506 441 473 28 914 860 978 753 753 115
562 14 65 998 65 380 391 393 376 203 204 820
563 464 160 666 166 576 142 458 13 303 121 665
564 12 249 602 616 1 250 0 368 537 103 368
565 754 161 141 504 971 699 700 525 407 406 504
566 8 502 332 502 505 62 811 62 23 251 251
567 843 567 290 87 114 170 485 338 409 497 340
568 256 63 921 56 698 281 281 16 304 57 949
569 570 19 555 44 754 674 707 86 74 248 221
570 19 674 265 661 265 466 359 504 359 700 299
571 3 57 481 898 481 5 763 5 557 128 215
572 776 196 95 820 342 191 824 191 64 375 64
573 7 359 359 332 7 570 161 434 677 434 768
574 280 214 82 567 843 290 283 303 859 195 3
575 280 93 373 373 714 813 544 534 450 295 383
576 166 820 581 497 581 473 211 355 282 355 356
577 375 62 708 371 160 28 81 58 131 281 211
578 577 282 209 564 10 971 113 438 308 129 526
579 335 429 164 424 748 424 124 768 935 768 101
580 580 580 580 580 580 580 580 580 580 580 580
581 301 444 981 847 919 113 48 443 333 333 302
582 971 9 674 9 957 19 249 280 574 280 167
583 521 583 521 389 376 308 157 155 145 256 546
584 563 522 493 270 28 33 590 38 35 301 445
585 706 86 395 494 12 996 12 739 495 214 215
586 194 132 234 58 372 106 287 20 366 521 366
587 236 209 303 212 74 20 42 333 271 10 326
588 28 375 230 333 320 283 518 106 128 169 93
589 212 28 107 131 419 405 21 896 329 91 212
590 590 28 33 35 168 263 925 263 160 147 145
591 142 166 374 44 504 332 505 499 525 8 661
592 334 933 46 434 548 78 79 811 84 513 124
593 908 51 160 250 526 53 280 204 95 94 486
594 121 362 128 918 14 226 307 872 377 231 730
595 52 53 85 314 160 270 419 356 478 143 166
596 366 521 134 134 523 706 290 568 168 600 129
597 282 153 166 301 281 845 305 949 511 309 311
598 134 340 96 165 223 106 607 222 316 221 312
599 208 133 483 226 434 427 121 199 918 206 6
600 129 425 873 425 121 612 347 352 65 371 548
601 233 142 560 283 144 144 283 17 254 355 46
602 441 473 166 331 73 311 184 81 363 210 256
603 414 479 381 391 391 426 621 180 601 536 298
604 546 58 89 919 114 46 429 155 284 206 202
605 846 605 414 605 851 605 797 14 283 492 105
606 495 5 828 142 450 167 575 851 483 61 179
607 519 786 189 287 509 282 41 493 523 292 292
608 971 406 608 565 804 466 510 8 570 452 823
609 114 255 63 971 812 877 549 540 121 35 86
610 296 420 79 86 121 115 129 992 129 413 813
611 419 333 609 114 121 161 87 106 489 157 483
612 49 217 654 233 242 533 303 57 59 698 208
613 243 607 419 356 249 932 46 334 139 164 564
614 756 183 450 420 210 13 351 352 65 371 183
615 820 333 288 371 269 147 695 211 283 82 170
616 320 393 301 263 82 30 229 84 399 401 430
617 140 273 461 819 422 248 282 65 486 113 473
618 353 183 545 23 480 80 96 261 93 458 83
619 59 55 194 305 243 411 481 160 191 166 426
620 290 434 245 96 438 330 455 89 96 361 135
621 160 441 11 10 173 64 859 411 252 58 166
622 238 89 5 106 145 105 173 87 87 243 158
623 450 86 138 56 532 107 450 515 292 62 295
624 21 896 169 816 151 261 437 5 809 738 738
625 4 170 136 361 533 818 259 695 491 816 169
626 87 448 274 428 448 484 232 526 576 128 129
627 678 480 107 283 393 382 393 395 86 620 86
628 379 383 379 397 122 122 656 177 377 741 103
629 440 534 544 82 209 139 137 92 21 105 115
630 630 369 96 263 847 263 405 480 509 212 665
631 159 166 347 166 23 160 214 231 172 585 813
632 632 397 296 83 163 17 163 459 759 459 44
633 633 633 633 633 633 633 633 633 633 633 633
634 635 285 5 327 820 336 337 6 272 322 13
635 208 210 351 495 128 53 103 64 170 81 254
636 636 211 552 195 194 533 404 662 618 820 751
637 209 599 242 533 55 520 859 212 364 433 372
638 126 173 651 546 249 82 203 121 365 405 300
639 209 233 366 248 282 84 235 610 420 133 307
640 640 124 214 177 64 74 341 248 221 549 779
641 669 615 404 354 124 99 139 334 65 94 377
642 642 300 268 84 555 409 207 820 51 82 353
643 17 248 221 106 42 188 42 133 547 981 114
644 950 303 365 353 87 258 107 47 417 725 339
645 414 443 417 443 725 339 115 105 41 136 115
646 131 212 642 82 23 151 263 232 1000 292 543
647 82 540 189 377 61 503 44 473 19 707 570
648 648 648 648 648 648 648 648 648 648 648 648
649 246 7 12 573 11 293 525 466 359 558 487
650 215 377 214 177 381 397 53 440 177 440 149
651 546 536 473 427 162 432 84 729 441 142 80
652 333 531 78 482 14 440 226 256 186 654 153
653 653 653 653 653 653 653 653 653 653 653 653
654 121 245 263 485 318 5 902 5 283 14 368
655 980 5 619 89 76 47 981 361 29 417 245
656 380 182 250 157 16 379 296 419 143 82 116
657 269 45 139 581 51 445 419 87 427 42 81
658 658 658 658 658 658 658 658 658 658 658 658
659 659 659 377 215 128 327 20 83 424 93 128
660 660 660 660 660 660 660 660 660 660 660 660
661 674 510 84 119 96 88 210 166 426 403 291
662 97 102 517 2 137 13 10 260 297 311 248
663 551 533 94 200 434 163 42 209 909 280 231
664 58 615 453 459 331 362 365 293 293 11 666
665 212 340 152 74 1 549 189 225 494 27 337
666 362 249 404 412 832 194 166 666 823 565 44
667 387 229 177 459 20 127 121 518 509 540 86
668 157 343 13 278 270 14 312 14 47 976 114
669 5 305 305 285 425 705 450 168 231 797 231
670 670 670 670 670 670 670 670 670 670 670 670
671 107 63 271 132 489 365 81 679 482 483 424
672 506 107 340 339 38 31 162 249 203 377 129
673 673 495 367 16 221 121 441 754 293 360 452
674 510 9 265 61 232 6 486 389 385 182 368
675 675 675 675 675 675 675 675 675 675 675 675
676 322 929 489 13 165 23 107 79 531 914 64
677 199 204 918 1000 14 936 232 537 7 672 543
678 509 299 146 18 225 86 818 86 777 173 269
679 508 533 483 851 575 377 776 65 107 410 258
680 380 295 585 493 562 438 437 5 117 118 83
681 191 166 187 105 310 340 438 438 31 165 590
682 191 178 681 123 302 64 133 362 128 970 51
683 131 373 812 102 405 282 355 121 4 411 170
684 684 684 684 684 684 684 684 684 684 684 684
685 56 921 859 932 489 2 411 5 486 458 6
686 531 914 816 455 165 28 722 38 474 112 80
687 404 101 353 249 252 2 208 738 738 131 209
688 543 576 543 399 457 399 133 405 796 405 256
689 543 113 232 804 266 9 529 608 754 141 504
690 400 10 11 506 661 252 195 738 271 949 55
691 691 691 691 691 691 691 691 691 691 691 691
692 130 13 730 82 96 881 96 337 135 170 543
693 83 19 661 19 9 406 505 358 505 661 518
694 610 235 240 963 86 65 204 533 302 419 526
695 227 519 607 519 405 16 338 28 303 845 845
696 226 390 526 450 214 176 515 572 936 965 936
697 645 414 370 92 160 57 160 551 533 141 407
698 285 408 281 698 552 63 826 809 208 174 16
699 913 141 51 121 365 165 115 900 411 4 698
700 957 213 11 608 7 8 856 355 356 828 160
701 462 545 442 35 261 116 165 932 173 651 272
702 107 165 36 24 609 114 89 215 66 480 143
703 703 703 703 703 703 703 703 703 703 703 703
704 107 237 237 234 159 209 494 918 204 283 355
705 232 133 309 511 511 118 461 335 794 335 334
706 936 822 533 170 419 419 18 317 116 116 171
707 566 573 12 681 682 681 123 860 135 65 483
708 100 618 617 592 273 4 158 950 651 420 666
709 353 796 353 69 434 41 123 82 453 254 433
710 498 710 508 81 932 296 376 296 121 425 526
711 711 711 711 711 711 711 711 711 711 711 711
712 255 303 80 286 408 59 54 4 412 411 63
713 509 13 53 526 782 377 495 21 169 896 142
714 129 460 473 582 582 184 86 177 64 323 300
715 799 160 388 296 42 5 96 816 169 29 438
716 5 420 932 180 84 235 158 243 615 180 105
717 215 494 268 313 223 309 317 74 366 109 424
718 63 132 252 252 236 371 105 21 671 932 106
719 397 232 178 275 434 167 122 150 368 368 392
720 86 540 509 958 69 549 694 255 610 57 208
721 27 30 36 29 26 26 971 184 747 509 13
722 278 231 278 257 543 817 493 572 350 157 390
723 538 92 96 113 419 450 340 165 27 121 21
724 160 148 191 150 389 585 600 813 434 338 142
725 339 75 367 142 747 667 118 183 486 478 91
726 342 13 461 139 45 164 272 13 236 121 426
727 84 144 121 186 433 83 513 372 62 251 455
728 400 86 39 48 165 280 282 533 473 116 548
729 525 8 301 504 11 213 421 258 1003 258 27
730 13 126 635 634 634 635 286 6 571 288 58
731 731 731 731 731 731 731 731 731 731 731 731
732 732 732 732 732 732 732 732 732 732 732 732
733 733 551 671 17 219 280 430 249 81 663 375
734 280 165 338 724 160 29 116 914 36 13 497
735 140 5 302 304 411 84 229 29 169 129 183
736 107 428 592 273 819 422 244 615 714 486 426
737 271 400 92 22 301 13 63 175 532 211 489
738 131 455 114 106 363 121 373 372 62 417 318
739 300 173 892 173 400 560 810 87 329 68 173
740 252 408 520 89 925 263 290 437 547 47 443
741 150 60 394 14 523 332 407 43 498 238 525
742 614 613 619 96 304 86 229 165 223 173 154
743 517 102 832 4 405 889 300 323 6 272 63
744 744 744 744 744 744 744 744 744 744 744 744
745 979 316 424 434 424 748 222 106 533 518 954
746 746 746 746 746 746 746 746 746 746 746 746
747 366 518 209 118 209 273 579 83 282 355 46
748 121 642 513 211 155 1 21 272 186 152 142
749 284 734 128 198 31 427 473 63 405 828 233
750 88 137 685 845 193 408 685 412 845 408 194
751 820 215 301 21 932 340 28 29 169 93 373
752 82 150 393 393 180 212 83 727 483 94 483
753 491 490 80 747 106 377 383 157 278 351 179
754 950 292 129 80 299 6 59 809 809 54 665
755 211 63 815 815 880 6 481 208 121 432 288
756 86 283 387 295 398 295 142 23 950 181 167
757 577 142 248 259 259 69 678 678 68 473 408
758 223 256 269 420 854 183 13 286 859 153 154
759 459 221 403 426 65 990 305 685 2 685 285
760 592 124 908 592 241 232 277 206 160 573 213
761 393 761 393 533 20 287 21 254 169 30 473
762 516 411 333 261 51 65 413 813 413 458 13
763 5 171 470 438 440 264 264 232 226 300 21
764 483 41 83 17 218 482 598 340 86 551 21
765 293 525 707 950 707 856 83 393 104 60 232
766 521 389 537 397 160 490 490 460 333 847 981
767 803 59 408 473 105 41 917 206 198 419 789
768 124 640 100 97 708 99 124 82 187 550 508
769 107 474 513 546 490 607 453 301 226 106 377
770 353 796 828 796 405 498 608 264 441 466 504
771 64 330 73 74 226 494 296 83 589 434 115
772 772 772 772 772 772 772 772 772 772 772 772
773 405 107 285 854 63 5 327 173 723 723 733
774 285 137 137 880 138 286 252 601 233 87 107
775 560 386 393 282 340 438 440 159 235 96 259
776 200 196 908 822 572 64 131 683 285 635 208
777 723 551 733 728 21 44 129 107 467 418 183
778 569 7 407 499 533 541 215 197 199 338 564
779 146 316 468 316 758 120 5 309 18 221 42
780 84 441 213 956 856 87 84 282 68 287 800
781 621 11 804 265 503 358 407 7 555 19 700
782 526 221 480 375 368 181 347 122 231 457 425
783 420 82 290 494 197 917 200 498 246 499 506
784 784 411 373 481 586 131 208 194 166 93 820
785 13 19 430 360 19 957 569 739 300 460 169
786 52 103 14 368 896 300 107 152 105 589 106
787 21 41 42 612 309 222 459 453 189 147 115
788 717 788 717 459 42 333 641 166 529 529 488
789 458 486 280 294 94 65 377 284 734 280 351
790 544 813 413 214 157 295 490 256 290 256 129
791 65 581 450 543 16 183 6 611 389 64 6
792 121 642 16 424 28 81 42 64 498 593 86
793 435 435 647 256 41 932 211 66 91 329 560
794 322 676 322 929 592 164 281 305 990 211 582
795 417 76 114 93 121 651 427 42 166 139 6
796 353 434 132 63 137 126 13 38 113 115 494
797 797 231 575 377 383 295 182 61 232 804 264
798 798 798 798 798 798 798 798 798 798 798 798
799 166 290 128 93 51 498 503 358 504 502 9
800 185 101 124 100 354 354 353 185 768 99 125
801 41 612 233 654 789 654 48 263 367 82 295
802 258 329 410 82 555 82 137 283 125 937 640
803 826 56 56 2 408 192 3 194 160 369 630
804 754 44 549 661 13 322 428 216 272 409 197
805 358 506 7 765 430 83 131 96 235 210 45
806 806 809 271 152 87 474 82 211 96 135 338
807 132 859 131 83 727 84 107 356 249 147 155
808 808 808 808 808 808 808 808 808 808 808 808
809 285 304 424 543 430 565 430 674 506 462 430
810 511 651 254 340 497 409 409 118 300 255 17
811 340 17 309 317 310 272 409 305 54 4 685
812 45 164 520 859 162 63 490 212 282 33 32
813 168 285 2 880 921 58 455 116 367 337 548
814 58 664 93 172 86 154 17 121 163 643 17
815 685 59 59 303 513 268 221 317 73 221 14
816 860 165 900 170 4 625 4 1001 6 286 486
817 515 206 793 613 613 756 614 756 183 271 132
818 533 310 170 117 66 478 107 183 355 896 303
819 422 105 223 165 261 169 21 169 229 39 409
820 183 152 363 508 62 152 615 669 420 430 543
821 160 54 132 63 552 87 473 87 963 209 300
822 572 282 249 17 115 128 15 15 334 140 6
823 566 452 700 247 267 570 19 666 566 700 823
824 191 166 283 367 107 280 232 231 257 231 692
825 306 121 107 401 129 544 82 209 158 107 63
826 990 408 993 408 194 194 533 434 28 365 362
827 506 494 70 932 419 419 252 601 105 506 374
828 233 434 393 612 248 221 549 678 184 166 380
829 523 493 254 84 250 610 255 371 21 249 859
830 452 649 452 265 823 264 510 674 565 266 950
831 258 402 148 225 221 313 226 114 128 751 128
832 3 137 859 803 412 586 4 170 607 128 280
833 7 504 374 406 502 44 765 86 264 247 506
834 107 837 107 531 106 771 16 249 351 95 181
835 84 86 145 615 152 256 518 83 214 211 249
836 706 280 290 493 440 149 277 203 95 86 484
837 837 107 954 87 41 136 438 38 421 525 232
838 124 768 99 62 81 166 301 482 64 171 261
839 191 121 308 21 420 83 113 33 878 33 878
840 232 115 337 511 346 351 351 283 559 559 142
841 376 6 562 6 563 706 836 332 7 332 699
842 211 365 310 494 58 281 62 125 124 662 84
843 290 106 83 118 756 183 88 750 88 750 88
844 971 699 525 525 8 950 266 266 13 207 116
845 865 305 58 59 826 160 269 447 45 162 83
846 605 846 605 414 479 177 220 114 419 497 340
847 925 48 847 172 419 169 896 892 367 64 124
848 445 366 82 820 932 419 268 73 313 310 366
849 63 129 546 742 546 105 82 1 316 377 262
850 546 7 720 9 573 573 141 608 7 222 560
851 907 262 656 380 656 177 86 222 17 493 523
852 18 104 288 283 379 385 82 151 86 261 438
853 82 211 240 963 58 283 162 190 533 180 344
854 63 571 373 115 914 338 263 171 13 78 82
855 155 101 0 215 23 142 249 473 447 592 274
856 833 5 445 518 460 189 187 671 356 142 187
857 191 528 489 405 124 282 546 474 121 478 66
858 306 612 223 518 252 281 174 121 453 62 201
859 366 387 379 390 381 390 378 393 321 390 409
860 165 280 196 41 85 74 74 872 85 443 547
861 350 157 64 115 135 169 41 167 491 753 548
862 777 86 820 150 104 288 84 166 493 909 303
863 57 460 129 557 5 249 530 538 173 892 44
864 411 5 232 397 632 376 985 376 82 114 229
865 2 305 211 506 166 4 166 601 160 423 438
866 80 549 67 533 499 700 707 602 466 912 526
867 340 482 301 930 669 669 641 166 422 363 211
868 320 533 63 208 58 58 175 58 153 173 142
869 397 397 537 403 377 284 971 699 506 141 466
870 65 176 94 199 203 249 747 69 480 92 434
871 231 385 376 18 310 85 370 361 339 26 251
872 707 265 267 265 12 560 84 250 320 296 215
873 401 835 65 664 664 65 776 776 342 262 160
874 65 752 65 200 593 155 877 28 170 338 48
875 170 254 23 212 404 420 249 420 123 275 562
876 564 4 532 54 698 305 305 366 859 665 412
877 184 188 424 81 183 900 165 86 400 327 327
878 33 409 280 41 165 151 753 116 455 438 340
879 242 235 360 754 141 204 196 908 918 199 83
880 880 63 599 211 240 160 333 180 348 191 214
881 96 235 210 241 237 159 215 589 589 256 145
882 166 18 376 250 495 87 215 408 57 174 140
883 336 971 582 418 189 255 107 541 155 351 377
884 412 154 424 497 424 172 426 526 813 440 65
885 21 624 84 166 664 425 568 130 172 93 515
886 273 269 121 121 612 859 612 217 654 121 87
887 887 887 20 68 173 166 201 918 204 581 21
888 412 683 57 520 63 5 198 165 486 270 278
889 375 62 44 833 5 7 12 661 459 695 424
890 890 121 820 154 153 254 427 96 591 107 233
891 892 160 242 13 624 409 171 370 47 409 13
892 173 282 225 459 490 518 187 189 536 214 278
893 971 284 133 29 39 86 551 533 201 342 179
894 327 11 498 406 501 452 265 141 506 672 44
895 333 129 615 492 42 133 116 411 88 302 89
896 112 375 328 474 494 539 77 932 147 615 147
897 263 169 329 365 7 8 570 823 565 324 720
898 481 208 211 364 165 545 24 964 24 590 171
899 2 192 192 3 272 612 41 180 70 107 129
900 13 30 609 24 494 662 371 208 738 424 128
901 137 520 4 102 101 124 323 640 353 687 353
902 5 24 545 590 40 953 23 17 226 222 107
903 191 130 621 278 157 391 295 308 438 28 329
904 321 697 414 479 177 533 17 473 184 69 287
905 311 184 419 114 280 21 160 362 293 504 501
906 513 627 189 519 315 519 259 327 733 728 20
907 936 822 183 108 91 64 323 162 236 96 91
908 922 496 602 529 504 421 496 141 473 418 6
909 209 300 531 531 548 497 424 429 334 579 272
910 65 324 19 166 857 166 377 390 283 377 383
911 222 309 17 309 42 671 187 365 820 107 279
912 526 568 426 114 165 29 590 34 54 59 192
913 699 441 569 43 452 566 452 359 502 44 459
914 251 47 165 280 706 523 543 16 258 329 137
915 38 38 847 96 20 495 405 17 363 314 256
916 414 603 414 603 414 645 191 149 206 160 44
917 41 105 105 84 780 84 268 459 519 786 206
918 1000 292 232 484 87 107 296 320 389 389 66
919 333 271 949 13 481 56 865 194 2 57 411
920 435 647 458 533 81 356 564 81 550 288 105
921 880 282 572 86 210 233 244 615 64 601 82
922 499 407 504 358 602 441 360 533 18 146 533
923 326 84 152 153 154 404 97 102 412 4 208
924 209 128 5 234 64 215 89 520 166 178 440
925 423 485 74 225 459 212 63 193 194 160 446
926 159 11 504 406 504 510 510 494 25 36 588
927 159 243 373 280 303 551 160 29 361 135 336
928 211 489 249 460 537 1 106 1 568 183 367
929 322 322 272 63 533 499 912 499 700 661 293
930 234 82 329 340 46 329 96 82 74 764 541
931 159 252 209 271 183 211 340 593 128 607 170
932 258 357 112 373 282 255 421 434 180 123 251
933 335 322 15 82 151 261 165 26 28 41 169
934 268 405 283 494 470 470 914 36 86 2 131
935 353 770 353 434 427 96 245 485 444 423 47
936 167 277 296 320 391 776 776 198 64 719 397
937 640 99 64 926 927 158 927 159 233 236 963
938 611 11 621 160 369 160 316 537 473 493 105
939 232 14 390 756 614 614 106 494 39 93 201
940 93 32 27 339 25 533 441 266 141 107 812
941 189 418 69 667 533 35 170 497 482 41 160
942 95 94 41 215 309 17 146 21 253 84 272
943 295 182 321 394 381 150 741 250 250 160 786
944 748 495 208 54 304 405 89 107 704 107 187
945 327 326 932 142 249 23 34 5 232 277 284
946 641 541 181 384 387 61 394 381 387 380 393
947 181 947 320 391 376 283 153 180 231 656 352
948 381 178 629 440 534 813 280 440 499 440 275
949 54 532 162 333 438 129 403 493 457 231 347
950 249 671 329 329 198 203 249 602 707 247 700
951 44 366 521 86 765 499 649 466 488 466 213
952 540 549 855 299 190 434 11 525 533 457 401
953 35 26 170 114 184 667 68 121 261 48 527
954 87 87 453 491 167 526 655 419 68 106 473
955 128 306 612 311 678 480 66 121 393 387 523
956 213 913 967 525 44 499 566 247 213 441 661
957 951 213 61 265 533 441 466 649 84 209 15
958 962 958 509 518 351 179 394 160 466 510 8
959 377 851 852 18 215 541 541 181 384 321 283
960 377 199 196 206 294 572 282 255 255 16 153
961 377 204 199 918 196 14 289 482 820 256 450
962 958 962 325 325 143 143 482 134 373 528 271
963 473 551 160 141 249 105 492 144 254 492 160
964 23 932 28 473 489 132 192 102 405 300 114
965 936 350 851 851 180 393 379 397 179 381 176
966 189 508 82 209 631 159 237 160 54 208 236
967 504 441 360 11 240 424 21 333 83 494 212
968 184 473 855 155 46 932 21 272 63 880 281
969 509 306 21 259 259 73 560 329 351 191 351
970 128 23 41 133 42 490 212 81 367 44 525
971 506 502 374 499 502 358 106 16 196 196 199
972 913 525 500 9 699 11 566 43 502 452 7
973 971 430 425 121 393 296 160 352 352 681 342
974 917 445 581 21 422 154 533 359 421 481 131
975 971 196 143 62 201 128 205 847 444 114 338
976 443 443 165 340 339 171 13 38 25 473 508
977 242 927 159 301 473 170 607 42 607 128 200
978 900 123 169 283 329 356 121 186 144 121 79
979 1 316 690 86 611 160 367 438 333 28 168
980 13 4 102 64 90 66 469 66 67 533 441
981 263 527 424 263 485 333 23 964 40 318 169
982 137 371 495 106 114 220 218 183 80 187 189
983 114 438 330 860 438 333 165 290 546 173 282
984 66 560 48 252 105 86 425 562 380 103 232
985 376 387 485 444 455 333 23 115 107 420 651
986 470 155 877 549 69 260 93 813 399 542 256
987 900 438 23 86 438 30 820 342 278 179 347
988 411 122 342 483 342 468 160 3 160 163 145
989 989 989 989 91 108 301 269 303 845 924 89
990 812 880 308 6 305 552 408 462 701 462 701
991 859 971 467 166 121 117 170 336 820 493 65
992 992 129 11 611 464 494 225 1 317 309 297
993 408 252 114 211 57 812 272 710 971 93 165
994 6 168 122 377 764 331 482 339 165 367 114
995 712 401 562 654 376 368 440 172 714 813 280
996 12 13 305 210 494 268 0 226 533 530 293
997 953 900 115 5 312 232 284 936 232 440 399
998 65 92 11 359 707 61 707 525 266 11 92
999 145 422 166 55 6 58 408 126 6 139 209
1000 918 377 734 351 483 345 345 180 172 342 296
1001 3 46 322 45 461 461 140 139 137 329 896
1002 560 321 349 148 225 312 160 146 316 17 180
1003 258 282 124 592 929 164 428 409 417 40 75
1004 55 107 468 172 130 342 393 157 394 103 86
0 297 259 73 221
1 142 338 900 437
2 126 2 194 63
3 102 405 290 128
4 96 5 308 283
5 201 918 14 283
6 411 271 142 493
7 420 581 450 123
8 86 611 292 64
9 265 61 178 440
10 535 10 326 155
11 611 389 611 160
12 996 12 265 61
13 474 663 747 615
14 797 231 342 468
15 121 355 152 70
16 305 409 90 106
17 612 211 730 730
18 317 485 74 248
19 513 509 467 86
20 142 474 615 331
21 188 710 896 404
22 137 194 405 221
23 39 480 107 326
24 494 588 169 129
25 24 40 438 115
26 26 971 672 406
27 23 474 329 169
28 86 525 358 498
29 35 168 62 170
30 29 21 486 232
31 254 44 42 671
32 165 314 219 218
33 33 39 13 147
34 545 30 32 338
35 339 725 165 128
36 37 588 545 442
37 38 48 66 514
38 409 278 377 320
39 48 492 152 84
40 261 121 10 340
41 95 218 94 177
42 495 1 127 435
43 44 121 128 495
44 419 133 42 169
45 933 269 371 82
46 145 239 234 239
47 41 434 69 68
48 151 23 96 259
49 217 71 49 153
50 431 50 71 71
51 445 820 249 438
52 397 397 60 388
53 5 285 408 625
54 34 37 123 337
55 57 56 610 459
56 55 5 154 495
57 59 809 89 455
58 63 625 63 132
59 192 411 506 494
60 368 377 203 105
61 250 320 296 295
62 748 460 300 183
63 5 169 364 212
64 0 238 158 240
65 53 280 114 83
66 96 866 80 142
67 189 147 105 166
68 64 102 98 323
69 329 105 506 406
70 217 121 601 121
71 83 727 483 362
72 163 459 695 164
73 485 333 212 856
74 221 312 301 730
75 427 115 261 333
76 976 417 170 360
77 166 226 275 368
78 366 223 222 341
79 6 21 327 96
80 137 194 281 408
81 508 82 219 172
82 18 307 114 307
83 214 13 305 194
84 48 485 333 366
85 309 222 311 215
86 117 491 167 203
87 490 371 355 46
88 89 158 82 132
89 619 56 59 610
90 66 478 652 419
91 108 258 108 91
92 685 4 434 148
93 664 486 278 183
94 377 764 30 51
95 64 216 64 249
96 165 443 84 107
97 97 185 800 549
98 101 98 100 404
99 708 97 5 284
100 86 259 173 533
101 99 139 447 164
102 517 2 990 59
103 390 390 395 182
104 321 250 376 654
105 169 419 531 142
106 183 410 183 292
107 428 15 353 796
108 69 508 81 283
109 62 856 932 420
110 111 375 455 981
111 258 559 283 321
112 357 16 190 329
113 424 311 301 273
114 423 245 455 423
115 548 381 180 254
116 116 261 93 291
117 409 10 340 331
118 21 306 434 208
119 455 443 93 121
120 309 177 65 526
121 151 165 340 274
122 167 426 318 5
123 339 26 251 370
124 101 0 177 176
125 121 594 283 424
126 271 304 57 880
127 130 257 426 206
128 52 128 196 167
129 450 434 199 94
130 377 65 434 340
131 859 809 55 305
132 194 826 54 809
133 52 1 147 533
134 10 69 260 89
135 370 339 167 257
136 151 31 612 347
137 166 664 486 53
138 160 821 163 142
139 581 51 486 493
140 644 349 191 907
141 166 177 307 872
142 173 154 82 279
143 758 223 560 215
144 144 144 212 589
145 283 225 225 309
146 18 376 60 368
147 87 283 3 481
148 434 128 114 76
149 6 379 316 218
150 378 491 168 83
151 32 24 411 481
152 79 62 505 407
153 58 115 21 259
154 83 105 163 473
155 153 494 318 333
156 906 533 362 331
157 396 395 83 368
158 237 319 235 242
159 963 234 238 194
160 106 242 106 589
161 351 351 321 156
162 323 84 453 615
163 72 163 518 533
164 46 129 256 474
165 333 230 282 68
166 520 137 815 880
167 182 104 179 388
168 515 290 64 89
169 371 21 690 690
170 151 753 470 271
171 299 171 443 33
172 413 493 180 851
173 256 165 47 847
174 54 54 4 174
175 685 92 723 538
176 94 515 167 342
177 65 324 10 11
178 191 601 405 856
179 345 254 282 106
180 121 223 183 165
181 60 376 368 83
182 602 700 707 441
183 53 420 191 212
184 508 549 818 301
185 323 185 662 166
186 345 186 152 70
187 80 671 690 447
188 495 367 980 757
189 187 283 131 126
190 971 520 285 552
191 83 812 83 292
192 516 5 177 146
193 803 195 162 184
194 193 59 859 62
195 520 89 57 193
196 971 8 12 420
197 409 326 64 325
198 199 419 64 172
199 218 222 420 430
200 51 128 278 493
201 205 93 133 168
202 201 128 593 196
203 14 776 409 336
204 198 165 25 10
205 498 526 401 600
206 198 593 936 167
207 201 41 87 963
208 815 194 59 174
209 301 121 859 281
210 169 211 859 59
211 117 66 90 425
212 393 395 152 340
213 61 104 549 778
214 215 717 411 517
215 188 459 163 82
216 15 125 354 354
217 160 242 238 412
218 225 226 62 58
219 17 532 63 738
220 215 296 103 377
221 283 63 63 518
222 467 142 142 333
223 560 73 248 260
224 309 905 309 317
225 222 166 453 301
226 232 368 395 395
227 226 165 86 840
228 314 106 550 508
229 198 197 205 196
230 366 83 495 87
231 426 160 877 184
232 557 395 494 372
233 404 84 623 450
234 828 546 226 62
235 210 546 526 250
236 162 612 424 263
237 237 240 243 931
238 930 238 233 244
239 145 612 212 531
240 235 238 243 615
241 592 933 956 700
242 236 158 105 303
243 820 93 515 494
244 237 159 158 236
245 925 333 366 44
246 499 238 412 164
247 267 674 12 11
248 73 707 950 533
249 490 129 714 494
250 390 181 346 180
251 417 925 114 976
252 427 119 40 34
253 20 22 686 381
254 46 495 188 418
255 363 280 62 186
256 80 546 909 546
257 401 282 474 183
258 249 310 494 187
259 509 549 64 64
260 74 220 434 489
261 116 27 336 339
262 262 191 13 661
263 47 220 128 340
264 161 107 954 249
265 265 533 572 282
266 324 44 51 143
267 266 804 754 9
268 459 513 19 19
269 448 592 447 139
270 493 419 252 685
271 132 86 822 290
272 617 618 404 366
273 819 139 428 448
274 429 273 83 278
275 813 544 105 170
276 560 229 28 105
277 149 157 130 401
278 191 122 130 65
279 160 490 170 411
280 483 157 342 103
281 738 208 481 411
282 404 99 107 375
283 693 82 221 225
284 284 292 183 308
285 303 21 371 419
286 5 496 466 452
287 298 536 20 329
288 431 160 17 82
289 14 523 618 323
290 108 183 611 183
291 5 63 481 949
292 280 142 107 154
293 374 293 19 422
294 346 157 250 296
295 283 125 640 564
296 166 559 258 142
297 49 612 147 546
298 184 678 549 779
299 190 533 186 474
300 126 138 59 194
301 225 18 166 520
302 303 121 340 491
303 424 422 105 161
304 252 243 238 234
305 285 408 63 87
306 21 325 65 515
307 133 168 231 280
308 434 589 357 21
309 341 74 231 277
310 86 180 284 749
311 218 85 309 312
312 311 268 0 166
313 313 317 314 310
314 312 232 204 820
315 218 86 457 238
316 309 73 485 317
317 295 382 377 764
318 13 581 531 405
319 209 599 211 210
320 593 204 51 232
321 232 103 182 104
322 164 335 269 434
323 654 333 47 26
324 65 231 178 157
325 65 493 153 121
326 118 651 121 759
327 400 68 366 253
328 91 11 247 566
329 424 125 124 282
330 223 495 351 283
331 362 405 405 10
332 44 506 44 502
333 486 48 417 30
334 164 45 162 2
335 461 461 533 262
336 438 545 588 307
337 338 183 486 394
338 82 546 208 481
339 113 419 84 546
340 464 5 237 932
341 297 259 818 440
342 726 283 174 269
343 681 343 971 859
344 262 62 206 440
345 156 381 391 182
346 342 107 169 128
347 612 427 261 438
348 349 342 296 295
349 320 104 82 23
350 861 350 593 515
351 106 283 321 368
352 789 275 813 543
353 82 543 576 533
354 125 101 155 512
355 184 373 133 450
356 366 169 255 255
357 21 17 115 254
358 510 525 8 566
359 529 44 525 359
360 971 859 153 254
361 165 38 33 35
362 5 135 438 25
363 367 486 14 498
364 169 229 29 964
365 222 121 99 98
366 223 215 313 17
367 36 442 318 443
368 0 266 141 83
369 303 738 2 564
370 245 47 976 423
371 160 81 375 110
372 282 588 34 34
373 706 124 82 234
374 407 374 500 358
375 230 230 21 46
376 122 515 373 121
377 207 409 10 564
378 385 103 60 60
379 103 60 167 41
380 379 391 971 401
381 342 376 64 238
382 379 295 311 905
383 379 719 64 201
384 363 129 367 212
385 376 122 179 388
386 560 75 84 780
387 283 187 550 473
388 104 389 391 182
389 486 94 820 162
390 150 393 382 377
391 376 61 387 115
392 296 103 582 508
393 395 376 150 155
394 389 182 390 296
395 283 280 128 363
396 393 282 33 29
397 232 397 869 841
398 379 385 387 523
399 526 458 377 156
400 560 1 495 214
401 282 411 455 417
402 349 179 128 27
403 172 419 133 402
404 234 637 209 209
405 300 187 932 128
406 7 511 337 170
407 374 856 12 141
408 586 233 252 427
409 29 5 489 21
410 183 450 64 820
411 116 361 333 441
412 404 115 437 251
413 183 291 129 694
414 916 414 916 414
415 86 10 728 92
416 327 141 161 161
417 333 527 423 847
418 480 508 10 69
419 351 180 950 812
420 189 533 457 426
421 525 967 913 700
422 115 212 431 105
423 176 176 593 822
424 880 880 174 809
425 835 84 649 466
426 486 169 828 546
427 87 83 140 334
428 272 13 177 905
429 273 46 249 282
430 765 293 498 459
431 70 433 152 404
432 162 81 375 301
433 372 121 31 30
434 820 421 365 495
435 160 251 86 506
436 115 302 183 820
437 89 64 354 125
438 96 427 48 678
439 115 883 115 23
440 970 820 198 329
441 19 533 169 355
442 442 36 10 306
443 41 21 495 118
444 13 27 336 133
445 86 41 820 87
446 216 272 290 563
447 164 13 171 160
448 16 187 183 155
449 414 697 5 763
450 714 419 642 83
451 466 267 247 246
452 12 430 14 206
453 254 144 186 654
454 258 328 329 434
455 470 271 448 335
456 405 308 438 33
457 568 357 143 419
458 82 116 160 264
459 549 508 418 508
460 115 155 486 176
461 269 932 642 300
462 424 401 82 53
463 462 460 211 208
464 377 548 816 953
465 786 64 198 205
466 267 359 525 499
467 21 885 106 459
468 730 82 68 366
469 5 557 256 114
470 980 5 807 5
471 295 84 727 84
472 255 1 1 537
473 509 212 408 130
474 473 509 306 325
475 300 2 140 929
476 112 258 1003 258
477 69 190 62 100
478 543 129 351 377
479 479 177 656 262
480 121 209 64 450
481 137 6 281 59
482 820 41 169 367
483 178 537 389 390
484 563 936 706 563
485 444 971 174 58
486 129 47 444 13
487 332 700 247 498
488 487 922 913 141
489 256 546 147 1
490 258 356 362 483
491 892 128 46 132
492 84 209 210 237
493 474 81 137 859
494 191 528 64 665
495 367 470 116 113
496 160 156 697 5
497 78 548 337 883
498 466 53 65 352
499 9 499 505 661
500 502 9 720 700
501 452 141 754 466
502 503 502 301 730
503 374 505 661 293
504 504 293 362 65
505 62 63 285 458
506 500 406 505 406
507 85 17 162 321
508 184 121 16 106
509 282 87 163 166
510 86 86 10 134
511 342 343 207 201
512 160 233 252 252
513 462 545 590 165
514 108 110 84 48
515 277 971 336 165
516 743 517 743 102
517 6 489 16 269
518 11 358 43 406
519 465 14 270 160
520 832 3 102 101
521 217 433 432 433
522 493 546 187 283
523 292 523 457 840
524 72 20 326 96
525 406 525 499 406
526 231 214 176 65
527 114 106 546 906
528 489 229 114 226
529 499 649 499 500
530 246 213 213 358
531 340 105 314 161
532 175 252 625 252
533 23 31 28 105
534 450 86 584 272
535 554 29 31 35
536 546 963 931 159
537 607 537 21 303
538 498 500 9 957
539 531 254 256 105
540 952 952 81 142
541 150 541 533 46
542 413 542 450 515
543 425 568 81 306
544 534 813 280 47
545 183 434 607 519
546 290 272 322 13
547 133 443 245 318
548 337 245 486 410
549 296 21 671 471
550 68 494 128 30
551 189 582 103 320
552 55 56 865 194
553 84 441 161 569
554 971 403 377 129
555 324 754 11 498
556 464 611 176 94
557 133 82 31 34
558 84 268 513 87
559 160 778 569 957
560 361 438 34 34
561 462 249 602 496
562 65 874 425 705
563 373 714 615 513
564 303 174 473 418
565 823 661 141 359
566 573 525 913 707
567 843 567 425 621
568 65 752 283 367
569 602 602 498 197
570 265 608 565 608
571 63 412 665 254
572 936 231 129 820
573 19 249 62 279
574 425 870 425 86
575 280 483 917 776
576 526 390 756 166
577 142 151 37 24
578 577 518 271 301
579 83 23 62 554
580 580 580 580 580
581 450 167 95 61
582 667 160 486 51
583 521 482 531 249
584 290 620 290 83
585 585 706 694 664
586 404 371 63 285
587 238 194 281 211
588 307 317 221 42
589 105 203 105 115
590 953 24 32 32
591 107 131 54 137
592 933 929 489 408
593 94 206 65 776
594 82 269 107 113
595 52 185 640 45
596 366 62 180 262
597 651 427 166 41
598 482 340 554 62
599 931 240 160 533
600 600 65 362 62
601 58 431 70 86
602 365 695 222 253
603 414 479 381 948
604 305 131 83 280
605 846 605 851 342
606 495 342 681 82
607 296 105 333 577
608 499 510 264 570
609 24 96 56 137
610 694 610 296 390
611 86 563 563 572
612 832 859 147 233
613 127 21 272 812
614 756 375 111 474
615 331 74 67 533
616 320 380 537 607
617 272 612 726 152
618 323 533 906 513
619 613 747 366 230
620 620 86 201 232
621 231 621 377 120
622 238 235 303 59
623 611 176 486 356
624 301 118 748 932
625 4 137 121 245
626 87 153 422 154
627 184 311 366 234
628 295 317 1 495
629 440 53 380 53
630 630 303 105 282
631 209 564 258 111
632 719 52 537 243
633 633 633 633 633
634 635 2 3 55
635 137 211 518 560
636 211 252 434 353
637 209 599 132 258
638 46 424 164 535
639 65 568 568 329
640 124 97 5 286
641 946 641 669 5
642 82 740 252 83
643 290 643 17 615
644 296 397 157 155
645 191 231 129 93
646 646 131 83 81
647 121 303 610 420
648 648 648 648 648
649 246 498 533 541
650 215 363 105 431
651 597 932 186 121
652 329 69 282 441
653 653 653 653 653
654 162 83 642 212
655 470 914 135 914
656 377 284 149 167
657 269 211 57 208
658 658 658 658 658
659 377 464 133 65
660 660 660 660 660
661 674 506 11 10
662 404 86 393 546
663 188 170 255 249
664 363 128 526 172
665 174 208 363 114
666 161 570 566 358
667 533 129 548 21
668 157 368 283 162
669 783 420 450 212
670 670 670 670 670
671 253 62 453 86
672 971 391 380 177
673 495 290 107 166
674 565 754 674 265
675 675 675 675 675
676 322 933 592 274
677 199 207 343 231
678 274 592 273 164
679 187 316 726 62
680 380 295 388 182
681 178 176 576 232
682 191 149 656 377
683 412 481 285 208
684 684 684 684 684
685 481 211 129 533
686 564 338 48 261
687 282 64 300 314
688 543 170 424 82
689 543 576 212 367
690 316 420 278 405
691 691 691 691 691
692 130 280 277 232
693 366 249 541 155
694 706 86 756 288
695 597 596 301 931
696 18 146 166 520
697 321 162 190 121
698 59 6 57 949
699 699 922 129 231
700 359 700 332 406
701 462 256 420 351
702 107 314 215 248
703 703 703 703 703
704 107 170 438 405
705 183 88 806 89
706 290 694 290 283
707 602 249 310 581
708 97 404 654 562
709 353 86 128 254
710 187 160 152 50
711 711 711 711 711
712 4 54 807 54
713 81 4 552 809
714 426 113 306 327
715 20 72 92 326
716 716 716 716 5
717 215 248 17 316
718 55 738 2 323
719 52 377 377 352
720 765 720 9 452
721 30 229 29 301
722 38 170 424 132
723 923 723 92 105
724 160 59 832 412
725 318 443 976 444
726 314 106 462 212
727 84 594 83 86
728 400 21 253 162
729 141 8 856 153
730 730 160 441 754
731 731 731 731 731
732 732 732 732 732
733 551 299 546 536
734 169 638 12 739
735 140 428 335 164
736 160 281 211 305
737 271 210 300 100
738 54 285 107 162
739 12 430 86 404
740 51 306 160 818
741 741 377 458 515
742 166 156 157 386
743 743 102 192 807
744 744 744 744 744
745 74 215 86 525
746 746 746 746 746
747 249 371 490 607
748 164 13 520 160
749 284 377 386 560
750 88 271 481 132
751 51 41 801 41
752 82 296 121 144
753 40 545 30 33
754 84 152 548 160
755 211 107 434 458
756 533 65 371 641
757 367 329 340 28
758 366 474 340 483
759 121 230 20 366
760 335 15 272 665
761 393 389 521 482
762 516 305 132 121
763 763 5 57 619
764 211 698 194 859
765 504 967 913 529
766 766 134 340 483
767 13 306 28 170
768 434 471 607 544
769 107 64 61 64
770 353 353 770 353
771 105 44 106 163
772 772 772 772 772
773 773 405 274 335
774 285 142 353 124
775 560 218 596 596
776 820 64 455 981
777 86 417 443 443
778 569 739 82 314
779 549 710 710 971
780 84 105 375 89
781 537 157 398 377
782 82 261 51 114
783 420 63 533 186
784 784 411 88 121
785 545 37 40 560
786 407 43 406 720
787 21 615 954 107
788 788 717 160 296
789 5 269 334 446
790 544 82 708 86
791 425 526 172 172
792 121 180 70 84
793 435 163 83 162
794 322 447 46 461
795 417 339 170 81
796 353 69 306 550
797 342 180 254 493
798 798 798 798 798
799 715 799 160 189
800 549 184 298 299
801 41 5 235 159
802 802 802 172 333
803 803 58 82 355
804 265 529 9 674
805 487 496 64 201
806 304 455 245 424
807 132 194 55 4
808 808 808 808 808
809 55 533 230 424
810 210 82 188 473
811 28 37 33 35
812 126 552 121 473
813 93 576 329 514
814 52 786 407 265
815 64 367 212 106
816 548 377 398 295
817 493 42 86 96
818 160 320 533 350
819 461 533 342 294
820 366 180 420 404
821 160 250 394 381
822 280 160 379 283
823 674 430 128 3
824 191 283 86 290
825 306 169 464 611
826 832 102 412 195
827 506 86 201 283
828 5 82 424 280
829 523 618 98 768
830 452 11 529 488
831 258 112 375 28
832 57 84 623 313
833 365 283 186 162
834 107 87 280 277
835 425 401 562 285
836 836 332 506 160
837 837 107 441 249
838 45 87 552 57
839 191 284 1 224
840 413 840 440 497
841 397 368 393 282
842 96 442 26 34
843 567 290 493 107
844 971 304 411 121
845 4 990 5 11
846 846 846 846 846
847 423 485 166 168
848 445 77 445 424
849 63 81 69 473
850 199 301 357 142
851 681 214 434 441
852 852 18 221 107
853 82 252 740 51
854 82 290 329 38
855 299 418 549 679
856 44 30 33 113
857 166 377 403 172
858 306 728 20 326
859 4 698 271 131
860 339 167 434 35
861 350 533 171 301
862 777 554 340 340
863 57 174 62 17
864 411 64 511 337
865 305 138 815 64
866 411 57 54 552
867 340 367 254 107
868 5 286 174 107
869 841 231 180 166
870 65 358 502 452
871 231 537 411 864
872 307 696 307 314
873 401 282 546 145
874 65 714 86 33
875 170 979 745 221
876 564 10 508 62
877 160 389 292 523
878 33 34 590 443
879 242 236 587 4
880 59 54 481 685
881 96 80 329 375
882 166 84 399 168
883 336 13 474 419
884 884 412 685 208
885 21 283 394 179
886 859 303 174 164
887 92 370 113 925
888 412 826 1001 6
889 405 132 271 272
890 890 890 890 121
891 405 221 313 268
892 124 424 125 937
893 971 343 191 348
894 327 21 68 678
895 417 333 405 187
896 287 162 186 450
897 263 426 526 275
898 481 55 211 430
899 2 408 552 252
900 251 135 31 162
901 137 901 137 3
902 5 171 133 65
903 262 122 122 231
904 321 301 931 240
905 177 321 392 321
906 513 615 17 313
907 936 484 936 284
908 593 167 575 231
909 129 457 197 494
910 65 515 232 515
911 189 1 537 231
912 765 86 131 481
913 7 246 499 499
914 455 131 532 131
915 38 37 261 427
916 414 370 151 263
917 196 280 278 13
918 908 922 499 499
919 89 859 886 601
920 230 920 230 366
921 56 89 482 340
922 529 160 200 776
923 733 327 21 92
924 57 107 459 340
925 89 925 205 172
926 210 244 84 142
927 926 242 240 160
928 211 434 169 486
929 489 644 489 473
930 926 926 210 46
931 927 159 243 963
932 68 301 294 160
933 447 592 46 405
934 268 340 249 83
935 768 371 129 19
936 955 94 955 593
937 404 100 92 678
938 611 66 90 106
939 232 52 232 498
940 93 168 183 300
941 189 537 7 510
942 95 60 275 789
943 295 389 104 157
944 748 121 117 252
945 327 327 327 259
946 641 106 190 366
947 394 157 395 424
948 381 397 52 52
949 411 434 183 257
950 173 21 128 494
951 913 44 367 367
952 69 663 549 325
953 590 38 245 42
954 154 533 32 116
955 128 220 68 80
956 922 922 129 162
957 12 466 498 265
958 509 82 541 62
959 377 450 526 172
960 377 659 377 961
961 377 839 191 351
962 958 962 325 962
963 142 269 46 269
964 373 197 918 167
965 936 593 198 196
966 189 420 363 21
967 913 525 421 466
968 184 68 220 68
969 509 540 189 189
970 917 205 593 907
971 284 191 857 191
972 913 525 65 0
973 971 108 329 249
974 593 142 404 162
975 971 754 674 569
976 981 527 318 170
977 977 977 242 241
978 900 953 816 953
979 1 450 186 272
980 367 151 62 314
981 443 925 847 444
982 137 81 280 203
983 114 686 301 930
984 66 112 112 80
985 376 654 233 63
986 261 455 304 809
987 438 892 491 377
988 411 408 587 209
989 989 91 758 61
990 285 412 138 286
991 520 552 373 311
992 129 543 222 107
993 408 59 826 58
994 6 379 164 96
995 712 995 712 401
996 12 681 682 511
997 27 27 997 27
998 65 840 562 533
999 145 615 180 419
1000 166 573 9 699
1001 803 194 132 949
1002 560 75 40 34
1003 258 375 211 301
1004 55 305 58 271
