0 250 174 59 174 107 207 198 329 46 933 139
1 368 377 745 377 52 719 379 285 142 147 115
2 107 131 285 586 2 137 546 272 269 152 355
3 211 599 132 271 54 208 3 128 167 936 563
4 1001 832 145 160 377 839 377 395 86 143 469
5 303 81 4 58 121 375 860 170 81 667 68
6 377 393 182 390 395 389 397 632 632 376 179
7 8 525 720 9 720 441 360 105 114 121 531
8 525 729 141 500 504 466 506 672 160 559 166
9 19 856 249 366 180 533 201 249 388 376 869
10 89 3 59 5 57 304 96 135 136 361 29
11 502 9 500 498 266 565 674 504 409 278 343
12 265 12 823 358 530 92 538 173 932 269 424
13 21 64 329 208 4 137 329 83 368 434 245
14 14 283 105 155 105 105 405 355 16 283 367
15 447 933 335 448 272 290 165 978 860 170 437
16 63 2 56 4 283 372 32 27 197 409 316
17 427 950 55 63 175 58 963 932 253 142 559
18 133 25 133 44 332 9 971 448 424 45 300
19 11 10 971 416 173 400 327 733 420 254 367
20 327 249 420 107 68 300 210 303 21 365 530
21 222 560 283 2 506 64 685 949 56 6 296
22 258 802 172 30 37 40 75 36 93 576 13
23 40 48 847 976 976 925 333 160 58 194 300
24 29 29 165 169 455 263 121 357 615 615 115
25 28 339 987 169 254 23 964 24 23 29 165
26 23 31 51 445 82 495 434 215 222 310 222
27 437 547 40 135 75 494 190 473 46 236 233
28 333 152 147 422 82 116 548 46 142 82 541
29 33 370 455 411 24 588 35 86 510 504 912
30 33 438 482 93 337 338 229 31 256 434 458
31 282 74 166 178 177 377 249 541 82 445 5
32 251 169 308 880 880 63 44 754 608 466 488
33 878 33 24 29 21 690 671 411 498 247 264
34 5 285 138 408 408 194 300 121 285 426 425
35 486 611 486 362 86 62 251 914 900 128 5
36 27 13 748 460 249 642 106 117 121 82 445
37 29 533 326 543 689 198 207 160 389 395 164
38 47 455 444 300 108 69 299 473 509 551 303
39 114 89 809 845 520 121 366 20 22 127 37
40 23 172 440 458 533 458 440 64 11 133 402
41 352 352 681 86 259 86 438 141 661 823 823
42 495 315 218 36 333 165 128 974 820 243 615
43 505 661 440 440 215 42 422 615 163 652 163
44 43 407 786 189 189 287 896 2 5 417 32
45 62 238 302 809 301 314 225 309 310 170 548
46 812 140 2 651 511 420 647 154 155 95 309
47 38 474 477 258 474 212 365 602 11 608 466
48 245 976 417 113 847 547 263 976 976 485 976
49 612 282 183 229 31 424 747 86 533 518 81
50 654 17 177 232 320 868 5 362 160 47 981
51 280 232 562 568 129 343 157 231 426 283 132
52 146 21 278 168 172 133 309 549 540 184 968
53 537 106 371 62 258 183 410 62 170 31 123
54 4 812 826 54 803 859 991 412 481 685 408
55 950 249 424 783 82 853 82 252 404 586 195
56 949 132 242 13 420 301 63 896 368 112 66
57 924 211 764 541 641 541 140 644 6 96 56
58 82 161 161 351 13 326 118 748 708 404 963
59 971 506 409 346 129 405 896 404 15 209 273
60 232 557 395 395 152 258 142 269 428 273 429
61 394 53 822 908 51 917 40 443 414 415 86
62 361 370 443 333 230 5 581 65 870 65 129
63 233 145 142 151 34 165 220 223 624 231 316
64 318 127 166 140 448 40 171 172 377 377 284
65 107 355 21 13 135 339 40 13 108 109 62
66 560 229 165 280 14 168 764 377 52 146 166
67 146 226 166 252 812 428 139 209 42 255 106
68 68 64 281 5 284 107 541 215 89 160 166
69 551 671 509 434 212 492 678 747 86 95 199
70 186 420 293 661 510 510 504 533 572 593 917
71 433 70 62 187 166 18 295 389 377 383 181
72 92 127 37 38 722 278 377 347 166 303 340
73 215 316 309 314 166 747 166 253 366 83 430
74 549 1 616 320 232 265 265 12 19 249 371
75 135 165 314 283 693 283 162 389 390 391 377
76 96 326 183 88 303 236 930 926 930 236 13
77 166 308 880 4 63 243 434 408 286 481 132
78 62 424 641 282 424 318 160 82 355 896 4
79 282 533 504 504 506 502 8 62 187 366 249
80 299 509 678 480 356 480 405 4 271 45 274
81 80 671 747 710 549 187 663 663 679 188 366
82 18 167 342 350 861 350 681 123 411 949 13
83 46 447 272 651 427 254 282 65 275 178 483
84 494 86 553 84 598 482 820 269 322 929 164
85 519 435 440 368 82 50 82 427 115 513 627
86 459 498 197 27 128 3 271 88 209 300 495
87 137 211 646 211 252 286 286 63 256 647 434
88 183 159 301 159 249 18 115 339 40 29 39
89 437 116 27 251 136 93 407 505 971 2 249
90 220 113 981 547 443 76 5 306 533 877 184
91 514 66 513 229 86 373 86 83 236 87 856
92 260 74 221 459 226 366 223 495 739 155 285
93 171 115 245 263 303 932 489 16 157 174 57
94 918 1000 292 278 129 278 121 84 442 545 27
95 917 206 342 726 5 100 354 97 5 738 412
96 236 242 62 28 877 533 17 269 272 21 230
97 618 662 62 518 371 365 18 280 204 176 238
98 618 124 618 404 282 65 65 290 356 549 212
99 424 69 663 460 493 585 129 362 65 197 52
100 92 11 327 894 327 105 64 21 486 280 93
101 100 323 64 243 159 301 29 443 251 40 545
102 101 97 533 210 931 240 241 233 11 293 365
103 123 123 900 438 38 370 26 654 783 654 163
104 394 14 12 666 267 570 247 11 358 502 499
105 607 533 515 94 820 493 115 283 355 333 153
106 21 371 405 333 163 333 113 423 423 443 361
107 113 473 327 306 68 301 314 495 329 137 880
108 652 108 971 740 971 2 238 601 57 195 162
109 51 109 366 17 87 441 213 913 141 525 913
110 84 546 84 112 80 20 163 422 17 474 494
111 474 160 549 218 18 177 380 65 178 53 820
112 7 666 12 247 246 504 674 430 565 823 15
113 847 38 31 261 170 136 417 443 261 655 28
114 154 86 218 366 693 121 480 23 434 362 483
115 336 337 170 212 329 108 66 215 460 730 82
116 987 900 170 497 440 515 64 42 671 589 249
117 160 591 419 184 166 159 234 931 238 758 223
118 549 710 896 303 363 283 181 156 734 320 628
119 427 119 753 169 212 252 210 208 114 47 86
120 309 225 311 905 311 282 375 110 258 932 326
121 362 506 651 301 36 75 48 338 28 106 230
122 377 386 560 66 560 922 280 47 318 183 286
123 122 349 344 349 347 215 411 183 308 211 842
124 142 84 754 44 30 367 757 577 757 980 427
125 640 99 62 100 404 252 812 859 57 303 551
126 54 174 303 665 859 63 363 114 155 393 932
127 128 955 94 351 167 277 284 206 277 180 149
128 42 612 424 274 45 533 40 545 165 35 438
129 576 176 318 367 151 116 170 485 318 442 115
130 82 310 249 84 338 116 251 417 116 860 251
131 963 86 234 927 158 107 280 221 745 189 679
132 132 160 736 736 62 434 651 950 651 950 249
133 14 922 847 48 38 245 115 96 438 437 482
134 766 766 766 134 134 64 95 199 820 336 30
135 160 58 159 158 926 237 162 643 393 87 280
136 30 39 39 114 44 83 140 429 335 428 447
137 137 2 62 106 419 473 422 42 560 222 268
138 286 6 57 193 685 56 138 58 552 195 192
139 160 89 423 160 426 568 168 160 221 549 218
140 428 216 461 15 125 404 87 495 105 233 433
141 86 521 389 162 612 272 272 273 301 511 337
142 106 169 137 59 58 481 599 304 424 153 434
143 325 96 474 121 490 209 236 87 459 212 170
144 186 932 492 48 211 990 193 57 412 252 389
145 42 473 963 473 105 495 739 569 441 62 79
146 226 228 482 160 68 494 209 210 420 188 183
147 366 230 80 866 96 83 221 317 85 160 519
148 377 150 390 391 381 479 381 179 160 139 99
149 377 283 86 191 212 641 160 446 45 892 44
150 191 83 115 229 169 13 281 949 281 57 195
151 29 37 24 40 245 245 417 494 404 100 107
152 107 201 128 53 822 280 575 342 181 380 387
153 249 747 473 17 342 343 107 4 195 826 192
154 105 83 932 253 17 145 256 489 121 316 1
155 46 174 411 665 4 612 306 91 329 169 364
156 734 280 340 78 107 201 167 572 563 93 30
157 52 53 380 182 392 283 376 395 387 61 421
158 210 355 256 338 82 168 426 114 78 107 96
159 234 96 263 47 339 169 16 164 137 365 129
160 47 370 38 30 417 133 402 258 559 142 424
161 82 145 591 83 162 492 518 513 83 20 537
162 63 62 597 411 473 68 663 551 434 255 46
163 420 230 898 898 481 809 137 58 886 366 305
164 535 554 340 218 74 307 307 301 356 434 4
165 366 248 215 314 256 210 245 121 4 256 83
166 42 81 20 480 143 474 546 17 177 86 518
167 420 30 764 211 269 83 17 654 211 845 281
168 64 482 331 707 12 498 804 565 804 720 498
169 336 27 151 753 86 256 128 44 459 498 777
170 336 337 135 26 34 361 455 860 135 437 25
171 113 165 13 197 498 602 616 459 548 531 434
172 130 13 281 54 96 604 458 714 62 68 80
173 535 13 113 183 203 128 278 249 137 301 276
174 126 586 126 564 209 252 254 495 211 340 79
175 532 175 63 849 387 366 950 249 187 189 434
176 275 129 600 129 221 160 214 124 354 124 838
177 214 166 818 92 370 85 151 30 437 290 121
178 381 156 122 515 93 64 389 585 544 544 542
179 150 379 285 83 513 226 254 495 278 377 103
180 810 301 81 412 57 481 412 54 132 6 323
181 385 377 94 776 65 133 136 96 135 170 165
182 321 104 390 491 548 46 828 419 106 355 63
183 15 322 676 428 15 929 489 2 194 815 5
184 536 83 393 391 380 377 575 351 28 31 40
185 404 97 323 102 102 812 373 112 51 261 114
186 450 420 326 84 211 64 183 542 401 562 202
187 667 189 147 612 31 438 114 171 409 280 60
188 145 82 142 856 612 404 371 255 17 295 288
189 67 86 427 87 506 441 573 213 407 44 498
190 160 228 301 45 271 301 321 592 429 15 541
191 212 152 395 164 533 15 273 886 366 165 336
192 412 411 537 243 434 253 258 108 356 375 475
193 411 285 271 281 698 411 537 366 183 210 245
194 412 58 586 826 2 409 28 953 816 336 560
195 738 54 63 820 644 528 191 150 61 182 18
196 201 197 917 820 201 93 82 304 806 304 599
197 198 329 351 283 378 393 761 393 296 363 364
198 196 204 936 572 434 459 221 310 86 572 776
199 288 70 71 431 152 433 71 433 180 254 820
200 41 115 38 39 86 438 590 494 450 176 478
201 278 28 35 121 35 51 346 21 459 473 114
202 206 786 52 146 1 199 258 357 91 474 375
203 105 366 506 913 956 700 720 804 232 484 232
204 908 95 197 13 445 301 137 82 51 918 820
205 557 205 922 7 720 332 406 501 176 275 368
206 342 495 129 292 409 504 406 502 499 466 912
207 820 87 258 347 612 211 304 455 119 470 438
208 820 41 86 274 272 665 121 110 110 474 258
209 210 160 87 58 234 235 159 244 84 119 753
210 926 158 546 321 160 826 586 126 54 271 552
211 55 481 55 194 990 193 408 281 57 520 174
212 550 21 303 166 301 68 21 690 222 301 171
213 529 608 7 566 247 12 430 86 426 160 550
214 231 231 440 493 424 78 405 105 283 106 298
215 220 165 47 339 114 184 13 38 47 86 404
216 971 184 64 937 100 100 62 312 255 169 494
217 84 601 57 285 625 252 803 195 859 57 880
218 82 180 434 41 202 206 232 939 572 484 64
219 483 41 23 533 29 160 667 508 667 118 279
220 17 21 278 256 269 154 963 615 518 366 10
221 313 295 60 420 107 467 222 166 252 131 282
222 222 188 80 82 180 166 152 183 12 823 521
223 268 212 172 87 13 184 549 184 81 418 6
224 64 527 423 113 133 417 370 92 457 238 243
225 189 187 550 249 163 249 356 106 549 667 582
226 892 226 301 453 420 235 610 250 351 157 396
227 405 303 3 323 353 97 353 353 160 621 425
228 121 12 14 394 283 280 283 160 269 5 97
229 434 212 256 4 859 990 59 520 22 11 7
230 282 559 559 282 480 62 106 355 137 6 204
231 177 656 262 148 180 433 364 165 165 251 165
232 473 298 160 20 142 58 89 114 158 137 126
233 243 926 158 82 105 115 170 212 589 83 355
234 237 253 434 83 114 375 663 160 240 160 87
235 238 236 209 319 160 217 340 922 856 950 158
236 142 151 417 107 281 333 434 231 277 149 381
237 926 301 747 366 494 506 11 529 498 405 128
238 176 214 83 23 107 438 308 438 129 278 257
239 243 373 706 936 907 191 214 13 624 461 13
240 233 87 607 256 81 518 351 160 63 271 301
241 244 243 58 54 665 3 107 493 440 5 42
242 158 62 458 5 53 183 258 365 141 499 503
243 57 252 195 832 160 388 249 107 495 160 47
244 810 180 149 342 351 106 242 158 174 815 305
245 76 333 173 155 215 440 435 616 602 616 435
246 7 421 115 438 892 892 300 268 0 250 394
247 213 332 699 358 510 19 83 494 287 69 287
248 696 74 212 576 82 170 336 165 170 16 363
249 548 170 355 518 82 165 455 39 34 32 29
250 393 250 150 473 106 253 932 671 68 420 338
251 170 133 82 377 907 180 820 136 41 336 816
252 434 256 254 114 76 976 976 444 301 596 597
253 459 90 108 64 24 494 229 494 544 813 280
254 531 186 70 71 393 301 268 218 128 143 820
255 365 351 182 499 241 158 238 243 319 243 236
256 283 105 367 546 221 248 0 74 480 183 82
257 401 434 231 575 377 572 776 936 167 491 377
258 478 477 469 91 758 85 507 85 53 922 141
259 536 287 69 467 62 544 568 420 654 333 62
260 259 818 339 40 417 114 158 546 462 513 372
261 119 229 30 546 518 21 29 51 261 75 339
262 301 225 494 128 593 204 204 51 197 601 422
263 564 209 241 241 592 579 447 447 323 100 640
264 856 506 249 83 147 107 285 211 114 160 621
265 533 498 608 498 264 499 182 872 74 82 201
266 232 918 776 94 128 106 367 21 259 74 225
267 19 957 19 61 379 181 394 181 296 83 83
268 160 10 405 5 458 493 419 655 116 160 17
269 145 300 662 618 353 121 208 87 153 154 282
270 486 389 341 215 650 215 411 286 174 665 142
271 86 620 290 563 290 14 380 182 18 366 180
272 186 420 123 160 63 854 82 681 157 52 377
273 83 963 404 62 158 3 175 288 758 288 71
274 448 271 589 107 544 105 358 7 222 315 537
275 176 593 907 907 179 376 179 278 160 376 392
276 401 568 450 257 377 368 301 621 425 567 567
277 82 154 404 615 465 83 62 254 114 527 424
278 129 342 257 65 285 533 430 4 285 411 597
279 118 279 333 154 820 215 341 248 282 190 533
280 106 756 431 288 217 612 71 83 654 153 211
281 183 20 92 238 238 64 5 74 230 106 549
282 107 19 459 498 293 754 324 11 406 499 7
283 379 5 63 174 283 121 169 252 3 411 412
284 749 62 292 295 60 947 377 575 851 483 226
285 13 168 83 147 155 377 494 90 143 83 333
286 160 552 89 423 547 847 443 981 113 556 232
287 536 298 301 29 116 38 590 953 816 336 165
288 371 121 174 305 54 809 160 114 329 286 2
289 482 598 84 144 433 434 152 395 61 301 61
290 426 486 168 167 231 178 656 122 515 458 86
291 420 932 20 11 400 222 459 17 249 80 473
292 295 932 544 121 4 54 2 832 252 237 424
293 661 700 499 525 729 44 501 232 501 406 466
294 425 426 306 549 68 64 733 306 306 728 306
295 393 295 314 18 84 111 258 559 518 226 275
296 62 210 3 845 699 499 7 264 608 440 177
297 341 316 409 325 306 113 168 292 292 64 11
298 184 62 582 508 86 81 363 105 424 820 615
299 171 820 82 304 303 950 963 963 237 159 238
300 62 458 129 285 57 849 849 859 665 812 102
301 173 21 1 106 259 400 173 932 420 362 401
302 303 423 318 64 165 129 401 276 276 275 129
303 15 183 159 931 301 596 301 820 202 820 171
304 411 115 932 255 106 551 106 117 223 655 223
305 63 285 211 389 103 215 549 274 269 45 162
306 68 62 137 164 388 164 46 828 896 828 107
307 133 133 403 291 403 133 134 482 228 312 221
308 396 182 397 320 434 533 127 105 242 963 241
309 309 224 468 167 122 656 231 168 413 13 207
310 86 525 8 672 971 971 403 526 401 542 401
311 459 565 324 565 674 510 506 956 933 45 160
312 301 278 179 869 182 385 377 294 346 342 13
313 295 393 182 392 392 103 397 160 492 932 17
314 74 1 84 48 48 482 655 655 171 443 919
315 17 366 859 173 41 464 35 23 42 41 581
316 215 211 571 303 434 371 13 327 96 474 859
317 313 74 438 470 590 165 261 133 120 74 134
318 725 40 545 165 482 482 133 531 366 256 224
319 209 543 183 272 310 932 367 337 170 105 405
320 213 61 178 178 0 297 341 222 282 254 441
321 349 349 6 4 6 411 6 430 8 86 290
322 334 334 933 592 241 252 82 51 167 339 167
323 125 166 399 813 600 129 748 121 490 170 36
324 266 525 65 101 0 177 231 280 405 143 290
325 10 777 10 508 69 189 190 62 79 120 79
326 21 1 450 295 276 549 694 610 59 803 4
327 141 420 68 142 393 612 340 464 183 562 413
328 108 108 478 107 544 84 49 297 73 297 177
329 46 446 447 473 115 816 491 340 303 209 237
330 330 556 483 47 547 114 362 421 452 666 19
331 464 483 172 486 106 73 268 106 358 499 700
332 487 488 496 141 674 569 971 467 20 495 249
333 302 303 15 405 365 44 501 44 649 84 752
334 929 335 448 429 461 624 461 13 190 366 230
335 45 371 212 210 58 518 771 13 135 914 115
336 160 128 201 486 278 908 820 204 141 699 700
337 133 333 133 168 494 576 128 160 576 212 509
338 82 450 458 86 573 525 141 7 511 342 776
339 135 13 210 303 63 132 160 736 333 253 418
340 766 340 777 86 306 612 963 301 225 17 340
341 218 5 34 25 361 547 48 96 83 44 332
342 214 231 249 473 549 287 92 457 399 457 425
343 350 533 473 329 114 160 880 815 859 105 473
344 148 280 543 424 316 221 53 440 493 153 23
345 346 6 96 285 131 82 552 520 6 181 628
346 51 204 232 177 344 200 94 120 17 378 296
347 681 133 307 872 218 315 218 288 212 152 355
348 349 344 262 160 159 58 63 63 174 157 396
349 180 932 107 333 89 412 991 412 64 419 290
350 180 493 183 145 234 241 209 84 727 83 557
351 365 602 249 550 508 373 92 400 336 560 276
352 41 165 32 26 38 474 419 249 518 187 155
353 69 551 299 6 64 224 160 963 931 301 298
354 100 100 429 448 216 64 115 129 87 506 699
355 62 87 404 662 97 300 107 856 434 34 38
356 366 859 685 57 6 316 73 116 361 367 82
357 82 12 739 82 410 107 285 552 195 160 210
358 106 589 106 90 11 141 420 452 8 466 8
359 558 569 661 13 423 121 190 420 627 627 667
360 951 360 360 441 366 188 155 17 422 42 820
361 370 25 40 545 23 96 327 325 326 389 628
362 401 542 256 531 811 497 170 114 895 114 28
363 367 35 878 33 31 165 170 163 420 820 366
364 21 20 137 194 63 896 81 533 800 287 800
365 569 105 153 58 518 105 333 21 11 270 611
366 333 119 455 245 40 261 116 987 816 151 261
367 170 460 189 117 491 816 816 116 207 820 28
368 103 123 37 32 23 953 292 523 387 366 218
369 88 54 532 57 240 210 243 83 518 557 77
370 547 318 420 69 216 461 812 282 255 152 211
371 21 166 132 949 305 57 88 304 54 305 481
372 58 88 411 784 411 604 411 261 151 82 450
373 243 132 89 6 362 533 171 981 411 286 249
374 441 121 438 390 226 443 13 271 305 16 45
375 28 151 816 115 249 165 40 443 925 245 47
376 376 654 66 90 11 5 234 86 21 256 420
377 961 377 572 167 232 321 104 392 368 393 384
378 321 283 388 179 103 181 103 283 390 321 560
379 628 389 317 85 872 314 105 362 82 23 27
380 232 918 64 376 985 376 250 166 756 106 287
381 157 483 340 474 13 25 93 143 548 816 987
382 393 394 486 188 710 69 434 148 191 494 563
383 383 157 231 621 11 720 525 141 19 430 674
384 388 150 379 316 268 218 459 90 409 184 129
385 378 296 166 351 166 74 82 187 152 71 217
386 17 1 17 643 87 189 87 304 303 252 55
387 395 83 333 81 663 80 129 329 351 167 526
388 321 377 390 157 384 393 250 150 377 120 120
389 211 56 610 59 738 285 990 5 171 361 981
390 157 52 197 27 151 40 590 299 968 299 184
391 320 351 495 121 27 722 38 438 86 438 427
392 390 268 215 201 395 82 179 340 438 339 169
393 145 256 607 365 169 89 809 304 809 59 2
394 160 106 268 223 87 21 83 209 319 237 237
395 557 79 115 105 147 85 370 37 38 25 165
396 320 434 367 361 133 544 105 518 252 241 440
397 122 231 214 536 298 287 800 533 168 484 484
398 157 320 947 181 388 157 321 177 380 376 307
399 84 727 464 136 338 420 362 12 569 739 82
400 105 282 107 152 186 70 431 84 118 300 889
401 362 293 506 409 316 253 222 7 359 504 8
402 258 143 83 131 63 434 243 64 249 278 270
403 526 231 290 121 13 342 60 385 394 387 376
404 97 98 62 292 176 214 60 295 308 169 137
405 160 128 14 181 346 342 450 526 183 375 211
406 264 440 970 820 333 96 469 96 411 405 78
407 505 406 500 266 9 957 265 9 19 560 40
408 489 5 333 423 171 533 201 278 82 63 195
409 450 291 542 544 607 548 434 367 21 462 121
410 160 131 832 586 412 252 252 4 283 321 104
411 89 301 20 160 405 210 295 471 421 249 329
412 105 199 82 28 81 486 417 847 925 245 976
413 93 450 611 450 176 333 444 438 337 30 609
414 645 414 449 414 605 414 449 414 443 427 950
415 852 851 377 393 434 62 27 24 411 212 641
416 971 9 264 359 7 324 10 325 420 29 339
417 160 333 423 443 414 443 76 96 369 88 0
418 188 508 509 287 298 685 57 193 195 2 434
419 214 157 378 321 697 697 321 181 295 381 180
420 647 93 714 486 129 198 202 41 776 41 23
421 434 280 14 18 115 436 438 86 620 86 107
422 21 306 325 82 594 83 249 253 75 437 455
423 455 411 193 826 193 408 2 285 254 441 707
424 105 441 720 608 141 166 178 681 160 82 234
425 425 256 63 486 184 114 129 290 184 357 112
426 86 36 318 245 442 444 76 263 486 318 367
427 546 2 285 13 356 671 106 163 377 181 160
428 322 533 163 282 212 434 145 393 643 162 468
429 45 87 296 320 103 0 498 533 504 332 502
430 107 362 62 467 86 362 331 464 523 706 836
431 427 115 64 90 459 215 756 42 495 249 231
432 162 181 280 909 546 212 508 260 508 10 409
433 431 80 64 65 101 354 353 106 278 621 11
434 132 131 366 283 376 203 168 231 385 379 164
435 163 131 481 160 417 114 86 103 582 508 546
436 437 436 437 417 27 29 590 533 818 259 509
437 48 417 176 381 479 381 394 537 1 146 13
438 367 165 34 434 460 80 379 103 123 115 254
439 115 411 271 210 169 366 229 23 86 707 872
440 438 28 28 952 509 184 188 20 971 608 213
441 17 297 86 100 353 98 99 424 434 412 87
442 40 40 417 115 387 381 157 387 198 202 820
443 339 135 336 13 130 167 200 434 183 63 255
444 444 263 338 96 211 142 20 230 375 108 183
445 64 615 153 612 173 462 546 158 546 404 217
446 592 353 365 802 258 16 375 142 28 36 127
447 429 446 139 581 204 93 14 289 482 165 89
448 40 29 160 240 931 301 655 223 74 537 74
449 414 916 414 414 370 41 917 128 95 203 199
450 377 490 160 423 301 953 301 153 86 297 215
451 360 430 308 411 212 508 509 710 896 12 161
452 466 358 602 498 499 332 7 5 351 280 333
453 142 31 24 27 258 112 7 510 492 152 87
454 62 203 249 62 18 366 758 288 550 44 672
455 444 976 318 86 38 33 35 32 40 917 820
456 456 456 405 105 114 96 83 496 64 372 106
457 231 377 392 86 295 560 362 430 506 247 661
458 458 450 420 610 57 619 613 793 206 202 562
459 616 459 548 256 10 20 80 243 507 298 507
460 615 459 496 466 466 608 971 504 406 525 421
461 335 335 322 533 19 13 333 81 107 86 777
462 106 519 459 549 934 268 295 250 394 947 947
463 463 463 463 463 462 173 21 314 295 311 297
464 160 242 5 458 413 13 199 95 86 328 478
465 615 747 971 799 447 461 819 422 145 427 86
466 7 212 355 513 642 87 393 249 506 211 364
467 459 615 460 183 280 367 16 771 518 82 365
468 162 612 726 160 190 418 62 591 145 105 223
469 469 478 81 306 86 525 707 765 365 486 176
470 271 132 552 520 55 3 434 859 991 859 546
471 810 321 947 393 394 104 103 18 222 560 361
472 610 459 496 459 249 473 19 265 674 265 608
473 427 153 932 296 719 719 182 397 394 14 256
474 108 328 474 84 431 433 71 612 424 326 121
475 300 183 309 85 86 611 129 611 183 705 232
476 258 328 329 113 62 366 58 42 199 174 812
477 90 108 112 375 424 15 160 468 495 208 236
478 477 90 106 771 518 81 212 44 155 31 51
479 381 176 656 177 86 765 293 754 971 235 158
480 121 186 254 23 41 232 971 805 487 487 529
481 685 481 738 481 208 285 138 408 215 81 83
482 483 65 870 425 289 231 343 128 203 284 107
483 142 184 290 168 121 208 815 685 815 80 271
484 936 936 563 563 563 493 533 185 371 351 122
485 387 849 57 54 285 921 930 669 641 371 185
486 365 401 705 211 755 211 106 420 373 508 546
487 213 407 332 505 358 406 608 264 707 700 971
488 499 374 504 7 247 566 421 466 407 506 498
489 132 211 375 357 258 16 375 16 121 23 41
490 81 509 259 21 615 309 615 249 12 166 799
491 892 124 908 197 52 146 147 145 239 145 82
492 160 81 533 498 359 558 529 699 358 213 498
493 835 493 401 133 27 39 31 612 84 107 531
494 466 602 499 238 498 160 114 426 133 365 363
495 42 387 376 389 295 295 378 182 283 2 54
496 922 53 466 893 466 358 504 441 661 674 510
497 340 167 468 107 237 210 237 252 611 86 184
498 73 84 333 577 142 74 297 905 215 434 166
499 241 243 235 303 88 129 63 193 826 6 665
500 266 13 357 301 730 160 117 121 84 454 62
501 44 565 266 264 499 86 518 509 713 69 287
502 8 950 812 174 210 546 362 549 104 104 376
503 358 12 86 31 338 199 197 198 434 34 36
504 510 466 488 499 44 401 543 576 82 340 10
505 249 434 233 441 566 43 407 786 465 707 720
506 430 486 115 249 405 405 356 183 280 263 486
507 85 309 85 222 219 377 120 146 549 747 121
508 69 87 654 17 340 564 876 564 303 129 160
509 418 187 473 471 810 222 226 225 282 375 860
510 499 506 362 518 252 412 812 932 586 462 212
511 682 191 149 440 6 58 685 685 949 305 409
512 155 855 473 256 258 211 489 211 329 434 167
513 546 233 84 649 441 107 597 546 536 601 480
514 514 375 66 477 108 375 96 114 420 152 249
515 484 448 274 45 142 151 753 548 115 18 280
516 516 2 886 859 57 64 357 589 434 572 563
517 6 481 83 211 240 209 285 2 281 174 58
518 426 82 84 664 401 294 203 829 290 301 137
519 228 253 189 82 422 82 280 133 820 482 820
520 58 424 58 809 89 107 79 417 27 560 362
521 823 558 529 44 293 365 12 560 74 173 301
522 563 936 706 14 465 189 533 15 45 322 334
523 280 13 147 316 695 317 314 17 83 292 1000
524 72 92 426 87 236 932 227 215 411 174 84
525 266 533 408 305 6 139 933 269 929 933 89
526 280 129 212 509 287 298 299 855 549 694 290
527 5 859 212 329 303 212 642 16 132 859 815
528 644 64 215 41 917 557 160 427 119 455 165
529 533 230 82 87 405 132 949 56 126 63 252
530 249 128 180 212 340 314 160 21 253 21 885
531 686 86 177 409 138 520 59 281 698 59 57
532 286 138 990 1001 3 845 699 529 332 421 115
533 141 8 8 160 68 121 228 223 183 562 562
534 813 515 14 380 157 52 197 409 135 437 361
535 777 69 473 269 282 33 339 987 914 251 135
536 214 83 433 83 46 329 495 283 494 576 212
537 486 114 464 114 2 665 665 54 126 6 141
538 306 400 69 424 404 234 931 294 493 457 129
539 531 333 233 145 326 409 81 222 537 394 103
540 549 64 243 507 507 243 80 68 68 663 663
541 249 462 506 374 502 7 525 406 608 359 496
542 440 14 64 212 576 82 5 440 435 160 145
543 121 187 249 87 422 21 551 733 551 473 170
544 82 15 272 13 146 316 758 91 66 66 389
545 24 588 35 533 173 147 615 546 803 4 533
546 651 427 169 210 45 933 446 447 448 448 617
547 339 25 34 165 31 31 932 129 694 706 86
548 434 813 434 412 286 137 114 983 114 172 183
549 460 730 62 188 74 468 342 147 13 156 697
550 508 550 107 113 361 444 442 115 453 607 519
551 184 107 687 353 98 107 55 193 58 154 163
552 126 63 685 647 256 425 86 85 537 189 679
553 554 29 29 420 166 644 528 6 921 880 286
554 419 828 106 283 83 373 166 430 211 238 700
555 856 533 106 519 228 309 222 225 331 29 160
556 232 320 181 393 377 548 62 29 31 186 82
557 445 160 194 832 520 832 859 269 121 245 160
558 856 558 569 43 452 570 267 266 246 765 246
559 142 424 304 971 284 180 157 157 179 339 113
560 607 560 856 612 58 586 412 56 520 845 2
561 462 460 214 215 460 549 187 546 173 434 544
562 413 526 813 600 493 278 908 199 917 593 515
563 706 563 494 12 661 505 62 152 132 242 62
564 209 58 597 596 282 258 165 121 187 184 80
565 44 503 265 360 265 266 61 14 482 165 212
566 8 86 82 199 677 434 173 306 68 671 551
567 843 290 231 440 813 623 84 323 192 826 4
568 425 835 493 133 309 42 133 336 338 564 81
569 739 495 290 294 526 576 329 478 375 230 80
570 707 358 161 358 765 293 504 11 240 236 236
571 252 211 56 305 174 286 285 303 244 422 87
572 493 42 245 365 589 357 375 16 209 174 212
573 856 293 661 700 956 430 498 7 502 502 504
574 65 526 290 829 203 121 433 71 50 217 521
575 178 342 351 231 351 5 283 63 820 86 196
576 129 286 3 62 230 21 212 170 417 494 62
577 518 615 155 115 914 36 442 36 35 533 81
578 577 363 165 96 866 80 460 215 905 74 756
579 46 428 272 461 139 428 676 160 84 338 987
580 580 580 580 580 580 580 580 580 580 580 580
581 21 118 301 818 166 856 153 859 269 301 113
582 473 441 254 186 490 434 198 434 308 390 381
583 521 823 971 304 455 547 444 86 450 142 665
584 290 356 290 129 231 179 179 339 179 128 200
585 544 534 450 714 86 377 86 601 79 166 644
586 462 408 208 329 108 110 111 375 105 303 351
587 4 430 506 358 765 9 529 362 129 162 50
588 28 896 405 83 601 180 350 377 351 231 249
589 256 80 299 549 460 518 509 424 474 166 818
590 24 36 170 105 258 160 183 69 212 531 254
591 142 441 430 83 506 500 264 358 358 43 499
592 100 185 708 62 255 363 115 405 314 219 60
593 86 430 420 316 1 641 160 450 464 377 127
594 372 373 243 237 252 210 105 152 114 169 62
595 52 820 28 473 404 896 892 44 324 63 826
596 218 226 390 308 17 493 292 206 426 93 29
597 597 651 420 285 59 803 54 208 210 84 549
598 598 134 340 922 340 445 51 172 256 106 253
599 2 896 173 154 422 363 106 459 106 253 405
600 129 212 82 153 256 142 366 306 215 589 160
601 886 812 859 474 84 373 481 6 170 411 717
602 362 820 13 767 114 263 564 356 303 283 82
603 414 370 245 329 560 775 560 518 559 769 107
604 411 867 411 89 238 758 405 419 531 482 78
605 851 681 345 351 166 223 212 212 508 188 81
606 495 1 368 395 86 424 69 549 694 610 235
607 471 84 454 84 333 133 172 734 157 301 35
608 498 529 496 141 466 804 11 91 183 35 27
609 24 34 33 590 27 197 215 73 498 64 511
610 694 484 448 424 115 337 338 28 24 27 588
611 160 108 476 112 91 96 881 96 170 336 30
612 272 310 170 438 30 151 339 116 40 24 151
613 614 106 132 249 654 83 252 89 5 308 411
614 106 303 356 80 249 505 499 264 533 529 504
615 518 187 316 793 435 65 818 339 482 655 172
616 435 147 424 62 418 549 371 424 106 64 926
617 272 46 132 158 233 212 355 169 211 194 195
618 323 98 155 877 160 258 143 482 777 86 21
619 96 209 541 62 493 283 282 300 218 268 223
620 86 2 140 5 408 6 275 426 401 542 401
621 130 277 191 824 191 682 191 601 107 662 371
622 238 62 263 442 48 113 318 113 129 180 344
623 791 623 458 83 46 155 189 420 128 303 269
624 231 344 157 396 295 382 377 280 60 283 420
625 408 271 152 21 115 282 163 533 350 822 900
626 87 187 74 74 105 180 86 152 364 433 152
627 86 510 674 141 161 371 256 169 30 438 116
628 628 320 250 250 393 301 818 65 435 127 105
629 440 426 183 695 211 924 845 865 305 174 126
630 630 630 303 254 174 395 174 62 135 26 13
631 159 301 931 599 63 815 138 990 859 132 258
632 376 376 391 376 103 378 378 181 95 41 113
633 633 633 633 633 633 633 633 633 633 633 633
634 635 4 412 552 55 5 201 128 607 87 280
635 520 832 63 571 6 349 349 5 980 261 40
636 636 211 256 169 450 160 856 546 604 96 469
637 233 101 101 155 533 84 431 288 431 212 212
638 55 2 826 195 586 233 612 147 615 129 495
639 209 243 244 301 132 106 400 259 173 777 733
640 114 252 273 46 252 209 238 211 64 389 181
641 301 444 361 245 42 226 105 434 417 27 35
642 82 854 420 149 179 376 397 103 392 321 181
643 393 342 797 605 797 342 377 396 320 213 332
644 950 651 272 812 990 803 990 305 409 417 409
645 231 180 349 122 377 851 575 342 172 204 820
646 211 48 442 36 34 26 34 28 20 230 107
647 685 305 64 51 204 918 1000 206 86 261 361
648 648 648 648 648 648 648 648 648 648 648 648
649 649 421 23 135 62 375 81 679 679 482 318
650 215 121 29 26 654 84 250 182 150 301 504
651 434 170 255 472 610 56 738 286 126 126 586
652 419 474 859 174 408 533 266 12 510 12 674
653 653 653 653 653 653 653 653 653 653 653 653
654 249 366 233 174 4 158 160 106 287 92 152
655 114 80 431 141 856 264 856 525 510 84 142
656 177 215 81 679 81 211 546 221 537 7 265
657 269 282 269 166 69 69 329 245 339 725 40
658 658 658 658 658 658 658 658 658 658 658 658
659 659 659 377 150 393 391 295 379 381 394 60
660 660 660 660 660 660 660 660 660 660 660 660
661 856 362 107 329 477 91 107 296 295 390 396
662 404 434 495 228 253 405 282 17 493 115 84
663 460 116 128 16 282 183 58 424 183 329 495
664 84 211 764 377 782 82 153 83 820 443 40
665 412 164 695 222 365 63 193 412 685 859 59
666 420 932 114 76 47 339 167 94 917 207 172
667 6 168 172 51 908 201 196 94 95 61 465
668 157 181 167 197 908 908 124 139 99 640 124
669 669 669 930 926 237 424 404 932 187 183 956
670 670 670 670 670 670 670 670 670 670 670 670
671 69 260 728 10 339 438 96 318 367 470 455
672 141 264 823 19 360 235 209 845 924 612 427
673 673 495 114 318 170 135 438 34 33 878 35
674 558 856 466 324 720 856 145 21 87 107 372
675 675 675 675 675 675 675 675 675 675 675 675
676 322 269 166 221 313 313 73 309 905 316 629
677 434 544 542 450 544 81 161 451 452 499 498
678 311 424 405 695 129 203 249 363 278 611 11
679 68 160 362 19 550 107 69 418 188 424 880
680 380 562 493 82 401 172 130 377 320 157 389
681 133 531 115 83 365 548 106 114 220 128 16
682 191 130 426 391 393 61 104 103 52 61 503
683 57 174 366 63 854 82 368 368 841 231 434
684 684 684 684 684 684 684 684 684 684 684 684
685 305 89 412 586 481 138 56 13 13 56 303
686 21 896 710 896 287 184 42 20 187 189 311
687 282 4 845 6 64 68 474 474 356 478 84
688 543 280 179 203 168 440 542 440 249 438 562
689 543 493 932 28 133 83 62 418 314 62 169
690 549 288 431 105 550 121 719 632 719 841 397
691 691 691 691 691 691 691 691 691 691 691 691
692 231 129 820 420 60 95 201 593 206 51 31
693 82 106 756 268 248 309 73 498 501 160 529
694 290 13 590 953 816 170 188 366 690 74 537
695 491 497 811 77 105 42 474 42 166 2 285
696 307 696 18 696 17 225 331 459 249 212 69
697 321 177 176 486 35 5 234 235 930 669 669
698 305 63 115 900 165 932 404 932 340 128 734
699 529 720 699 845 809 4 896 896 112 478 328
700 707 19 249 54 412 803 194 698 481 63 371
701 462 586 826 194 826 812 46 932 147 249 404
702 107 708 98 640 323 4 411 209 56 174 284
703 703 703 703 703 703 703 703 703 703 703 703
704 704 704 704 107 531 434 158 4 208 564 480
705 425 873 401 621 301 20 189 726 107 47 86
706 936 484 563 493 572 939 572 377 215 283 377
707 957 265 265 7 674 674 569 504 466 488 496
708 185 618 323 353 640 323 640 638 124 371 129
709 404 185 101 155 215 223 228 450 214 179 82
710 188 671 249 954 154 58 126 4 412 192 408
711 711 711 711 711 711 711 711 711 711 711 711
712 4 160 180 82 161 569 430 14 593 51 121
713 81 877 533 55 5 29 116 64 302 160 104
714 714 93 121 423 547 423 892 114 96 136 151
715 20 83 285 698 4 971 26 26 654 323 124
716 5 286 183 326 118 597 411 784 411 784 411
717 271 88 129 458 280 204 776 196 200 200 200
718 305 552 256 142 756 183 236 96 411 126 286
719 379 395 379 63 128 52 595 52 377 174 420
720 856 913 141 913 707 358 707 950 963 859 183
721 27 82 152 154 107 252 183 184 710 498 405
722 27 494 173 404 153 212 820 166 434 353 101
723 777 69 477 474 233 235 303 610 694 290 211
724 160 379 285 183 95 917 200 94 342 181 176
725 96 400 327 249 671 480 638 356 478 105 667
726 212 493 460 159 440 206 41 28 172 464 377
727 464 494 417 485 86 506 441 473 232 872 74
728 327 820 751 41 200 160 431 431 80 340 325
729 525 533 128 115 932 237 158 599 96 318 170
730 62 152 395 296 199 207 343 157 397 394 628
731 731 731 731 731 731 731 731 731 731 731 731
732 732 732 732 732 732 732 732 732 732 732 732
733 923 923 723 777 86 593 51 908 592 139 819
734 157 383 295 182 18 201 167 167 207 917 167
735 322 735 140 140 301 118 756 73 950 812 803
736 333 533 306 64 323 124 640 640 114 420 28
737 737 737 737 737 737 271 809 57 949 698 552
738 424 295 576 212 121 132 532 285 58 434 368
739 12 441 249 187 105 859 803 1001 193 252 518
740 82 601 107 166 4 564 209 140 83 433 393
741 179 157 397 296 719 393 162 180 422 163 422
742 614 614 742 742 546 256 489 212 431 4 63
743 743 102 516 333 847 922 822 922 53 183 458
744 744 744 744 744 744 744 744 744 744 744 744
745 221 493 41 128 306 366 248 218 73 17 431
746 746 746 746 746 746 746 746 746 746 746 746
747 215 400 260 400 106 489 929 15 139 107 687
748 118 118 409 421 434 333 527 547 48 333 473
749 62 495 46 405 115 116 34 590 24 494 375
750 88 369 96 242 533 23 171 113 725 40 370
751 6 685 298 299 590 34 361 32 165 290 829
752 283 290 183 108 160 464 820 162 612 42 20
753 900 183 172 292 280 232 493 460 183 36 31
754 661 502 44 129 343 13 390 392 321 179 104
755 211 258 329 105 226 82 31 123 251 115 301
756 86 145 546 212 420 60 295 210 208 210 255
757 367 24 39 367 892 300 166 210 245 442 170
758 143 328 327 82 234 159 238 587 58 62 494
759 459 340 254 490 212 77 581 77 166 184 160
760 15 533 154 393 950 55 305 815 194 57 126
761 393 154 62 89 520 166 87 21 83 115 107
762 516 305 718 305 809 211 96 867 411 132 234
763 763 5 455 165 89 57 949 281 16 15 121
764 211 420 340 491 390 409 169 41 199 198 229
765 856 62 212 172 30 172 172 342 17 228 482
766 766 340 547 547 444 527 6 481 137 901 137
767 473 963 244 237 243 926 963 950 145 333 419
768 99 121 144 546 129 813 544 133 405 211 364
769 62 458 426 92 68 220 223 495 154 419 129
770 353 121 17 155 105 360 498 707 232 178 53
771 145 405 434 10 400 81 87 353 404 153 474
772 772 772 772 772 772 772 772 772 772 772 772
773 773 405 245 165 249 353 937 100 185 124 638
774 285 166 351 161 667 128 21 42 249 212 210
775 560 223 366 537 259 89 809 465 615 460 467
776 918 196 424 87 23 142 405 4 612 726 121
777 21 222 494 160 143 357 249 473 106 189 314
778 971 812 428 579 269 155 17 121 366 145 950
779 549 188 663 80 243 434 401 424 16 115 453
780 84 494 590 38 245 338 169 828 612 963 932
781 52 221 313 560 229 119 816 40 953 26 654
782 526 128 115 436 115 233 366 312 189 679 533
783 420 138 252 826 2 599 158 235 96 470 367
784 784 411 63 129 165 314 301 651 546 249 533
785 409 346 342 228 450 292 953 35 31 438 35
786 465 61 345 681 851 350 351 203 434 338 564
787 21 548 434 450 257 342 160 242 233 404 125
788 788 788 717 717 788 717 271 809 195 193 1001
789 278 214 166 12 86 115 38 579 335 533 562
790 544 544 790 544 129 438 440 226 370 417 409
791 493 254 427 151 116 35 473 29 27 417 162
792 121 544 585 493 526 221 493 290 357 454 62
793 748 182 869 182 393 384 105 84 422 819 139
794 322 447 473 17 153 155 1 726 316 222 215
795 417 485 336 41 601 283 209 236 434 34 30
796 828 612 145 233 166 249 401 82 128 220 215
797 605 846 846 605 846 846 605 851 214 177 479
798 798 798 798 798 798 798 798 798 798 798 798
799 549 309 222 424 318 169 280 362 69 679 81
800 615 427 87 453 170 81 412 164 16 308 17
801 41 167 292 822 183 258 152 393 394 320 103
802 258 434 121 419 101 98 353 935 100 662 86
803 826 195 211 434 69 747 86 690 215 459 20
804 971 406 608 406 525 141 407 525 699 44 367
805 487 558 213 8 141 608 452 570 265 8 971
806 304 304 405 212 357 62 333 76 47 41 198
807 132 16 15 533 290 99 768 434 768 101 380
808 808 808 808 808 808 808 808 808 808 808 808
809 211 269 269 461 819 140 45 461 461 322 533
810 87 490 420 293 525 293 498 11 441 333 155
811 77 581 51 41 199 776 94 207 160 343 350
812 428 409 190 434 288 83 594 82 233 654 340
813 129 367 424 375 663 508 80 329 81 46 174
814 52 232 201 395 296 377 215 74 67 549 80
815 286 738 303 932 44 142 86 44 506 856 405
816 96 326 473 329 367 438 29 34 26 437 816
817 515 493 62 258 356 419 143 482 14 79 419
818 65 280 270 280 206 214 191 511 411 303 369
819 273 13 98 371 323 192 826 412 256 255 169
820 618 124 405 419 789 278 106 254 210 121 144
821 163 821 160 681 352 656 149 377 572 434 172
822 183 198 165 547 361 318 127 37 151 261 160
823 565 44 183 215 296 103 392 103 64 131 698
824 191 5 96 439 115 283 129 473 301 747 366
825 306 329 473 963 859 249 661 11 420 118 607
826 812 102 812 826 408 137 546 333 166 17 342
827 506 293 362 51 581 308 396 295 288 199 677
828 87 41 460 189 160 550 44 913 922 913 856
829 168 611 232 483 340 115 302 304 16 258 421
830 452 7 44 133 400 400 309 0 297 0 103
831 258 564 81 184 971 360 754 44 805 358 11
832 59 56 949 305 604 131 283 820 546 493 254
833 365 495 160 468 180 157 347 258 424 404 421
834 107 690 215 5 170 533 458 291 290 694 290
835 401 457 533 408 57 160 663 551 298 246 765
836 706 936 14 168 82 234 256 434 44 405 695
837 107 314 301 23 546 209 924 211 599 96 259
838 45 16 305 252 166 174 371 82 203 548 46
839 191 156 906 533 820 493 41 42 74 218 86
840 86 714 413 413 143 93 143 329 187 142 493
841 869 179 104 150 122 95 86 2 859 685 64
842 96 842 211 301 132 738 412 102 6 544 257
843 567 843 290 13 242 963 243 211 82 366 305
844 971 190 13 285 252 281 738 208 738 552 4
845 809 88 806 89 482 79 86 103 385 295 341
846 605 846 846 605 851 350 350 94 955 205 955
847 423 417 5 157 351 371 473 183 562 160 539
848 445 340 375 340 133 116 339 547 333 154 252
849 63 586 462 256 132 282 366 404 601 57 58
850 199 94 199 820 82 450 280 203 277 231 692
851 352 160 131 96 481 63 826 859 963 82 170
852 415 414 645 191 903 191 148 148 148 280 464
853 82 296 405 748 46 334 274 272 422 615 144
854 174 199 198 229 48 444 455 470 753 491 168
855 299 418 184 419 290 843 290 86 521 134 62
856 355 424 30 339 167 95 201 196 218 166 42
857 301 118 495 638 638 300 44 51 114 363 63
858 306 62 419 263 142 300 460 427 17 297 696
859 826 812 3 102 4 845 921 845 89 91 11
860 338 424 154 419 607 519 607 419 106 932 310
861 350 204 196 776 95 200 51 44 504 44 129
862 777 69 400 325 325 13 301 953 292 167 198
863 57 89 301 337 245 337 30 38 26 47 361
864 411 987 123 900 822 280 204 128 35 51 82
865 59 4 208 371 434 440 499 649 452 501 232
866 96 169 252 238 758 223 560 106 83 23 42
867 134 867 134 766 340 128 95 204 593 95 450
868 5 833 7 5 21 5 349 347 105 105 161
869 376 321 697 414 603 414 603 414 645 697 156
870 425 86 225 218 420 254 115 63 184 187 249
871 231 385 295 255 211 258 198 5 462 513 365
872 309 225 218 297 309 221 215 58 192 192 271
873 425 294 425 791 612 424 280 114 86 84 112
874 425 426 283 594 83 180 157 156 232 525 729
875 170 280 575 851 483 482 93 82 114 983 333
876 564 208 115 302 252 685 412 256 211 755 211
877 155 284 232 129 353 937 404 62 296 199 105
878 27 339 165 464 822 280 95 94 440 438 32
879 242 241 158 240 160 4 121 490 82 51 256
880 6 587 587 237 319 235 159 183 252 411 4
881 96 113 23 142 46 355 256 63 278 201 197
882 160 165 212 74 498 247 661 12 266 267 266
883 883 165 86 142 589 106 351 320 308 166 2
884 884 884 412 64 771 106 253 509 958 509 969
885 106 363 161 249 518 212 172 468 224 74 107
886 665 6 362 430 107 356 301 20 82 292 1000
887 885 21 303 665 254 226 370 38 245 423 925
888 412 57 863 57 460 244 460 411 411 455 89
889 828 612 393 380 440 562 457 86 138 58 950
890 121 458 420 373 121 427 254 393 180 421 765
891 892 173 728 535 482 129 121 152 404 152 283
892 114 183 172 212 212 932 249 856 19 9 332
893 971 416 971 971 893 971 430 12 265 266 213
894 327 10 121 21 346 351 321 396 182 104 181
895 333 474 422 393 473 184 513 84 623 450 83
896 300 145 145 58 434 506 247 264 232 611 292
897 263 976 114 168 301 428 579 447 322 461 448
898 230 80 357 671 81 710 971 480 494 375 114
899 2 586 194 132 62 19 155 546 321 947 394
900 464 23 494 100 92 538 498 238 194 1001 194
901 137 62 546 103 376 64 141 510 8 499 502
902 5 726 107 342 343 160 611 493 458 168 484
903 191 343 191 645 156 345 156 13 69 105 159
904 321 250 379 150 155 44 565 324 558 487 558
905 311 312 177 479 479 479 177 297 74 152 84
906 513 226 371 13 343 129 35 301 138 252 611
907 593 205 86 430 7 451 566 7 956 213 61
908 822 822 292 450 714 813 543 494 209 236 96
909 303 255 434 340 367 531 548 121 17 405 375
910 65 264 440 159 233 147 932 258 559 283 518
911 222 219 314 161 570 661 211 412 434 544 62
912 466 8 525 421 457 197 27 136 89 165 329
913 950 492 48 113 64 129 187 121 118 21 221
914 251 900 123 31 34 29 39 34 361 27 136
915 38 27 590 953 35 169 367 23 367 261 165
916 414 415 852 415 86 706 86 163 366 217 288
917 196 94 206 128 371 128 129 186 62 77 581
918 593 206 918 200 160 454 189 799 189 121 128
919 263 274 448 45 142 23 165 165 280 183 611
920 230 230 898 230 533 252 286 486 53 420 249
921 63 269 288 433 152 160 142 367 155 95 207
922 856 823 7 86 173 282 531 367 280 388 394
923 326 326 20 189 418 184 678 92 152 340 179
924 89 160 263 301 215 306 91 375 896 404 586
925 47 971 627 62 300 255 419 302 115 417 263
926 242 963 58 845 921 6 473 108 67 533 877
927 237 244 58 42 422 518 145 256 351 351 377
928 211 195 411 430 107 133 208 281 3 3 107
929 929 933 334 164 216 64 640 353 185 97 125
930 236 209 963 319 235 303 252 552 211 375 230
931 238 930 669 615 106 82 127 82 462 82 58
932 419 129 137 81 44 106 21 86 777 535 340
933 933 929 929 335 335 428 45 164 695 249 671
934 163 62 253 184 86 229 23 301 28 121 128
935 353 100 424 230 82 318 615 521 340 152 86
936 130 172 734 156 345 214 157 394 320 179 869
937 99 434 768 185 101 371 495 105 518 426 518
938 611 419 12 161 82 188 215 717 131 717 411
939 232 178 575 280 128 340 331 222 219 377 283
940 128 388 160 820 172 256 87 132 481 54 55
941 189 189 82 201 205 593 200 581 78 107 859
942 95 61 280 486 106 747 184 19 83 84 494
943 295 308 157 103 295 321 391 182 308 411 867
944 748 62 748 106 230 282 812 126 408 211 283
945 327 96 234 145 212 91 183 90 162 643 963
946 641 106 518 211 2 285 635 286 59 619 96
947 947 60 385 296 420 362 560 223 758 288 506
948 381 157 231 206 290 295 182 296 389 66 96
949 698 698 411 517 195 411 473 327 400 10 89
950 856 107 87 626 87 665 87 50 654 17 1
951 913 700 213 720 700 971 799 971 3 160 296
952 81 280 294 401 870 425 84 162 482 331 764
953 301 428 812 685 880 6 102 64 572 280 82
954 249 115 494 509 299 590 35 38 409 497 491
955 94 128 378 179 231 232 493 483 345 191 231
956 498 160 237 159 301 404 601 141 498 533 493
957 12 466 499 8 573 11 359 499 359 699 406
958 69 212 252 282 424 45 533 32 590 86 620
959 377 494 191 352 342 201 918 95 201 169 251
960 377 393 153 166 105 506 293 374 500 498 804
961 377 483 321 181 231 645 191 166 17 226 85
962 958 509 68 329 367 892 44 359 44 213 7
963 301 444 455 271 455 333 120 74 21 64 302
964 24 988 24 261 115 86 430 565 12 661 264
965 936 129 162 31 51 160 268 212 493 17 615
966 189 459 17 166 559 559 160 466 451 496 141
967 913 560 73 316 459 390 378 150 155 420 18
968 184 256 405 187 671 189 671 747 678 311 73
969 509 62 292 14 430 107 236 244 209 211 571
970 546 84 399 543 209 271 13 183 113 86 163
971 8 856 142 62 153 211 2 273 819 140 209
972 509 69 710 747 678 492 518 16 128 280 277
973 971 971 729 358 608 246 765 44 533 170 338
974 918 128 206 214 94 320 182 295 62 714 714
975 971 336 485 221 215 313 560 66 469 66 984
976 976 417 133 129 922 499 501 176 423 485 976
977 977 209 183 520 412 89 437 337 133 531 165
978 900 40 442 370 39 48 115 28 820 86 627
979 106 671 582 473 280 47 547 847 113 106 282
980 13 581 13 10 143 405 62 262 160 548 78
981 925 113 41 169 987 438 25 26 35 338 900
982 137 901 137 82 441 729 441 213 498 293 141
983 114 919 847 919 919 40 545 23 36 438 411
984 333 615 106 371 549 473 536 83 586 412 256
985 376 150 377 577 518 105 170 64 169 588 30
986 261 470 271 13 624 13 342 851 852 852 852
987 438 23 427 169 128 197 95 51 908 918 494
988 411 430 362 28 27 170 23 820 201 183 113
989 329 147 160 136 438 123 37 667 549 118 387
990 281 411 174 285 411 717 295 283 191 907 349
991 412 888 412 243 931 926 64 271 304 13 244
992 129 542 168 64 177 377 122 231 841 368 61
993 408 473 80 106 223 183 256 152 440 238 241
994 6 58 303 845 281 303 300 11 504 430 504
995 712 995 712 401 574 425 86 39 48 437 30
996 12 300 45 272 272 446 448 164 46 548 405
997 24 37 32 533 58 54 552 408 192 411 498
998 65 434 295 377 166 83 494 280 342 575 167
999 145 999 145 87 131 481 586 404 420 494 152
1000 292 426 401 249 44 106 589 589 638 12 300
1001 832 192 132 411 57 460 419 211 131 281 183
1002 560 29 590 494 86 392 376 307 317 366 440
1003 258 564 564 183 430 411 2 158 82 932 326
1004 55 2 160 369 160 149 6 56 126 131 101
0 250 174 59 174
1 127 166 74 254
2 880 4 1001 4
3 473 434 548 283
4 4 281 164 281
5 481 107 158 121
6 137 107 318 482
7 7 608 266 555
8 661 252 132 285
9 499 602 358 505
10 44 441 82 739
11 11 265 957 265
12 996 12 265 265
13 349 6 3 55
14 64 102 97 618
15 303 81 4 58
16 132 481 63 921
17 314 105 550 44
18 223 313 218 311
19 560 518 107 174
20 121 357 82 152
21 11 502 505 43
22 301 473 116 280
23 820 87 147 513
24 440 542 275 458
25 459 87 300 489
26 27 40 725 116
27 25 654 105 357
28 116 28 25 654
29 160 380 380 656
30 38 23 31 28
31 29 116 513 154
32 339 165 437 27
33 282 65 358 502
34 33 13 730 13
35 183 245 337 337
36 75 48 678 274
37 151 361 339 361
38 35 953 301 357
39 23 32 251 160
40 24 588 392 283
41 483 352 681 214
42 17 252 88 121
43 324 441 142 83
44 430 4 303 363
45 447 933 335 448
46 174 282 559 258
47 370 417 107 420
48 38 13 33 23
49 152 615 714 486
50 643 217 433 233
51 375 889 300 108
52 157 157 174 363
53 61 345 160 533
54 131 55 211 62
55 193 803 859 132
56 619 89 10 271
57 3 6 1001 193
58 159 105 771 105
59 6 184 290 434
60 378 295 389 104
61 103 86 114 106
62 441 12 560 496
63 236 434 269 15
64 389 53 65 199
65 840 65 86 251
66 477 478 110 84
67 86 132 152 269
68 400 173 723 92
69 173 142 783 669
70 494 82 154 424
71 393 84 244 243
72 21 81 329 184
73 485 333 120 79
74 67 549 679 69
75 75 427 980 119
76 245 113 115 263
77 107 21 42 226
78 13 56 137 546
79 116 38 321 321
80 375 230 283 263
81 490 513 66 211
82 170 427 119 455
83 147 83 223 226
84 441 160 205 581
85 53 65 990 812
86 82 168 113 527
87 131 604 546 427
88 54 252 281 859
89 809 685 647 685
90 66 514 514 91
91 328 86 499 913
92 480 508 549 667
93 494 83 147 160
94 176 593 936 204
95 918 64 440 6
96 318 283 308 880
97 662 124 166 221
98 404 546 422 272
99 937 404 82 115
100 51 113 133 129
101 211 464 183 172
102 2 283 160 361
103 296 395 80 129
104 388 295 390 391
105 544 820 654 333
106 142 82 385 231
107 375 577 249 5
108 81 3 886 665
109 108 183 411 170
110 111 110 91 419
111 84 594 121 642
112 478 62 35 455
113 306 400 509 260
114 170 490 459 221
115 136 41 180 468
116 987 900 860 337
117 170 86 690 671
118 420 373 194 411
119 261 24 39 30
120 0 223 330 455
121 453 87 615 84
122 191 13 121 441
123 411 516 743 102
124 323 124 638 355
125 125 708 768 708
126 638 355 107 45
127 318 482 554 971
128 168 424 295 471
129 548 531 340 434
130 160 127 36 82
131 422 147 615 144
132 59 195 832 192
133 136 464 424 483
134 482 41 249 46
135 26 47 361 981
136 170 133 25 93
137 54 411 271 698
138 921 63 2 651
139 429 334 334 322
140 929 322 139 445
141 14 526 542 399
142 508 81 63 815
143 484 13 550 249
144 212 856 362 121
145 612 41 333 271
146 147 644 489 929
147 644 296 203 199
148 149 149 160 610
149 88 411 671 42
150 820 5 191 283
151 151 251 86 151
152 186 165 31 932
153 404 282 546 812
154 114 105 509 671
155 106 434 269 152
156 181 157 345 160
157 182 167 130 180
158 62 418 184 968
159 927 234 269 64
160 298 473 14 231
161 419 170 31 123
162 15 592 617 140
163 643 87 642 21
164 2 434 474 356
165 883 115 420 783
166 128 576 232 473
167 94 440 499 452
168 936 232 320 65
169 365 180 352 103
170 26 437 89 62
171 981 423 971 812
172 734 128 940 128
173 777 21 80 82
174 57 131 160 298
175 3 6 169 121
176 178 539 494 932
177 734 280 263 417
178 178 180 345 156
179 381 60 231 344
180 180 433 393 473
181 172 167 205 498
182 387 387 321 393
183 419 44 932 494
184 42 495 342 130
185 404 420 128 64
186 420 363 518 282
187 160 286 211 126
188 74 756 118 83
189 301 168 166 153
190 86 584 272 422
191 420 654 162 287
192 271 126 285 126
193 812 434 121 143
194 300 303 285 183
195 6 397 6 5
196 143 484 168 542
197 199 95 122 167
198 485 263 290 301
199 13 458 160 818
200 128 11 183 286
201 199 338 135 160
202 820 160 143 258
203 351 81 362 81
204 93 32 151 27
205 199 95 181 6
206 918 128 157 182
207 377 546 518 362
208 208 208 87 434
209 249 82 127 130
210 234 282 283 424
211 464 41 198 128
212 63 809 707 856
213 823 9 9 466
214 206 202 562 200
215 64 349 320 182
216 139 160 121 222
217 812 107 62 290
218 307 114 326 325
219 82 385 321 395
220 74 254 121 338
221 218 312 62 419
222 690 5 809 58
223 155 147 107 87
224 560 27 82 357
225 215 283 308 308
226 546 121 375 357
227 537 403 493 292
228 172 342 284 149
229 338 437 75 253
230 424 474 112 7
231 262 347 814 52
232 64 173 306 62
233 404 333 486 169
234 64 430 765 365
235 319 963 473 116
236 159 244 963 83
237 241 499 566 573
238 457 62 151 409
239 145 180 350 351
240 237 242 879 242
241 243 63 896 303
242 132 210 63 239
243 80 671 747 710
244 303 329 21 105
245 405 758 223 228
246 7 407 502 500
247 700 359 359 529
248 17 378 397 53
249 28 420 137 812
250 295 384 363 255
251 151 82 180 421
252 481 54 685 6
253 459 187 405 300
254 169 303 896 63
255 421 466 441 374
256 83 589 105 508
257 291 168 611 493
258 421 488 421 11
259 127 166 393 433
260 10 256 357 478
261 48 318 486 232
262 278 347 166 250
263 976 417 971 540
264 267 265 533 154
265 525 421 19 360
266 141 166 73 221
267 608 266 0 238
268 227 74 221 248
269 82 693 82 222
270 280 201 917 593
271 408 533 55 738
272 272 563 936 572
273 812 58 601 177
274 216 46 21 550
275 479 381 160 821
276 301 113 169 450
277 214 593 908 200
278 82 783 154 404
279 106 169 212 173
280 270 493 405 495
281 305 89 88 63
282 690 690 494 233
283 106 367 363 188
284 180 349 402 148
285 840 285 411 867
286 6 458 275 450
287 160 8 823 661
288 282 404 82 41
289 482 535 340 251
290 620 290 83 223
291 450 568 1 548
292 409 65 101 120
293 530 249 169 201
294 493 180 393 381
295 321 156 122 377
296 644 296 494 168
297 316 74 468 221
298 549 694 664 363
299 418 81 137 54
300 45 15 273 819
301 29 113 494 113
302 304 424 281 58
303 129 303 82 263
304 87 643 404 950
305 13 244 158 546
306 169 65 543 292
307 971 804 754 510
308 283 2 249 243
309 120 79 820 256
310 78 121 316 1
311 16 771 489 210
312 494 23 13 506
313 223 64 950 820
314 105 269 322 447
315 695 491 695 147
316 690 5 117 100
317 366 310 313 215
318 36 170 471 472
319 209 11 327 326
320 396 377 395 296
321 181 385 377 381
322 140 15 125 424
323 447 448 269 929
324 971 59 990 812
325 945 409 30 27
326 92 21 211 138
327 10 105 384 60
328 90 474 234 240
329 896 21 424 738
330 64 489 16 128
331 74 5 517 743
332 359 7 674 707
333 474 160 549 218
334 46 303 210 533
335 533 127 21 715
336 13 497 77 121
337 116 340 483 345
338 123 681 851 191
339 482 14 128 430
340 375 577 363 560
341 297 215 650 215
342 179 104 250 394
343 820 482 218 1
344 157 389 385 385
345 256 314 283 212
346 206 307 537 1
347 814 347 814 58
348 349 402 258 477
349 320 381 548 1
350 94 955 955 205
351 231 656 352 201
352 180 350 320 157
353 249 166 666 161
354 353 768 434 314
355 355 282 16 748
356 69 710 710 952
357 328 143 478 160
358 407 466 529 265
359 452 141 19 141
360 498 362 466 912
361 434 153 115 411
362 486 318 925 423
363 296 419 493 275
364 21 365 255 421
365 495 16 187 160
366 445 340 934 163
367 486 426 562 562
368 61 378 283 283
369 96 340 482 521
370 417 494 39 114
371 121 316 297 905
372 83 101 768 99
373 86 142 133 128
374 503 506 827 506
375 494 141 8 86
376 379 368 295 459
377 231 122 262 656
378 61 296 379 396
379 397 321 377 155
380 320 250 379 628
381 295 943 295 385
382 295 276 560 363
383 379 368 112 84
384 80 679 533 282
385 103 376 392 157
386 377 387 104 389
387 485 263 303 300
388 182 748 82 180
389 252 252 494 170
390 62 295 377 130
391 379 383 379 104
392 390 295 628 320
393 947 60 295 585
394 14 93 95 201
395 389 628 295 459
396 295 292 950 754
397 6 323 162 45
398 379 391 971 401
399 51 917 776 94
400 20 81 418 480
401 44 550 434 474
402 420 624 461 13
403 221 1 127 22
404 107 704 704 107
405 256 58 159 158
406 672 160 179 82
407 93 526 93 261
408 4 138 160 336
409 27 25 494 407
410 258 402 262 377
411 195 2 62 106
412 586 195 411 102
413 172 533 195 281
414 479 177 60 232
415 697 156 13 980
416 173 518 212 165
417 115 82 410 160
418 409 39 455 304
419 591 107 769 107
420 340 169 460 74
421 86 152 116 38
422 615 121 215 408
423 96 438 169 123
424 612 963 859 4
425 4 411 671 357
426 129 162 180 123
427 82 450 543 65
428 812 685 137 420
429 322 272 584 272
430 506 661 452 573
431 434 419 172 180
432 121 859 812 46
433 162 482 820 486
434 199 288 233 282
435 127 318 981 455
436 115 372 283 282
437 482 331 44 51
438 405 226 459 188
439 96 326 20 715
440 426 493 278 199
441 506 407 265 856
442 370 37 31 96
443 38 37 37 370
444 464 128 474 420
445 340 438 64 412
446 334 269 142 81
447 473 232 95 181
448 272 710 299 590
449 414 370 455 47
450 256 58 115 229
451 452 487 805 358
452 360 360 44 254
453 83 154 58 243
454 107 169 495 107
455 370 333 96 114
456 64 197 95 86
457 971 729 441 282
458 183 168 486 357
459 253 615 412 4
460 462 173 327 327
461 812 208 812 193
462 106 82 859 252
463 462 5 249 747
464 172 171 333 21
465 53 182 394 393
466 11 420 340 310
467 86 372 86 453
468 419 329 340 78
469 91 108 90 108
470 470 655 116 34
471 84 70 233 166
472 471 255 284 734
473 536 298 106 495
474 166 446 334 429
475 300 434 16 68
476 13 58 145 106
477 108 81 333 42
478 328 375 183 474
479 275 172 424 99
480 39 151 32 29
481 586 194 832 408
482 419 611 5 462
483 113 107 642 82
484 143 196 206 202
485 76 47 13 552
486 48 50 643 162
487 498 44 441 661
488 141 421 421 19
489 256 258 564 638
490 254 227 87 17
491 163 932 303 304
492 612 404 125 124
493 105 357 486 201
494 94 377 458 5
495 363 236 96 339
496 451 496 487 487
497 424 15 273 45
498 14 86 14 493
499 332 499 699 141
500 265 264 141 555
501 498 44 956 362
502 374 502 11 362
503 498 411 976 411
504 44 550 165 753
505 43 566 7 765
506 13 576 526 390
507 314 21 272 710
508 80 546 377 227
509 68 400 400 690
510 492 186 186 70
511 262 402 148 225
512 512 155 520 3
513 147 154 5 232
514 478 356 69 663
515 168 585 706 585
516 102 2 285 59
517 102 97 640 124
518 954 87 74 86
519 519 61 177 221
520 155 593 974 94
521 615 144 433 217
522 493 563 272 563
523 387 950 404 97
524 72 106 351 87
525 699 506 211 764
526 419 474 375 105
527 96 123 170 303
528 305 56 845 56
529 452 7 62 79
530 365 314 219 377
531 212 129 813 399
532 211 142 593 94
533 23 494 287 80
534 544 82 23 932
535 13 170 31 338
536 287 299 546 453
537 106 434 190 86
538 733 733 723 173
539 494 287 494 68
540 971 444 84 443
541 82 50 153 115
542 183 170 13 290
543 494 290 65 600
544 81 212 282 375
545 462 249 363 174
546 221 18 365 695
547 437 47 172 426
548 62 107 319 158
549 44 401 705 401
550 13 197 820 162
551 86 184 549 1
552 520 21 365 419
553 521 615 21 642
554 971 20 62 153
555 266 12 358 332
556 330 330 556 483
557 395 80 367 142
558 569 504 501 176
559 258 802 129 367
560 42 209 319 209
561 462 411 132 552
562 65 533 128 199
563 129 419 270 14
564 164 62 129 840
565 754 19 510 499
566 452 11 365 191
567 82 158 243 105
568 458 168 172 87
569 249 243 63 379
570 265 359 498 51
571 145 256 493 282
572 563 494 23 533
573 86 145 434 187
574 425 513 422 820
575 280 292 183 338
576 494 308 411 286
577 377 851 605 797
578 577 366 305 552
579 335 335 428 335
580 580 580 580 580
581 301 211 238 244
582 533 61 434 551
583 521 482 450 13
584 563 563 373 528
585 706 86 93 647
586 738 481 83 58
587 3 4 158 2
588 36 86 714 562
589 282 434 145 404
590 29 554 521 766
591 142 453 301 303
592 461 592 100 708
593 155 188 418 467
594 84 336 971 514
595 52 128 14 450
596 596 282 546 803
597 596 218 36 318
598 340 922 129 490
599 3 195 208 820
600 65 204 51 114
601 180 160 482 301
602 699 720 332 699
603 414 370 38 116
604 57 949 281 285
605 846 846 846 605
606 495 468 82 160
607 87 252 6 275
608 246 246 608 498
609 30 256 473 642
610 610 235 234 82
611 166 55 520 166
612 828 46 249 5
613 619 5 29 28
614 106 64 926 930
615 460 411 864 411
616 602 569 249 105
617 269 140 273 271
618 523 618 124 335
619 96 92 100 592
620 620 290 280 822
621 518 106 290 301
622 238 0 248 317
623 791 401 568 357
624 651 118 84 323
625 252 154 209 631
626 87 166 518 283
627 473 170 40 27
628 379 394 283 105
629 316 121 129 557
630 630 303 424 269
631 159 210 210 365
632 719 121 303 610
633 633 633 633 633
634 635 4 612 492
635 634 634 635 208
636 636 211 355 160
637 234 494 2 252
638 640 125 323 101
639 638 638 10 366
640 99 420 68 106
641 669 669 420 526
642 249 187 418 473
643 217 162 84 338
644 140 282 105 283
645 231 316 146 183
646 211 308 17 297
647 434 189 146 187
648 648 648 648 648
649 246 247 498 264
650 215 268 222 537
651 173 612 31 135
652 478 469 112 51
653 653 653 653 653
654 32 34 361 31
655 231 343 207 908
656 176 423 423 48
657 269 16 46 495
658 658 658 658 658
659 377 748 121 234
660 660 660 660 660
661 362 820 346 128
662 107 492 212 17
663 508 473 19 754
664 84 594 283 518
665 303 280 121 282
666 166 156 160 91
667 142 263 981 547
668 157 16 543 326
669 669 420 186 83
670 670 670 670 670
671 589 107 400 10
672 44 649 452 160
673 495 290 231 342
674 265 525 266 440
675 675 675 675 675
676 322 139 420 367
677 199 526 537 537
678 747 184 357 409
679 508 259 83 450
680 380 377 167 575
681 343 231 14 390
682 511 275 160 327
683 683 281 738 498
684 684 684 684 684
685 174 411 469 375
686 22 127 1 85
687 353 183 282 10
688 543 170 537 473
689 543 113 29 13
690 301 596 597 460
691 691 691 691 691
692 231 181 60 231
693 82 748 367 36
694 484 290 526 493
695 147 155 221 224
696 248 297 73 0
697 321 384 388 295
698 412 192 102 97
699 602 699 44 44
700 238 86 33 40
701 462 561 462 424
702 107 467 460 117
703 703 703 703 703
704 107 210 121 79
705 256 226 232 486
706 124 371 662 97
707 823 700 971 277
708 99 107 478 110
709 353 937 404 154
710 189 311 106 473
711 711 711 711 711
712 995 712 255 169
713 69 418 189 184
714 129 176 113 28
715 21 686 263 361
716 716 5 279 107
717 717 411 867 411
718 281 208 809 738
719 121 642 419 18
720 466 64 611 176
721 27 34 438 330
722 38 26 135 251
723 733 723 92 21
724 338 252 117 121
725 114 355 16 64
726 106 68 494 12
727 83 87 252 546
728 173 107 393 384
729 44 359 452 856
730 107 665 137 665
731 731 731 731 731
732 732 732 732 732
733 728 5 41 215
734 169 170 816 548
735 140 428 272 271
736 160 308 83 393
737 737 737 737 271
738 2 273 46 429
739 569 359 267 661
740 971 4 412 820
741 150 179 378 150
742 614 742 614 614
743 517 305 58 210
744 744 744 744 744
745 74 905 74 228
746 746 746 746 746
747 663 188 418 549
748 62 63 365 434
749 284 167 199 83
750 88 149 160 666
751 41 212 249 404
752 283 62 393 387
753 261 51 79 417
754 950 173 333 983
755 211 55 533 551
756 431 160 261 37
757 367 129 533 302
758 283 211 612 828
759 459 90 108 64
760 15 175 665 212
761 393 607 544 107
762 516 192 3 55
763 763 763 5 269
764 314 107 164 929
765 506 462 254 493
766 340 106 434 58
767 121 371 404 233
768 185 99 353 796
769 107 306 51 751
770 353 708 107 80
771 145 269 272 563
772 772 772 772 772
773 405 81 508 212
774 285 683 411 131
775 560 358 856 956
776 94 95 942 95
777 733 728 20 329
778 85 307 314 189
779 820 820 366 65
780 84 754 569 141
781 537 74 259 96
782 82 385 389 385
783 154 173 69 710
784 784 411 96 75
785 23 333 154 363
786 189 287 800 287
787 21 467 971 63
788 717 295 471 607
789 654 162 253 237
790 544 82 121 495
791 65 285 137 520
792 121 366 165 41
793 316 424 69 306
794 322 164 164 579
795 417 444 547 423
796 353 770 353 640
797 605 414 414 449
798 798 798 798 798
799 166 377 947 947
800 287 162 83 233
801 41 932 107 70
802 258 329 137 82
803 195 211 55 54
804 264 7 608 7
805 487 488 529 506
806 285 107 209 11
807 54 305 815 859
808 808 808 808 808
809 208 131 142 256
810 511 541 209 88
811 531 133 143 142
812 971 361 455 263
813 399 542 401 705
814 58 87 253 20
815 208 2 803 194
816 165 340 142 172
817 493 522 493 183
818 86 138 3 405
819 140 929 489 6
820 143 413 143 357
821 160 859 366 65
822 908 199 776 95
823 707 19 61 150
824 191 149 347 460
825 723 923 923 923
826 6 921 63 162
827 506 166 351 352
828 234 404 532 162
829 290 167 453 84
830 452 608 498 496
831 258 132 256 473
832 520 552 809 5
833 5 133 450 413
834 107 314 226 0
835 275 6 5 611
836 706 523 522 563
837 837 107 837 107
838 124 142 160 474
839 377 284 180 621
840 65 870 425 568
841 368 250 182 390
842 211 807 132 210
843 290 62 117 121
844 165 590 470 367
845 281 252 169 460
846 605 414 605 851
847 263 86 95 13
848 419 300 187 1
849 849 57 56 137
850 546 362 488 421
851 377 1 317 307
852 852 18 221 256
853 82 211 464 459
854 285 840 285 174
855 86 153 62 142
856 293 365 353 935
857 301 225 82 340
858 306 549 184 420
859 832 252 48 263
860 978 115 513 153
861 350 593 320 103
862 777 134 523 493
863 57 604 211 236
864 411 166 159 249
865 56 481 54 809
866 411 408 411 2
867 411 816 40 39
868 320 868 5 64
869 182 60 283 63
870 425 705 232 160
871 231 191 346 160
872 61 537 394 104
873 425 874 65 13
874 401 172 482 160
875 170 255 63 586
876 564 748 708 98
877 28 25 133 362
878 23 220 114 495
879 242 926 243 411
880 859 131 419 302
881 96 411 303 244
882 166 214 284 621
883 27 160 464 129
884 884 884 884 884
885 728 173 212 23
886 3 6 305 738
887 885 728 259 253
888 412 252 3 845
889 405 78 366 311
890 890 890 890 121
891 892 491 490 365
892 300 268 756 215
893 466 451 7 8
894 327 10 535 482
895 114 220 377 741
896 300 367 932 531
897 263 897 263 338
898 481 5 140 448
899 2 252 96 245
900 115 443 85 226
901 137 412 625 63
902 5 481 809 88
903 262 100 5 117
904 321 38 245 113
905 316 495 360 430
906 533 473 280 61
907 262 180 365 672
908 201 128 41 85
909 87 183 159 931
910 65 581 557 205
911 189 418 549 276
912 526 129 922 498
913 213 155 221 282
914 105 405 828 234
915 38 171 261 170
916 414 697 415 852
917 776 201 41 114
918 95 51 100 125
919 455 119 261 24
920 435 942 435 163
921 63 160 480 183
922 822 350 180 62
923 326 145 299 287
924 303 114 533 210
925 847 165 438 82
926 926 242 963 241
927 926 242 879 242
928 211 58 826 990
929 429 301 8 301
930 236 269 16 448
931 963 404 412 81
932 544 434 361 171
933 929 929 322 461
934 340 554 554 134
935 100 820 42 115
936 593 340 165 847
937 100 86 708 124
938 611 270 426 6
939 350 593 199 377
940 128 14 426 413
941 189 663 747 62
942 95 6 95 41
943 295 313 268 309
944 748 164 447 799
945 325 409 785 23
946 641 166 156 166
947 60 181 95 776
948 381 182 394 389
949 552 252 611 252
950 533 145 546 936
951 913 213 573 566
952 540 952 28 424
953 35 35 35 33
954 615 17 431 212
955 936 563 936 86
956 933 446 334 274
957 141 602 238 241
958 509 508 259 253
959 377 365 133 373
960 377 129 130 155
961 377 122 377 1
962 325 326 169 437
963 235 610 57 3
964 23 367 340 303
965 936 129 116 263
966 21 278 789 654
967 498 720 608 529
968 299 299 508 325
969 184 282 401 971
970 820 212 121 719
971 504 533 170 36
972 913 922 79 62
973 971 444 48 115
974 918 593 198 203
975 971 971 3 665
976 76 119 261 28
977 242 105 165 116
978 115 5 495 256
979 106 747 509 183
980 757 367 417 30
981 333 282 69 188
982 137 434 356 121
983 114 160 663 375
984 66 111 478 107
985 376 250 321 283
986 470 155 213 358
987 116 455 443 442
988 24 440 526 498
989 329 245 245 333
990 281 615 492 42
991 859 963 210 3
992 129 353 768 99
993 408 533 154 533
994 6 286 13 244
995 712 401 426 562
996 12 452 452 43
997 953 816 165 550
998 65 64 489 211
999 145 333 23 301
1000 292 284 160 857
1001 832 612 58 886
1002 560 283 365 363
1003 258 410 82 541
1004 55 131 411 304
