0 560 224 224 256 419 468 224 560 42 249 671
1 82 77 557 128 64 456 405 10 327 473 3
2 166 253 459 248 17 225 494 310 307 226 366
3 812 142 191 13 748 641 420 783 424 429 160
4 239 373 163 106 113 329 160 323 102 323 371
5 157 393 434 92 287 68 301 248 422 820 166
6 486 353 249 62 117 5 135 251 370 38 443
7 430 425 425 874 65 426 425 289 280 822 822
8 8 504 406 503 358 65 160 337 123 116 411
9 452 856 8 573 8 510 674 265 267 608 566
10 89 520 21 222 696 218 220 177 64 90 494
11 324 971 444 263 114 173 69 87 615 422 23
12 265 707 9 359 421 498 241 159 631 159 249
13 301 473 121 208 126 300 106 128 15 760 592
14 35 129 176 238 758 288 654 333 527 96 86
15 533 129 186 345 157 397 321 397 377 389 53
16 448 107 46 174 971 133 283 133 261 5 859
17 120 232 498 593 155 17 107 285 105 5 272
18 143 93 78 107 747 282 74 260 259 73 106
19 434 420 511 810 301 244 64 395 157 156 191
20 188 459 495 314 363 114 486 353 404 86 459
21 424 950 158 114 128 900 987 169 371 100 424
22 155 429 155 377 179 971 488 499 913 922 496
23 301 690 21 777 200 204 6 327 82 212 489
24 26 443 318 256 128 167 351 284 621 231 257
25 545 442 26 443 847 171 417 417 96 337 419
26 654 121 433 217 433 372 32 37 588 588 27
27 128 218 17 386 295 150 741 377 61 394 377
28 256 173 326 533 81 710 952 81 83 282 80
29 113 725 114 405 169 900 13 340 96 655 114
30 261 35 30 545 93 197 64 644 950 260 20
31 84 107 89 285 486 165 223 655 231 177 13
32 29 971 251 23 121 432 433 121 128 198 689
33 438 437 417 443 135 40 93 78 420 99 125
34 590 470 151 370 26 165 914 105 180 422 180
35 338 37 29 533 65 714 450 65 334 592 272
36 114 63 81 28 722 27 370 427 655 980 367
37 40 116 27 133 10 329 66 258 417 86 295
38 38 116 361 443 116 464 5 481 96 400 86
39 480 356 612 427 145 114 96 338 160 128 892
40 119 816 170 310 82 63 685 175 15 405 340
41 387 42 5 194 412 587 209 371 254 433 71
42 20 80 299 69 80 299 80 671 549 248 372
43 498 707 465 53 380 377 575 280 172 342 393
44 362 86 372 433 393 321 393 377 150 155 855
45 300 367 366 147 173 538 92 400 336 860 455
46 16 311 73 17 225 74 224 224 17 312 841
47 47 981 333 176 238 525 421 607 42 41 387
48 114 154 83 273 83 812 685 286 411 516 411
49 153 393 378 296 160 453 420 531 116 370 725
50 431 70 86 708 323 192 271 192 4 286 532
51 581 41 47 116 370 318 443 171 93 426 290
52 820 87 153 856 374 502 358 729 649 499 43
53 128 303 301 621 377 231 347 149 656 177 13
54 305 137 3 175 532 107 64 375 368 52 719
55 86 83 642 83 820 79 445 62 457 86 96
56 2 3 55 5 132 371 114 419 848 340 83
57 54 126 56 271 283 162 468 148 180 278 128
58 271 513 422 269 429 933 448 933 322 735 140
59 138 58 159 209 83 249 137 685 412 520 635
60 283 17 115 644 64 420 363 661 459 548 256
61 377 320 376 181 61 440 61 280 65 835 84
62 237 242 926 926 963 158 210 210 238 498 247
63 971 232 115 546 462 513 166 859 809 208 236
64 527 318 455 263 169 434 314 228 695 106 64
65 290 263 486 5 697 697 5 171 116 336 409
66 338 37 40 160 667 387 104 368 377 379 164
67 74 106 405 161 11 699 699 406 44 374 499
68 418 409 30 721 30 366 142 217 366 10 260
69 400 133 79 166 42 163 166 249 506 105 82
70 217 84 83 106 147 342 349 64 229 198 204
71 162 160 440 172 87 419 14 389 321 321 393
72 163 86 706 585 172 171 26 24 23 27 48
73 218 249 434 172 251 455 24 590 171 40 33
74 366 333 438 107 282 77 212 296 392 376 157
75 372 70 433 288 756 288 121 290 366 215 222
76 139 581 13 40 116 417 64 211 13 337 301
77 546 856 8 499 440 840 440 176 656 177 297
78 93 367 261 160 68 160 809 137 285 89 408
79 226 546 211 254 329 474 476 258 22 22 520
80 253 83 579 335 794 335 139 216 216 254 77
81 169 333 163 411 283 254 462 424 99 98 125
82 255 256 107 509 467 62 2 166 300 300 314
83 372 121 174 59 305 685 281 683 411 900 40
84 393 71 162 252 145 233 88 303 513 183 19
85 74 248 301 4 586 932 531 437 338 367 96
86 166 301 189 695 147 695 222 513 627 707 525
87 210 137 420 654 25 30 30 546 206 918 207
88 252 601 404 768 185 662 371 288 296 376 342
89 96 46 812 282 747 678 678 678 492 518 371
90 13 552 63 81 166 133 25 301 137 62 498
91 329 652 108 143 197 172 14 556 464 133 160
92 152 404 162 612 340 564 258 478 282 252 96
93 172 47 96 336 860 375 16 45 932 20 230
94 177 734 0 0 166 77 932 63 363 16 132
95 232 562 285 411 816 170 31 165 23 494 25
96 66 560 459 215 82 123 411 6 426 413 562
97 99 185 98 768 323 64 168 515 562 232 51
98 371 161 81 685 880 949 411 84 166 882 166
99 139 139 160 127 105 147 612 248 309 872 377
100 62 45 45 216 139 273 45 15 405 161 371
101 96 121 233 474 80 950 166 214 107 459 221
102 812 4 564 209 963 87 393 333 154 87 643
103 368 83 162 58 132 807 54 552 281 718 55
104 393 434 589 400 107 128 16 263 897 263 444
105 601 105 60 321 387 229 39 13 450 568 82
106 356 108 971 2 489 300 329 187 189 941 189
107 340 114 420 133 52 157 52 232 1 224 309
108 409 151 82 82 493 474 91 96 115 153 984
109 62 147 366 82 681 160 42 492 256 165 860
110 474 950 707 7 5 64 482 554 521 134 340
111 474 932 812 107 129 116 28 38 474 434 295
112 7 362 69 69 64 937 640 64 172 482 593
113 84 118 83 23 153 513 422 404 217 84 62
114 211 194 59 685 815 815 80 105 147 932 165
115 17 313 623 313 623 450 169 588 26 34 31
116 129 413 214 377 86 205 483 47 547 981 976
117 252 137 54 208 133 568 457 238 587 234 234
118 511 651 428 160 366 443 171 261 438 170 28
119 427 333 212 494 366 115 473 533 359 452 506
120 377 562 438 588 25 26 135 135 337 136 170
121 420 301 35 464 169 46 145 234 145 4 738
122 397 869 182 391 157 379 395 181 394 61 395
123 339 151 424 121 366 169 455 442 333 419 82
124 429 46 16 295 394 947 947 60 283 28 545
125 121 303 62 445 133 336 336 419 280 196 282
126 285 86 201 107 44 212 856 504 161 11 452
127 107 495 932 153 23 249 695 259 248 459 759
128 908 205 94 200 198 776 199 377 103 104 182
129 176 176 318 256 568 121 568 290 107 36 93
130 377 277 191 277 280 179 394 537 473 29 590
131 121 173 269 274 549 710 81 58 155 95 918
132 236 13 113 434 533 65 791 65 483 157 386
133 5 177 232 611 168 183 362 405 773 773 773
134 766 766 766 521 598 521 389 379 398 379 320
135 5 55 131 208 738 4 96 86 283 389 393
136 170 38 29 116 361 115 355 212 81 486 318
137 59 845 303 62 426 292 822 822 533 877 549
138 211 283 81 419 82 84 411 981 245 981 411
139 273 428 579 429 272 137 58 210 3 303 170
140 216 274 428 446 269 810 321 378 491 378 378
141 142 83 83 546 518 422 493 82 281 859 520
142 147 615 281 412 809 160 58 685 815 208 57
143 93 971 332 44 12 300 114 229 115 147 301
144 121 401 426 130 13 170 360 441 569 11 64
145 155 106 537 405 19 422 244 252 369 630 369
146 0 250 250 250 526 401 870 425 84 50 49
147 932 113 847 171 976 547 444 455 58 145 81
148 344 381 377 350 936 936 290 822 563 93 121
149 381 548 82 462 20 188 363 161 569 365 548
150 301 596 597 62 820 198 64 212 42 166 160
151 816 548 377 214 284 292 183 473 441 87 365
152 363 420 654 323 101 185 404 86 546 256 419
153 58 56 685 815 194 193 812 373 311 341 222
154 419 268 19 155 285 990 285 812 932 63 820
155 211 117 189 434 69 679 508 549 218 315 695
156 166 301 89 469 91 11 133 218 0 74 105
157 301 113 301 153 62 494 210 546 282 612 223
158 105 203 82 68 932 493 275 450 214 277 180
159 89 96 259 537 231 280 419 78 107 281 481
160 417 38 258 410 183 365 141 293 765 856 153
161 107 99 125 708 404 249 137 281 59 6 183
162 253 17 427 169 162 212 589 671 17 282 269
163 459 464 128 1 250 103 215 20 259 509 952
164 592 273 579 272 183 460 215 589 256 62 279
165 256 518 371 254 169 5 868 5 105 329 249
166 141 142 559 160 207 201 917 206 575 149 6
167 936 130 936 167 351 363 329 87 236 241 237
168 13 84 727 464 822 922 847 47 165 361 444
169 162 249 518 661 252 880 252 58 254 495 169
170 355 63 665 87 17 226 533 17 115 820 421
171 40 917 128 127 491 168 484 64 107 36 129
172 526 93 458 280 183 513 21 107 17 333 62
173 233 63 278 180 601 812 57 863 57 84 431
174 199 64 209 13 579 579 446 45 269 254 642
175 58 89 158 210 234 121 209 160 103 86 184
176 178 537 368 395 201 201 352 160 492 105 509
177 113 444 527 423 370 27 494 290 426 440 232
178 166 107 281 183 913 699 44 833 62 290 121
179 347 181 160 280 373 184 162 84 249 420 409
180 381 379 388 296 380 177 409 338 256 357 183
181 376 392 283 368 275 835 275 440 238 930 927
182 377 350 13 30 129 186 450 64 164 272 183
183 473 35 464 183 223 228 17 316 519 106 154
184 314 228 280 183 545 785 23 229 536 189 582
185 101 102 3 599 209 924 57 211 96 408 586
186 433 50 217 643 963 926 237 6 685 63 434
187 105 453 654 50 71 84 513 655 37 35 40
188 106 132 160 294 232 120 377 575 377 60 396
189 473 367 28 106 519 786 166 405 194 57 160
190 509 952 28 142 667 387 60 172 292 64 397
191 262 301 809 698 211 430 362 483 464 822 900
192 3 192 58 129 82 172 204 198 197 64 107
193 411 665 411 859 212 121 642 254 114 30 437
194 803 63 408 571 281 62 132 166 226 114 420
195 162 180 366 217 70 372 431 105 114 725 245
196 16 45 533 84 254 462 82 385 181 368 320
197 908 41 932 31 34 23 166 269 420 163 652
198 165 932 107 35 38 48 981 47 417 29 35
199 105 667 509 972 509 549 690 86 184 486 285
200 199 419 128 179 280 201 202 623 791 65 574
201 94 351 203 196 16 210 212 172 251 123 180
202 206 292 172 30 128 172 231 730 62 366 253
203 820 365 62 128 495 424 405 889 405 856 160
204 205 196 14 1000 918 908 918 207 13 273 812
205 86 189 215 541 420 452 9 452 666 362 569
206 546 321 391 380 537 106 282 280 283 373 552
207 41 546 651 121 68 212 405 15 128 254 58
208 114 256 445 64 215 128 593 199 203 204 776
209 42 422 533 44 83 290 79 116 35 13 214
210 424 356 81 932 21 20 72 20 106 546 760
211 106 253 607 42 184 166 856 145 249 179 284
212 494 420 29 443 245 338 564 338 27 136 160
213 12 266 265 451 452 360 430 672 359 951 666
214 13 286 195 411 281 990 5 58 408 990 285
215 66 121 36 588 36 27 29 165 89 423 847
216 272 252 194 826 826 194 5 517 743 517 411
217 612 105 114 133 401 533 950 73 221 249 81
218 1 284 296 363 420 5 243 615 318 318 486
219 377 741 179 345 262 278 129 106 641 669 930
220 165 438 34 438 135 135 40 29 26 29 121
221 17 307 317 313 218 315 537 781 621 130 14
222 0 5 931 927 210 245 367 212 180 393 105
223 17 160 321 377 294 543 542 275 172 285 168
224 468 221 52 185 125 640 100 494 210 46 256
225 459 222 311 223 165 51 167 460 440 450 515
226 546 367 546 221 226 74 218 282 131 422 82
227 695 189 255 106 256 169 366 107 222 142 418
228 253 607 87 405 405 480 252 408 832 408 462
229 170 81 486 113 473 129 169 42 405 773 405
230 898 230 420 408 845 520 166 3 408 434 506
231 692 231 342 352 352 157 320 181 250 61 872
232 939 572 86 203 199 526 86 234 5 557 77
233 932 107 137 877 160 292 14 133 403 129 107
234 86 222 1 351 178 483 764 30 420 434 314
235 610 160 255 145 188 473 855 473 362 12 166
236 132 366 758 85 85 443 981 47 409 346 342
237 319 107 856 405 695 405 268 934 549 551 299
238 158 950 249 163 641 420 458 413 526 53 52
239 158 242 210 355 329 106 582 184 82 752 121
240 235 236 269 210 86 441 11 466 141 566 608
241 159 234 82 63 212 91 474 66 984 66 474
242 210 166 405 362 421 255 13 286 174 57 285
243 412 473 25 494 312 841 397 53 199 174 809
244 301 511 309 248 268 309 223 160 153 615 146
245 976 485 221 317 295 471 434 509 546 221 248
246 499 602 61 301 215 650 215 18 365 513 509
247 506 856 612 83 458 64 914 470 171 64 914
248 330 556 483 556 330 248 215 249 169 96 169
249 362 12 13 263 169 96 10 64 168 275 178
250 61 499 8 672 365 81 44 360 141 249 63
251 123 37 34 31 162 190 459 328 494 100 404
252 121 300 405 78 77 254 371 353 365 278 548
253 405 280 203 377 344 156 381 377 351 283 225
254 255 355 405 145 252 601 422 131 212 173 950
255 283 394 295 471 333 427 282 131 373 83 601
256 820 115 173 518 121 368 377 390 380 166 786
257 278 114 367 81 3 160 343 350 351 214 294
258 38 245 38 47 251 417 86 328 494 115 30
259 260 173 86 131 209 543 458 275 172 142 125
260 74 0 297 0 18 797 231 65 486 51 970
261 48 40 590 34 5 840 457 971 232 113 116
262 907 180 153 173 10 508 480 405 758 288 199
263 303 665 303 283 82 541 160 424 612 747 710
264 247 12 996 12 293 360 754 211 96 31 367
265 498 452 420 624 13 509 678 274 424 245 417
266 608 440 380 120 232 575 206 231 797 14 563
267 498 488 362 65 357 454 84 492 144 84 87
268 1 127 107 459 615 465 809 63 158 174 211
269 173 777 554 340 546 86 271 209 242 241 209
270 515 93 82 552 4 169 306 549 306 173 114
271 717 295 382 157 5 192 195 859 82 160 480
272 3 845 699 332 525 11 496 487 452 570 570
273 252 480 69 362 365 530 92 400 678 68 508
274 86 79 162 2 412 865 2 411 976 76 114
275 200 498 501 374 466 500 499 358 502 7 537
276 301 429 166 86 229 366 445 310 105 114 411
277 191 379 383 295 84 442 96 285 254 23 820
278 908 918 1000 166 493 424 311 74 419 474 166
279 279 106 211 254 129 53 389 150 378 128 95
280 734 177 60 295 313 215 650 215 89 437 169
281 571 2 738 520 155 301 651 118 84 729 358
282 233 209 16 15 448 494 2 586 412 105 166
283 16 170 427 162 195 533 236 533 906 533 187
284 296 181 179 133 135 65 275 813 543 425 874
285 174 21 83 17 307 206 593 494 822 533 460
286 532 285 211 738 195 58 88 63 486 48 261
287 800 533 265 266 533 498 503 407 505 407 503
288 571 520 285 137 481 286 57 949 252 411 462
289 180 381 176 214 280 133 844 133 377 391 776
290 183 400 173 260 400 160 139 592 140 428 592
291 232 113 40 339 455 123 82 189 582 84 295
292 14 103 232 160 152 364 212 408 586 59 412
293 661 823 12 420 99 185 371 256 405 282 10
294 572 822 908 51 31 361 971 799 971 336 883
295 321 391 376 632 632 632 397 458 434 371 353
296 397 122 377 376 388 376 203 376 385 181 157
297 248 74 309 310 105 233 434 404 16 263 417
298 160 114 62 457 421 19 184 582 106 5 97
299 549 287 20 96 56 845 6 563 936 822 183
300 118 209 139 76 423 971 740 252 166 446 216
301 166 405 143 133 142 172 168 450 64 280 440
302 333 230 230 898 898 230 366 282 62 410 160
303 340 922 560 39 33 31 424 747 189 69 679
304 16 68 494 100 124 513 652 333 493 292 176
305 59 990 859 212 365 569 501 160 139 933 448
306 549 459 362 114 455 169 987 116 116 263 113
307 307 317 314 189 941 189 184 129 572 294 543
308 157 734 284 377 204 936 350 13 661 569 362
309 223 366 18 222 106 283 225 311 17 312 494
310 365 355 405 411 988 411 949 6 137 249 16
311 218 316 255 152 518 209 42 215 60 167 749
312 177 309 341 295 142 62 367 280 388 388 61
313 295 379 387 42 183 89 58 814 344 149 6
314 62 329 107 478 375 28 106 298 473 211 611
315 519 106 210 106 142 46 371 62 450 160 47
316 695 365 355 473 81 46 303 114 21 325 420
317 312 420 174 4 323 2 131 62 19 183 36
318 13 40 27 301 157 6 55 126 211 174 157
319 107 164 13 478 477 375 111 375 143 196 86
320 947 320 947 393 296 810 321 377 490 410 329
321 389 397 157 53 537 103 283 230 533 88 304
322 447 933 269 62 506 956 44 533 88 142 145
323 98 101 323 84 144 546 147 85 872 61 483
324 121 86 553 84 233 601 177 409 184 301 301
325 400 69 551 723 723 923 723 971 973 971 452
326 473 545 23 87 290 495 329 258 932 597 756
327 327 945 945 327 11 611 389 537 411 469 469
328 143 128 533 82 5 619 5 232 284 168 14
329 328 66 146 615 155 363 314 256 802 258 38
330 330 860 753 165 28 113 925 847 976 417 183
331 225 222 316 255 121 116 160 338 66 121 828
332 971 406 407 786 189 582 418 287 189 127 128
333 981 423 426 14 277 277 971 971 971 729 44
334 272 21 96 96 211 137 371 283 174 303 4
335 760 15 160 83 20 230 333 282 188 418 299
336 485 263 114 35 473 627 667 128 167 284 231
337 133 362 466 494 100 125 166 81 356 282 80
338 564 356 283 320 434 99 97 98 640 97 618
339 547 361 261 494 106 549 710 272 45 164 564
340 274 448 812 448 45 446 461 15 162 15 448
341 222 519 85 218 166 150 166 160 418 508 105
342 122 60 390 392 387 42 422 131 282 411 671
343 214 419 64 357 121 236 242 240 233 494 70
344 148 160 161 107 748 182 103 64 113 919 263
345 256 420 338 434 92 80 340 531 115 438 129
346 511 411 57 96 881 96 160 611 389 160 809
347 262 344 656 176 333 546 106 820 153 87 269
348 342 349 644 166 187 121 51 306 5 284 292
349 180 851 851 575 377 320 483 94 908 95 196
350 13 65 430 19 183 285 138 409 624 461 446
351 346 191 344 377 149 381 397 393 320 381 548
352 178 575 851 214 207 107 84 87 820 644 140
353 434 419 450 176 478 84 333 77 581 557 581
354 100 708 100 300 118 511 306 169 914 816 170
355 128 955 593 204 205 86 263 47 361 547 245
356 490 87 180 212 508 582 582 160 426 714 413
357 65 776 204 593 200 275 542 403 129 36 114
358 43 452 566 451 496 362 430 4 832 252 283
359 608 804 466 11 466 971 360 754 674 707 247
360 169 136 151 753 860 135 62 355 83 233 254
361 34 35 170 303 932 338 62 233 238 602 499
362 441 87 86 152 50 84 601 86 932 83 166
363 364 363 212 427 254 174 283 363 531 107 748
364 363 155 465 786 160 90 108 13 346 157 130
365 490 209 236 105 859 121 105 282 248 73 221
366 306 409 135 136 151 96 375 494 83 210 254
367 980 470 86 261 261 48 75 253 107 183 285
368 86 736 160 89 303 5 97 354 125 99 139
369 160 312 311 17 493 820 204 6 191 907 903
370 27 24 40 135 438 405 537 389 14 128 900
371 121 16 183 81 367 82 124 98 404 950 17
372 58 288 433 121 290 495 363 208 809 519 85
373 311 297 177 229 115 914 115 644 5 47 981
374 5 120 101 581 450 464 611 176 94 94 918
375 108 91 478 160 410 490 107 834 107 137 6
376 181 156 345 256 557 129 19 666 11 498 956
377 960 377 384 105 533 63 211 661 506 856 62
378 378 157 278 168 83 20 215 197 167 168 275
379 63 249 602 11 621 278 256 424 212 576 533
380 393 368 146 187 300 187 366 78 82 326 118
381 379 368 275 172 365 187 366 84 111 258 474
382 393 145 290 291 403 426 206 201 93 62 627
383 383 181 166 132 532 56 619 5 191 5 807
384 387 392 377 316 223 86 404 709 185 687 185
385 60 231 231 231 526 221 226 518 577 282 163
386 393 86 818 440 515 450 5 55 411 281 252
387 321 378 296 420 133 113 280 426 166 347 181
388 296 434 46 81 42 427 119 753 978 165 32
389 182 389 292 284 191 256 304 252 83 601 191
390 320 440 629 178 61 345 179 103 53 526 221
391 60 133 367 329 363 186 144 283 296 288 288
392 368 112 375 301 393 950 113 443 76 485 86
393 84 560 282 173 531 114 249 28 367 486 430
394 368 896 300 371 161 19 513 124 354 100 662
395 86 90 469 90 328 66 661 87 282 355 932
396 393 533 186 474 82 20 81 494 420 312 14
397 869 397 64 815 194 5 5 249 493 909 129
398 379 377 734 320 533 461 461 269 272 164 170
399 450 399 166 282 41 85 519 259 537 103 296
400 306 825 733 777 498 405 498 73 17 615 459
401 714 121 285 683 305 281 4 832 57 411 859
402 133 106 548 377 257 426 14 523 14 277 14
403 133 208 809 301 278 201 776 203 168 82 130
404 354 323 768 371 548 170 513 229 64 306 538
405 42 612 612 211 303 520 164 564 258 198 5
406 501 569 441 62 98 618 353 365 12 267 19
407 213 499 602 441 107 327 10 105 258 802 258
408 285 55 1004 55 193 192 192 3 160 726 314
409 292 295 86 153 152 467 460 440 533 129 46
410 62 187 146 166 221 52 52 221 83 212 726
411 243 211 582 103 86 531 249 430 498 602 213
412 64 229 39 409 177 656 352 13 900 165 36
413 160 316 379 378 397 64 389 150 179 295 385
414 449 414 603 414 414 645 645 191 191 86 686
415 852 206 149 284 277 149 278 201 203 829 168
416 173 546 820 483 113 23 464 129 285 533 204
417 444 444 84 174 46 132 118 117 170 82 326
418 582 84 82 304 369 303 169 638 44 405 133
419 932 21 533 950 333 417 176 611 176 611 168
420 60 368 434 518 163 366 404 98 101 371 3
421 13 121 371 105 747 106 184 419 221 106 551
422 333 547 133 129 464 483 424 518 424 527 547
423 417 76 114 976 547 437 437 261 96 408 6
424 124 908 124 429 269 252 803 546 604 305 516
425 256 607 695 695 164 334 65 998 65 526 568
426 263 171 333 180 142 64 326 143 357 105 453
427 48 36 113 220 215 73 950 303 423 263 48
428 812 461 140 334 322 139 216 448 15 405 314
429 428 651 624 420 21 329 424 80 329 184 373
430 674 823 7 141 420 235 303 107 481 285 83
431 84 485 48 482 165 167 483 133 568 1 310
432 433 434 220 377 380 562 65 840 562 562 426
433 83 214 215 295 396 61 295 450 932 45 640
434 226 232 918 64 149 277 203 434 518 83 533
435 127 491 170 114 895 417 976 48 485 317 17
436 437 251 160 29 133 201 169 249 160 184 189
437 860 338 123 450 172 464 183 89 552 195 4
438 113 168 93 39 370 725 443 135 251 96 245
439 96 842 96 13 209 240 237 234 533 362 533
440 368 275 515 515 168 301 428 651 597 282 173
441 374 358 503 213 533 105 255 363 256 170 442
442 370 115 249 159 238 243 859 963 58 212 424
443 96 329 560 336 860 900 165 290 272 45 140
444 263 417 409 190 509 212 494 438 64 280 280
445 256 490 932 46 128 133 106 311 184 42 243
446 13 33 615 249 173 92 818 339 39 29 51
447 409 667 81 222 495 739 12 213 441 573 566
448 335 533 168 829 523 836 706 694 549 296 160
449 414 370 251 971 700 12 498 406 9 213 141
450 581 0 377 659 659 659 659 377 350 343 214
451 360 141 86 400 81 518 509 418 187 671 68
452 830 452 466 53 61 376 378 181 157 156 377
453 255 121 338 434 148 401 130 425 574 401 289
454 84 249 132 301 89 211 142 285 211 48 482
455 547 361 263 442 981 485 423 444 76 455 96
456 405 133 120 74 316 758 758 283 226 533 105
457 197 93 399 813 585 706 936 204 283 83 223
458 494 121 51 41 751 820 169 96 326 533 88
459 496 451 452 213 720 707 9 452 506 9 266
460 419 253 237 6 290 86 584 563 522 493 232
461 735 164 322 322 334 140 322 335 322 322 461
462 106 155 145 999 145 856 62 314 317 485 976
463 463 462 513 462 424 86 163 643 48 443 47
464 35 40 438 31 229 338 27 30 27 40 39
465 615 963 615 115 42 44 430 86 184 311 106
466 421 249 506 441 8 525 525 86 563 563 936
467 166 252 166 223 228 74 282 373 131 282 31
468 495 671 68 420 121 693 82 357 142 597 301
469 108 356 69 434 168 284 277 231 280 556 14
470 170 16 340 593 206 546 355 303 80 28 409
471 607 560 276 401 276 426 568 257 425 130 121
472 255 694 484 86 467 152 269 174 237 926 159
473 32 473 147 377 491 390 393 86 855 549 362
474 663 533 168 526 542 399 450 160 162 295 393
475 375 28 86 747 80 424 74 366 518 371 100
476 13 624 13 478 375 62 262 349 64 232 141
477 91 160 133 172 493 294 129 490 295 295 389
478 325 420 450 275 200 199 41 165 79 115 135
479 177 562 438 89 64 95 60 104 150 150 393
480 509 190 69 678 400 678 678 480 106 467 17
481 56 209 233 234 5 285 738 586 59 738 58
482 437 115 121 453 283 594 82 859 137 301 100
483 280 219 121 168 291 183 172 351 495 188 74
484 484 160 45 107 372 366 537 473 301 27 25
485 114 96 339 113 171 48 48 38 86 114 245
486 357 454 258 253 87 74 480 166 115 147 612
487 487 451 7 566 569 957 12 7 608 754 266
488 971 188 366 256 589 106 160 550 249 84 558
489 2 102 517 743 517 5 828 160 285 54 160
490 212 422 404 62 333 253 62 447 690 316 218
491 453 167 203 204 199 338 434 41 113 950 481
492 154 209 139 334 322 269 820 343 129 19 360
493 694 610 420 19 249 296 60 177 734 377 593
494 261 96 245 486 160 216 107 233 62 426 840
495 424 526 840 275 426 86 533 121 367 427 170
496 488 466 421 421 365 569 81 544 121 828 405
497 562 285 86 225 309 312 17 106 73 358 11
498 525 213 466 141 12 267 61 320 60 250 103
499 440 435 127 377 526 65 401 172 123 337 464
500 44 160 338 420 99 107 141 922 847 455 339
501 430 533 187 166 252 304 86 415 86 131 63
502 500 7 452 160 747 160 161 452 501 232 575
503 374 504 529 913 951 957 569 441 17 314 301
504 421 332 525 421 332 407 249 695 607 420 7
505 358 407 44 30 420 137 685 412 138 420 69
506 249 489 256 258 434 647 458 142 467 20 536
507 513 268 222 221 215 650 215 541 162 180 41
508 418 184 160 667 509 420 7 510 7 661 161
509 69 508 260 508 480 282 106 114 160 512 512
510 141 365 548 497 811 62 498 86 484 160 180
511 301 248 309 73 309 312 311 215 227 756 86
512 155 470 427 160 114 80 356 329 245 337 338
513 210 88 810 321 232 380 381 948 381 390 384
514 474 258 108 190 160 548 491 163 652 329 68
515 484 515 813 434 129 139 209 243 537 243 210
516 333 895 333 736 62 18 85 507 513 615 669
517 517 516 102 102 517 516 517 408 587 412 286
518 166 333 23 96 599 63 303 280 494 17 315
519 106 549 509 747 671 42 21 548 340 445 557
520 738 56 3 411 193 859 411 5 718 305 604
521 86 708 82 199 196 207 95 95 200 918 41
522 493 105 424 124 638 124 838 45 46 21 280
523 292 183 19 441 729 141 64 142 896 124 708
524 72 92 86 936 907 593 434 493 474 859 173
525 406 498 62 447 428 461 812 102 102 743 102
526 426 92 96 245 96 481 305 54 949 481 138
527 976 527 444 48 492 166 20 695 316 1 218
528 64 323 5 496 488 971 416 971 504 529 9
529 502 9 707 247 700 358 65 574 425 457 493
530 92 22 155 58 664 363 371 351 178 157 483
531 420 464 494 510 264 65 401 256 366 404 142
532 54 6 517 195 195 517 517 305 243 58 303
533 201 199 82 329 42 226 483 226 42 74 227
534 440 24 440 368 146 67 74 222 16 105 255
535 13 281 59 859 991 859 3 271 698 2 516
536 473 490 459 759 459 616 533 320 103 250 351
537 189 745 979 316 549 248 330 74 872 377 526
538 723 723 971 3 4 96 481 421 365 183 611
539 79 340 226 160 482 593 94 94 201 51 486
540 121 163 615 129 351 351 183 343 681 191 681
541 139 274 424 17 726 189 911 222 365 490 165
542 401 574 65 94 320 380 539 160 529 506 406
543 93 515 562 285 420 201 64 116 114 263 48
544 932 371 58 193 990 211 661 161 121 105 518
545 40 160 292 82 563 14 706 836 836 706 836
546 58 209 5 82 212 357 16 395 82 314 21
547 437 438 89 59 56 738 55 131 163 17 253
548 337 155 367 655 458 62 142 124 768 124 97
549 473 434 137 635 285 840 65 581 21 932 310
550 212 393 342 95 203 351 283 368 375 89 238
551 184 747 424 125 100 107 372 107 303 255 42
552 411 604 411 121 184 68 300 68 183 152 82
553 554 971 423 171 299 968 968 184 540 86 205
554 482 79 51 970 820 856 246 7 511 411 282
555 856 856 421 487 213 956 7 5 450 83 71
556 280 13 350 178 539 178 180 434 221 16 44
557 256 132 118 118 21 280 419 462 561 462 58
558 487 9 720 720 86 450 123 681 347 352 103
559 166 405 89 165 545 36 165 336 820 86 170
560 19 441 473 404 234 132 234 256 589 83 496
561 462 561 462 256 114 367 892 290 567 82 279
562 498 86 103 368 376 150 150 182 380 65 714
563 14 593 155 188 155 333 320 391 426 283 225
564 340 314 314 105 127 36 28 351 172 107 531
565 44 114 145 326 327 11 265 555 266 232 284
566 608 466 141 249 258 87 473 536 287 299 81
567 843 567 290 405 856 264 264 499 498 14 486
568 107 963 615 155 589 212 405 114 355 424 86
569 430 12 638 340 325 962 958 69 477 69 356
570 566 971 729 358 65 874 425 121 78 539 77
571 286 329 169 494 366 183 11 300 2 63 379
572 434 421 525 332 9 525 720 720 804 265 555
573 160 397 376 64 395 376 393 282 880 282 478
574 425 257 342 593 572 533 21 81 357 80 384
575 206 593 955 820 105 106 169 160 18 120 5
576 543 257 377 403 291 133 367 113 129 13 351
577 249 366 693 83 152 255 363 495 21 36 86
578 577 282 290 99 82 420 430 83 963 131 82
579 428 447 676 160 96 164 139 541 420 651 597
580 580 580 580 580 580 580 580 580 580 580 580
581 310 170 249 173 124 896 112 108 329 258 468
582 549 459 756 533 154 114 420 256 106 489 305
583 521 598 86 196 231 74 764 168 166 173 306
584 290 145 999 145 170 548 116 245 546 23 261
585 600 450 434 333 281 121 79 445 256 83 431
586 738 131 455 58 366 74 872 85 726 314 74
587 234 58 601 41 198 229 31 282 16 280 290
588 37 23 82 462 249 82 422 601 494 24 169
589 106 820 86 536 259 253 166 147 115 252 286
590 33 30 114 78 366 441 466 265 674 504 44
591 96 169 427 142 210 363 278 231 537 397 397
592 617 448 216 164 96 173 249 141 661 549 678
593 342 13 177 176 129 296 610 694 610 250 379
594 84 318 82 227 695 20 96 816 165 38 474
595 52 595 52 157 396 393 387 378 295 391 182
596 218 177 312 228 226 86 553 521 86 218 482
597 282 139 420 190 420 316 409 306 10 271 64
598 134 554 29 133 83 273 812 601 494 470 753
599 208 132 82 106 283 393 103 86 707 856 913
600 600 168 399 168 82 199 198 820 167 936 130
601 177 231 129 308 121 395 152 154 954 518 223
602 699 499 407 466 358 499 452 570 359 570 12
603 414 414 414 414 605 797 342 219 79 128 179
604 211 586 63 211 420 19 155 153 493 14 47
605 851 342 381 387 385 321 377 391 321 150 191
606 495 17 671 329 652 333 48 113 318 976 361
607 42 58 62 135 438 308 21 17 222 249 16
608 267 264 499 141 360 971 3 195 832 102 405
609 609 114 329 21 221 313 268 934 163 17 671
610 420 106 771 106 142 577 366 387 42 187 69
611 252 272 584 290 843 290 694 706 563 464 727
612 42 87 154 249 105 160 47 79 282 191 350
613 619 5 809 174 199 51 93 714 62 506 366
614 613 614 613 747 105 431 152 494 932 20 86
615 64 57 281 57 193 58 371 548 21 82 494
616 320 181 379 382 157 343 107 255 371 185 99
617 448 269 474 560 459 106 560 358 332 699 913
618 523 332 504 44 500 266 441 360 7 856 555
619 89 6 473 582 671 68 106 154 434 113 38
620 86 69 549 627 333 444 171 171 5 249 147
621 518 63 59 252 252 87 954 154 5 194 1001
622 238 64 815 92 370 47 129 160 240 11 406
623 84 1 377 294 377 321 533 4 532 520 812
624 21 5 115 82 236 237 6 4 59 89 96
625 4 271 481 131 646 411 55 950 131 305 243
626 87 77 557 256 518 509 68 21 283 314 228
627 707 73 331 856 922 488 498 777 733 306 478
628 320 61 377 228 309 297 215 222 543 16 196
629 440 265 266 533 65 169 162 58 254 256 121
630 630 303 128 430 83 133 28 114 533 105 187
631 159 158 244 243 319 160 466 451 7 504 441
632 397 389 385 390 182 384 105 431 756 311 905
633 633 633 633 633 633 633 633 633 633 633 633
634 634 635 137 139 6 473 393 250 393 533 473
635 63 5 496 160 496 466 362 560 21 272 448
636 636 636 211 495 460 23 170 987 123 820 412
637 233 932 671 329 514 328 375 577 518 366 132
638 81 28 23 165 136 133 171 455 444 300 42
639 209 159 209 286 411 308 129 473 189 540 509
640 98 155 351 1 255 114 249 765 9 499 707
641 163 435 65 486 478 66 477 478 258 66 513
642 16 489 300 128 490 129 333 895 333 493 105
643 217 84 18 295 932 233 158 930 301 303 369
644 115 41 23 932 237 926 930 931 238 499 913
645 697 697 321 397 321 483 133 309 226 105 282
646 211 209 420 19 452 213 141 496 529 499 358
647 21 64 455 816 548 497 424 82 41 370 547
648 648 648 648 648 648 648 648 648 648 648 648
649 441 87 552 481 698 138 160 168 160 361 34
650 215 81 371 641 163 82 362 86 400 400 64
651 301 446 428 273 209 118 118 121 890 890 890
652 108 91 108 91 96 82 373 311 184 81 46
653 653 653 653 653 653 653 653 653 653 653 653
654 186 162 393 395 283 129 256 552 571 6 751
655 75 427 121 615 144 121 183 154 422 950 533
656 344 377 160 249 81 663 474 233 333 23 494
657 269 933 269 160 217 288 19 573 166 351 81
658 658 658 658 658 658 658 658 658 658 658 658
659 377 381 295 314 221 107 395 368 1 616 602
660 660 660 660 660 660 660 660 660 660 660 660
661 141 213 452 358 466 487 529 362 51 206 95
662 366 173 184 549 287 82 362 28 27 165 30
663 663 187 256 87 404 185 125 404 333 166 429
664 425 562 425 4 665 886 859 990 59 859 249
665 412 520 121 546 422 58 455 925 245 365 355
666 62 153 254 23 32 116 340 303 87 509 747
667 480 549 326 10 13 440 232 707 856 506 288
668 157 668 157 851 851 483 226 459 519 160 96
669 5 450 86 238 700 299 710 184 106 278 908
670 670 670 670 670 670 670 670 670 670 670 670
671 747 189 745 221 310 82 218 218 317 366 183
672 249 367 30 39 28 44 86 404 586 86 222
673 673 495 128 1 218 219 82 282 932 495 121
674 504 301 52 377 483 473 105 170 35 168 585
675 675 675 675 675 675 675 675 675 675 675 675
676 447 45 838 124 107 63 3 886 859 59 3
677 199 83 173 748 182 321 394 376 250 296 157
678 747 671 747 62 303 301 226 228 82 161 707
679 137 255 62 64 124 173 896 12 420 340 564
680 380 60 95 86 424 115 404 643 163 533 473
681 214 215 268 513 147 85 14 103 296 610 255
682 511 7 359 558 451 365 255 610 89 474 424
683 305 211 424 495 211 338 485 76 75 76 47
684 684 684 684 684 684 684 684 684 684 684 684
685 815 138 285 635 286 195 208 133 169 13 506
686 86 117 211 5 980 64 191 343 278 121 480
687 282 283 28 306 173 462 211 55 481 411 976
688 543 183 145 145 17 228 280 909 183 169 329
689 689 543 326 245 423 333 249 642 87 131 209
690 5 730 468 180 149 148 349 347 377 120 120
691 691 691 691 691 691 691 691 691 691 691 691
692 231 53 167 18 223 121 186 83 140 273 461
693 82 279 118 597 460 493 515 494 593 128 79
694 129 932 544 542 403 542 401 107 478 110 474
695 316 420 138 809 519 222 16 543 121 859 474
696 17 342 533 371 303 362 86 163 434 812 126
697 321 397 6 141 661 252 571 552 126 638 356
698 131 949 809 195 281 58 159 434 320 349 348
699 332 406 672 430 533 17 313 560 321 389 521
700 661 293 374 374 504 912 499 43 358 729 141
701 462 460 116 38 23 220 114 48 444 13 497
702 107 704 107 296 932 154 236 241 244 209 96
703 703 703 703 703 703 703 703 703 703 703 703
704 704 107 230 282 253 373 508 82 422 269 160
705 183 114 145 87 128 607 434 434 215 64 170
706 124 97 662 62 300 106 129 296 393 154 533
707 872 707 765 707 465 519 465 473 495 419 106
708 82 612 272 592 139 448 160 57 63 57 552
709 353 371 87 63 571 4 160 236 587 6 515
710 69 287 299 508 299 509 69 713 509 190 418
711 711 711 711 711 711 711 711 711 711 711 711
712 4 738 211 152 107 420 256 647 93 883 339
713 509 87 252 154 106 607 548 78 13 47 444
714 425 285 305 252 96 82 859 886 3 128 166
715 799 189 215 296 105 86 113 486 270 486 82
716 716 5 249 18 317 248 282 356 375 860 437
717 788 788 717 788 788 788 717 295 172 93 14
718 56 137 138 126 405 114 226 85 226 165 362
719 121 183 4 252 160 137 301 216 142 483 362
720 754 441 546 909 209 365 833 62 100 662 97
721 27 953 26 113 950 393 397 368 103 390 756
722 27 34 339 340 420 166 173 142 589 160 114
723 546 184 253 189 695 228 226 483 13 40 753
724 160 504 332 525 213 8 466 359 951 44 549
725 116 113 547 40 116 170 28 229 177 86 601
726 342 277 621 426 526 526 275 65 204 51 581
727 84 582 671 411 208 121 654 323 97 99 101
728 327 21 690 189 146 67 549 84 166 518 105
729 649 246 430 365 183 460 74 330 74 485 86
730 64 305 494 282 106 283 389 585 706 563 373
731 731 731 731 731 731 731 731 731 731 731 731
732 732 732 732 732 732 732 732 732 732 732 732
733 64 644 115 302 123 411 4 285 426 263 168
734 320 295 947 181 176 65 639 638 340 105 163
735 448 139 335 461 448 447 579 446 322 447 799
736 107 255 545 785 409 428 579 334 46 164 322
737 737 737 271 137 59 3 812 252 210 303 242
738 481 138 3 587 3 303 434 161 569 569 161
739 82 859 64 172 295 450 168 568 493 84 254
740 971 444 13 266 324 44 405 340 82 105 420
741 741 377 207 183 526 782 82 495 214 179 181
742 742 166 474 546 86 275 275 813 836 332 525
743 102 323 447 799 166 133 308 379 60 219 121
744 744 744 744 744 744 744 744 744 744 744 744
745 377 872 218 226 186 363 236 243 159 158 114
746 746 746 746 746 746 746 746 746 746 746 746
747 184 249 44 43 502 500 498 529 494 83 199
748 944 748 222 695 365 255 283 365 371 81 20
749 62 417 115 533 581 200 776 206 65 870 401
750 88 88 88 806 304 411 116 533 87 17 154
751 6 418 549 212 210 932 474 89 610 255 282
752 82 282 280 434 300 44 358 266 466 267 266
753 40 171 339 75 165 115 62 338 900 123 411
754 211 654 66 661 440 629 440 365 226 483 157
755 211 285 89 252 285 635 286 571 3 283 254
756 142 615 492 144 186 162 654 121 345 681 352
757 980 980 367 405 537 103 250 104 395 321 320
758 120 309 223 316 73 74 460 490 212 144 145
759 459 495 367 757 367 160 256 434 433 233 86
760 546 508 62 424 139 282 283 187 329 419 329
761 393 387 389 283 377 179 284 157 734 284 206
762 516 192 59 812 971 403 53 280 87 474 254
763 5 281 571 288 212 165 437 25 361 34 5
764 211 5 437 455 333 422 950 913 700 299 6
765 498 238 237 963 82 163 17 0 18 85 85
766 766 521 62 509 508 546 723 173 134 523 522
767 121 462 106 183 89 132 132 949 252 412 832
768 371 58 88 183 169 495 62 427 434 812 217
769 107 355 513 268 106 211 333 171 48 444 444
770 353 124 892 124 51 498 421 13 327 326 84
771 13 840 562 498 358 504 441 264 510 492 510
772 772 772 772 772 772 772 772 772 772 772 772
773 773 773 405 537 221 459 560 222 301 225 148
774 285 132 58 233 235 244 238 602 529 7 12
775 560 386 181 231 645 414 370 151 170 115 339
776 749 62 362 11 365 63 249 602 466 324 971
777 482 554 134 340 521 217 643 163 518 577 142
778 569 249 473 25 38 438 251 361 434 812 217
779 549 667 81 81 896 710 952 69 141 7 500
780 84 250 395 494 404 371 828 233 88 252 160
781 621 301 581 420 430 280 128 86 106 133 292
782 82 28 51 112 80 357 108 143 469 112 375
783 16 405 126 174 408 5 669 930 236 160 450
784 411 864 411 55 86 340 82 372 107 258 932
785 545 29 165 29 5 411 987 411 24 36 333
786 166 174 210 16 258 142 166 160 478 111 375
787 21 777 69 141 12 249 548 381 176 440 818
788 717 717 160 892 114 165 753 115 546 441 366
789 278 347 231 214 231 257 450 256 366 223 117
790 544 534 440 232 206 168 585 585 585 168 458
791 425 714 425 874 425 873 425 4 635 208 236
792 121 368 392 392 588 282 533 458 486 184 19
793 316 629 177 229 23 13 489 434 190 296 157
794 335 428 447 62 68 64 786 407 266 440 53
795 417 151 427 282 812 826 58 59 96 119 165
796 828 889 300 108 110 111 478 83 812 880 308
797 14 277 231 249 87 129 515 562 457 425 86
798 798 798 798 798 798 798 798 798 798 798 798
799 166 152 186 531 173 134 535 554 340 340 160
800 409 346 352 351 87 552 58 372 248 311 312
801 41 204 176 344 381 295 308 74 560 518 283
802 172 130 280 65 51 29 27 30 229 494 24
803 990 685 13 514 478 176 611 64 820 346 160
804 265 957 569 12 265 856 533 129 186 83 586
805 44 525 967 504 569 501 232 608 265 661 518
806 809 304 252 654 66 477 91 328 514 91 478
807 211 169 338 28 86 392 182 719 393 107 107
808 808 808 808 808 808 808 808 808 808 808 808
809 211 402 211 283 212 170 427 434 424 18 86
810 222 215 296 380 103 385 377 179 869 179 280
811 531 419 82 20 121 665 54 271 211 285 121
812 208 2 208 114 983 114 434 550 187 87 121
813 714 426 82 151 170 816 40 32 261 411 58
814 58 159 440 733 327 325 327 96 261 133 568
815 138 59 3 412 54 812 58 83 23 427 252
816 860 860 135 27 121 375 111 66 64 640 404
817 813 434 132 5 135 26 590 34 33 27 338
818 160 492 518 11 666 420 137 412 859 137 901
819 139 424 478 486 176 176 238 252 273 273 164
820 180 350 861 350 94 294 65 160 327 82 365
821 163 162 236 132 552 412 552 13 26 30 261
822 922 499 699 699 11 240 424 44 486 537 537
823 264 19 166 429 216 15 820 483 342 621 231
824 191 191 160 562 654 789 654 453 453 42 23
825 733 326 92 336 30 29 31 96 4 96 48
826 252 17 226 228 495 82 373 86 506 107 372
827 506 7 324 19 569 105 346 345 343 160 448
828 612 424 44 533 213 9 525 247 267 359 44
829 168 440 534 813 543 458 183 146 779 549 509
830 452 506 406 407 141 506 499 566 141 81 467
831 258 16 174 195 286 532 286 6 337 336 971
832 131 950 292 168 285 6 362 546 105 210 16
833 833 249 366 372 82 490 209 271 243 249 329
834 107 314 166 601 859 4 586 58 256 338 409
835 65 714 813 93 417 113 220 165 82 58 271
836 332 525 510 12 565 804 265 525 505 525 293
837 837 107 253 222 467 166 577 757 980 655 75
838 124 98 124 125 142 129 142 493 450 167 128
839 377 450 399 51 30 34 5 815 64 66 477
840 275 275 65 581 205 917 207 409 135 93 143
841 312 377 490 186 654 252 54 59 132 809 698
842 96 469 112 51 198 203 284 180 284 5 840
843 290 114 892 423 925 981 527 114 976 361 263
844 971 778 971 360 293 44 503 213 182 167 918
845 921 138 409 336 883 32 40 160 551 69 477
846 846 846 605 846 846 846 605 846 605 797 231
847 455 423 847 38 28 114 256 362 11 159 159
848 419 101 99 62 114 417 409 800 615 518 209
849 57 271 132 249 407 504 86 681 5 417 895
850 199 908 167 377 546 427 23 96 375 328 560
851 605 414 605 851 214 21 486 377 385 182 380
852 206 51 13 588 30 136 93 883 115 531 300
853 82 227 756 288 84 243 238 622 238 158 3
854 174 157 397 869 841 869 182 157 383 383 295
855 549 309 17 221 282 174 281 208 408 271 64
856 166 601 64 197 41 387 377 128 206 6 377
857 166 459 225 311 190 418 183 278 121 458 129
858 306 511 64 733 923 923 733 825 733 923 733
859 5 828 796 121 211 11 602 182 397 60 283
860 135 170 442 113 160 481 698 738 56 6 191
861 350 191 64 6 89 552 809 59 481 54 166
862 777 134 366 253 434 142 356 249 405 89 57
863 57 832 252 333 976 417 370 48 560 276 276
864 411 552 515 450 128 142 357 357 81 896 142
865 59 63 473 355 333 82 641 748 82 752 84
866 80 490 490 371 121 480 69 671 549 549 661
867 340 546 144 254 180 41 215 20 715 69 105
868 320 283 204 167 200 434 361 438 33 27 172
869 397 380 539 79 531 77 811 62 188 184 508
870 401 574 401 714 450 183 118 300 161 300 283
871 231 249 82 143 143 474 153 86 553 598 86
872 309 221 434 233 282 366 249 672 971 520 138
873 425 84 127 107 454 357 64 102 812 434 128
874 65 280 426 86 166 201 198 201 249 209 174
875 170 31 96 302 438 423 303 15 428 428 461
876 564 340 217 521 134 521 217 643 50 87 208
877 28 655 223 612 212 163 420 152 494 84 118
878 23 142 338 48 654 105 820 615 331 464 165
879 242 237 6 411 738 481 131 58 208 564 164
880 282 357 112 357 21 128 180 932 180 347 180
881 96 408 685 859 411 261 27 51 100 708 86
882 160 8 971 823 661 8 971 778 569 602 441
883 27 917 205 201 103 103 385 379 316 377 379
884 412 138 409 555 82 158 159 11 21 222 106
885 21 329 363 115 249 137 210 158 166 243 507
886 3 971 190 121 80 105 296 62 209 639 158
887 20 271 304 57 604 57 698 13 30 546 177
888 412 738 59 132 518 183 116 340 474 121 191
889 300 355 160 108 64 164 695 597 651 118 511
890 121 269 166 742 546 282 33 282 662 494 417
891 405 405 121 21 87 58 59 138 4 55 481
892 128 290 167 231 122 411 132 807 192 5 169
893 466 720 86 611 232 129 426 257 377 163 932
894 327 473 174 363 278 611 168 450 5 63 59
895 114 41 21 480 638 44 569 360 533 582 84
896 107 180 333 252 48 114 290 546 615 404 424
897 263 48 485 333 256 351 419 280 47 13 576
898 230 21 212 371 125 121 245 442 478 469 375
899 2 489 129 932 269 121 83 203 249 44 754
900 13 165 883 32 438 87 363 186 856 293 19
901 137 281 131 131 57 59 610 89 515 373 115
902 5 528 373 552 281 174 2 57 408 533 607
903 907 180 352 178 200 200 128 197 820 166 520
904 321 61 394 389 182 296 395 296 62 357 13
905 316 341 17 248 317 116 129 484 13 535 777
906 546 84 654 58 137 4 698 208 195 826 408
907 907 262 231 797 797 231 206 206 277 206 292
908 822 563 82 365 128 419 114 116 133 82 365
909 129 333 641 82 540 509 87 607 365 210 212
910 65 526 542 413 232 840 168 526 912 526 160
911 189 188 486 725 370 361 135 31 155 367 329
912 526 14 61 264 441 282 371 495 208 115 129
913 922 529 374 407 525 238 602 700 913 707 674
914 64 302 5 5 42 343 345 178 231 841 368
915 38 40 953 26 251 172 295 313 17 82 385
916 414 443 85 309 225 301 61 181 179 191 166
917 196 64 685 665 58 89 333 438 545 133 292
918 64 181 157 345 352 41 352 178 214 377 157
919 919 114 283 115 169 366 443 976 527 547 114
920 435 616 459 495 434 165 23 39 437 860 135
921 63 233 494 12 14 394 250 393 84 37 26
922 280 296 607 118 326 327 160 375 160 385 380
923 326 169 300 269 166 366 83 481 698 285 532
924 845 2 107 172 820 159 249 506 434 106 494
925 113 177 331 19 441 707 872 314 495 367 283
926 930 243 63 169 533 321 181 296 495 329 478
927 963 404 615 393 382 157 16 249 530 538 733
928 211 21 280 170 145 249 303 145 83 494 93
929 140 166 820 44 10 405 362 86 362 856 293
930 926 234 233 238 86 353 185 99 173 932 544
931 210 88 129 399 93 714 813 413 176 178 0
932 147 115 282 371 87 493 291 232 1 225 86
933 429 15 16 105 256 269 810 597 411 58 138
934 549 146 187 663 81 420 106 434 353 86 353
935 936 955 936 206 277 971 400 21 671 357 105
936 168 829 203 231 377 388 160 58 424 78 424
937 353 87 438 23 115 63 896 375 230 82 445
938 611 292 450 128 211 450 581 308 160 8 62
939 572 64 68 667 189 726 283 61 213 441 720
940 128 15 448 428 651 272 612 41 51 197 409
941 189 799 447 409 165 590 443 13 302 96 455
942 95 129 130 172 280 183 121 489 211 64 134
943 295 179 61 160 557 395 368 366 17 315 253
944 748 106 259 86 261 75 135 116 118 326 183
945 325 945 409 371 183 405 493 221 17 145 571
946 641 1 127 129 557 129 482 482 438 5 35
947 377 385 160 242 159 159 215 105 424 212 550
948 381 377 103 321 384 377 150 149 148 148 402
949 698 131 552 281 411 859 921 63 211 611 450
950 58 271 3 59 54 809 107 80 184 160 809
951 525 213 182 394 381 178 413 840 526 493 294
952 710 549 473 495 278 257 130 388 164 281 194
953 590 299 190 533 818 339 136 455 333 253 607
954 107 591 591 419 642 107 589 671 690 5 279
955 197 197 86 154 5 6 337 93 93 143 172
956 7 500 466 488 141 602 182 61 368 391 182
957 12 161 504 506 86 83 368 232 129 426 306
958 962 958 962 958 69 508 86 83 211 755 211
959 377 393 810 393 154 152 420 69 715 69 299
960 377 918 207 200 581 79 165 366 173 538 777
961 377 468 148 377 764 314 18 74 224 560 386
962 958 962 325 143 758 424 375 112 91 306 86
963 131 419 531 581 21 400 74 224 224 148 377
964 29 261 427 165 30 86 714 86 551 69 480
965 936 706 585 168 28 303 665 54 685 208 54
966 21 560 913 956 44 30 151 28 105 190 16
967 525 293 498 496 11 555 141 438 308 211 152
968 184 678 492 84 82 63 271 400 260 74 424
969 509 513 121 665 174 21 115 16 169 333 271
970 128 820 172 143 93 51 371 81 434 308 183
971 973 971 466 9 466 754 360 441 17 654 252
972 913 950 131 55 4 114 78 79 820 482 228
973 971 29 40 245 339 438 29 40 443 547 38
974 593 820 204 167 41 166 467 81 160 275 275
975 971 504 421 452 501 176 501 358 266 500 569
976 423 527 5 820 150 179 82 278 351 377 148
977 977 242 106 117 117 117 491 127 533 906 546
978 753 261 119 76 443 85 14 196 207 343 971
979 170 987 914 116 420 296 610 303 551 434 612
980 980 655 367 263 367 106 295 215 459 467 17
981 444 361 135 339 13 214 495 87 459 616 320
982 137 92 373 964 373 812 4 571 552 252 138
983 333 48 925 47 129 184 509 108 652 329 351
984 333 417 23 170 860 170 497 811 340 282 641
985 376 307 218 183 160 35 13 236 319 963 234
986 470 655 231 841 368 182 602 249 211 57 5
987 438 74 482 777 862 777 69 671 187 166 799
988 411 174 121 308 462 212 726 160 377 745 377
989 329 210 62 131 738 552 137 21 21 787 21
990 65 172 14 203 196 86 572 426 280 572 5
991 520 137 285 105 478 110 478 329 306 68 212
992 129 129 440 264 161 504 141 951 913 950 64
993 408 305 880 80 271 256 296 288 758 288 105
994 6 141 166 139 273 269 254 63 164 272 140
995 712 255 210 106 771 518 559 142 153 494 81
996 12 14 922 699 332 720 525 529 699 953 35
997 24 23 421 452 161 434 44 7 422 82 183
998 65 990 65 290 294 346 133 143 86 84 142
999 145 422 166 93 367 32 883 93 714 486 51
1000 232 312 62 769 107 730 301 747 82 345 350
1001 4 13 351 87 661 11 421 466 362 141 407
1002 560 518 424 589 142 187 283 288 71 83 557
1003 258 356 410 107 173 17 255 137 160 148 0
1004 55 285 408 859 107 154 155 31 40 261 115
0 560 224 224 256
1 377 182 394 320
2 845 59 408 859
3 59 55 665 87
4 96 610 89 305
5 581 409 457 62
6 194 281 718 56
7 8 510 661 823
8 971 480 221 317
9 720 406 466 7
10 728 885 887 92
11 12 564 480 142
12 293 856 246 213
13 90 64 157 378
14 231 214 284 301
15 162 482 554 134
16 280 363 16 64
17 17 459 756 215
18 307 317 226 79
19 141 7 212 641
20 253 373 106 548
21 260 325 173 932
22 35 338 434 233
23 40 361 981 485
24 23 301 216 274
25 37 38 30 38
26 38 40 39 229
27 93 883 27 494
28 30 116 27 28
29 21 189 540 952
30 38 474 81 249
31 427 212 170 453
32 32 27 30 820
33 38 722 38 40
34 27 26 971 114
35 434 515 440 61
36 75 560 1 146
37 36 29 169 41
38 329 476 112 373
39 93 482 134 173
40 37 229 86 274
41 28 26 654 453
42 20 253 162 195
43 566 8 510 661
44 529 558 324 43
45 461 140 209 252
46 129 292 232 1000
47 76 263 417 27
48 547 113 33 35
49 643 49 87 490
50 152 255 5 859
51 65 457 493 562
52 128 53 394 104
53 5 134 5 272
54 131 101 98 99
55 949 809 707 358
56 126 208 87 87
57 408 533 525 913
58 256 308 283 393
59 55 107 96 119
60 283 365 434 320
61 421 460 244 810
62 390 385 103 379
63 490 932 153 105
64 134 535 164 16
65 430 486 81 405
66 338 434 152 364
67 86 79 811 62
68 418 710 549 306
69 434 544 82 752
70 107 428 139 107
71 84 121 209 518
72 20 519 315 253
73 116 133 183 198
74 310 445 86 210
75 655 438 23 474
76 976 442 455 444
77 932 115 387 390
78 548 152 366 249
79 419 84 48 114
80 866 411 976 245
81 225 282 31 229
82 215 248 17 427
83 474 38 417 263
84 372 83 340 553
85 51 79 152 363
86 584 86 290 106
87 223 518 163 473
88 142 151 470 116
89 63 59 880 58
90 329 83 107 671
91 306 409 448 847
92 260 950 260 20
93 166 93 78 366
94 494 290 145 83
95 820 207 107 23
96 64 950 145 4
97 185 371 249 589
98 86 105 249 671
99 434 433 364 351
100 124 892 226 390
101 101 300 87 233
102 832 587 6 489
103 18 177 297 260
104 104 179 377 296
105 405 44 86 623
106 82 129 426 956
107 441 333 577 283
108 300 64 93 27
109 424 256 269 422
110 478 514 971 430
111 110 111 66 215
112 7 7 707 331
113 245 423 114 280
114 155 209 286 532
115 155 371 105 48
116 455 136 339 39
117 491 490 513 474
118 128 474 89 285
119 333 180 130 692
120 101 419 198 203
121 116 370 40 560
122 515 65 440 440
123 420 15 13 168
124 429 429 592 322
125 283 280 430 14
126 4 89 304 54
127 21 62 201 202
128 183 474 143 420
129 353 768 185 98
130 290 515 458 62
131 252 175 252 494
132 217 121 329 480
133 403 14 537 243
134 133 65 197 955
135 136 339 340 165
136 160 87 543 401
137 877 533 616 533
138 3 303 62 19
139 216 160 240 963
140 64 66 375 896
141 62 833 44 213
142 187 405 365 802
143 128 3 56 698
144 145 155 46 269
145 106 226 225 301
146 166 426 426 403
147 329 355 256 278
148 160 107 256 154
149 160 127 184 969
150 381 160 141 729
151 261 411 665 63
152 116 39 93 515
153 615 115 62 159
154 424 45 838 45
155 301 132 301 290
156 907 180 156 906
157 345 262 62 64
158 242 533 518 63
159 183 355 283 426
160 417 23 113 47
161 661 856 166 20
162 333 160 15 183
163 612 173 22 21
164 16 338 35 438
165 115 87 810 222
166 859 601 166 142
167 204 581 13 98
168 13 12 13 32
169 96 340 932 333
170 145 950 64 69
171 26 34 28 170
172 295 313 0 266
173 17 218 225 81
174 252 611 292 377
175 288 549 64 309
176 204 199 677 199
177 177 86 153 142
178 157 250 160 127
179 148 344 262 511
180 254 28 39 480
181 156 160 58 54
182 182 387 394 376
183 300 187 283 152
184 21 308 438 987
185 98 86 714 143
186 254 290 584 290
187 710 69 549 747
188 21 272 448 271
189 966 21 83 586
190 418 409 371 81
191 839 377 292 280
192 517 195 586 195
193 63 363 371 174
194 6 880 56 13
195 194 211 586 2
196 820 820 970 440
197 206 198 204 350
198 204 65 352 214
199 820 243 950 533
200 178 381 377 174
201 94 128 329 143
202 41 166 152 258
203 201 93 280 284
204 232 483 94 955
205 196 94 776 130
206 202 206 6 290
207 199 199 83 269
208 54 208 495 278
209 301 504 161 81
210 244 158 89 63
211 128 249 154 121
212 490 254 329 303
213 441 161 452 161
214 124 64 527 263
215 227 268 227 495
216 269 105 589 424
217 132 2 411 434
218 315 17 73 218
219 82 303 369 96
220 128 494 58 865
221 73 313 73 106
222 400 325 409 128
223 223 177 344 814
224 468 316 409 51
225 301 118 651 506
226 546 272 665 174
227 537 368 232 277
228 253 509 81 69
229 115 860 123 103
230 533 21 327 325
231 575 851 157 377
232 266 61 380 160
233 441 754 161 363
234 158 241 241 241
235 96 619 613 537
236 46 303 105 366
237 241 963 234 238
238 412 6 2 54
239 3 6 141 674
240 235 158 926 301
241 592 100 51 172
242 303 244 237 158
243 211 402 211 364
244 237 236 237 62
245 434 107 96 252
246 421 421 86 563
247 506 407 44 183
248 309 272 446 429
249 393 377 220 47
250 320 734 0 65
251 165 363 560 20
252 282 28 168 399
253 142 141 555 11
254 153 493 270 11
255 106 295 377 0
256 434 153 282 142
257 180 346 294 206
258 160 343 180 533
259 74 310 932 597
260 74 549 667 189
261 114 129 486 537
262 100 125 618 98
263 547 245 925 417
264 441 602 569 778
265 407 502 44 359
266 466 494 318 333
267 264 61 608 440
268 756 42 58 411
269 15 362 506 466
270 11 608 232 103
271 132 252 427 153
272 447 164 63 635
273 301 926 158 160
274 273 447 323 662
275 123 275 168 263
276 295 398 295 576
277 284 157 734 172
278 292 292 284 155
279 106 44 128 306
280 575 178 275 515
281 520 971 4 285
282 142 896 2 2
283 204 936 546 86
284 351 284 1 127
285 458 568 183 357
286 685 175 685 815
287 160 8 661 9
288 105 518 518 187
289 180 468 221 160
290 263 419 405 537
291 129 340 83 727
292 295 320 157 880
293 765 720 332 44
294 425 401 130 692
295 628 181 395 385
296 87 161 754 441
297 218 166 150 149
298 246 856 612 393
299 81 356 828 546
300 21 41 23 96
301 153 984 66 469
302 89 408 194 305
303 62 174 212 493
304 57 304 285 586
305 5 89 455 171
306 728 5 489 157
307 971 196 95 351
308 393 160 85 758
309 309 74 187 69
310 85 310 74 223
311 905 309 511 262
312 377 572 936 572
313 218 1 221 17
314 105 601 886 665
315 695 183 35 129
316 420 338 114 183
317 85 467 509 81
318 367 81 911 81
319 237 107 91 183
320 60 295 943 295
321 388 130 388 160
322 46 448 45 812
323 533 4 273 447
324 558 359 360 19
325 508 142 166 666
326 114 158 158 963
327 128 118 420 78
328 514 329 495 351
329 283 367 107 812
330 556 556 531 77
331 19 573 11 518
332 502 407 93 176
333 518 771 518 152
334 164 15 929 429
335 760 592 579 335
336 27 82 115 38
337 6 272 269 142
338 35 39 409 515
339 35 32 28 25
340 290 643 393 643
341 74 222 85 18
342 219 121 127 189
343 350 377 130 425
344 381 177 905 222
345 61 380 656 178
346 820 932 154 363
347 262 179 157 231
348 191 349 180 420
349 6 232 14 103
350 180 601 886 859
351 350 204 65 352
352 180 87 20 885
353 640 564 263 245
354 353 708 185 100
355 300 11 161 267
356 434 458 397 60
357 282 333 212 494
358 504 44 358 913
359 265 503 358 505
360 570 700 566 823
361 34 39 28 96
362 518 424 196 204
363 351 280 60 393
364 165 847 919 40
365 19 129 11 611
366 494 918 201 280
367 35 878 33 165
368 232 608 61 395
369 303 254 453 107
370 318 170 434 221
371 360 430 425 121
372 283 60 61 377
373 420 99 937 404
374 506 374 7 707
375 112 357 64 445
376 295 84 533 141
377 294 301 211 489
378 376 150 182 181
379 60 390 409 81
380 177 86 17 317
381 181 390 756 166
382 157 64 198 168
383 377 320 593 974
384 495 250 113 165
385 295 313 221 215
386 157 64 107 187
387 283 87 269 256
388 393 61 19 121
389 320 160 40 135
390 390 320 213 407
391 381 515 89 91
392 296 473 29 590
393 160 195 281 252
394 486 303 63 366
395 82 166 82 783
396 321 61 177 377
397 632 632 632 719
398 379 384 157 386
399 51 109 108 478
400 107 820 107 327
401 493 791 623 813
402 420 452 666 362
403 526 14 12 681
404 323 708 599 208
405 2 56 160 224
406 672 406 503 213
407 213 452 573 498
408 408 58 86 223
409 357 13 576 176
410 329 69 549 465
411 102 517 305 55
412 665 3 990 194
413 542 403 971 778
414 449 414 414 605
415 86 154 58 208
416 173 114 976 411
417 176 423 547 423
418 188 62 434 144
419 777 10 326 118
420 184 373 420 362
421 359 496 5 140
422 21 885 106 419
423 114 81 81 568
424 405 4 271 949
425 562 425 870 425
426 168 813 450 434
427 470 261 494 86
428 139 461 446 45
429 140 929 322 45
430 6 0 73 73
431 4 192 102 300
432 71 288 283 125
433 49 217 132 54
434 147 435 127 36
435 163 106 537 405
436 115 370 151 32
437 5 423 971 417
438 6 412 281 208
439 338 136 93 78
440 232 41 30 29
441 729 84 612 131
442 976 171 409 190
443 135 27 39 28
444 442 485 333 288
445 820 114 215 347
446 428 409 65 204
447 473 582 103 385
448 16 748 641 301
449 414 697 414 697
450 340 548 497 77
451 569 12 300 642
452 264 12 265 266
453 932 371 360 213
454 160 21 13 15
455 443 427 86 393
456 456 456 456 456
457 232 219 222 227
458 152 431 152 366
459 29 24 494 539
460 333 984 153 166
461 461 446 446 166
462 430 360 11 141
463 463 462 513 271
464 847 976 113 914
465 465 83 340 329
466 53 167 460 473
467 166 160 480 638
468 121 308 74 438
469 91 356 160 526
470 427 17 146 21
471 295 157 346 129
472 255 363 283 372
473 211 290 620 290
474 87 210 63 56
475 375 328 143 469
476 375 154 363 154
477 69 184 301 597
478 160 29 420 209
479 414 415 697 415
480 405 45 371 351
481 132 301 474 474
482 777 862 777 134
483 142 106 278 495
484 563 936 284 257
485 221 74 62 151
486 278 13 476 258
487 451 452 160 226
488 421 9 502 407
489 365 405 89 2
490 295 393 380 680
491 753 261 411 867
492 615 243 615 243
493 183 236 162 190
494 395 174 46 271
495 278 548 340 331
496 268 300 268 227
497 340 114 307 301
498 200 176 501 160
499 358 7 247 525
500 504 529 11 7
501 569 19 856 105
502 499 19 12 498
503 499 440 447 334
504 7 213 951 666
505 971 232 321 388
506 430 183 362 533
507 298 301 581 872
508 189 82 287 184
509 969 509 713 69
510 494 68 549 218
511 5 97 100 102
512 512 155 655 427
513 87 812 87 160
514 971 416 327 326
515 275 168 35 168
516 743 102 412 243
517 192 3 102 2
518 362 6 418 62
519 259 69 353 125
520 812 54 738 411
521 62 78 82 357
522 523 134 340 17
523 706 563 373 282
524 72 92 238 930
525 141 81 169 201
526 296 167 918 917
527 981 114 81 189
528 64 515 440 534
529 487 213 525 247
530 358 573 12 681
531 133 400 509 434
532 175 3 599 708
533 581 445 424 166
534 256 121 261 114
535 777 10 105 427
536 214 206 284 157
537 397 295 172 219
538 538 326 82 641
539 494 212 405 419
540 549 418 473 403
541 249 672 365 269
542 440 368 376 307
543 430 504 358 525
544 257 544 129 308
545 40 113 932 450
546 269 282 17 62
547 339 261 165 258
548 753 151 113 114
549 663 69 678 274
550 121 642 405 5
551 86 498 74 142
552 281 252 241 237
553 554 971 809 160
554 521 766 340 497
555 44 183 28 424
556 330 223 105 404
557 160 129 458 543
558 569 9 565 804
559 769 62 812 57
560 12 739 82 420
561 462 506 856 107
562 183 900 987 169
563 14 61 264 264
564 126 57 193 195
565 266 533 234 234
566 8 661 8 823
567 567 425 84 209
568 457 562 129 232
569 362 256 114 160
570 707 913 141 358
571 520 89 91 112
572 936 563 14 426
573 141 362 602 602
574 401 129 296 212
575 231 457 840 457
576 82 203 121 127
577 166 114 168 526
578 577 333 89 76
579 335 592 461 735
580 580 580 580 580
581 581 65 53 466
582 667 118 420 464
583 521 583 521 583
584 272 309 95 280
585 172 169 366 217
586 58 233 424 543
587 236 87 654 217
588 13 15 533 84
589 256 107 209 5
590 32 31 162 283
591 591 62 859 6
592 140 812 520 155
593 377 391 321 697
594 83 932 107 35
595 52 301 963 242
596 218 310 17 162
597 142 820 486 820
598 134 553 134 134
599 931 240 243 244
600 401 621 180 231
601 180 393 421 488
602 616 533 61 440
603 414 605 797 231
604 57 64 430 249
605 414 479 275 413
606 495 309 177 13
607 365 187 550 549
608 566 43 499 498
609 609 333 48 105
610 472 355 128 46
611 166 300 889 375
612 272 271 2 990
613 793 613 537 366
614 106 20 222 695
615 115 172 171 590
616 533 590 533 32
617 618 662 300 642
618 617 448 447 440
619 613 288 506 499
620 620 290 437 482
621 130 426 493 107
622 238 92 818 65
623 450 123 275 123
624 21 280 440 160
625 252 4 323 192
626 87 253 237 587
627 62 441 649 84
628 295 396 380 381
629 440 61 19 268
630 630 630 303 932
631 159 931 927 963
632 632 397 458 604
633 633 633 633 633
634 634 634 635 2
635 520 195 192 271
636 636 636 211 552
637 233 233 159 233
638 495 16 263 280
639 65 290 206 232
640 185 768 100 124
641 301 248 696 248
642 16 280 204 232
643 162 212 77 581
644 180 349 907 377
645 156 181 95 918
646 211 738 698 55
647 420 116 417 547
648 648 648 648 648
649 499 141 332 707
650 215 690 366 404
651 597 142 86 132
652 478 121 154 963
653 653 653 653 653
654 17 316 465 519
655 470 590 40 93
656 380 296 296 494
657 269 644 166 404
658 658 658 658 658
659 659 659 659 659
660 660 660 660 660
661 265 823 570 359
662 166 64 113 232
663 69 362 459 498
664 166 0 74 312
665 6 528 6 5
666 7 12 996 12
667 69 184 187 256
668 157 301 445 62
669 5 169 290 263
670 670 670 670 670
671 329 105 326 143
672 672 365 83 199
673 495 360 359 502
674 565 324 10 282
675 675 675 675 675
676 322 446 166 81
677 199 288 431 427
678 747 473 551 299
679 375 301 857 166
680 380 157 382 157
681 681 160 230 74
682 511 420 190 459
683 305 252 138 481
684 684 684 684 684
685 665 859 183 93
686 114 655 301 337
687 185 99 420 128
688 543 121 81 28
689 543 494 601 82
690 671 187 518 445
691 691 691 691 691
692 130 351 296 494
693 366 333 361 370
694 610 57 84 180
695 259 127 21 932
696 307 537 52 197
697 414 449 414 414
698 412 2 685 55
699 971 188 145 856
700 441 533 306 62
701 462 463 462 106
702 107 221 1 351
703 703 703 703 703
704 704 704 704 704
705 450 186 254 142
706 373 83 288 371
707 765 498 12 166
708 99 404 896 28
709 185 768 371 58
710 188 459 421 487
711 711 711 711 711
712 995 712 401 971
713 69 667 508 259
714 121 796 353 124
715 799 189 690 447
716 5 557 51 35
717 295 384 295 396
718 63 131 698 55
719 632 376 841 719
720 525 358 573 86
721 27 37 36 114
722 28 41 443 443
723 92 160 59 54
724 160 498 488 466
725 370 725 113 438
726 121 173 404 424
727 464 523 64 184
728 21 210 83 278
729 525 504 11 611
730 211 44 661 8
731 731 731 731 731
732 732 732 732 732
733 440 497 531 932
734 280 128 576 129
735 592 447 334 447
736 160 400 20 282
737 737 737 271 271
738 305 683 57 243
739 155 393 381 379
740 971 740 971 723
741 250 526 498 86
742 742 546 211 434
743 517 192 58 886
744 744 744 744 744
745 377 577 518 256
746 746 746 746 746
747 473 28 29 121
748 129 107 58 56
749 820 153 166 158
750 88 750 88 806
751 128 377 947 321
752 121 128 142 68
753 151 27 48 151
754 510 674 7 500
755 211 683 131 373
756 142 282 478 90
757 367 417 494 106
758 405 290 282 589
759 459 328 328 478
760 546 145 86 36
761 393 368 366 217
762 516 411 552 131
763 763 5 351 180
764 331 225 221 745
765 430 506 362 533
766 340 497 482 160
767 13 340 62 627
768 935 125 124 638
769 62 169 28 655
770 353 353 124 892
771 64 90 375 90
772 772 772 772 772
773 405 253 228 312
774 285 303 3 192
775 560 27 170 337
776 167 749 167 51
777 498 264 86 131
778 549 188 518 212
779 146 66 117 100
780 84 1 368 0
781 52 814 52 197
782 377 398 157 880
783 82 53 466 362
784 411 809 13 128
785 409 90 66 117
786 786 64 129 212
787 21 303 355 420
788 717 788 788 717
789 278 611 419 296
790 544 81 166 81
791 612 832 826 1001
792 121 87 963 242
793 435 647 435 316
794 322 140 15 579
795 417 339 123 820
796 121 612 223 160
797 797 605 797 342
798 798 798 798 798
799 715 69 64 157
800 409 667 42 560
801 820 333 82 106
802 256 46 255 453
803 54 131 57 63
804 11 129 198 329
805 971 8 573 566
806 304 88 149 277
807 54 809 519 189
808 808 808 808 808
809 208 285 408 58
810 520 21 92 685
811 28 30 172 440
812 991 520 166 132
813 714 425 526 121
814 52 397 390 268
815 859 82 160 480
816 40 816 753 115
817 813 817 813 623
818 62 201 283 373
819 273 447 139 334
820 215 408 2 285
821 160 676 160 496
822 183 82 230 5
823 566 8 293 44
824 191 857 160 206
825 723 777 554 419
826 252 121 425 401
827 506 441 8 510
828 160 452 360 105
829 203 829 523 134
830 452 264 86 458
831 258 434 362 256
832 4 145 255 607
833 856 366 20 715
834 107 812 991 520
835 493 526 426 172
836 523 601 405 194
837 837 107 169 212
838 45 16 337 13
839 377 391 182 213
840 840 232 61 301
841 376 869 397 179
842 96 83 450 232
843 567 82 541 533
844 165 932 211 195
845 211 83 747 215
846 605 797 14 12
847 847 847 448 335
848 419 460 167 197
849 57 131 455 245
850 199 1 142 217
851 575 851 605 797
852 851 342 181 157
853 82 132 166 249
854 285 420 312 841
855 299 69 108 13
856 430 672 160 430
857 301 930 669 783
858 306 400 173 728
859 174 233 932 23
860 455 438 32 93
861 350 352 342 199
862 777 733 538 723
863 57 610 255 355
864 411 949 305 137
865 412 888 412 586
866 80 222 341 309
867 96 408 126 131
868 320 483 351 157
869 841 719 395 494
870 401 543 294 301
871 231 936 563 484
872 182 167 377 741
873 401 148 149 344
874 425 562 232 64
875 170 470 86 251
876 564 114 220 74
877 137 92 137 329
878 33 409 33 86
879 242 977 209 241
880 57 240 211 364
881 96 408 408 2
882 166 641 641 82
883 32 31 29 590
884 884 884 412 971
885 106 405 184 627
886 366 950 707 570
887 92 370 333 441
888 412 81 508 363
889 405 796 828 234
890 121 372 70 84
891 892 114 329 351
892 160 529 913 856
893 971 3 236 238
894 327 20 72 311
895 333 13 39 84
896 329 82 10 64
897 263 274 15 160
898 230 366 531 419
899 2 1001 826 56
900 168 280 133 42
901 137 114 361 31
902 5 198 329 160
903 191 351 172 168
904 321 320 483 47
905 311 69 353 687
906 533 188 363 577
907 907 907 903 262
908 124 97 404 153
909 303 924 303 82
910 65 486 417 162
911 222 221 18 419
912 466 9 674 19
913 506 932 81 86
914 113 483 255 152
915 38 915 38 115
916 414 449 414 443
917 557 83 856 573
918 917 207 201 133
919 919 114 925 333
920 435 163 366 107
921 285 412 812 140
922 956 922 79 340
923 733 825 723 923
924 96 866 411 604
925 205 86 28 590
926 242 926 927 241
927 241 498 7 500
928 211 842 96 31
929 429 15 353 828
930 927 926 927 927
931 963 83 288 84
932 492 105 296 42
933 269 473 201 143
934 549 855 86 166
935 353 97 100 708
936 206 292 515 290
937 99 107 450 450
938 611 389 397 52
939 350 352 377 61
940 93 545 25 40
941 189 537 21 6
942 95 205 128 420
943 295 321 397 380
944 748 300 160 533
945 409 51 118 84
946 641 106 363 161
947 295 396 182 61
948 381 381 380 397
949 56 610 296 166
950 113 26 171 443
951 913 956 362 7
952 540 509 518 211
953 27 24 34 24
954 87 69 81 375
955 197 498 421 488
956 426 285 138 86
957 9 421 9 674
958 962 325 549 779
959 377 257 291 129
960 377 262 907 851
961 377 203 231 575
962 325 478 375 375
963 301 624 84 39
964 373 282 64 719
965 936 936 167 450
966 189 966 21 29
967 913 499 525 359
968 968 184 173 129
969 184 166 404 105
970 128 79 820 153
971 488 971 108 476
972 509 105 492 42
973 971 324 65 197
974 87 223 225 283
975 971 114 473 581
976 442 48 367 121
977 209 963 238 242
978 900 953 23 87
979 316 255 255 255
980 5 868 320 533
981 455 981 976 411
982 137 6 323 768
983 113 485 387 392
984 66 121 550 68
985 376 122 262 377
986 411 304 88 54
987 411 5 209 845
988 24 34 590 40
989 91 989 329 42
990 285 949 552 132
991 412 411 784 784
992 992 992 129 283
993 408 215 314 221
994 6 949 552 160
995 712 4 170 979
996 12 300 158 930
997 27 170 338 411
998 65 377 163 212
999 145 249 365 12
1000 206 107 687 353
1001 832 1001 832 3
1002 560 21 96 96
1003 258 16 196 231
1004 55 126 286 2
