0 297 248 268 300 495 748 944 748 793 206 232
1 218 341 316 223 365 430 7 674 661 505 43
2 132 949 13 343 128 128 53 221 85 317 389
3 138 481 421 529 913 856 19 184 183 172 129
4 411 192 807 303 571 285 107 495 748 367 23
5 511 118 387 377 60 157 393 249 363 17 73
6 571 373 411 552 552 738 271 412 89 76 75
7 511 411 516 6 527 5 215 60 420 249 654
8 44 114 547 547 444 438 251 361 417 183 91
9 499 566 358 498 503 265 707 12 419 252 389
10 271 271 252 809 211 611 5 141 856 358 407
11 5 481 57 243 240 236 587 58 87 64 292
12 856 546 597 301 147 424 30 86 41 136 820
13 679 68 62 714 373 163 166 641 212 191 681
14 563 272 334 335 15 429 164 735 140 166 242
15 162 393 212 544 817 515 122 411 283 132 210
16 543 93 13 497 581 78 366 17 154 954 87
17 189 87 545 27 953 845 859 254 227 127 84
18 14 79 13 329 340 78 121 186 856 573 573
19 184 21 551 189 253 419 356 410 107 256 81
20 81 303 520 412 137 434 62 748 222 255 365
21 686 531 169 24 23 170 133 232 61 872 307
22 127 259 327 306 728 173 212 424 211 333 421
23 950 754 293 374 7 222 315 218 341 389 389
24 33 24 5 198 168 82 86 818 440 533 350
25 533 147 145 13 342 179 262 656 262 342 345
26 47 417 115 422 820 154 121 96 375 51 820
27 32 533 61 376 160 41 152 50 87 473 459
28 254 1 450 399 129 548 377 106 311 612 404
29 26 34 588 36 24 25 301 474 128 593 350
30 135 30 609 333 981 443 85 17 233 254 492
31 82 236 82 859 932 450 932 254 173 518 271
32 31 256 30 420 367 531 86 687 185 618 662
33 24 455 115 229 114 81 20 118 651 511 309
34 116 473 19 267 61 150 179 741 150 820 412
35 22 92 678 400 260 21 283 125 768 98 97
36 27 588 282 62 226 0 498 441 700 238 235
37 127 92 434 100 107 896 710 710 272 584 272
38 25 13 108 190 299 549 82 107 172 205 199
39 114 249 932 506 160 214 94 955 94 196 205
40 409 117 460 116 361 114 171 533 877 533 572
41 152 84 270 611 176 344 156 320 321 321 381
42 422 21 300 300 45 124 592 273 46 272 310
43 43 566 499 43 358 358 707 441 720 441 62
44 128 576 13 949 6 95 280 280 1 450 62
45 211 532 233 494 539 178 166 93 168 515 122
46 300 828 896 355 283 5 201 199 258 22 301
47 165 365 820 107 366 306 5 236 363 367 261
48 338 66 329 989 989 989 989 91 96 88 304
49 643 393 719 379 719 379 160 78 82 99 424
50 50 71 84 598 340 165 290 280 116 28 340
51 141 362 81 129 399 526 420 83 395 201 62
52 595 52 103 52 786 206 133 11 754 510 264
53 232 525 525 213 529 720 324 7 922 856 533
54 285 164 735 164 45 828 233 532 131 373 93
55 131 209 11 161 371 81 81 146 120 17 654
56 57 243 237 209 238 758 85 14 205 847 437
57 55 57 6 2 516 102 101 323 662 353 100
58 412 56 3 57 2 194 54 56 55 285 55
59 971 401 714 62 548 405 329 108 509 434 87
60 387 388 387 376 869 376 377 526 121 427 75
61 368 301 340 553 554 535 777 340 333 460 244
62 216 446 498 459 759 459 253 419 296 363 278
63 59 252 254 165 38 27 409 272 46 256 21
64 68 671 21 83 579 13 698 698 208 635 2
65 133 168 113 84 152 340 314 312 222 400 306
66 328 331 29 545 87 153 366 859 849 63 131
67 160 501 232 6 375 679 482 48 211 859 105
68 173 546 828 434 203 183 413 813 129 695 607
69 216 269 592 592 334 274 678 68 20 327 728
70 217 162 31 438 87 211 103 123 41 474 83
71 84 393 950 181 947 377 214 211 506 107 284
72 92 11 421 141 266 358 505 62 137 412 4
73 485 981 919 263 417 847 263 442 96 115 513
74 20 327 249 82 74 309 17 120 101 0 0
75 494 311 756 73 358 765 86 206 352 851 907
76 96 361 165 883 339 455 48 482 143 484 13
77 105 249 5 171 655 37 24 28 249 142 747
78 310 313 74 424 422 493 523 387 61 166 87
79 601 480 252 812 2 308 581 473 163 491 127
80 230 80 287 106 147 533 306 20 327 11 365
81 569 81 121 168 83 168 128 118 116 329 989
82 489 256 356 183 203 168 413 143 325 87 187
83 199 200 206 793 316 537 268 282 223 366 290
84 510 466 555 466 53 61 381 181 14 440 178
85 310 170 62 210 46 329 4 170 303 909 129
86 206 14 93 301 171 820 618 98 155 183 351
87 74 764 483 41 387 250 1 17 386 560 221
88 121 393 155 98 404 412 888 412 105 375 455
89 375 89 438 900 168 122 191 207 917 197 51
90 91 758 288 71 84 510 19 288 283 174 158
91 469 469 89 474 476 375 663 189 473 550 121
92 105 384 181 390 250 104 379 5 423 892 438
93 515 89 215 311 222 87 547 340 105 269 15
94 95 351 303 170 360 533 335 447 46 128 157
95 205 199 128 79 226 114 847 464 822 900 5
96 114 307 114 234 533 756 756 459 222 249 128
97 662 662 185 52 595 52 128 82 214 346 180
98 323 2 64 528 191 343 278 342 277 296 494
99 323 4 990 5 611 5 128 211 807 192 4
100 125 935 100 5 201 202 201 420 312 494 305
101 371 351 420 15 16 210 810 296 249 84 422
102 412 64 140 140 273 45 216 46 424 58 281
103 389 397 869 179 296 295 181 380 381 179 339
104 377 60 495 419 497 531 473 115 256 129 362
105 329 328 329 306 256 355 473 408 57 55 520
106 365 258 328 258 152 433 70 62 21 409 2
107 187 1 146 166 209 11 128 254 165 361 32
108 409 371 132 434 166 424 316 255 16 105 508
109 51 486 278 256 345 345 152 271 518 513 184
110 121 84 478 306 86 218 225 223 64 820 107
111 375 477 90 409 785 13 273 428 274 592 448
112 469 477 478 434 362 183 28 133 62 361 438
113 33 32 116 23 31 261 121 21 160 81 713
114 63 486 356 303 160 345 157 681 178 352 180
115 361 93 417 442 443 96 209 543 493 249 440
116 38 47 443 455 35 129 296 378 296 549 67
117 189 966 189 663 69 747 160 418 509 480 142
118 51 197 201 121 255 472 284 971 114 640 45
119 76 139 160 394 377 128 116 437 115 370 115
120 758 424 160 353 69 509 253 80 460 615 146
121 169 300 87 810 301 337 23 115 437 443 29
122 397 390 182 376 390 308 21 548 377 872 17
123 37 24 114 256 340 134 867 340 464 183 362
124 892 314 283 0 222 80 187 283 405 183 19
125 404 586 63 301 446 461 447 164 160 504 358
126 286 486 478 108 478 108 143 469 90 11 44
127 121 187 160 346 351 210 927 963 615 21 333
128 283 932 453 546 255 421 409 420 138 809 809
129 403 133 419 226 0 101 354 100 107 8 950
130 191 277 82 127 533 242 210 211 11 213 421
131 208 211 46 114 363 105 80 81 911 222 268
132 518 256 223 20 106 283 125 121 318 245 318
133 18 107 372 48 39 370 442 333 367 142 132
134 173 82 68 173 513 173 83 41 107 236 63
135 115 165 333 36 37 28 151 35 24 29 165
136 160 194 6 751 6 57 610 57 305 516 411
137 126 285 303 105 170 485 221 526 458 426 62
138 211 464 41 152 153 254 433 49 643 50 612
139 209 210 174 137 812 217 612 58 921 138 160
140 164 170 136 96 5 362 533 106 21 221 73
141 674 9 506 496 466 494 287 189 20 271 400
142 132 217 70 84 471 810 210 420 191 121 401
143 357 81 249 161 405 145 300 87 23 251 438
144 166 19 288 756 183 107 164 735 461 447 334
145 299 855 155 87 412 832 2 896 892 314 62
146 549 215 53 822 53 14 12 420 211 121 152
147 249 147 859 107 82 526 44 10 173 105 314
148 150 368 157 6 520 815 63 162 103 14 86
149 277 296 932 474 166 127 22 20 22 35 23
150 182 167 280 574 425 835 275 123 339 417 48
151 48 37 590 590 23 13 667 161 121 137 138
152 256 21 222 420 21 114 420 355 115 883 116
153 301 4 411 338 62 18 223 268 160 417 409
154 107 78 548 115 644 180 277 971 3 685 481
155 145 299 81 170 318 171 333 169 336 27 301
156 13 339 75 261 151 113 245 318 86 747 663
157 734 156 697 156 645 156 381 157 130 82 189
158 240 11 506 86 536 298 551 533 342 149 150
159 233 83 114 212 459 358 161 7 661 12 957
160 352 60 167 575 351 364 351 5 211 15 405
161 82 99 173 99 420 526 440 661 666 160 35
162 107 492 615 460 440 266 754 608 452 360 451
163 377 350 345 346 820 362 105 363 129 419 154
164 285 62 107 258 476 13 184 301 294 543 292
165 93 62 237 210 63 183 223 106 614 614 613
166 21 260 89 88 411 455 136 251 339 39 37
167 196 776 94 320 380 562 380 103 60 95 123
168 440 498 496 141 496 362 51 133 135 443 38
169 455 547 976 417 795 417 136 417 442 485 245
170 419 128 495 377 155 377 734 211 365 363 434
171 318 442 370 37 28 424 316 253 222 225 189
172 181 181 219 232 103 377 961 377 86 459 74
173 546 290 546 30 31 28 25 34 23 333 77
174 199 377 458 813 600 813 623 813 534 544 6
175 174 2 57 252 809 707 525 951 213 503 44
176 177 479 414 603 414 697 414 645 414 479 414
177 321 177 74 221 166 666 86 145 58 880 80
178 0 0 377 872 307 133 292 183 859 195 2
179 82 489 2 252 249 589 671 249 107 493 615
180 82 282 441 8 498 533 581 531 531 263 168
181 383 379 628 181 280 526 14 205 128 166 83
182 381 295 290 231 177 275 511 651 624 461 45
183 509 494 153 612 726 5 128 6 552 285 426
184 969 509 107 690 21 333 527 527 333 107 91
185 708 353 249 464 160 400 589 589 638 10 105
186 283 211 450 169 137 254 255 82 209 518 422
187 316 147 473 326 389 283 371 549 661 13 748
188 679 663 137 408 174 286 412 845 865 2 62
189 941 189 184 256 425 430 498 487 488 487 421
190 87 210 45 838 124 640 64 64 62 820 215
191 157 380 537 106 279 107 418 509 713 81 256
192 516 2 57 131 87 405 695 317 18 218 86
193 4 532 285 625 285 990 826 859 254 62 726
194 238 237 62 168 166 1000 232 1 128 95 205
195 286 305 517 5 134 598 86 44 434 189 745
196 14 389 389 283 387 321 381 342 201 95 232
197 917 94 351 105 412 812 877 155 420 163 145
198 205 79 14 473 473 213 247 700 525 466 9
199 278 351 210 132 46 461 812 46 28 114 892
200 776 160 539 178 537 366 190 42 329 469 96
201 143 62 342 277 280 196 14 289 482 576 160
202 623 623 84 411 738 59 56 698 56 6 375
203 277 203 196 207 917 908 201 18 365 191 166
204 908 41 342 231 316 316 758 120 17 307 588
205 201 82 124 892 367 106 549 44 21 537 486
206 167 460 347 278 114 290 166 404 125 404 107
207 409 420 108 652 478 121 495 673 673 495 384
208 236 3 160 56 13 390 376 18 225 17 212
209 159 631 209 601 41 86 586 738 271 411 212
210 810 269 236 241 232 368 434 368 104 160 512
211 464 420 810 511 541 62 582 189 710 69 671
212 427 212 86 58 366 223 330 860 978 860 978
213 266 13 191 681 178 440 534 813 585 600 458
214 351 210 271 282 170 36 442 455 76 333 77
215 756 459 17 62 747 142 560 142 191 681 191
216 429 107 687 185 768 404 937 100 935 100 96
217 432 433 71 217 282 190 409 118 13 840 426
218 196 94 214 157 377 464 133 971 3 137 22
219 181 155 154 533 306 327 945 325 69 424 434
220 128 115 367 169 212 363 283 230 80 460 460
221 313 317 84 623 450 168 493 14 339 482 521
222 80 508 80 188 486 285 303 405 304 16 45
223 87 41 776 199 53 129 526 425 84 18 166
224 560 48 485 86 223 215 177 18 160 367 44
225 189 155 541 215 1 147 83 283 182 283 434
226 282 820 167 340 548 249 366 30 438 107 84
227 226 160 232 18 280 204 196 908 167 515 14
228 74 549 690 282 318 411 462 424 880 308 880
229 434 35 953 35 655 75 372 75 470 116 860
230 121 533 576 232 537 473 301 298 160 65 92
231 181 295 391 61 19 155 128 180 434 83 255
232 575 167 290 256 107 201 200 434 19 183 183
233 404 99 139 461 735 140 2 665 4 107 172
234 240 159 931 930 926 927 963 158 236 238 64
235 243 242 209 160 389 295 585 84 494 27 878
236 162 163 83 615 281 880 59 886 366 190 189
237 243 615 404 612 828 892 896 356 258 108 420
238 211 236 233 70 372 513 615 269 16 338 336
239 63 243 271 408 517 411 84 111 110 108 112
240 963 58 859 845 408 211 285 107 481 54 2
241 241 236 235 303 63 5 327 13 337 337 116
242 132 552 132 6 272 21 173 153 283 61 378
243 158 82 50 84 323 98 102 743 517 6 481
244 209 62 254 137 355 137 434 371 300 460 189
245 442 114 168 813 623 813 585 813 836 813 836
246 608 232 115 116 470 655 458 280 1 1 155
247 506 409 135 96 329 63 896 63 285 458 458
248 696 74 950 644 180 350 351 365 121 355 16
249 351 296 420 624 491 377 389 182 104 60 122
250 157 53 103 0 268 496 160 23 337 420 190
251 116 113 932 333 438 251 62 99 404 654 323
252 235 158 114 405 329 258 142 441 12 358 602
253 87 643 48 113 28 339 40 448 579 38 437
254 21 280 333 13 128 16 489 210 244 243 507
255 545 36 121 168 198 387 381 381 479 275 86
256 183 88 252 55 59 281 494 470 816 165 116
257 130 351 106 86 499 8 358 11 406 608 971
258 474 105 550 82 227 127 21 36 367 473 190
259 86 28 405 128 974 918 1000 166 756 533 252
260 508 325 143 482 777 200 207 160 123 450 65
261 114 820 346 820 41 342 228 17 189 62 211
262 347 215 220 218 249 282 588 169 135 165 35
263 96 24 25 588 206 917 445 301 138 56 921
264 359 498 73 218 309 223 330 455 171 13 214
265 266 804 971 973 971 63 63 46 114 318 176
266 266 555 7 546 137 571 211 464 340 17 18
267 12 265 856 366 142 124 173 728 885 20 887
268 282 254 255 170 169 306 81 363 17 254 115
269 301 249 327 6 95 122 122 60 495 309 219
270 28 93 39 33 282 256 542 401 183 351 346
271 55 520 685 252 137 301 307 65 325 21 486
272 651 272 21 20 287 536 214 83 49 83 430
273 274 45 272 322 447 473 667 509 160 504 529
274 86 466 912 466 11 466 53 129 909 280 196
275 526 782 82 748 82 410 329 80 106 589 434
276 426 129 254 137 271 64 305 815 64 93 30
277 130 277 191 178 232 537 103 379 5 252 546
278 83 17 253 87 243 237 253 83 420 305 138
279 118 51 445 82 333 5 154 424 132 131 717
280 493 523 292 280 405 278 278 493 290 357 65
281 301 429 579 46 155 108 90 220 215 541 215
282 21 74 221 249 747 667 68 329 62 405 28
283 129 46 128 955 205 41 30 32 116 245 367
284 160 54 249 820 160 589 589 215 42 190 160
285 586 83 256 263 16 164 45 272 269 64 24
286 58 654 453 745 453 160 428 107 372 248 268
287 298 299 299 145 180 284 231 231 203 294 457
288 83 162 163 160 35 434 34 116 987 816 336
289 401 434 189 467 460 490 295 181 291 291 493
290 280 440 320 321 376 82 314 363 531 282 355
291 291 14 277 621 342 167 342 726 107 31 438
292 953 292 515 450 932 296 167 820 486 458 413
293 765 86 153 427 443 366 58 158 241 499 649
294 931 963 643 393 84 404 212 665 3 208 930
295 450 64 306 141 504 359 332 504 19 666 267
296 388 280 340 218 120 18 120 101 211 155 133
297 74 468 419 542 172 107 62 290 184 355 121
298 812 2 286 137 164 428 274 15 175 288 431
299 508 299 710 747 366 18 160 57 271 58 210
300 748 121 154 533 164 592 164 592 140 461 533
301 311 309 215 440 840 562 129 232 486 280 128
302 285 126 638 10 339 39 86 238 457 409 417
303 174 58 153 494 197 27 37 28 306 612 791
304 303 301 502 332 836 332 141 452 11 64 511
305 13 371 129 568 107 280 426 130 621 377 104
306 509 713 69 715 84 31 86 81 671 747 80
307 971 406 7 8 856 434 509 420 256 226 160
308 462 411 864 411 114 51 908 197 199 105 303
309 612 105 233 237 587 237 927 926 963 241 499
310 313 85 41 105 326 20 86 551 184 115 883
311 366 690 74 85 778 85 507 298 536 184 160
312 300 489 473 549 309 218 228 160 159 210 107
313 223 309 215 223 177 94 214 215 255 87 58
314 340 314 225 86 105 384 377 227 226 371 28
315 222 215 589 564 876 564 126 131 717 788 717
316 147 377 182 499 452 420 531 116 113 419 302
317 309 612 147 644 644 269 820 13 199 200 918
318 326 21 42 199 342 726 189 911 222 64 771
319 236 121 253 227 405 433 70 212 422 115 64
320 160 410 329 328 514 329 459 329 198 205 86
321 381 156 645 191 645 697 5 312 377 562 377
322 533 350 822 563 14 537 178 483 226 317 226
323 160 312 841 397 397 368 160 123 37 38 437
324 754 441 498 529 494 563 584 563 563 272 422
325 340 497 811 84 399 543 405 42 83 20 188
326 118 461 428 46 137 21 375 328 327 13 30
327 416 971 729 441 324 555 7 249 141 506 374
328 143 18 18 84 83 404 618 100 371 236 269
329 480 62 726 107 164 2 89 132 107 704 704
330 556 330 223 624 84 152 249 12 856 166 17
331 222 905 74 1 560 19 499 649 452 856 58
332 971 448 160 262 62 812 272 272 21 46 269
333 128 155 377 851 342 511 275 426 167 14 563
334 164 395 393 381 390 368 160 148 468 167 526
335 533 529 558 856 546 41 601 404 473 533 667
336 133 5 327 820 196 197 373 133 443 171 533
337 96 46 638 495 105 5 557 581 101 99 82
338 438 417 444 245 976 455 375 258 16 281 59
339 339 860 169 364 152 393 104 250 393 385 157
340 329 210 209 139 334 429 461 335 447 334 322
341 316 420 568 168 290 168 168 13 98 124 282
342 493 450 168 167 205 197 198 64 926 930 236
343 342 228 342 62 818 339 179 107 748 424 304
344 377 182 181 342 352 191 907 377 562 377 734
345 191 207 214 342 483 482 340 445 254 445 366
346 5 325 420 304 256 425 425 425 562 129 440
347 166 146 21 28 261 28 329 568 458 434 651
348 342 201 204 65 357 212 492 144 212 434 166
349 320 250 1 537 52 146 226 107 356 424 483
350 939 350 861 350 178 14 450 494 165 340 116
351 345 350 191 121 105 546 597 58 210 21 581
352 157 385 295 368 1 250 351 172 295 585 129
353 687 86 23 166 121 283 253 83 812 886 601
354 124 424 434 353 15 82 325 549 877 533 498
355 329 105 187 434 64 2 812 803 812 208 815
356 183 401 526 813 515 381 295 490 165 13 26
357 107 597 460 495 46 128 424 509 13 172 228
358 707 913 499 8 8 441 264 359 672 672 44
359 504 407 498 14 312 189 434 572 572 129 211
360 11 720 466 8 510 86 421 333 485 114 318
361 339 27 494 197 160 168 28 420 210 240 236
362 62 279 82 552 412 138 698 271 10 324 466
363 114 411 243 963 83 424 255 355 183 281 64
364 351 130 160 338 638 640 98 64 103 393 761
365 114 971 695 424 128 196 424 527 423 263 274
366 312 177 113 171 93 664 84 105 64 183 419
367 106 614 756 614 106 163 420 269 145 474 329
368 160 41 85 53 397 295 157 182 296 397 320
369 304 89 260 297 74 87 441 498 466 487 498
370 725 165 434 191 191 682 681 12 86 21 486
371 473 69 306 306 825 923 326 424 153 366 424
372 494 312 311 309 612 84 253 459 29 39 560
373 83 252 17 533 950 644 349 347 180 41 336
374 441 142 593 51 64 0 377 231 74 764 211
375 756 225 314 434 167 128 116 883 165 229 494
376 654 453 301 686 381 548 106 300 531 62 212
377 851 605 414 443 414 605 414 443 251 160 300
378 388 104 150 393 180 420 511 301 199 342 60
379 321 320 94 196 205 86 840 232 457 92 137
380 680 380 562 714 183 129 568 401 65 197 955
381 320 179 342 726 189 663 533 163 212 288 105
382 157 150 377 122 351 303 15 461 624 461 592
383 181 381 156 181 380 166 492 115 442 976 411
384 377 656 231 655 470 427 427 473 249 329 424
385 231 176 231 347 814 262 344 148 377 1 187
386 560 336 816 860 978 900 169 93 513 490 254
387 950 492 186 932 420 669 5 990 1001 4 145
388 283 160 258 469 89 252 174 137 126 286 252
389 157 181 390 409 184 114 976 417 485 198 51
390 60 179 296 810 597 597 651 121 368 375 411
391 379 382 393 719 841 397 6 323 98 101 131
392 86 163 17 297 259 74 764 74 310 365 87
393 396 182 321 394 376 390 181 377 219 314 507
394 295 472 471 256 412 164 272 269 932 174 363
395 385 393 391 320 65 53 52 146 81 256 280
396 380 397 103 61 53 61 182 283 492 105 106
397 321 181 176 515 552 949 271 470 971 778 549
398 377 156 179 296 719 376 203 14 61 103 390
399 93 515 129 87 166 467 189 582 211 455 261
400 325 260 508 710 747 663 375 480 166 44 892
401 568 329 21 932 597 597 546 256 820 779 820
402 420 581 41 85 74 218 459 610 296 379 160
403 813 623 813 413 813 543 170 27 197 215 295
404 62 357 357 106 163 654 376 395 385 390 320
405 365 569 43 498 293 661 362 105 310 340 165
406 499 359 951 141 666 161 267 661 265 957 569
407 566 451 566 451 7 511 541 15 933 334 164
408 59 59 57 56 921 63 586 58 431 434 214
409 171 48 48 485 76 485 76 485 981 443 245
410 356 256 10 260 331 222 249 152 147 105 258
411 89 408 845 520 137 174 57 4 166 422 601
412 685 698 2 405 456 456 64 719 121 23 128
413 426 232 484 694 129 543 494 115 411 208 434
414 414 605 851 605 846 846 846 605 797 605 797
415 697 414 443 333 115 531 333 438 28 151 470
416 173 404 217 521 366 169 318 725 443 370 115
417 485 981 113 338 37 112 375 679 81 106 222
418 467 189 460 170 607 589 283 426 526 294 203
419 337 336 84 715 20 537 170 86 196 198 196
420 312 366 254 169 89 375 64 74 120 232 103
421 23 32 34 40 448 139 129 65 101 131 698
422 513 365 589 638 639 209 977 977 242 241 210
423 426 92 530 533 213 913 529 265 570 12 570
424 375 160 467 509 87 211 45 87 20 560 40
425 457 62 172 403 133 5 611 252 480 564 638
426 65 135 170 105 748 564 209 285 172 87 954
427 75 135 65 377 593 572 294 377 391 320 533
428 461 533 422 163 83 212 932 212 145 326 96
429 335 140 447 46 107 448 164 395 296 321 351
430 249 430 441 44 249 747 671 68 173 173 325
431 152 87 84 649 466 494 17 249 530 161 129
432 288 756 311 72 92 678 68 329 165 38 329
433 180 62 137 20 287 80 160 200 41 142 418
434 518 366 83 118 597 142 285 457 971 466 362
435 942 435 647 434 856 265 503 498 562 377 960
436 438 31 86 499 500 499 407 213 332 213 441
437 39 367 980 655 438 6 137 481 58 6 141
438 135 860 860 914 170 495 315 17 422 615 393
439 115 184 418 314 892 114 455 900 251 96 842
440 542 526 840 168 491 168 301 312 311 184 513
441 506 510 86 611 6 2 812 208 174 212 550
442 423 171 820 95 218 177 13 164 216 446 933
443 414 603 414 603 414 370 85 507 314 165 151
444 443 423 114 340 654 420 283 133 333 577 518
445 82 46 448 139 342 851 851 907 377 572 493
446 15 322 447 62 365 430 280 83 209 234 166
447 447 498 466 498 500 332 502 505 406 720 754
448 107 468 730 231 65 206 202 41 167 41 165
449 414 443 38 47 47 40 251 340 82 80 271
450 515 593 340 301 100 424 114 283 144 492 83
451 7 452 501 498 51 557 133 167 168 168 83
452 359 529 421 856 434 314 165 545 25 26 590
453 167 339 170 310 314 189 465 61 376 379 388
454 84 119 229 31 37 151 32 31 424 371 169
455 900 455 339 29 36 127 82 12 7 674 707
456 405 15 164 272 665 272 665 174 80 546 206
457 421 86 234 639 65 257 167 133 134 340 249
458 82 83 115 28 165 340 554 134 74 142 756
459 253 84 404 84 510 8 213 247 246 608 466
460 427 47 96 375 6 458 533 530 161 661 66
461 139 164 448 617 618 100 96 86 457 231 624
462 106 163 154 154 533 87 74 82 362 434 161
463 463 463 463 462 463 462 211 2 174 250 394
464 169 300 158 300 187 473 371 494 280 533 460
465 53 440 160 108 93 883 165 82 203 201 201
466 488 499 913 506 238 931 931 243 63 254 107
467 459 717 788 788 788 788 717 106 117 5 169
468 224 1 548 170 900 115 82 493 249 252 254
469 112 474 424 738 58 283 395 494 282 174 63
470 170 27 437 338 199 917 128 278 13 290 424
471 84 269 473 537 526 840 64 458 152 115 436
472 610 250 160 809 302 64 859 859 105 106 548
473 113 129 113 370 455 860 336 560 328 91 258
474 329 254 252 283 387 380 539 77 546 163 145
475 300 145 615 546 158 137 880 63 826 6 139
476 108 469 411 263 564 63 13 236 13 326 21
477 469 478 62 20 163 249 19 160 54 34 588
478 143 128 226 533 19 459 1 254 474 110 110
479 275 368 157 880 80 106 253 419 121 169 30
480 107 333 976 411 286 126 13 576 482 419 101
481 57 815 305 4 58 422 533 63 301 429 933
482 93 260 728 92 65 320 380 65 486 286 56
483 493 153 612 217 50 643 49 83 269 473 114
484 86 30 41 128 14 65 204 94 41 282 154
485 221 459 453 83 484 292 953 27 38 48 252
486 53 52 133 971 8 430 166 153 166 44 419
487 466 856 666 11 466 374 358 332 358 823 7
488 362 956 430 765 856 573 498 720 765 504 19
489 6 169 450 105 427 438 169 254 23 170 282
490 405 16 80 183 375 258 347 105 495 405 21
491 377 199 206 201 196 231 936 907 907 936 167
492 84 598 84 70 86 131 419 81 3 587 2
493 403 14 403 526 250 368 320 296 280 128 445
494 25 459 248 260 93 128 81 58 244 58 155
495 105 226 513 173 115 261 170 145 163 491 390
496 213 265 11 324 19 141 533 430 86 222 748
497 13 128 974 87 365 82 18 62 367 367 254
498 856 405 102 2 738 4 283 577 757 980 470
499 504 19 166 48 417 86 44 160 417 183 160
500 498 266 265 957 213 496 496 602 602 496 459
501 406 501 499 264 510 674 823 213 956 362 133
502 407 332 421 460 23 434 30 41 352 681 123
503 358 805 358 43 406 672 8 823 856 358 65
504 246 298 184 968 968 968 299 298 301 147 107
505 499 506 9 500 358 406 500 406 44 30 30
506 87 290 79 445 128 734 284 232 971 284 278
507 298 473 489 6 845 281 333 23 121 693 82
508 533 4 431 105 86 180 122 95 342 199 121
509 513 271 80 546 84 513 906 513 655 261 23
510 9 406 44 892 124 513 546 427 249 615 513
511 7 161 121 458 526 493 611 211 13 266 213
512 512 512 512 160 316 147 154 155 209 812 461
513 425 289 280 494 328 328 328 328 327 249 420
514 13 84 422 153 121 544 450 450 105 285 138
515 122 130 65 425 457 285 305 865 305 494 128
516 411 405 274 273 819 139 45 216 64 94 776
517 305 683 305 211 546 377 106 353 106 747 549
518 132 532 162 333 421 268 1 189 537 389 104
519 61 434 65 870 65 133 11 441 608 332 44
520 155 371 114 220 114 896 404 124 82 641 748
521 766 521 583 521 583 521 583 521 366 445 419
522 563 484 572 939 232 971 417 114 318 282 77
523 280 820 95 205 51 30 251 900 455 547 87
524 72 92 152 86 47 168 206 196 167 94 918
525 573 7 451 365 351 106 17 73 221 166 105
526 93 171 301 423 417 258 282 16 340 114 417
527 318 183 504 674 754 466 608 11 11 247 7
528 64 489 256 62 134 554 553 134 482 14 203
529 452 8 430 441 608 332 359 496 161 12 7
530 161 160 29 554 62 77 107 372 62 458 83
531 482 165 533 128 201 197 373 112 368 440 231
532 54 665 174 932 531 405 365 602 362 133 179
533 408 130 388 150 301 138 56 209 283 492 144
534 450 420 661 661 121 228 482 218 128 892 367
535 340 280 114 892 300 121 748 283 388 376 60
536 473 190 189 253 106 373 184 314 85 85 142
537 781 537 537 459 223 226 74 82 552 208 564
538 306 121 125 935 125 86 297 905 309 120 309
539 77 121 362 459 390 390 368 181 64 196 167
540 121 513 747 424 132 192 194 192 411 102 743
541 15 405 758 61 178 180 468 107 438 860 330
542 403 493 546 7 266 407 498 178 275 458 493
543 425 543 291 458 426 486 394 379 392 392 103
544 257 130 121 318 84 70 83 513 173 549 690
545 29 32 438 26 28 38 116 470 86 8 661
546 17 307 65 14 394 947 377 228 218 215 5
547 40 725 40 438 28 34 361 339 547 547 171
548 62 115 263 486 36 318 370 442 115 233 107
549 309 85 226 142 253 106 190 282 106 671 329
550 105 233 235 158 300 226 221 405 158 234 234
551 671 188 424 445 51 44 525 7 324 7 672
552 57 89 159 243 209 166 172 87 351 734 320
553 554 971 400 81 460 495 638 896 63 599 211
554 521 615 147 62 427 23 367 170 537 221 160
555 720 856 615 333 76 444 84 601 64 389 296
556 330 860 330 455 29 263 925 205 198 387 381
557 129 600 600 168 114 107 80 287 162 50 71
558 487 529 265 264 264 247 264 500 265 9 699
559 282 248 422 404 252 252 236 963 859 243 42
560 775 560 313 623 611 6 337 464 459 329 87
561 462 424 424 290 114 340 922 7 44 405 145
562 457 493 129 47 14 706 936 822 953 590 24
563 706 585 295 296 378 283 249 296 181 179 61
564 242 5 815 174 281 252 285 281 252 434 113
565 608 332 359 466 213 360 971 423 547 40 443
566 11 90 91 64 5 306 81 83 168 543 494
567 82 63 379 386 377 203 95 942 95 61 267
568 65 533 320 61 19 555 161 351 160 103 53
569 365 329 495 46 424 164 335 45 272 3 832
570 570 823 565 608 565 324 43 498 0 248 260
571 552 208 58 546 187 142 427 980 655 223 155
572 167 280 282 253 20 520 412 685 4 166 132
573 44 569 566 247 264 266 12 420 15 420 362
574 65 600 458 515 13 239 4 533 19 166 209
575 178 681 191 6 184 184 299 190 282 586 211
576 329 340 179 203 820 143 820 142 129 36 48
577 377 397 378 283 362 560 474 142 480 549 582
578 577 518 771 106 80 424 166 132 217 654 58
579 592 446 446 335 446 461 140 448 62 505 499
580 580 580 580 580 580 580 580 580 580 580 580
581 497 482 598 553 554 521 766 134 372 106 480
582 667 747 80 679 679 69 747 366 63 481 3
583 521 389 150 215 331 222 282 35 38 26 32
584 272 447 461 735 592 272 63 520 685 281 13
585 295 84 326 143 172 346 351 329 128 409 207
586 4 738 56 949 949 55 685 58 373 82 372
587 3 886 366 283 329 38 329 477 91 110 375
588 169 367 263 925 423 443 333 427 333 925 333
589 282 83 533 61 172 205 199 218 420 458 600
590 23 107 237 234 963 238 92 105 358 805 358
591 96 469 5 74 187 366 255 211 129 180 129
592 933 448 484 694 549 818 166 165 900 455 131
593 41 206 14 380 387 385 82 114 152 333 518
594 372 58 210 926 963 86 180 84 87 513 747
595 52 146 146 299 509 958 69 424 211 169 133
596 596 301 596 282 35 114 245 38 443 263 16
597 58 303 89 107 295 717 295 314 495 468 223
598 340 331 223 220 113 981 333 736 736 160 551
599 211 62 730 460 537 394 381 60 295 490 356
600 401 600 588 28 51 100 708 371 351 283 395
601 812 2 305 412 164 388 377 249 671 107 601
602 700 566 407 44 9 661 707 73 166 373 163
603 414 370 151 655 167 468 342 231 575 178 345
604 131 963 160 51 498 64 323 618 98 618 404
605 797 18 18 62 441 569 44 246 298 507 314
606 495 20 301 690 447 164 564 365 152 154 783
607 421 393 377 379 80 188 80 747 513 425 84
608 265 213 823 265 61 64 496 11 22 258 108
609 609 24 96 619 89 437 38 579 592 448 429
610 303 256 82 106 249 303 5 763 763 5 419
611 232 575 167 296 179 203 167 198 205 94 218
612 217 121 280 526 294 301 446 322 461 446 498
613 614 614 106 74 696 248 549 418 467 222 420
614 742 742 742 614 106 28 424 237 233 62 582
615 465 14 167 917 201 202 562 440 168 128 107
616 1 52 133 283 83 431 71 162 237 158 137
617 448 269 615 64 306 409 151 62 20 68 508
618 125 166 3 107 124 139 274 269 859 64 215
619 59 192 3 272 46 256 291 542 183 413 426
620 620 620 86 121 462 249 303 303 244 460 347
621 342 178 381 150 393 382 393 342 130 388 296
622 238 211 845 520 55 208 115 254 77 62 152
623 313 215 89 215 756 431 71 431 372 115 417
624 21 118 183 145 828 142 141 51 593 377 60
625 63 625 4 564 638 300 739 12 141 44 82
626 87 296 203 121 520 635 4 832 587 209 424
627 809 707 61 368 181 179 278 179 339 123 95
628 394 397 379 285 281 252 411 2 809 59 54
629 316 121 372 134 482 438 54 249 695 147 42
630 630 630 630 630 369 96 340 434 296 378 283
631 159 249 530 538 777 340 179 342 129 611 168
632 719 719 395 321 947 295 377 386 157 156 180
633 633 633 633 633 633 633 633 633 633 633 633
634 635 520 138 420 511 7 765 506 971 470 590
635 137 138 305 552 809 465 83 114 215 201 103
636 636 211 489 419 296 385 378 379 174 880 138
637 637 209 924 88 285 129 484 936 593 204 280
638 300 12 12 160 319 234 235 234 240 210 142
639 638 126 55 131 717 131 107 856 166 86 445
640 100 618 323 404 185 99 420 404 105 422 87
641 669 615 58 166 422 269 282 401 424 367 169
642 419 340 638 81 141 451 466 720 266 12 856
643 163 654 783 669 641 1 146 615 493 93 86
644 5 189 67 189 745 377 149 284 642 21 932
645 697 156 906 513 183 562 654 404 282 255 13
646 646 411 784 784 411 308 183 480 550 160 212
647 685 815 685 2 160 57 252 107 318 64 290
648 648 648 648 648 648 648 648 648 648 648 648
649 441 213 11 90 375 6 169 64 96 470 816
650 215 183 133 820 196 206 6 337 438 35 464
651 427 427 655 261 339 40 964 29 5 511 651
652 329 42 17 872 17 120 309 549 418 190 106
653 653 653 653 653 653 653 653 653 653 653 653
654 25 361 136 336 135 115 612 82 31 254 21
655 75 36 23 212 174 284 284 284 155 495 278
656 231 434 89 215 73 313 310 581 531 363 215
657 269 657 269 371 121 338 48 333 233 288 506
658 658 658 658 658 658 658 658 658 658 658 658
659 659 659 377 342 231 157 342 726 283 256 314
660 660 660 660 660 660 660 660 660 660 660 660
661 211 308 5 379 391 379 285 142 152 121 254
662 166 253 932 642 642 212 42 300 218 282 84
663 679 508 82 410 490 82 222 64 249 280 822
664 664 93 301 818 259 509 540 86 87 427 370
665 58 58 494 458 280 296 296 121 74 1 84
666 856 8 430 411 460 115 86 238 506 83 223
667 81 105 233 17 427 165 339 443 171 470 367
668 157 250 321 103 352 41 5 234 243 209 812
669 615 465 809 845 921 859 193 192 132 366 109
670 670 670 670 670 670 670 670 670 670 670 670
671 17 220 128 116 473 170 301 180 851 191 214
672 506 452 264 247 7 86 480 23 464 172 86
673 495 371 183 6 290 166 172 171 160 114 114
674 265 498 332 506 510 466 555 754 608 441 666
675 675 675 675 675 675 675 675 675 675 675 675
676 160 141 466 6 2 612 311 184 299 418 299
677 199 280 280 81 329 255 405 253 671 187 69
678 92 238 89 62 255 421 333 627 513 124 166
679 663 375 860 375 107 128 419 63 195 211 646
680 380 376 262 347 352 178 539 79 166 124 404
681 352 201 917 483 424 125 935 353 69 679 460
682 681 681 12 638 495 128 490 932 474 87 64
683 305 483 321 395 82 325 96 170 411 261 40
684 684 684 684 684 684 684 684 684 684 684 684
685 56 56 271 301 211 195 859 82 730 460 115
686 245 38 245 183 11 700 247 264 500 406 43
687 185 124 98 101 380 65 290 357 142 963 158
688 543 291 294 206 128 207 13 53 82 86 518
689 543 168 822 53 182 250 113 983 113 932 576
690 690 400 271 152 62 100 937 64 91 66 984
691 691 691 691 691 691 691 691 691 691 691 691
692 231 172 847 171 301 747 189 215 188 508 480
693 121 166 380 376 6 234 494 141 430 565 674
694 255 314 219 18 797 797 797 797 342 776 409
695 315 695 365 211 45 272 309 310 221 647 93
696 222 222 187 107 314 165 96 6 751 6 234
697 414 443 527 113 925 847 333 736 86 508 679
698 126 285 62 754 19 264 12 666 324 65 426
699 845 281 5 351 278 495 419 253 20 83 133
700 525 213 7 573 166 174 56 13 29 455 438
701 462 545 87 63 55 208 546 474 107 184 173
702 932 340 554 553 554 419 170 280 283 280 249
703 703 703 703 703 703 703 703 703 703 703 703
704 704 107 106 283 363 154 153 820 204 65 204
705 256 46 252 740 252 494 75 84 326 13 32
706 694 484 168 113 976 847 263 981 527 263 424
707 232 226 434 145 114 154 393 434 450 413 813
708 124 424 424 326 121 326 114 280 543 576 543
709 185 97 404 768 97 708 599 708 599 63 169
710 418 160 103 14 562 129 106 90 90 478 442
711 711 711 711 711 711 711 711 711 711 711 711
712 4 183 357 328 143 196 218 696 297 215 297
713 81 306 306 409 776 95 232 576 13 39 116
714 373 194 305 174 237 241 498 92 173 64 6
715 84 585 389 283 44 161 129 457 86 223 64
716 716 716 5 189 188 311 756 459 87 812 126
717 271 272 140 428 322 794 335 448 160 799 160
718 56 63 114 318 333 444 300 45 424 269 63
719 182 103 546 177 64 466 893 466 602 499 374
720 765 421 434 280 655 427 107 70 288 282 424
721 27 337 115 62 158 638 124 107 127 121 226
722 278 377 403 14 93 513 226 225 215 17 405
723 173 134 84 50 71 432 84 160 821 163 641
724 338 169 137 138 4 520 21 128 420 647 685
725 370 318 482 593 196 971 540 86 504 293 765
726 283 288 432 217 521 554 29 13 390 379 5
727 483 362 498 804 565 674 7 510 754 510 674
728 96 408 305 305 528 191 645 414 414 697 156
729 44 300 218 74 341 311 184 42 221 283 577
730 82 199 51 306 728 173 160 148 401 133 399
731 731 731 731 731 731 731 731 731 731 731 731
732 732 732 732 732 732 732 732 732 732 732 732
733 440 275 813 450 142 166 250 321 971 700 602
734 377 128 355 16 375 367 470 971 113 494 94
735 164 695 147 859 166 58 243 252 427 62 506
736 107 280 106 459 295 142 4 239 4 166 84
737 737 271 137 138 54 160 25 27 339 151 409
738 4 63 355 333 160 799 447 933 46 355 333
739 300 194 4 859 87 828 300 121 438 113 151
740 82 128 128 3 138 59 812 366 187 42 147
741 150 179 741 377 163 459 253 333 152 258 132
742 742 614 106 400 411 174 208 411 208 54 131
743 517 408 571 252 285 183 714 562 380 396 157
744 744 744 744 744 744 744 744 744 744 744 744
745 745 453 301 147 212 64 69 409 800 409 151
746 746 746 746 746 746 746 746 746 746 746 746
747 971 10 325 10 21 885 106 128 445 160 4
748 460 419 356 108 301 281 13 108 13 325 87
749 820 422 84 811 340 459 328 331 464 494 94
750 88 142 282 404 372 366 248 330 248 372 115
751 167 231 277 149 88 369 89 423 527 263 531
752 82 256 129 19 11 266 500 504 971 723 777
753 169 455 48 318 176 200 593 94 206 198 204
754 510 494 504 533 46 405 601 404 58 859 58
755 211 290 165 417 494 466 160 474 153 83 71
756 42 147 42 309 224 148 280 523 618 100 424
757 577 363 664 65 307 347 278 292 523 168 526
758 758 120 380 320 179 148 377 656 352 681 352
759 121 166 140 140 541 155 429 139 592 429 579
760 335 428 45 932 31 32 40 438 482 521 134
761 393 384 80 68 424 405 548 249 141 69 713
762 516 762 516 333 318 171 171 165 366 404 162
763 763 5 306 409 108 473 29 160 149 284 296
764 30 229 39 24 28 106 371 254 21 420 174
765 707 720 699 720 332 421 448 334 322 929 429
766 340 494 152 726 212 340 215 201 205 167 198
767 13 25 494 932 367 419 84 48 75 76 5
768 97 97 662 282 33 339 114 165 121 29 30
769 62 236 13 207 13 146 66 560 856 265 19
770 353 86 280 574 401 574 280 249 63 815 138
771 13 285 532 132 738 63 158 4 411 131 211
772 772 772 772 772 772 772 772 772 772 772 772
773 773 405 83 557 201 917 94 200 440 249 460
774 285 65 232 556 483 321 560 913 7 141 5
775 560 913 972 913 699 700 299 546 147 62 2
776 41 133 443 339 987 411 261 75 261 75 494
777 733 327 160 290 79 497 424 612 49 50 217
778 971 444 300 160 450 419 184 329 255 16 290
779 820 212 546 393 387 150 181 394 368 896 169
780 84 612 17 307 85 778 85 146 187 434 69
781 537 157 377 748 13 242 926 926 64 615 87
782 526 407 44 424 115 615 856 142 508 105 105
783 654 404 87 154 932 211 469 66 215 23 261
784 411 866 96 339 245 113 473 163 83 481 809
785 545 24 114 173 82 165 36 21 96 417 38
786 206 346 172 128 346 191 494 170 212 81 161
787 21 715 20 560 283 104 376 295 386 379 396
788 717 459 29 331 464 611 270 129 87 303 170
789 168 486 333 115 615 152 288 434 320 483 305
790 544 82 263 423 263 47 172 121 316 468 224
791 401 172 377 961 377 621 11 266 11 441 374
792 121 209 365 180 420 362 430 128 974 87 552
793 206 95 128 419 18 310 932 283 131 132 282
794 335 274 424 367 340 74 498 529 160 906 160
795 417 486 611 232 611 160 85 778 569 498 526
796 828 145 163 145 17 310 307 310 221 53 5
797 18 419 87 300 68 20 173 64 232 280 430
798 798 798 798 798 798 798 798 798 798 798 798
799 189 786 407 503 499 500 265 360 235 971 504
800 549 467 459 513 116 417 183 12 569 558 674
801 41 474 477 258 454 62 106 190 16 221 493
802 258 357 82 395 396 395 368 121 493 473 141
803 812 447 62 811 77 142 236 363 128 53 537
804 971 695 695 971 3 2 211 195 586 195 286
805 358 9 754 565 754 804 466 358 856 83 236
806 285 812 58 62 89 438 588 27 34 34 545
807 211 303 280 256 314 219 483 178 537 781 621
808 808 808 808 808 808 808 808 808 808 808 808
809 131 83 820 212 283 4 712 995 712 255 211
810 393 166 222 311 225 148 179 148 179 907 936
811 62 283 5 6 440 380 166 380 376 295 314
812 859 59 865 412 164 13 63 272 563 82 214
813 544 107 531 367 473 326 160 15 128 434 589
814 58 373 83 820 974 917 199 174 157 489 305
815 815 57 5 236 3 4 329 514 108 474 249
816 165 725 417 115 370 226 317 18 258 328 478
817 515 484 13 520 408 517 6 193 55 208 155
818 549 779 820 63 58 81 4 305 285 990 3
819 461 812 208 329 459 189 459 329 187 518 154
820 231 203 83 474 234 269 17 310 249 460 169
821 160 730 82 68 212 162 549 268 309 297 73
822 572 936 14 292 64 87 163 5 528 528 191
823 358 573 7 707 358 374 501 176 177 546 526
824 191 343 345 342 296 288 333 419 367 473 211
825 306 373 508 533 94 120 218 513 340 106 454
826 586 126 126 638 10 260 331 459 188 533 65
827 506 247 661 293 498 405 255 694 706 86 963
828 546 615 615 412 64 129 130 425 621 518 282
829 203 280 51 486 48 105 509 253 316 215 189
830 452 499 503 61 533 23 254 340 105 424 151
831 258 476 375 90 90 329 4 826 195 162 63
832 195 58 243 615 21 114 24 28 87 459 190
833 833 365 401 249 490 607 393 105 199 342 296
834 107 285 408 990 685 137 209 546 256 557 581
835 84 623 202 41 932 44 86 226 128 300 160
836 813 129 80 96 610 296 142 467 189 453 166
837 107 589 638 44 128 486 48 76 981 444 464
838 45 322 15 541 140 735 269 212 142 163 601
839 377 382 379 628 389 296 380 295 320 868 5
840 168 426 6 859 921 6 234 82 83 727 464
841 376 393 250 495 222 80 129 11 569 441 504
842 96 173 92 513 747 509 540 121 366 230 74
843 567 82 255 249 145 856 153 82 362 65 413
844 971 9 500 7 213 602 249 165 226 186 490
845 859 193 832 586 131 131 282 577 366 10 96
846 846 605 846 605 797 605 797 231 292 129 128
847 922 79 13 576 526 515 413 515 176 515 572
848 445 82 345 152 431 431 4 990 859 932 174
849 252 211 932 77 445 133 30 336 419 170 537
850 546 82 333 421 466 11 209 273 579 164 15
851 907 262 344 262 231 289 482 228 121 35 878
852 852 852 206 917 974 87 77 445 160 28 107
853 82 468 223 18 258 474 115 64 482 79 922
854 82 708 82 278 199 850 199 776 203 291 93
855 155 128 940 128 95 232 5 900 338 136 27
856 355 420 20 462 462 21 728 733 733 64 68
857 191 214 483 320 213 499 649 452 19 265 61
858 306 20 728 400 105 258 478 477 108 420 666
859 58 132 142 132 807 132 107 932 450 568 450
860 115 422 546 7 608 406 160 478 434 283 210
861 350 533 187 316 309 400 68 183 464 420 141
862 777 971 196 201 820 172 47 107 21 82 256
863 57 604 211 473 411 89 304 96 303 255 212
864 411 305 208 195 2 249 81 518 249 183 145
865 194 238 930 301 108 112 108 328 329 107 290
866 411 193 412 809 859 153 984 66 66 64 300
867 134 372 86 117 170 23 25 34 361 245 245
868 5 117 106 820 169 121 494 25 34 30 339
869 841 397 60 397 122 150 103 389 394 537 232
870 401 874 401 82 518 254 169 183 12 264 213
871 231 206 160 188 189 533 45 62 749 776 95
872 232 368 104 250 150 295 62 143 18 852 18
873 401 276 549 274 140 269 365 180 342 511 7
874 425 568 458 493 424 170 875 170 434 42 187
875 170 987 169 437 290 99 62 82 50 49 643
876 564 183 28 877 155 221 493 909 303 533 667
877 155 215 306 366 317 74 254 290 231 347 179
878 35 40 409 90 66 64 730 5 486 48 361
879 242 243 412 803 59 826 63 158 235 158 242
880 305 520 3 183 564 281 174 16 157 394 60
881 96 211 56 174 411 438 365 564 4 552 4
882 160 310 581 301 248 549 690 20 189 146 1
883 116 221 745 979 979 170 82 179 13 900 987
884 884 884 884 412 89 455 900 455 925 245 76
885 887 92 160 256 226 42 19 362 15 428 15
886 812 102 100 640 638 564 10 326 325 306 858
887 885 21 896 2 193 55 481 285 301 856 560
888 412 615 163 249 222 315 695 106 726 121 647
889 375 243 931 238 237 424 303 137 283 249 490
890 890 890 121 329 896 404 153 58 586 194 6
891 892 160 672 406 11 569 558 359 44 12 44
892 891 405 274 549 316 549 69 777 498 466 64
893 466 499 602 602 61 283 211 809 57 240 931
894 327 328 331 856 82 21 46 371 518 283 932
895 114 261 24 33 37 40 165 434 295 395 321
896 404 420 20 420 105 546 158 434 53 14 486
897 263 256 223 316 468 148 180 86 426 285 304
898 230 283 388 283 493 422 19 441 121 217 160
899 2 138 58 601 160 440 399 199 205 160 280
900 438 444 47 41 370 26 34 5 931 158 166
901 137 4 195 809 57 411 281 160 906 513 154
902 5 302 96 209 909 87 474 166 191 83 236
903 262 122 191 365 303 63 89 89 610 59 990
904 321 157 342 122 397 397 6 921 285 806 806
905 74 311 188 189 663 508 62 79 152 548 607
906 546 105 314 82 212 153 142 589 564 208 738
907 851 605 414 415 86 445 64 305 738 411 434
908 196 197 206 290 356 108 509 958 509 678 480
909 546 147 17 162 58 654 186 152 254 340 274
910 65 307 17 671 480 601 886 812 273 429 446
911 81 83 131 142 191 681 345 160 15 16 157
912 466 64 372 64 129 495 114 2 195 552 305
913 951 913 700 566 823 7 856 331 459 62 132
914 169 16 290 405 758 238 2 412 2 281 5
915 38 24 545 442 115 355 254 393 250 160 452
916 414 443 13 357 671 471 473 17 872 182 320
917 196 918 204 95 61 179 284 511 420 115 184
918 64 21 36 438 249 530 533 252 96 64 411
919 455 302 285 4 481 55 208 546 333 21 357
920 230 107 113 925 48 105 546 105 87 954 518
921 138 63 160 8 498 777 419 211 48 486 176
922 496 5 128 343 971 893 466 506 529 504 8
923 326 87 189 966 21 83 212 859 195 533 483
924 89 619 89 64 62 312 420 212 69 550 288
925 847 448 461 118 20 166 137 56 845 865 2
926 158 209 71 49 71 433 431 80 379 316 146
927 241 240 241 241 159 931 931 158 931 301 856
928 211 518 145 239 145 533 94 955 94 176 93
929 322 335 448 617 272 45 160 380 200 593 197
930 301 169 734 211 183 909 129 87 545 34 339
931 159 631 209 639 158 240 158 638 355 254 490
932 163 86 19 288 371 828 353 935 936 965 936
933 429 335 139 282 121 27 165 483 424 340 254
934 163 491 170 16 107 859 195 194 238 244 237
935 100 125 98 100 62 404 185 640 64 65 275
936 290 340 521 553 340 473 471 295 157 537 157
937 100 301 930 930 158 82 295 103 295 268 313
938 611 232 65 200 820 167 231 60 167 483 820
939 350 352 41 114 847 981 547 113 83 431 166
940 128 667 37 123 169 638 126 208 363 81 303
941 189 459 328 357 409 20 253 21 301 446 334
942 95 280 706 936 232 41 932 173 115 421 362
943 295 380 391 157 368 283 280 363 17 107 35
944 748 367 31 135 62 856 950 113 925 114 932
945 409 555 856 249 401 121 208 820 593 206 168
946 641 946 641 282 65 294 206 908 41 142 856
947 320 156 321 395 83 154 495 365 19 9 19
948 381 149 64 417 116 263 485 333 288 105 420
949 252 832 193 408 96 361 34 28 892 45 445
950 387 250 250 387 381 379 308 182 602 529 504
951 360 213 11 421 19 549 299 546 86 226 440
952 509 68 678 274 263 442 114 211 469 96 2
953 997 953 822 168 231 434 83 106 494 563 464
954 615 331 295 82 281 183 278 347 612 356 362
955 955 128 378 377 491 170 438 31 229 115 249
956 430 362 280 14 936 290 526 401 870 425 513
957 707 950 812 298 287 162 541 155 22 155 420
958 69 216 446 334 274 139 282 115 533 572 533
959 377 280 107 236 238 176 344 349 644 489 365
960 377 947 393 387 384 157 61 440 533 525 232
961 377 148 224 221 166 107 45 271 271 859 474
962 325 340 78 366 217 282 401 457 493 84 268
963 237 160 30 473 459 615 146 183 401 705 183
964 40 170 533 63 355 115 336 409 138 126 57
965 936 130 936 935 100 5 337 170 6 140 273
966 189 117 66 64 142 474 108 509 747 550 434
967 525 406 407 525 765 912 526 14 390 60 172
968 968 299 508 473 113 333 442 423 455 24 40
969 184 173 404 372 84 50 654 163 491 377 155
970 128 128 172 121 290 584 563 822 168 493 275
971 566 823 19 366 758 366 424 68 663 375 476
972 509 710 69 188 20 223 317 310 82 543 543
973 971 799 447 46 355 371 828 87 533 45 419
974 918 974 917 207 5 55 55 63 236 241 241
975 971 4 2 6 232 214 351 181 394 14 493
976 919 89 859 63 820 162 84 86 30 590 443
977 209 71 432 121 74 260 10 25 10 409 785
978 115 460 419 652 419 252 193 193 812 58 601
979 106 145 142 226 146 601 58 215 511 118 420
980 261 96 336 169 486 486 286 408 516 408 271
981 925 981 263 151 261 486 113 423 971 975 971
982 137 169 326 64 430 533 607 419 497 491 490
983 113 455 170 145 180 121 495 671 589 607 519
984 66 252 849 849 252 153 252 288 19 293 530
985 376 380 160 828 356 69 715 20 301 23 62
986 261 96 427 367 340 329 211 55 107 356 121
987 339 987 123 41 932 31 142 17 154 932 494
988 24 39 437 417 443 423 303 252 845 183 64
989 329 129 58 462 58 612 42 41 464 249 131
990 285 921 6 284 351 166 611 486 51 581 497
991 412 6 845 4 162 50 612 84 166 21 422
992 992 129 86 318 338 434 421 460 549 818 189
993 408 57 240 159 58 194 1001 826 252 83 557
994 6 89 438 263 897 263 169 5 76 139 216
995 712 401 289 14 280 270 129 343 107 164 45
996 12 430 401 257 180 349 148 402 377 62 424
997 27 409 776 196 776 160 314 18 424 738 286
998 65 818 440 447 323 708 404 354 404 937 64
999 145 405 365 489 305 271 949 211 6 54 2
1000 918 167 197 201 352 157 16 170 310 82 169
1001 3 6 272 45 932 45 164 579 273 46 303
1002 560 27 339 135 5 763 763 5 21 624 409
1003 258 160 592 124 139 46 216 62 74 86 747
1004 55 57 552 481 271 470 261 486 286 126 285
0 297 248 268 300
1 548 753 115 121
2 886 859 82 279
3 208 635 634 634
4 586 59 949 252
5 89 455 417 27
6 149 656 122 347
7 161 405 433 433
8 573 12 560 607
9 358 566 573 566
10 777 10 327 21
11 525 332 421 246
12 494 165 590 494
13 552 160 237 6
14 221 647 434 11
15 447 140 334 334
16 45 142 124 335
17 248 311 17 73
18 376 395 385 387
19 570 359 529 166
20 163 105 127 22
21 355 333 460 117
22 301 298 246 649
23 36 588 36 486
24 27 36 409 581
25 438 32 533 230
26 23 417 183 91
27 136 417 113 280
28 362 165 114 655
29 229 169 249 407
30 133 208 236 533
31 115 417 895 333
32 883 883 116 169
33 13 444 96 209
34 36 29 165 590
35 35 28 32 151
36 545 255 424 188
37 32 13 785 13
38 38 26 35 953
39 494 75 40 900
40 116 32 361 443
41 142 151 113 556
42 560 106 329 286
43 43 43 498 487
44 213 11 209 238
45 162 393 212 544
46 592 448 46 424
47 26 47 96 209
48 678 68 16 405
49 612 306 733 326
50 153 115 914 36
51 114 82 544 84
52 820 445 64 615
53 434 231 172 129
54 4 81 20 287
55 411 375 282 154
56 96 728 411 859
57 138 3 685 137
58 193 826 990 193
59 481 58 249 63
60 157 346 351 320
61 179 128 93 647
62 749 284 255 365
63 832 587 58 42
64 11 666 19 510
65 172 62 856 452
66 258 434 333 340
67 549 146 81 896
68 80 189 454 160
69 952 952 81 300
70 71 162 129 280
71 432 288 613 619
72 92 22 11 213
73 218 513 340 115
74 152 395 395 376
75 560 75 96 6
76 333 654 105 367
77 546 393 342 345
78 310 314 184 422
79 820 165 914 455
80 184 422 23 820
81 87 642 42 243
82 133 581 581 5
83 63 195 520 520
84 366 10 405 290
85 74 5 283 51
86 42 226 494 438
87 69 188 679 375
88 58 137 3 473
89 438 114 686 263
90 183 68 678 509
91 989 989 91 212
92 259 173 342 575
93 165 198 64 950
94 918 201 776 377
95 201 196 424 258
96 86 508 62 467
97 404 142 68 474
98 62 263 417 795
99 64 434 128 179
100 124 354 100 92
101 371 533 434 245
102 405 498 9 466
103 60 392 387 376
104 295 276 568 426
105 44 293 661 362
106 357 105 81 161
107 77 932 44 83
108 81 568 425 86
109 108 420 363 169
110 258 559 160 226
111 375 112 373 112
112 91 357 5 528
113 263 245 485 114
114 36 21 105 243
115 301 621 180 87
116 513 183 218 226
117 170 261 986 470
118 117 252 96 400
119 980 5 177 297
120 218 183 545 26
121 365 256 705 183
122 376 985 376 397
123 160 104 283 820
124 214 593 95 280
125 708 124 185 371
126 411 55 271 304
127 21 296 388 157
128 107 91 306 306
129 19 661 440 61
130 130 345 191 160
131 87 856 293 12
132 107 662 62 856
133 14 563 86 736
134 598 84 513 74
135 93 473 404 643
136 438 121 86 362
137 211 214 346 105
138 408 880 949 411
139 335 929 335 274
140 140 334 15 541
141 332 525 967 498
142 340 215 283 166
143 328 478 434 275
144 254 74 297 905
145 333 492 83 63
146 81 128 95 280
147 695 491 816 437
148 468 342 219 377
149 377 157 149 440
150 104 150 166 576
151 96 114 932 3
152 434 132 5 438
153 173 233 105 147
154 412 820 52 368
155 81 418 189 67
156 645 191 142 44
157 489 132 132 86
158 236 932 333 245
159 240 243 319 160
160 428 651 546 906
161 267 707 809 465
162 321 320 734 157
163 62 28 80 508
164 13 207 201 93
165 142 191 6 181
166 303 303 619 89
167 751 51 64 820
168 114 226 225 189
169 256 107 91 112
170 133 160 526 407
171 38 31 28 21
172 403 168 533 335
173 254 531 420 108
174 363 81 20 68
175 3 55 411 498
176 344 156 344 149
177 734 177 546 2
178 539 160 54 412
179 377 748 300 81
180 419 434 489 211
181 947 394 103 61
182 296 105 420 81
183 286 252 333 547
184 546 212 28 105
185 800 533 440 264
186 254 427 546 377
187 932 702 107 16
188 62 290 329 303
189 81 252 254 165
190 69 325 409 390
191 420 81 300 11
192 4 845 3 81
193 845 193 1001 2
194 63 252 615 33
195 57 208 63 114
196 143 86 283 290
197 820 179 349 342
198 202 206 51 581
199 204 936 129 840
200 908 908 167 181
201 232 556 232 6
202 562 285 552 571
203 105 210 931 210
204 196 776 917 593
205 197 13 514 66
206 852 18 424 526
207 172 231 645 645
208 281 194 859 212
209 490 42 309 495
210 252 194 5 840
211 132 738 281 194
212 462 21 519 85
213 265 498 967 498
214 681 284 130 122
215 756 431 71 209
216 160 4 360 141
217 160 23 261 333
218 215 128 409 13
219 314 872 581 101
220 177 381 380 232
221 73 166 153 612
222 17 316 316 121
223 74 311 612 856
224 218 221 0 0
225 331 340 867 96
226 405 106 188 971
227 405 365 820 856
228 172 413 214 593
229 489 249 153 211
230 5 177 601 3
231 181 291 5 171
232 707 872 17 155
233 124 353 101 419
234 238 440 160 478
235 360 451 569 441
236 158 58 107 86
237 927 930 301 747
238 0 88 411 683
239 3 160 440 53
240 234 159 241 237
241 233 242 564 638
242 5 419 68 306
243 820 95 95 143
244 84 454 84 127
245 405 106 355 932
246 608 452 529 362
247 264 265 265 360
248 696 226 165 136
249 208 208 236 371
250 166 473 447 429
251 116 169 438 338
252 518 254 445 518
253 83 282 531 405
254 820 16 362 114
255 295 308 74 223
256 41 173 306 169
257 183 285 921 58
258 199 13 84 366
259 92 728 92 457
260 21 300 161 419
261 29 590 533 21
262 402 349 402 420
263 30 339 547 263
264 161 441 142 82
265 570 247 11 661
266 804 264 500 502
267 498 74 400 971
268 221 537 486 245
269 212 641 212 63
270 129 802 258 62
271 142 450 257 377
272 579 321 301 169
273 448 494 90 459
274 429 124 429 461
275 426 318 547 318
276 276 426 166 513
277 191 351 166 506
278 201 232 705 450
279 279 62 212 364
280 196 908 197 86
281 195 57 271 2
282 80 473 419 170
283 318 83 513 170
284 130 65 177 214
285 366 234 166 93
286 285 990 285 371
287 549 800 549 6
288 199 218 160 278
289 425 567 567 82
290 263 263 300 97
291 464 822 484 13
292 515 177 177 331
293 141 327 400 173
294 377 52 61 498
295 283 271 145 21
296 181 296 393 533
297 259 21 932 83
298 551 184 540 121
299 509 952 540 86
300 145 832 3 3
301 180 907 262 342
302 304 304 809 301
303 513 422 601 41
304 16 518 559 282
305 815 137 58 366
306 509 105 159 166
307 226 301 184 86
308 376 389 61 368
309 316 690 690 21
310 272 216 446 216
311 106 420 141 498
312 301 20 887 887
313 313 0 226 696
314 189 377 163 411
315 495 314 225 283
316 316 465 189 5
317 73 74 62 405
318 370 135 165 135
319 209 88 89 482
320 349 6 458 5
321 349 5 177 275
322 335 428 676 322
323 654 121 366 68
324 558 529 362 518
325 96 47 14 537
326 21 20 74 495
327 11 573 166 214
328 375 478 90 328
329 211 636 636 211
330 330 73 330 330
331 166 393 388 181
332 487 84 715 21
333 443 485 84 487
334 933 46 340 96
335 140 273 812 601
336 438 590 590 438
337 338 724 338 165
338 409 36 165 483
339 26 32 116 23
340 96 21 296 295
341 560 106 80 815
342 122 351 329 245
343 160 349 149 381
344 656 177 331 215
345 262 180 351 346
346 294 401 121 367
347 179 347 180 381
348 180 191 420 453
349 6 346 133 346
350 939 350 861 350
351 280 922 913 950
352 41 601 886 812
353 86 586 285 138
354 97 335 429 139
355 249 132 371 170
356 478 90 474 41
357 65 334 269 420
358 500 499 602 183
359 267 265 503 374
360 971 799 189 467
361 27 438 900 411
362 301 474 560 73
363 165 258 105 612
364 211 209 601 494
365 530 365 486 28
366 494 438 64 229
367 375 301 121 494
368 397 389 585 84
369 88 54 249 283
370 251 47 444 443
371 183 405 161 434
372 513 249 333 2
373 253 21 296 390
374 44 573 141 9
375 455 455 114 303
376 391 426 206 128
377 156 181 389 211
378 377 491 753 119
379 394 250 351 734
380 393 121 12 44
381 295 292 231 343
382 393 104 61 608
383 377 486 14 390
384 377 961 377 562
385 321 384 60 150
386 17 162 512 512
387 384 105 473 256
388 60 352 346 291
389 321 296 21 885
390 321 377 86 95
391 776 776 199 288
392 283 14 196 201
393 282 248 73 106
394 385 380 539 160
395 908 922 922 499
396 393 321 349 6
397 160 104 321 394
398 377 381 295 314
399 51 93 409 28
400 20 137 635 286
401 130 290 206 196
402 258 87 69 212
403 526 655 438 169
404 160 147 189 80
405 173 147 316 6
406 374 529 494 417
407 266 9 265 452
408 215 183 53 820
409 27 197 86 14
410 107 338 411 455
411 192 323 271 63
412 192 271 88 210
413 440 458 426 62
414 449 414 370 96
415 414 697 156 377
416 327 894 327 486
417 160 240 211 131
418 582 103 320 390
419 268 934 268 223
420 141 265 264 141
421 9 466 488 499
422 87 41 167 130
423 925 48 338 339
424 308 376 632 376
425 425 65 401 562
426 166 226 82 114
427 427 470 116 339
428 428 273 15 424
429 428 140 272 183
430 411 717 295 250
431 83 21 333 533
432 121 20 187 710
433 152 420 28 722
434 2 698 305 210
435 533 663 188 74
436 437 27 128 197
437 48 847 423 48
438 531 183 44 913
439 96 48 423 62
440 129 254 121 152
441 362 105 771 16
442 48 560 336 41
443 38 113 86 304
444 86 362 129 19
445 518 256 210 3
446 334 140 2 86
447 409 447 933 592
448 274 429 274 273
449 414 370 92 22
450 228 160 310 533
451 569 141 500 44
452 502 500 504 141
453 121 20 695 734
454 62 206 14 178
455 89 91 107 163
456 405 10 173 434
457 65 840 64 357
458 568 129 813 450
459 358 7 510 492
460 116 160 131 58
461 139 124 429 335
462 106 83 654 66
463 463 462 411 123
464 338 27 560 336
465 189 473 80 169
466 466 6 206 204
467 107 357 16 311
468 74 310 105 283
469 211 582 189 690
470 655 114 895 417
471 810 210 424 125
472 471 170 455 113
473 627 184 63 193
474 328 66 477 69
475 375 475 300 12
476 329 329 83 105
477 108 69 141 358
478 442 485 76 139
479 381 394 61 758
480 357 62 98 640
481 552 305 243 105
482 41 142 28 333
483 113 62 256 129
484 515 494 484 129
485 444 547 171 23
486 113 486 478 375
487 496 602 141 9
488 498 459 218 297
489 249 286 195 552
490 932 702 107 480
491 170 114 365 180
492 162 63 114 252
493 562 183 188 80
494 662 300 662 185
495 118 84 272 252
496 64 290 515 122
497 440 562 401 282
498 11 358 213 213
499 566 666 823 213
500 374 502 44 161
501 358 699 44 407
502 452 856 856 82
503 213 12 11 141
504 501 499 505 249
505 499 374 503 407
506 249 170 607 87
507 507 513 655 183
508 667 582 508 260
509 424 422 546 245
510 499 238 602 533
511 191 420 118 387
512 162 288 371 494
513 271 411 373 92
514 66 108 356 16
515 434 212 211 138
516 195 192 192 323
517 6 206 515 6
518 371 51 306 62
519 519 315 537 14
520 21 306 326 13
521 295 61 390 103
522 523 601 404 963
523 618 618 618 100
524 72 259 327 5
525 466 5 57 252
526 655 301 953 900
527 114 105 367 24
528 64 506 466 488
529 558 451 360 44
530 365 293 365 355
531 367 80 105 212
532 131 2 571 3
533 551 86 818 92
534 256 3 685 880
535 340 331 225 459
536 259 818 166 3
537 20 480 20 188
538 530 365 513 92
539 494 94 533 607
540 82 282 441 8
541 209 13 2 2
542 403 542 401 276
543 493 474 859 4
544 212 115 63 971
545 87 152 154 105
546 362 249 183 223
547 113 32 31 107
548 170 495 424 46
549 678 492 115 494
550 480 564 158 244
551 733 777 498 501
552 949 281 58 812
553 84 233 586 63
554 553 482 89 64
555 720 608 406 525
556 232 562 498 533
557 518 615 21 128
558 487 452 566 358
559 258 111 474 366
560 106 226 419 371
561 462 106 537 259
562 497 78 107 401
563 936 822 168 822
564 748 641 163 518
565 266 12 19 7
566 421 566 7 112
567 843 567 290 263
568 457 62 282 62
569 9 510 264 213
570 161 264 12 823
571 408 215 221 116
572 82 50 654 233
573 19 459 589 160
574 280 464 129 473
575 149 575 231 277
576 526 65 92 105
577 249 393 103 295
578 577 166 250 103
579 15 428 446 461
580 580 580 580 580
581 13 302 57 859
582 418 188 62 168
583 521 583 521 598
584 290 130 130 290
585 493 440 458 64
586 63 255 316 379
587 832 252 194 832
588 13 339 340 249
589 459 29 24 23
590 494 197 65 493
591 591 83 368 82
592 448 592 461 624
593 41 370 85 147
594 121 63 41 370
595 52 146 17 17
596 282 288 283 58
597 596 596 301 150
598 84 715 799 549
599 96 21 183 705
600 600 133 445 254
601 494 822 900 170
602 183 366 494 152
603 414 414 603 414
604 305 412 888 412
605 414 916 414 443
606 495 371 45 404
607 544 820 366 131
608 608 232 52 314
609 333 172 181 377
610 694 290 424 552
611 623 791 425 285
612 828 5 464 331
613 613 288 288 288
614 613 127 160 551
615 331 44 105 667
616 459 496 11 611
617 618 98 640 638
618 124 618 353 404
619 56 4 971 608
620 290 130 377 160
621 426 425 130 776
622 238 64 168 198
623 611 232 14 482
624 301 8 213 12
625 4 63 175 174
626 87 351 13 171
627 420 541 209 601
628 181 950 145 58
629 177 231 466 359
630 630 369 160 405
631 159 243 80 105
632 376 160 163 612
633 633 633 633 633
634 635 208 137 305
635 126 635 2 803
636 636 636 211 58
637 234 494 281 59
638 12 996 12 957
639 158 105 203 434
640 114 211 481 271
641 82 490 459 268
642 405 226 313 268
643 87 21 296 320
644 820 83 372 58
645 697 645 156 122
646 646 646 211 44
647 434 200 777 340
648 648 648 648 648
649 729 358 452 360
650 215 756 86 62
651 511 651 121 356
652 333 154 209 174
653 653 653 653 653
654 105 127 130 129
655 280 277 14 221
656 231 53 128 30
657 269 107 173 538
658 658 658 658 658
659 377 163 434 441
660 660 660 660 660
661 267 359 558 9
662 494 128 424 356
663 533 529 265 804
664 363 188 459 464
665 272 409 555 409
666 19 570 12 267
667 480 638 158 240
668 157 378 60 61
669 420 18 424 166
670 670 670 670 670
671 356 69 13 209
672 971 188 508 81
673 495 296 129 127
674 19 267 498 62
675 675 675 675 675
676 160 672 359 672
677 434 173 124 706
678 480 678 274 340
679 551 671 589 282
680 380 397 181 155
681 160 168 276 168
682 681 682 191 150
683 131 101 371 28
684 684 684 684 684
685 305 131 859 3
686 114 981 455 976
687 353 86 855 155
688 543 326 20 82
689 689 689 198 689
690 189 690 549 362
691 691 691 691 691
692 231 180 87 63
693 83 252 412 54
694 129 64 326 92
695 147 473 80 249
696 297 17 307 226
697 156 157 392 283
698 285 13 165 136
699 720 86 238 602
700 913 967 504 374
701 462 58 105 187
702 107 89 924 699
703 703 703 703 703
704 107 281 408 57
705 401 426 231 231
706 563 93 205 14
707 950 492 42 612
708 124 166 77 932
709 353 365 672 543
710 971 470 271 211
711 711 711 711 711
712 995 712 4 301
713 69 259 83 434
714 172 183 291 65
715 84 134 62 18
716 716 5 417 339
717 215 221 309 313
718 281 552 518 21
719 719 376 166 150
720 856 7 856 765
721 37 40 93 409
722 27 437 39 13
723 551 189 460 462
724 160 557 917 40
725 417 339 336 135
726 85 758 143 18
727 84 272 15 209
728 885 106 73 311
729 84 77 79 128
730 160 446 13 785
731 731 731 731 731
732 732 732 732 732
733 728 400 183 474
734 177 321 483 172
735 461 269 210 638
736 736 736 736 107
737 271 949 411 986
738 520 56 57 89
739 495 62 180 601
740 82 1 1 155
741 250 296 203 183
742 614 106 212 28
743 743 517 411 434
744 744 744 744 744
745 282 115 107 252
746 746 746 746 746
747 424 318 482 598
748 748 405 129 458
749 776 94 41 51
750 88 54 88 0
751 167 483 13 352
752 82 393 421 359
753 119 96 725 339
754 565 459 218 201
755 211 481 738 412
756 225 74 116 417
757 757 577 377 182
758 143 31 121 490
759 121 647 82 147
760 15 62 367 82
761 393 424 46 434
762 516 333 411 4
763 5 828 107 64
764 377 377 376 391
765 856 293 420 163
766 340 165 338 932
767 114 547 171 38
768 101 97 354 64
769 62 117 460 211
770 353 687 100 102
771 13 371 82 86
772 772 772 772 772
773 773 773 773 773
774 285 107 687 100
775 560 221 248 268
776 201 473 536 189
777 134 6 515 172
778 971 747 509 952
779 549 799 715 69
780 84 323 124 708
781 621 301 311 188
782 526 129 533 40
783 154 783 424 880
784 411 64 411 121
785 409 128 27 128
786 206 206 206 426
787 21 715 21 68
788 717 215 262 122
789 93 29 25 588
790 544 585 544 450
791 425 256 82 782
792 121 253 84 180
793 613 243 244 303
794 322 322 15 269
795 417 925 976 981
796 405 78 107 597
797 18 103 321 321
798 798 798 798 798
799 166 880 252 138
800 185 404 17 18
801 41 152 548 249
802 172 28 32 654
803 194 1001 2 899
804 466 451 452 359
805 358 459 490 160
806 304 13 280 114
807 192 194 281 3
808 808 808 808 808
809 698 949 305 195
810 210 158 82 142
811 340 521 553 553
812 601 84 431 288
813 172 420 509 356
814 58 249 589 106
815 137 183 53 440
816 953 28 32 23
817 544 121 183 318
818 440 53 167 450
819 273 15 269 288
820 336 93 260 259
821 160 135 370 417
822 280 388 394 61
823 9 452 856 58
824 191 903 262 262
825 923 923 723 971
826 54 126 405 105
827 506 105 509 540
828 356 108 190 106
829 290 584 86 756
830 452 160 103 53
831 258 253 121 154
832 192 2 481 586
833 44 7 407 506
834 107 4 281 62
835 401 543 257 543
836 523 543 425 289
837 837 107 506 238
838 124 125 618 100
839 377 189 184 549
840 526 498 246 421
841 719 379 250 103
842 211 254 303 80
843 567 567 843 290
844 165 31 28 166
845 4 481 738 303
846 605 414 449 414
847 976 847 448 46
848 445 45 428 46
849 63 44 114 976
850 199 288 550 105
851 352 345 214 284
852 206 62 281 932
853 82 80 184 105
854 82 53 199 197
855 549 187 215 223
856 8 160 240 158
857 160 205 79 14
858 306 549 694 706
859 411 64 515 593
860 437 361 333 212
861 350 350 350 180
862 777 340 82 438
863 57 138 420 434
864 411 195 174 175
865 2 158 319 209
866 96 924 612 173
867 340 342 203 277
868 320 295 142 217
869 841 376 379 396
870 401 621 284 206
871 231 203 128 87
872 61 537 243 271
873 425 84 270 515
874 401 65 160 290
875 170 165 29 590
876 564 242 564 340
877 812 217 812 4
878 23 464 563 484
879 242 106 189 550
880 685 64 222 74
881 96 326 533 541
882 166 818 440 499
883 27 494 234 256
884 884 412 256 820
885 887 20 271 183
886 601 283 494 404
887 887 20 690 215
888 412 285 411 215
889 300 828 546 404
890 890 890 121 152
891 405 490 513 546
892 45 271 528 489
893 466 359 504 183
894 327 5 291 183
895 333 340 811 79
896 114 155 377 396
897 263 300 662 404
898 481 96 114 362
899 2 285 88 183
900 978 165 116 473
901 137 129 346 351
902 5 106 518 509
903 262 349 156 645
904 321 182 53 18
905 74 331 328 143
906 533 141 674 7
907 593 41 333 471
908 918 494 282 405
909 183 69 187 533
910 65 129 13 588
911 189 508 667 550
912 504 499 602 358
913 967 504 141 407
914 531 82 86 553
915 38 370 85 726
916 414 603 414 697
917 483 727 464 82
918 776 917 27 878
919 919 443 370 427
920 230 898 898 230
921 930 243 42 19
922 922 498 73 106
923 825 733 440 200
924 699 529 699 358
925 113 423 971 582
926 64 269 147 254
927 963 154 236 211
928 211 238 13 290
929 933 956 430 565
930 926 210 82 132
931 294 425 403 172
932 227 215 105 748
933 448 812 59 57
934 549 661 161 7
935 353 618 125 101
936 572 776 776 908
937 125 124 107 129
938 611 160 171 64
939 350 533 164 281
940 93 169 36 13
941 189 434 99 64
942 435 440 275 168
943 295 393 615 33
944 748 151 370 26
945 327 128 667 533
946 641 163 107 96
947 181 393 612 212
948 381 387 229 494
949 271 528 271 137
950 249 142 353 365
951 666 856 249 671
952 952 710 710 187
953 845 211 252 880
954 249 41 47 220
955 820 820 180 122
956 44 638 46 638
957 265 213 441 324
958 962 325 509 325
959 377 402 211 62
960 377 394 385 379
961 377 294 94 65
962 958 509 467 62
963 242 105 474 90
964 373 82 173 69
965 936 935 936 284
966 189 508 550 189
967 44 133 29 39
968 299 287 299 299
969 184 299 968 299
970 820 618 618 97
971 184 19 288 434
972 913 699 699 845
973 971 723 825 733
974 820 412 164 388
975 971 695 971 444
976 443 29 29 533
977 209 88 0 178
978 165 367 254 41
979 106 979 170 256
980 261 96 54 34
981 527 444 527 333
982 137 408 571 211
983 113 86 466 407
984 66 48 38 29
985 376 719 395 393
986 411 412 303 434
987 900 40 917 197
988 24 953 35 116
989 329 107 704 704
990 812 217 160 778
991 412 812 215 225
992 992 992 129 28
993 408 993 408 2
994 6 284 214 94
995 712 401 874 65
996 12 420 137 175
997 24 545 442 423
998 65 107 65 362
999 145 163 491 816
1000 166 856 546 82
1001 990 65 14 563
1002 560 329 469 258
1003 258 328 474 108
1004 55 1004 55 685
