0 238 700 720 699 506 105 412 820 21 459 163
1 641 371 405 308 218 309 177 413 177 146 187
2 162 186 345 262 160 234 587 236 238 241 158
3 303 424 172 280 333 641 212 268 215 18 121
4 169 65 204 93 526 93 261 169 201 183 215
5 644 147 160 395 385 395 393 84 835 84 510
6 738 286 195 520 138 685 408 2 1001 826 58
7 569 430 280 183 418 409 30 114 339 337 337
8 672 506 166 243 305 528 644 147 932 393 393
9 573 573 86 19 569 501 374 466 5 63 160
10 306 511 541 541 139 216 428 592 429 461 446
11 360 569 971 232 275 275 368 61 267 19 707
12 7 407 332 213 421 459 17 532 162 492 154
13 767 121 432 288 121 105 163 282 366 494 24
14 434 144 615 422 820 105 166 353 15 13 2
15 175 685 298 42 41 776 776 572 377 177 459
16 164 96 338 165 123 302 160 611 168 285 62
17 696 297 17 85 758 758 405 63 854 82 283
18 280 62 78 93 399 51 232 501 44 765 9
19 957 569 451 452 608 11 529 421 457 493 568
20 306 373 515 6 527 547 527 424 820 162 541
21 173 121 121 180 333 404 643 87 212 63 803
22 155 486 129 458 420 137 126 405 329 10 13
23 30 40 23 254 142 280 64 733 64 65 430
24 455 442 333 145 163 105 44 362 6 184 287
25 339 160 486 36 218 95 64 74 317 1 568
26 442 423 547 340 811 62 133 340 142 145 422
27 26 29 545 24 411 215 812 877 81 300 210
28 409 138 921 845 865 2 158 546 970 128 51
29 133 52 719 121 468 342 178 200 95 61 394
30 229 114 339 725 318 370 92 426 166 86 141
31 23 367 473 14 41 464 5 644 6 377 320
32 338 434 69 260 173 129 450 211 6 527 981
33 29 23 86 441 82 550 21 41 612 828 87
34 33 23 337 338 367 666 161 264 533 310 221
35 26 165 366 165 160 258 421 529 488 529 359
36 409 138 815 80 379 396 380 283 372 62 365
37 96 47 339 438 438 27 23 474 469 211 290
38 38 370 25 160 480 143 91 477 108 143 478
39 40 29 34 339 261 96 725 318 442 84 432
40 24 26 35 37 36 36 93 515 440 450 82
41 751 6 517 102 517 305 55 950 77 62 183
42 280 21 296 277 14 291 133 367 121 143 82
43 324 466 555 720 9 498 12 739 12 466 466
44 526 199 434 612 212 211 434 34 25 27 917
45 211 506 11 569 602 707 7 161 314 107 62
46 283 115 31 932 63 81 671 42 86 251 62
47 116 30 437 169 340 494 142 450 82 151 655
48 847 847 455 333 166 69 190 108 64 2 55
49 433 121 642 473 46 121 281 990 138 301 180
50 162 333 162 427 367 249 462 145 4 131 212
51 30 339 179 122 123 438 330 73 317 1 21
52 128 168 399 51 121 282 222 0 17 310 86
53 526 86 201 5 192 826 832 1001 803 546 453
54 194 5 58 271 271 412 252 738 698 412 685
55 809 738 271 211 21 212 518 621 277 296 419
56 174 16 44 63 4 114 128 51 204 918 207
57 610 160 108 143 31 32 372 366 132 234 132
58 371 360 105 422 153 422 533 83 693 121 338
59 845 211 209 490 249 460 170 371 371 211 238
60 296 296 87 438 27 133 545 183 474 419 198
61 395 250 320 65 450 1 284 179 295 250 104
62 754 661 141 62 410 329 434 518 252 285 65
63 41 751 206 196 41 47 280 47 116 47 172
64 719 841 376 985 376 150 381 179 741 250 526
65 910 65 776 749 284 160 445 64 395 393 296
66 480 601 166 252 131 963 404 154 62 216 160
67 86 132 552 87 23 494 25 24 997 27 336
68 329 183 845 211 56 532 175 685 193 63 803
69 299 190 434 214 413 275 368 321 947 321 904
70 288 70 217 121 233 241 236 930 238 234 242
71 612 747 971 3 55 193 859 832 408 489 212
72 21 259 536 259 173 22 11 506 249 256 46
73 331 615 58 158 243 507 507 85 218 94 205
74 64 306 533 663 533 188 420 165 36 48 485
75 560 66 112 108 64 492 64 24 28 333 249
76 96 88 210 546 77 142 84 493 153 984 333
77 445 531 106 494 24 151 170 494 281 164 46
78 405 226 301 420 531 445 79 419 714 419 249
79 6 5 681 178 345 160 520 845 56 286 6
80 121 173 950 17 42 87 552 305 138 481 131
81 189 473 581 65 172 168 275 172 847 981 263
82 280 909 129 46 355 16 337 860 338 564 340
83 288 282 107 98 101 102 97 618 98 62 314
84 84 513 249 356 106 486 184 121 767 473 460
85 313 17 386 17 222 495 155 593 776 917 445
86 10 13 53 52 368 146 183 520 208 195 517
87 495 16 249 506 498 92 86 438 116 221 83
88 533 499 44 10 271 366 531 116 417 183 655
89 3 192 323 97 371 161 249 28 953 40 816
90 11 506 19 666 160 549 44 498 411 192 516
91 306 141 9 358 43 407 358 12 11 211 532
92 86 932 812 434 353 185 125 98 404 84 121
93 204 65 362 62 211 495 459 311 69 409 27
94 515 484 563 290 295 386 157 301 108 420 53
95 309 311 312 17 424 15 461 273 429 160 89
96 443 93 114 210 240 931 931 926 930 930 930
97 640 638 338 485 86 480 86 708 371 174 21
98 100 107 448 409 35 338 337 123 37 32 32
99 107 45 446 45 812 880 174 473 427 170 548
100 262 231 426 568 544 585 493 142 458 493 153
101 581 308 160 340 290 290 107 366 372 366 190
102 832 520 160 526 655 75 655 427 62 210 105
103 385 389 391 390 389 296 526 420 254 77 82
104 155 1 317 221 85 51 64 164 592 139 99
105 152 420 607 42 42 249 54 54 137 301 621
106 932 249 155 19 360 549 540 86 601 84 664
107 100 107 233 62 87 163 420 607 471 434 87
108 290 165 223 105 543 424 950 113 220 74 309
109 424 462 430 360 452 608 332 700 499 359 264
110 478 543 543 222 218 596 218 309 226 307 347
111 110 478 469 474 87 963 158 599 931 599 931
112 37 127 491 340 333 654 211 209 371 124 125
113 424 16 355 654 153 58 89 76 455 96 337
114 211 155 133 547 361 367 333 13 121 890 890
115 644 147 145 422 212 493 42 17 249 661 8
116 883 165 254 642 107 57 303 58 283 560 73
117 211 290 82 518 282 559 166 87 173 17 474
118 118 279 62 12 7 420 21 137 160 137 355
119 40 448 494 39 37 33 165 119 96 83 186
120 380 539 78 419 45 828 889 828 160 393 282
121 281 63 121 480 357 615 800 549 212 357 91
122 150 149 277 621 518 333 486 245 62 238 587
123 116 340 777 10 400 160 142 88 183 326 543
124 335 461 139 819 273 209 15 420 627 627 473
125 100 354 64 430 7 359 502 505 406 720 498
126 638 355 356 329 328 86 620 620 86 163 615
127 189 550 187 74 231 181 14 203 291 93 36
128 203 776 203 548 1 316 629 178 351 210 13
129 123 95 200 434 167 655 980 470 914 900 183
130 426 160 84 544 607 533 504 421 430 211 730
131 208 155 133 445 531 165 258 421 333 5 312
132 62 361 560 518 154 954 249 427 121 489 107
133 206 199 199 13 474 494 169 63 365 401 183
134 5 207 116 29 590 28 932 254 518 371 3
135 31 121 163 601 83 355 932 371 46 3 256
136 337 548 283 157 296 644 115 340 152 458 450
137 481 412 888 412 137 160 41 114 96 47 14
138 408 215 905 222 189 509 473 537 526 82 222
139 592 335 335 929 579 13 145 147 1 232 556
140 617 448 971 277 971 505 661 252 254 17 342
141 601 238 587 6 994 6 466 754 141 360 235
142 282 747 513 513 124 618 820 232 556 464 280
143 31 254 445 82 78 13 145 546 355 405 278
144 492 152 258 66 984 153 249 121 405 498 501
145 591 419 714 714 426 318 96 23 172 401 249
146 21 301 245 48 338 27 261 438 470 455 261
147 189 434 531 115 62 27 409 33 339 170 495
148 402 148 149 621 278 495 365 365 371 405 4
149 342 41 167 377 947 181 383 377 215 690 107
150 377 220 223 459 106 188 74 121 324 7 570
151 494 142 100 262 903 907 903 907 851 180 180
152 41 143 758 91 306 21 364 152 132 234 145
153 17 73 756 166 420 165 490 295 376 262 511
154 17 269 371 340 331 459 225 226 283 51 31
155 157 394 486 128 93 16 642 249 209 128 198
156 342 41 87 856 7 5 527 6 430 462 20
157 384 387 392 86 38 86 584 272 274 273 273
158 963 319 963 241 244 234 587 238 931 243 507
159 243 607 222 400 400 509 467 189 551 69 87
160 165 364 21 581 139 160 371 283 411 604 211
161 707 661 12 494 268 513 507 85 726 283 187
162 31 24 988 411 683 131 422 7 555 720 765
163 121 234 366 163 131 82 533 171 23 251 40
164 322 139 282 188 81 28 151 40 170 23 533
165 251 914 113 417 115 494 107 478 81 490 420
166 641 82 233 107 837 837 837 837 837 837 837
167 284 206 107 114 485 113 106 363 106 828 87
168 526 257 526 401 542 450 515 167 426 113 165
169 301 747 508 259 21 424 316 147 85 443 847
170 303 174 405 333 983 114 170 360 570 19 160
171 5 29 30 36 27 251 27 997 27 301 312
172 413 458 275 368 232 936 206 277 231 871 231
173 69 958 962 958 69 678 68 68 679 971 540
174 473 115 443 437 251 437 436 437 336 30 261
175 63 54 107 46 137 87 172 65 910 65 457
176 515 93 165 198 205 593 350 351 518 173 86
177 0 248 221 316 218 128 820 114 121 518 460
178 537 157 393 145 145 434 467 107 70 152 355
179 278 363 21 355 128 196 196 206 202 623 129
180 434 114 128 490 80 114 254 355 473 35 26
181 150 157 347 191 352 65 425 835 789 168 206
182 295 377 351 352 352 377 562 714 486 106 300
183 430 543 294 342 157 383 379 164 107 489 106
184 551 533 188 129 214 851 681 191 231 181 381
185 97 353 354 404 601 886 812 932 367 212 223
186 162 129 932 77 107 285 15 125 101 99 64
187 105 351 363 518 155 223 220 177 344 344 156
188 424 280 813 543 672 141 430 674 9 674 510
189 311 905 311 188 145 333 355 142 597 932 3
190 160 228 519 518 211 101 0 6 89 57 849
191 839 191 284 255 434 214 495 160 168 278 191
192 412 138 58 455 860 169 255 371 254 211 304
193 193 1001 990 859 254 393 83 186 254 186 70
194 238 252 924 89 252 832 586 4 281 105 60
195 252 194 160 263 160 519 518 249 23 135 409
196 196 41 160 362 661 66 477 469 89 252 272
197 95 351 250 376 632 397 379 379 388 394 60
198 94 176 176 94 440 562 426 121 282 77 445
199 207 13 191 857 160 441 166 506 411 282 79
200 777 535 10 326 473 115 932 295 471 810 244
201 280 130 191 365 421 359 707 358 11 365 531
202 623 86 68 92 480 183 106 671 107 327 21
203 14 1000 166 137 22 35 34 26 971 277 296
204 820 153 83 288 756 533 460 679 533 663 549
205 95 181 380 377 104 104 103 296 397 546 177
206 352 350 94 177 312 317 84 127 491 167 257
207 191 343 971 416 173 184 69 160 343 13 443
208 285 6 389 182 395 250 321 592 929 164 46
209 518 513 507 298 160 474 62 495 222 85 222
210 926 158 638 896 28 169 303 286 520 174 283
211 450 611 623 611 270 278 405 889 375 889 375
212 856 666 823 666 7 956 213 265 9 558 487
213 487 451 265 8 430 441 362 365 362 15 274
214 128 917 128 388 296 363 255 453 170 753 170
215 820 136 338 35 160 140 274 592 429 269 145
216 46 371 82 116 860 337 23 249 493 572 572
217 366 506 500 501 500 501 498 359 359 267 264
218 36 24 494 24 988 411 4 252 273 15 533
219 79 162 83 424 68 183 15 45 461 446 272
220 23 33 39 23 337 96 455 981 925 981 444
221 223 106 254 531 300 114 442 976 171 409 448
222 225 309 219 74 745 189 190 282 248 301 23
223 155 337 367 329 638 210 158 244 233 101 125
224 218 86 598 340 598 340 777 340 133 51 41
225 222 86 132 249 548 531 419 256 462 545 785
226 146 177 231 624 409 38 34 33 39 494 918
227 405 17 0 120 377 546 393 434 166 1000 14
228 253 228 160 69 188 282 726 106 771 13 409
229 169 62 253 459 87 49 217 132 2 489 105
230 420 172 292 83 186 162 541 107 183 203 121
231 343 160 25 36 24 35 170 40 27 590 470
232 113 455 115 18 696 226 365 172 820 206 294
233 404 546 909 280 426 318 615 153 856 498 265
234 239 238 700 566 358 65 366 166 399 199 174
235 303 160 128 30 721 37 32 40 560 313 313
236 242 105 453 607 296 87 828 160 108 329 20
237 107 371 549 64 420 296 249 21 581 133 183
238 498 562 177 533 265 525 44 324 121 714 426
239 238 244 237 237 243 375 455 165 932 180 257
240 237 236 209 64 292 83 458 493 600 813 458
241 592 760 15 579 38 437 261 427 249 21 365
242 303 3 210 88 54 131 121 458 568 450 515
243 950 820 232 263 438 590 409 443 84 752 283
244 236 238 0 73 0 6 327 306 478 112 112
245 96 23 170 979 1 187 160 30 473 129 486
246 213 12 141 6 466 141 141 166 559 559 258
247 358 502 332 699 845 4 552 211 211 269 301
248 218 310 249 672 543 494 83 283 81 183 367
249 208 115 166 163 105 495 215 459 29 533 262
250 160 818 533 40 116 280 129 133 206 307 696
251 914 455 5 411 375 477 478 325 5 249 82
252 153 424 87 393 387 523 168 568 65 600 813
253 189 1 317 485 455 251 172 180 160 228 121
254 41 776 200 199 419 445 160 747 142 222 107
255 13 121 285 138 698 126 56 698 131 950 333
256 490 473 170 490 371 533 25 24 588 494 187
257 568 457 401 256 86 152 254 153 173 254 81
258 564 876 564 158 241 241 963 926 210 424 188
259 508 259 327 733 327 21 333 441 86 223 165
260 89 63 738 412 57 411 987 115 437 290 434
261 455 136 116 420 474 87 249 419 214 460 117
262 349 347 157 178 191 682 191 212 283 371 211
263 47 135 23 41 483 820 198 168 28 303 121
264 232 526 128 165 115 21 283 748 16 15 174
265 8 430 19 184 105 434 275 275 542 183 121
266 9 487 466 525 266 533 266 804 720 707 465
267 674 430 362 28 106 295 943 295 181 394 376
268 340 564 281 62 546 533 493 568 458 285 254
269 252 859 174 54 126 698 698 809 707 7 360
270 183 207 197 206 917 200 160 379 250 377 468
271 737 737 737 271 809 412 281 137 82 129 81
272 46 933 139 342 228 309 226 85 778 549 248
273 819 139 447 46 434 183 16 337 337 511 309
274 263 361 560 229 30 28 545 93 361 560 276
275 440 426 486 29 590 409 447 140 812 845 865
276 401 791 493 401 399 401 133 308 438 33 86
277 180 162 45 404 212 107 165 82 4 323 447
278 231 157 391 295 381 377 65 435 519 607 253
279 279 333 547 340 167 434 820 168 764 331 166
280 169 121 255 160 343 681 180 289 180 348 349
281 494 375 258 564 686 114 355 932 86 415 697
282 163 373 184 509 420 211 599 211 55 950 58
283 390 389 395 61 503 358 12 300 314 160 906
284 472 471 170 13 93 443 485 442 48 212 105
285 174 212 859 252 194 194 1001 990 408 208 4
286 252 107 4 138 4 625 63 88 58 132 131
287 896 107 132 132 807 211 303 212 489 249 505
288 571 211 256 87 412 845 6 751 41 776 204
289 482 160 58 498 267 247 661 661 707 674 674
290 419 296 103 157 489 249 327 328 474 493 615
291 232 576 295 390 377 94 494 504 765 506 661
292 133 232 178 656 377 396 380 103 393 145 82
293 525 765 430 365 21 409 197 601 812 520 420
294 203 820 362 459 610 694 290 210 355 424 58
295 84 233 637 233 107 518 82 295 84 478 328
296 376 377 130 257 426 426 283 387 60 390 459
297 259 297 177 65 51 44 501 499 506 504 430
298 685 193 845 59 192 3 481 57 84 62 430
299 145 856 558 487 421 362 473 474 612 4 625
300 124 638 638 46 322 13 32 23 590 40 23
301 170 337 170 607 695 405 106 419 121 493 817
302 57 5 815 137 139 282 21 695 85 1 224
303 15 216 216 164 269 335 933 89 806 88 211
304 57 126 211 340 211 734 172 60 295 472 471
305 483 61 166 82 150 103 395 390 384 181 60
306 723 173 173 748 300 64 141 362 249 493 473
307 177 221 459 80 243 950 387 229 48 444 547
308 5 362 331 74 187 16 183 300 263 113 443
309 316 793 316 979 170 491 117 613 117 5 57
310 313 223 222 221 42 188 518 371 155 849 849
311 341 309 42 309 341 389 162 820 974 918 196
312 300 121 963 301 597 810 244 615 669 5 726
313 73 106 28 545 590 443 114 208 137 859 6
314 62 4 145 462 411 511 275 542 168 278 249
315 253 419 183 410 107 417 165 361 370 725 96
316 905 311 73 223 83 249 154 62 736 333 370
317 74 225 223 226 0 368 394 181 179 378 17
318 527 333 155 17 62 251 169 455 438 115 460
319 237 234 927 234 243 615 252 162 84 252 166
320 394 377 249 215 363 21 367 129 210 236 121
321 296 249 367 133 18 314 228 172 295 341 218
322 335 461 819 139 99 404 640 371 28 82 438
323 662 84 119 455 251 123 338 434 19 324 558
324 121 15 13 371 549 661 502 359 7 922 53
325 409 197 205 160 494 311 297 0 377 149 148
326 160 452 498 11 10 13 329 286 138 809 195
327 82 147 342 342 345 156 232 214 495 384 387
328 474 42 667 142 269 164 520 21 550 21 715
329 190 533 404 532 175 3 107 80 82 87 49
330 74 121 219 82 77 142 17 153 434 471 473
331 459 661 570 247 267 359 569 452 823 264 823
332 504 293 360 549 710 971 506 674 506 672 8
333 531 114 183 212 74 468 495 367 80 62 253
334 274 139 140 644 349 349 347 179 82 104 181
335 533 285 166 210 16 187 459 560 316 221 312
336 136 336 115 548 491 816 548 143 143 329 129
337 883 165 105 366 317 73 259 106 256 460 419
338 437 38 258 454 258 365 802 172 457 440 177
339 75 96 326 325 64 243 373 306 538 326 409
340 497 440 215 460 663 187 533 679 187 16 283
341 222 121 215 905 74 764 30 417 361 339 32
342 103 342 294 543 399 440 177 61 347 157 380
343 160 388 390 321 947 393 62 749 284 5 437
344 148 262 656 149 277 971 777 340 128 365 152
345 345 343 681 133 183 286 685 81 607 253 212
346 346 105 420 654 789 352 656 122 397 182 182
347 157 392 392 390 397 52 814 262 511 191 420
348 342 352 546 397 393 533 28 29 39 37 37
349 344 381 61 393 422 546 355 160 337 31 932
350 157 382 393 546 526 65 51 51 557 395 379
351 5 581 205 201 231 201 486 168 28 166 573
352 60 390 295 179 351 350 681 160 170 495 169
353 166 201 203 829 523 280 179 907 191 277 167
354 124 64 430 362 488 421 498 529 496 5 284
355 424 316 341 218 0 177 297 73 707 264 247
356 108 329 363 364 21 581 872 707 913 7 12
357 5 900 13 281 252 210 932 63 412 826 160
358 407 332 500 141 608 11 525 707 498 707 19
359 359 496 498 213 44 213 264 500 498 447 335
360 754 971 179 971 699 720 555 141 496 560 73
361 971 3 137 812 252 107 90 459 340 474 128
362 183 695 459 759 459 80 549 44 362 549 459
363 420 152 345 186 856 533 529 421 434 190 533
364 433 49 83 121 217 812 142 166 64 611 11
365 165 41 254 269 932 258 477 375 318 423 301
366 306 409 81 932 494 152 128 115 107 174 58
367 133 44 498 264 608 804 265 804 565 608 213
368 1 121 296 142 88 285 166 214 301 624 231
369 304 96 325 10 13 445 424 196 64 914 113
370 245 165 490 121 654 162 129 458 543 93 78
371 98 323 3 283 288 84 142 85 310 249 530
372 48 37 667 68 107 454 258 27 172 28 303
373 194 63 183 223 495 223 316 435 440 265 823
374 293 293 856 555 44 459 328 560 215 306 612
375 13 286 138 286 195 195 586 826 252 546 106
376 985 376 985 376 985 376 160 591 83 318 443
377 149 490 212 509 969 509 287 69 715 84 333
378 387 283 283 182 295 472 453 107 329 560 66
379 388 321 379 381 160 296 392 283 333 340 167
380 200 593 320 296 321 376 295 391 295 331 74
381 397 232 705 401 425 457 533 529 608 565 823
382 393 376 150 215 64 466 324 19 700 359 267
383 181 380 0 283 390 397 368 395 104 104 150
384 182 384 60 380 65 377 344 157 719 157 489
385 60 182 104 320 351 419 367 16 45 335 322
386 17 73 268 106 117 211 308 16 222 17 248
387 384 295 380 200 498 65 543 292 206 751 206
388 160 181 378 491 167 917 970 820 533 84 549
389 389 390 13 129 290 620 86 458 397 377 393
390 268 73 560 1 549 68 301 930 236 963 237
391 379 181 628 628 379 391 376 377 94 350 681
392 103 296 473 93 32 35 169 896 303 610 57
393 397 380 65 371 641 946 641 541 420 19 957
394 160 454 106 80 222 215 459 226 105 296 397
395 393 342 346 51 280 42 128 36 48 847 113
396 377 128 44 324 266 525 232 1000 206 65 498
397 380 379 150 741 179 388 321 579 216 592 321
398 379 381 377 157 344 262 62 233 239 63 564
399 129 548 62 377 150 191 907 342 726 160 717
400 411 263 76 76 976 976 919 40 442 263 62
401 533 18 280 473 642 121 28 256 291 290 198
402 148 180 153 301 159 460 419 848 445 139 322
403 813 623 813 172 107 489 229 198 290 329 473
404 212 462 211 364 211 54 481 271 13 21 287
405 308 438 900 953 301 13 35 38 443 427 254
406 506 699 525 86 234 240 210 290 495 296 283
407 93 171 13 730 211 214 60 378 182 389 252
408 520 520 58 880 160 63 371 226 160 143 172
409 28 419 497 440 275 426 426 572 822 900 822
410 356 142 820 301 504 441 12 452 265 529 496
411 728 885 106 259 260 10 405 83 372 82 82
412 859 845 481 698 55 4 2 13 303 255 300
413 450 420 541 209 82 58 63 44 142 280 292
414 603 414 697 697 415 414 414 479 177 113 96
415 697 415 852 852 206 149 344 157 301 214 593
416 327 945 325 65 870 65 413 129 714 373 166
417 136 251 339 482 165 753 261 443 48 36 114
418 107 3 3 473 46 82 567 567 290 114 155
419 180 433 162 50 48 48 925 114 234 121 19
420 29 361 25 533 171 470 655 513 173 99 5
421 459 215 227 87 269 333 518 183 302 238 758
422 166 314 317 389 397 296 42 298 184 184 106
423 444 455 211 63 281 16 642 16 543 494 209
424 474 81 932 106 268 340 329 114 184 747 121
425 426 6 134 84 71 217 162 237 242 963 931
426 403 542 129 188 129 282 357 671 249 160 362
427 249 546 249 5 411 408 6 59 886 812 193
428 15 125 124 354 185 353 354 97 354 185 125
429 424 82 154 495 60 167 196 143 10 535 173
430 856 121 199 338 336 160 362 486 155 154 105
431 217 521 598 340 134 553 482 301 225 221 405
432 121 129 169 165 455 370 135 443 165 362 15
433 405 438 136 165 329 121 285 54 304 809 826
434 813 280 493 105 492 186 162 45 812 285 138
435 316 218 314 363 128 557 917 970 820 908 196
436 438 135 23 251 914 338 123 275 413 526 399
437 27 36 127 227 695 695 147 155 209 209 16
438 38 47 76 981 245 424 478 543 523 14 562
439 338 424 196 917 206 94 533 35 32 261 31
440 64 68 400 400 133 403 168 822 53 157 368
441 62 20 22 301 89 925 455 24 34 32 32
442 417 361 361 367 116 655 301 285 304 971 723
443 414 645 697 156 344 381 387 392 588 545 24
444 113 424 282 115 820 114 280 42 492 518 371
445 301 321 560 27 437 165 434 115 404 16 375
446 139 139 137 175 685 54 132 285 211 106 495
447 334 164 592 933 139 139 269 322 13 576 329
448 107 114 215 60 395 385 103 376 654 355 170
449 414 443 366 305 489 229 23 546 58 209 909
450 212 612 474 186 283 58 546 397 379 6 79
451 265 823 12 161 141 12 14 93 971 9 213
452 161 11 362 183 520 520 520 832 412 859 434
453 255 83 430 4 55 638 356 160 270 426 457
454 82 263 76 245 485 443 115 436 437 75 437
455 976 527 318 283 234 159 460 170 35 486 160
456 64 523 172 486 426 114 133 82 46 434 220
457 285 142 856 331 223 74 120 218 313 226 370
458 493 166 573 19 513 642 419 526 568 82 546
459 0 226 221 313 17 474 478 176 292 486 129
460 183 271 88 411 375 28 142 820 47 482 218
461 140 446 160 8 62 19 674 504 7 406 503
462 561 462 121 30 129 333 41 197 199 174 3
463 462 408 571 408 571 252 56 54 949 481 599
464 133 42 166 474 186 186 856 366 62 4 625
465 53 18 0 268 301 93 813 585 585 544 212
466 324 666 324 971 778 971 457 401 130 180 433
467 20 327 945 945 409 325 96 46 446 45 838
468 167 197 918 776 14 280 114 155 183 278 351
469 329 896 28 363 16 105 393 433 434 258 476
470 986 411 3 107 58 921 285 412 615 828 142
471 170 136 361 981 47 847 437 336 133 426 413
472 255 371 212 58 211 286 138 420 402 262 344
473 418 107 281 54 132 211 738 56 4 56 3
474 859 990 408 826 685 826 58 305 252 740 971
475 300 371 549 81 638 564 2 64 389 387 250
476 375 679 187 283 371 82 158 159 242 236 209
477 329 560 84 433 393 333 474 87 820 42 188
478 328 514 329 514 66 984 153 494 107 69 87
479 381 377 390 60 388 181 231 292 543 424 304
480 86 261 437 27 409 515 813 450 167 655 482
481 305 604 546 23 249 54 552 373 243 42 58
482 340 848 340 342 201 160 285 408 208 114 363
483 41 123 37 33 13 336 133 44 649 441 546
484 13 156 321 232 51 141 488 529 362 15 424
485 317 248 696 222 420 325 326 155 333 249 932
486 35 367 28 63 194 55 58 158 158 930 963
487 805 358 213 8 265 570 267 466 754 804 466
488 362 533 23 96 101 125 166 269 269 84 229
489 405 115 171 444 113 423 171 655 980 64 395
490 546 44 441 360 44 486 65 874 401 493 563
491 378 379 16 196 128 388 390 308 396 395 296
492 48 492 612 726 342 346 206 291 464 424 183
493 464 339 29 21 166 576 166 12 452 501 232
494 210 84 83 283 234 533 154 269 933 322 139
495 424 15 322 794 335 140 64 211 365 7 502
496 506 503 213 573 12 700 525 498 264 358 510
497 424 18 120 380 391 389 521 598 553 134 366
498 267 466 374 502 452 9 558 213 182 395 368
499 566 499 699 525 529 141 232 284 160 562 285
500 501 569 11 496 922 280 114 892 314 365 256
501 176 238 64 325 340 459 86 932 249 301 45
502 359 672 430 8 11 608 441 266 141 306 723
503 498 8 441 249 7 161 452 700 441 84 510
504 510 8 466 160 113 486 263 256 493 160 319
505 358 525 9 498 238 89 58 285 990 408 192
506 211 44 81 490 410 183 229 434 245 423 847
507 513 19 420 526 813 275 440 499 141 64 164
508 184 183 329 116 263 486 232 294 291 257 291
509 678 184 314 165 212 431 71 152 492 121 41
510 506 238 244 158 233 288 371 128 106 21 486
511 411 506 247 358 7 511 7 707 213 823 565
512 512 366 58 412 6 486 278 121 393 546 80
513 490 107 434 417 442 417 93 563 484 129 290
514 971 251 361 151 409 316 341 316 215 66 389
515 381 157 344 178 177 229 28 87 62 747 189
516 517 5 516 102 743 517 516 305 131 532 520
517 6 126 812 174 284 284 149 64 466 53 403
518 351 161 44 856 498 447 62 405 263 142 143
519 519 222 187 256 490 371 249 63 55 520 812
520 21 13 53 397 632 397 296 351 5 106 353
521 554 62 314 764 483 142 560 474 186 533 441
522 523 829 203 342 820 644 489 210 183 854 252
523 134 5 191 214 593 907 262 148 349 156 179
524 72 21 671 253 227 227 226 107 210 254 393
525 406 499 141 166 107 180 644 166 380 391 393
526 403 537 232 156 232 103 390 387 485 113 28
527 114 168 167 95 60 377 872 307 696 18 62
528 392 368 61 381 295 394 947 181 283 0 74
529 533 187 671 107 41 115 820 974 593 14 47
530 246 765 293 360 549 371 209 11 209 546 212
531 437 115 30 39 339 34 34 151 409 357 328
532 286 520 285 89 412 243 820 160 147 329 147
533 171 13 329 255 419 64 128 79 13 483 61
534 440 159 249 105 420 291 458 83 642 107 356
535 134 482 521 598 340 473 201 133 83 153 493
536 83 58 832 194 166 127 160 458 450 409 581
537 411 498 197 205 128 30 438 23 113 438 436
538 777 419 106 183 209 319 160 240 158 160 347
539 380 0 5 283 226 365 421 409 346 105 114
540 549 326 13 445 581 533 58 963 244 301 93
541 140 5 207 201 143 143 480 39 560 21 327
542 450 107 690 21 518 256 351 106 46 269 269
543 294 526 426 183 245 338 914 165 753 860 330
544 494 190 311 424 526 257 377 177 562 654 66
545 25 437 860 251 443 437 337 301 307 18 146
546 58 814 58 137 365 21 259 519 85 317 218
547 171 261 438 987 339 33 40 31 96 31 186
548 459 759 121 478 543 82 543 494 70 107 173
549 550 19 161 249 12 264 65 206 280 526 399
550 187 183 252 269 447 139 124 45 211 16 269
551 663 189 420 118 300 145 20 400 160 23 417
552 131 859 845 408 138 990 859 58 288 295 392
553 86 936 290 130 290 143 172 231 316 187 1
554 62 131 55 685 252 832 58 81 141 142 366
555 324 666 367 116 753 169 169 365 440 249 231
556 556 330 74 188 533 97 768 434 89 411 116
557 205 198 31 427 212 508 299 418 189 188 508
558 856 555 7 569 569 12 494 366 312 314 300
559 142 340 28 303 303 21 365 179 320 616 533
560 84 467 434 229 494 222 495 60 495 60 103
561 462 254 17 177 61 519 435 65 574 65 714
562 533 529 11 5 464 450 623 86 19 268 300
563 584 272 422 129 562 497 491 377 907 593 776
564 356 638 158 599 209 365 329 478 325 5 445
565 804 565 754 11 362 498 73 116 470 75 96
566 573 86 377 203 128 892 367 420 11 90 478
567 290 256 115 17 215 20 520 845 859 971 114
568 562 533 326 107 474 434 184 69 260 325 65
569 569 451 566 421 481 481 13 325 409 409 39
570 823 674 661 856 833 365 365 82 84 715 20
571 288 83 186 474 186 363 495 215 23 87 543
572 434 490 165 914 816 437 436 438 74 1 537
573 19 513 269 46 495 21 74 460 440 206 751
574 65 357 91 357 81 467 509 81 663 160 237
575 351 95 342 122 122 191 857 166 559 166 474
576 93 443 251 30 169 301 132 249 642 642 419
577 333 283 62 338 114 107 115 987 116 118 117
578 577 363 208 54 57 286 3 57 3 193 832
579 929 933 89 552 160 58 88 183 21 274 46
580 580 580 580 580 580 580 580 580 580 580 580
581 13 21 409 515 89 63 921 138 990 59 63
582 549 288 296 473 855 299 418 508 189 536 546
583 521 217 433 405 424 196 820 593 201 121 278
584 563 484 168 486 286 329 363 115 256 492 152
585 585 600 585 544 129 41 546 970 51 65 366
586 59 56 160 27 62 296 249 231 440 533 359
587 58 518 11 466 11 91 478 434 168 493 405
588 36 37 338 252 427 119 470 96 867 96 242
589 83 128 168 35 27 997 24 64 527 318 5
590 299 509 212 68 173 405 166 559 559 559 258
591 160 906 513 518 212 210 255 121 118 667 160
592 46 107 568 168 114 256 14 430 360 360 11
593 936 563 822 290 107 834 107 184 301 226 85
594 283 187 363 114 255 255 255 434 107 441 360
595 52 146 52 61 250 379 383 157 179 381 150
596 218 307 314 301 268 934 549 818 62 708 404
597 546 77 581 310 62 30 339 361 533 97 404
598 521 615 427 473 545 93 545 588 494 90 64
599 931 5 171 261 437 75 253 249 642 16 210
600 129 13 12 498 526 419 154 107 404 950 427
601 494 328 478 113 473 412 102 100 371 161 371
602 238 243 87 552 305 845 209 166 441 333 113
603 414 449 414 370 39 31 24 96 329 356 366
604 211 96 76 444 47 172 655 438 26 34 590
605 851 851 352 65 64 16 169 283 390 384 105
606 495 188 667 161 129 123 169 548 160 730 231
607 249 173 340 226 371 494 160 79 116 113 26
608 267 466 265 213 707 913 358 602 602 529 525
609 24 27 82 199 42 169 24 29 24 411 57
610 235 238 587 4 803 63 832 160 12 638 210
611 292 176 515 129 294 65 870 401 600 588 25
612 84 487 452 43 407 498 86 2 880 308 160
613 127 169 533 590 26 971 401 664 664 401 107
614 756 106 357 480 211 103 14 486 303 5 21
615 393 180 278 183 531 340 367 434 153 50 153
616 320 157 880 921 880 308 218 313 218 513 271
617 140 282 230 283 44 246 504 430 971 488 496
618 618 124 125 935 353 183 155 22 686 531 165
619 613 756 106 107 427 422 154 83 101 353 770
620 290 108 183 308 17 1 106 726 106 280 294
621 781 52 595 52 61 182 499 504 141 141 12
622 238 210 142 665 412 698 55 194 208 126 300
623 313 74 308 83 812 215 227 87 296 157 157
624 651 597 301 621 518 86 82 158 158 926 64
625 252 131 58 303 423 263 361 438 35 26 251
626 87 210 234 283 693 82 145 121 15 334 164
627 549 550 306 51 204 204 218 85 537 411 816
628 389 181 162 321 396 320 213 529 506 87 210
629 316 377 292 377 342 851 352 201 18 223 74
630 303 236 237 107 179 280 420 137 13 949 131
631 631 209 128 52 820 200 51 160 429 322 13
632 376 376 387 388 61 181 133 82 474 269 16
633 633 633 633 633 633 633 633 633 633 633 633
634 635 285 271 738 211 194 815 208 930 301 211
635 208 809 131 57 64 840 168 172 424 160 104
636 211 5 195 59 160 135 136 136 169 41 62
637 637 233 158 137 88 129 576 82 752 82 486
638 355 142 560 363 188 508 86 377 839 191 149
639 234 927 241 236 107 509 509 400 678 400 728
640 185 99 107 303 355 183 210 638 640 98 768
641 282 234 241 440 61 103 215 188 533 326 306
642 121 234 639 638 640 185 101 125 15 209 242
643 162 186 62 163 459 44 754 84 594 283 388
644 644 489 256 462 430 498 205 128 378 378 103
645 156 191 681 682 681 214 178 381 320 349 347
646 131 96 23 35 160 57 880 80 142 85 317
647 21 409 81 215 81 301 140 174 62 434 65
648 648 648 648 648 648 648 648 648 648 648 648
649 729 971 196 199 207 201 918 95 51 593 95
650 215 159 242 96 481 271 126 55 2 57 411
651 546 970 820 199 105 69 80 253 459 362 105
652 419 91 306 5 141 9 823 264 359 360 451
653 653 653 653 653 653 653 653 653 653 653 653
654 24 96 367 35 282 559 142 404 282 210 83
655 114 28 133 337 135 23 166 493 694 255 170
656 231 74 438 23 96 164 424 78 82 163 518
657 269 166 0 6 281 13 949 281 3 412 137
658 658 658 658 658 658 658 658 658 658 658 658
659 659 377 177 218 222 189 747 513 507 314 62
660 660 660 660 660 660 660 660 660 660 660 660
661 420 211 405 143 196 917 557 518 121 393 320
662 323 354 124 838 124 142 355 329 638 158 639
663 460 663 508 533 169 4 803 194 195 738 286
664 694 706 373 92 457 232 167 593 41 203 129
665 175 3 249 41 215 756 459 74 67 533 434
666 566 441 160 641 160 747 473 582 508 710 272
667 465 809 174 164 395 385 103 160 329 329 245
668 157 320 104 288 756 106 641 641 163 142 223
669 669 930 243 237 238 176 423 176 478 469 474
670 670 670 670 670 670 670 670 670 670 670 670
671 356 638 124 424 174 195 411 949 949 481 698
672 249 255 453 115 232 277 167 434 81 400 69
673 673 495 367 283 58 826 2 812 126 286 481
674 558 213 332 707 602 213 823 558 359 9 569
675 675 675 675 675 675 675 675 675 675 675 675
676 322 272 15 579 592 273 812 950 113 494 283
677 434 647 685 54 665 63 129 418 187 74 74
678 68 184 627 971 893 971 307 177 215 341 218
679 68 300 226 14 65 65 818 86 326 20 21
680 380 120 377 181 14 79 79 290 294 526 14
681 345 157 128 557 201 280 170 490 377 172 207
682 511 411 131 160 210 132 242 240 158 243 105
683 131 604 458 450 128 51 261 96 881 96 86
684 684 684 684 684 684 684 684 684 684 684 684
685 859 3 160 371 404 424 31 162 482 218 872
686 86 90 86 377 280 183 29 420 81 83 820
687 185 687 404 254 665 142 283 363 364 363 560
688 543 543 294 301 209 301 337 170 979 316 629
689 543 424 139 933 929 335 140 322 446 429 45
690 400 160 166 513 303 355 211 45 46 274 139
691 691 691 691 691 691 691 691 691 691 691 691
692 130 278 183 545 40 417 443 444 171 64 11
693 121 594 82 747 160 147 87 812 272 183 281
694 484 64 730 160 611 270 129 168 167 468 160
695 365 184 189 690 189 420 820 486 183 184 142
696 297 341 389 486 106 300 101 65 325 409 33
697 414 443 414 449 414 443 26 437 38 443 370
698 285 160 666 951 359 707 213 9 498 967 913
699 525 573 9 421 448 269 274 549 627 707 525
700 957 569 430 19 569 12 183 211 329 83 101
701 462 58 366 662 62 206 206 588 35 953 816
702 107 429 334 429 446 166 441 44 63 809 519
703 703 703 703 703 703 703 703 703 703 703 703
704 704 107 91 90 474 110 121 186 162 81 4
705 183 53 403 473 489 21 885 728 411 193 57
706 563 822 908 41 129 546 58 434 550 106 537
707 499 332 720 707 267 700 264 266 324 466 231
708 86 96 304 599 208 564 564 340 459 223 177
709 353 708 107 96 369 88 183 218 219 483 493
710 189 67 533 106 353 86 68 287 299 968 184
711 711 711 711 711 711 711 711 711 711 711 711
712 255 282 80 286 411 511 64 323 708 100 640
713 69 356 424 210 240 373 481 58 174 282 726
714 62 290 13 129 283 380 440 493 282 139 15
715 69 434 515 290 211 355 254 252 159 240 236
716 5 374 7 765 912 765 707 809 304 96 107
717 160 356 478 424 151 116 93 940 93 563 82
718 305 194 533 172 515 89 238 2 57 2 195
719 157 345 191 348 342 511 346 820 42 243 211
720 213 473 249 531 932 106 473 46 269 16 80
721 721 28 306 538 326 326 92 80 114 154 419
722 278 157 386 379 157 851 157 296 610 59 96
723 723 777 259 508 259 818 301 502 661 506 856
724 160 394 53 537 178 350 178 656 176 501 406
725 318 40 339 40 32 30 129 116 34 37 545
726 85 307 971 740 971 695 20 560 775 560 358
727 483 820 282 441 729 649 452 971 416 173 92
728 5 809 59 826 832 58 183 518 371 371 100
729 44 401 457 232 177 146 146 533 441 366 662
730 5 64 223 105 258 132 243 159 242 238 236
731 731 731 731 731 731 731 731 731 731 731 731
732 732 732 732 732 732 732 732 732 732 732 732
733 923 733 327 328 494 68 679 137 21 820 133
734 169 80 69 107 255 63 932 249 243 239 63
735 269 210 290 426 572 493 278 249 355 166 283
736 160 103 389 103 397 150 473 184 129 922 856
737 271 86 90 90 478 112 373 563 584 86 92
738 412 809 465 809 304 971 9 19 513 74 400
739 495 367 333 83 70 433 152 404 373 112 373
740 82 401 401 365 180 166 223 756 311 72 20
741 103 61 440 434 300 126 63 128 203 105 288
742 742 546 742 546 508 69 87 82 438 114 211
743 517 516 5 990 59 63 55 949 56 96 427
744 744 744 744 744 744 744 744 744 744 744 744
745 74 495 87 820 100 142 356 249 533 515 458
746 746 746 746 746 746 746 746 746 746 746 746
747 106 589 107 589 424 464 211 131 738 303 285
748 256 3 272 140 139 269 371 99 64 820 333
749 167 483 13 339 438 531 363 186 254 651 624
750 88 58 498 293 293 365 114 367 116 443 925
751 128 667 189 460 537 403 473 581 872 377 468
752 84 174 140 174 137 809 57 195 59 5 232
753 548 249 17 518 621 278 345 346 214 157 182
754 510 141 506 971 777 173 494 141 729 358 105
755 211 44 249 462 586 412 4 685 665 58 86
756 118 116 438 151 424 160 509 10 44 473 166
757 577 578 577 283 932 212 427 162 321 697 645
758 405 856 555 82 23 333 492 678 747 142 222
759 459 295 560 229 31 36 86 233 434 495 360
760 15 174 208 329 576 494 932 82 385 389 377
761 393 473 116 160 393 153 282 191 231 457 409
762 516 305 483 351 178 629 177 113 47 482 48
763 5 900 170 490 249 490 607 243 373 280 486
764 314 340 367 337 160 290 62 78 405 896 28
765 430 128 79 165 251 96 170 6 57 481 305
766 134 366 109 62 183 900 169 210 434 42 23
767 13 327 733 538 306 5 35 473 213 496 560
768 371 549 459 21 690 222 222 74 226 223 218
769 62 361 547 547 133 113 950 74 549 221 129
770 353 183 137 679 549 316 560 607 533 408 4
771 489 2 285 812 102 98 185 533 164 160 91
772 772 772 772 772 772 772 772 772 772 772 772
773 405 105 771 489 365 223 226 228 309 222 81
774 285 62 18 852 206 1000 14 181 383 383 295
775 560 459 107 258 357 480 418 190 160 19 525
776 820 83 141 293 504 533 121 654 820 51 114
777 498 447 579 13 56 211 464 455 39 116 434
778 549 779 820 546 62 78 107 174 140 166 282
779 146 615 492 165 133 44 51 198 329 113 38
780 84 121 462 58 211 698 211 238 243 237 62
781 52 301 393 249 243 240 209 183 155 137 815
782 526 257 526 172 181 381 178 53 486 430 533
783 424 100 434 474 38 115 820 51 109 62 216
784 411 469 91 329 371 249 231 172 526 168 440
785 545 28 23 460 225 74 297 86 601 859 366
786 160 339 818 62 708 82 50 643 963 159 963
787 21 74 745 189 726 85 218 183 705 401 129
788 717 106 256 434 249 546 82 767 473 509 671
789 352 377 155 183 400 11 106 419 329 367 361
790 544 84 62 292 377 947 295 459 473 411 604
791 65 366 230 898 481 57 174 363 16 269 84
792 121 168 403 971 467 86 506 64 102 3 286
793 613 163 145 142 4 4 845 183 450 211 137
794 322 933 269 107 54 412 243 233 239 3 183
795 417 133 168 900 170 875 170 251 340 329 10
796 353 160 61 104 288 19 366 690 21 400 96
797 18 167 94 820 93 482 165 107 166 194 408
798 798 798 798 798 798 798 798 798 798 798 798
799 166 424 139 160 282 234 242 242 121 792 121
800 409 69 184 80 69 299 6 685 55 107 206
801 820 282 58 155 533 371 210 932 531 405 274
802 802 172 128 378 321 301 115 116 548 46 142
803 193 408 192 5 375 367 666 267 267 266 358
804 466 720 266 440 497 562 498 51 256 492 48
805 358 65 160 429 933 269 82 427 261 115 355
806 809 211 183 480 20 260 10 21 13 172 207
807 303 13 476 108 160 319 160 139 581 5 100
808 808 808 808 808 808 808 808 808 808 808 808
809 738 57 160 431 105 147 142 145 212 105 145
810 222 1 250 182 719 121 203 776 377 203 776
811 340 521 583 521 598 553 521 86 92 65 998
812 285 738 552 571 6 349 344 191 907 191 420
813 275 479 275 835 789 352 347 307 301 404 84
814 52 52 232 292 176 417 434 121 242 210 107
815 80 174 564 338 96 728 260 259 21 187 21
816 491 453 212 329 20 160 25 13 413 200 95
817 543 294 425 457 401 426 572 484 64 455 464
818 86 196 41 152 153 301 249 303 859 271 54
819 461 46 16 63 44 546 233 234 828 896 375
820 121 594 372 115 513 615 106 282 533 265 525
821 163 612 211 243 931 210 240 373 714 65 493
822 563 493 221 493 294 291 290 183 714 172 424
823 707 19 268 1 316 255 610 694 484 64 166
824 191 231 526 128 210 3 195 59 3 990 826
825 923 825 306 373 82 464 494 593 41 21 363
826 586 211 194 57 4 6 134 62 548 1 549
827 506 462 5 455 171 93 576 93 337 170 282
828 356 434 159 243 64 168 789 458 285 86 205
829 290 843 290 584 290 533 435 519 518 366 44
830 452 264 452 420 78 581 308 74 312 256 306
831 258 421 393 71 433 217 521 86 82 105 127
832 859 849 155 209 249 28 116 135 338 16 81
833 62 28 419 106 614 613 614 756 459 537 316
834 107 283 209 286 408 192 4 2 899 2 55
835 65 714 121 329 147 366 180 212 211 586 211
836 332 699 971 430 7 674 7 672 506 462 121
837 837 107 113 169 211 252 87 128 474 62 35
838 124 124 513 906 546 427 932 295 384 182 283
839 191 284 277 284 149 420 60 250 84 493 791
840 526 257 425 121 324 43 406 332 421 434 34
841 397 182 389 61 283 3 166 187 329 113 36
842 211 15 272 428 579 428 273 83 106 82 158
843 290 143 357 329 405 892 290 329 473 81 713
844 971 699 504 8 498 407 249 301 655 151 370
845 303 571 281 305 16 183 509 540 184 434 417
846 605 797 18 419 434 152 154 393 60 390 250
847 443 339 361 151 32 33 590 438 588 37 123
848 445 77 539 531 445 518 58 13 164 64 244
849 252 159 460 159 301 216 254 932 252 854 174
850 546 546 187 329 306 28 375 318 423 47 40
851 352 342 350 352 206 168 206 128 115 812 209
852 206 201 283 363 577 142 820 159 11 502 406
853 82 353 98 99 434 14 797 342 173 340 211
854 420 494 93 205 199 278 199 280 450 275 226
855 299 81 129 14 141 81 287 299 80 92 513
856 282 183 343 278 495 203 377 172 64 66 91
857 301 209 13 171 409 27 39 339 75 427 121
858 306 509 972 509 253 227 377 396 377 546 211
859 137 635 286 249 187 62 418 189 17 872 232
860 169 16 249 82 74 366 306 426 425 257 450
861 350 178 61 60 177 220 90 328 327 107 28
862 777 733 327 141 14 206 280 263 256 705 256
863 57 604 131 160 308 494 39 40 438 123 129
864 411 859 411 89 845 252 46 269 473 371 255
865 2 59 698 138 211 809 806 809 5 82 454
866 80 106 283 144 433 152 128 495 256 552 195
867 411 282 69 189 312 228 342 533 40 318 318
868 320 947 60 393 145 82 739 569 569 558 856
869 179 296 395 121 492 510 9 332 506 86 318
870 425 4 564 4 59 971 570 661 267 666 661
871 231 122 150 397 368 0 283 103 368 896 21
872 232 206 346 105 158 599 304 302 285 302 183
873 425 513 170 170 145 405 340 107 62 418 508
874 425 257 401 533 457 172 205 51 306 612 859
875 170 13 840 440 434 200 128 179 160 786 407
876 564 304 564 81 225 81 518 546 509 107 400
877 533 360 533 441 573 573 358 407 856 355 82
878 35 128 355 424 274 272 592 929 140 83 269
879 242 533 525 700 299 299 700 707 19 420 269
880 63 211 211 210 13 489 21 189 67 74 460
881 96 24 24 367 96 866 96 263 142 356 303
882 160 82 337 31 30 336 883 165 33 35 878
883 32 367 340 419 434 677 434 856 44 401 399
884 412 56 826 832 1001 2 809 137 211 271 285
885 21 306 733 733 923 723 723 825 306 86 510
886 3 880 286 486 357 375 494 395 60 395 157
887 92 480 282 596 366 19 184 190 184 142 88
888 412 845 89 158 319 209 238 89 259 297 248
889 405 543 105 453 42 209 96 100 300 107 127
890 890 121 441 546 2 412 685 481 83 211 64
891 892 226 696 297 905 177 905 74 173 96 76
892 828 896 2 286 411 988 24 367 105 74 950
893 466 452 856 558 529 166 434 199 338 256 121
894 327 13 13 168 611 160 397 122 656 344 814
895 333 925 976 847 423 176 656 178 629 316 420
896 355 472 471 255 137 408 211 338 31 438 40
897 263 411 988 24 997 27 28 229 48 113 473
898 898 230 533 264 569 452 9 44 121 649 649
899 2 281 718 5 183 303 859 281 137 303 183
900 953 699 953 301 168 276 295 486 155 150 149
901 137 208 552 58 950 145 163 533 82 356 62
902 5 236 963 546 211 210 363 17 441 282 375
903 262 814 262 122 179 741 150 148 402 420 78
904 321 592 429 274 273 592 933 933 139 428 448
905 297 13 121 151 424 483 13 19 293 856 121
906 533 335 461 447 799 189 690 549 104 320 390
907 180 87 160 310 221 537 307 537 222 312 85
908 918 196 143 18 182 296 288 83 404 234 209
909 183 270 280 95 201 352 201 41 115 160 353
910 65 178 200 198 200 498 266 267 570 161 87
911 189 467 222 249 256 133 568 493 93 443 76
912 526 290 620 290 494 458 604 57 286 2 3
913 44 546 490 460 473 249 170 105 506 362 283
914 987 411 305 58 13 820 749 776 130 290 366
915 38 590 299 81 303 89 408 130 621 277 377
916 414 697 645 191 824 191 350 593 142 405 221
917 974 593 494 504 967 525 238 176 381 182 392
918 494 662 86 263 263 333 652 478 113 220 47
919 919 40 135 135 13 624 491 163 105 64 395
920 230 283 758 758 316 468 172 168 172 30 84
921 285 5 218 313 73 215 313 268 84 399 543
922 205 483 142 494 280 430 86 128 114 137 880
923 326 538 733 538 723 92 173 342 139 129 139
924 88 809 519 607 421 765 430 7 700 441 362
925 113 40 590 35 438 444 971 29 21 17 467
926 237 240 243 236 303 121 132 366 518 173 254
927 158 58 87 222 82 150 377 593 572 493 413
928 211 845 4 434 105 77 166 430 11 360 141
929 929 933 929 579 592 933 956 933 269 333 366
930 926 963 235 234 404 185 800 287 81 518 559
931 301 926 159 58 234 235 360 371 125 99 98
932 340 169 434 404 354 100 5 302 438 330 223
933 46 254 121 338 409 409 390 268 106 249 459
934 268 1 979 1 106 495 526 840 526 290 145
935 936 572 5 379 164 446 46 434 677 434 10
936 167 199 218 218 166 114 107 492 64 149 157
937 404 373 106 28 82 752 82 184 256 367 261
938 611 464 93 168 231 377 60 379 368 14 339
939 572 563 93 128 80 480 356 362 6 183 160
940 93 27 165 116 816 96 236 46 252 494 484
941 189 69 509 551 303 59 971 59 3 601 160
942 95 64 177 215 296 277 377 316 519 519 259
943 295 62 371 434 478 514 328 328 331 74 215
944 748 107 531 212 42 298 42 249 253 259 127
945 409 371 434 256 115 900 169 136 96 263 86
946 641 106 290 301 222 189 667 549 661 856 44
947 321 179 394 53 128 16 269 62 263 142 236
948 381 380 101 101 419 329 13 184 508 189 509
949 252 59 880 424 183 493 473 411 408 2 102
950 651 506 651 434 493 107 748 283 187 518 615
951 360 105 422 87 160 820 123 681 851 342 17
952 28 306 509 671 589 212 107 80 253 249 365
953 28 892 300 64 417 361 48 560 459 616 533
954 87 145 81 478 143 108 190 494 690 160 410
955 955 94 908 204 918 232 263 338 337 6 377
956 426 270 486 106 726 107 65 568 526 128 278
957 9 661 661 510 674 661 264 65 307 301 278
958 509 678 274 46 96 235 209 541 181 104 283
959 377 390 250 174 209 543 688 543 16 45 933
960 377 959 377 947 295 393 424 106 11 359 700
961 377 776 391 320 65 264 804 232 232 501 504
962 958 509 747 184 142 333 162 237 424 256 114
963 243 859 2 899 2 54 131 455 981 443 165
964 29 971 2 194 587 832 63 162 79 539 79
965 936 563 572 563 563 493 424 114 211 286 58
966 21 325 96 251 437 455 263 114 81 87 64
967 44 42 255 107 489 82 441 324 65 320 868
968 299 287 549 877 549 69 508 184 162 404 45
969 509 253 459 759 121 58 431 50 654 26 30
970 128 667 189 287 298 246 141 431 431 431 50
971 325 69 663 460 679 69 409 581 445 160 216
972 509 190 473 114 254 269 87 252 654 252 288
973 971 457 172 426 130 180 148 0 297 17 518
974 820 908 278 13 413 840 275 458 789 93 169
975 971 251 172 351 321 395 250 150 155 393 421
976 411 323 3 412 54 698 949 13 520 635 63
977 242 236 142 494 83 536 83 162 643 49 49
978 165 121 255 106 756 225 225 86 65 324 754
979 106 268 160 188 282 268 74 222 188 459 253
980 261 470 96 455 318 115 212 509 551 671 106
981 411 976 411 123 900 13 171 165 914 113 107
982 137 62 163 643 290 357 91 64 223 655 280
983 113 981 113 33 34 54 803 767 13 474 494
984 333 245 486 184 121 820 200 167 13 10 777
985 376 869 182 388 128 464 114 333 76 75 655
986 470 86 531 932 859 160 466 160 859 63 89
987 900 13 339 417 76 113 486 114 81 356 486
988 411 986 411 511 511 651 428 409 306 306 121
989 91 11 530 161 419 490 254 106 311 215 41
990 194 685 408 552 195 826 56 520 286 859 932
991 812 990 305 271 281 62 180 421 430 8 856
992 992 992 129 254 932 163 546 83 233 238 241
993 408 993 408 2 665 2 137 137 58 597 546
994 6 327 259 259 400 74 438 308 320 393 150
995 712 255 472 355 211 419 300 371 132 192 2
996 12 638 126 552 126 174 379 392 296 277 296
997 27 251 251 86 210 269 236 434 28 151 367
998 65 290 426 114 168 491 163 613 756 215 1
999 145 20 81 362 434 647 435 163 212 107 769
1000 292 950 707 265 266 525 238 13 474 427 339
1001 803 195 305 528 528 392 377 129 88 924 88
1002 560 1 1 268 19 957 951 44 11 611 66
1003 258 22 21 17 221 283 308 74 498 160 314
1004 55 949 880 4 89 63 552 411 460 80 431
0 238 700 720 699
1 232 457 231 537
2 612 17 405 121
3 932 282 478 329
4 256 271 304 54
5 283 166 139 342
6 191 214 280 292
7 161 452 573 498
8 504 501 430 5
9 529 533 185 404
10 326 733 825 733
11 466 231 65 206
12 247 12 183 62
13 520 3 845 921
14 486 183 201 197
15 541 155 183 366
16 362 105 83 173
17 393 950 113 473
18 424 303 242 243
19 265 823 213 700
20 28 952 710 188
21 434 229 165 160
22 258 932 252 244
23 41 212 393 386
24 609 333 152 249
25 361 367 165 251
26 28 952 540 549
27 370 443 171 13
28 486 278 789 278
29 409 10 36 36
30 160 492 518 559
31 35 409 207 917
32 654 252 685 412
33 39 455 981 245
34 35 473 108 509
35 51 133 25 545
36 10 173 153 82
37 40 547 113 950
38 417 171 533 189
39 560 329 375 477
40 34 36 29 229
41 751 167 526 44
42 343 157 719 393
43 569 674 141 951
44 805 44 7 5
45 211 845 412 4
46 46 106 147 249
47 417 176 181 388
48 113 83 373 184
49 83 160 539 77
50 612 153 211 62
51 917 908 124 98
52 786 52 781 537
53 183 714 93 280
54 411 64 87 132
55 411 209 977 209
56 174 15 592 100
57 949 411 333 318
58 597 932 129 346
59 619 89 434 495
60 377 390 394 14
61 434 252 209 365
62 820 955 197 820
63 183 137 82 187
64 300 42 23 932
65 425 403 53 486
66 389 394 182 391
67 146 601 107 166
68 69 424 15 15
69 86 128 11 441
70 107 170 188 971
71 432 71 50 217
72 259 509 420 137
73 221 222 82 552
74 142 10 121 249
75 372 107 478 83
76 423 417 160 108
77 546 453 42 560
78 482 450 534 450
79 811 77 254 152
80 299 171 116 438
81 44 114 640 64
82 376 296 129 294
83 393 104 295 376
84 513 183 854 285
85 758 223 177 64
86 326 932 153 82
87 256 86 563 93
88 369 630 630 303
89 56 55 6 481
90 328 327 325 945
91 306 86 35 165
92 72 92 80 137
93 14 430 565 9
94 64 99 124 300
95 942 95 204 203
96 339 417 48 212
97 125 937 64 511
98 404 17 434 651
99 98 62 154 424
100 96 329 38 30
101 65 791 623 129
102 100 62 393 390
103 377 403 493 572
104 181 383 377 295
105 83 282 404 160
106 226 121 290 64
107 183 280 409 108
108 477 108 494 142
109 366 152 92 678
110 84 474 81 405
111 258 87 365 495
112 469 211 256 474
113 96 438 261 133
114 155 351 1 250
115 442 36 301 211
116 152 153 155 518
117 121 78 93 493
118 409 278 908 395
119 165 434 100 404
120 0 17 212 152
121 186 363 154 173
122 191 348 342 103
123 820 16 379 160
124 662 371 405 114
125 15 128 5 218
126 285 13 304 256
127 20 536 184 299
128 218 199 121 81
129 107 327 473 537
130 65 324 65 435
131 208 4 405 278
132 371 125 618 820
133 172 285 408 63
134 6 64 98 768
135 93 458 13 497
136 361 107 589 283
137 20 222 86 42
138 408 96 23 964
139 76 119 165 86
140 46 114 249 131
141 246 7 700 441
142 356 896 114 932
143 325 21 121 654
144 615 546 474 301
145 160 67 108 160
146 81 21 5 53
147 473 121 642 473
148 149 149 6 89
149 349 156 342 191
150 368 375 111 474
151 263 76 76 245
152 160 8 107 222
153 50 431 166 84
154 106 473 473 147
155 284 292 62 27
156 179 191 284 6
157 283 321 396 321
158 235 96 304 87
159 820 51 133 5
160 184 971 823 971
161 555 409 326 326
162 217 70 71 162
163 333 41 115 513
164 45 838 124 618
165 753 860 338 199
166 28 270 160 169
167 201 169 367 427
168 276 168 13 65
169 6 211 754 360
170 170 339 883 165
171 444 263 96 119
172 27 953 292 484
173 126 58 256 121
174 285 458 93 450
175 137 56 63 169
176 93 813 458 450
177 533 189 222 467
178 232 413 183 419
179 741 377 316 255
180 262 342 107 427
181 61 434 249 365
182 384 388 377 257
183 426 276 401 82
184 418 473 211 83
185 708 185 124 100
186 856 661 141 62
187 405 796 828 160
188 20 215 297 17
189 62 708 404 142
190 42 212 518 254
191 681 160 90 160
192 807 303 210 932
193 252 615 244 235
194 59 880 282 662
195 859 6 665 412
196 203 231 290 843
197 95 214 434 211
198 387 485 263 318
199 105 412 685 647
200 204 51 143 142
201 107 142 597 118
202 41 202 198 229
203 377 961 377 391
204 206 204 918 199
205 79 47 172 365
206 546 233 147 546
207 196 196 282 226
208 564 12 707 73
209 273 886 273 819
210 283 17 308 129
211 258 152 615 106
212 371 160 214 232
213 951 951 957 9
214 82 191 344 148
215 434 338 367 254
216 62 245 444 423
217 282 434 144 254
218 366 166 222 18
219 309 495 17 177
220 215 42 495 278
221 493 282 83 221
222 21 306 533 663
223 317 313 313 560
224 224 17 218 316
225 459 107 133 165
226 14 51 13 214
227 695 129 413 200
228 172 128 200 820
229 30 417 251 30
230 920 230 920 435
231 347 377 127 259
232 14 231 526 82
233 244 238 234 86
234 252 237 241 252
235 610 160 445 77
236 62 747 366 218
237 5 24 609 30
238 243 607 256 314
239 145 83 280 60
240 209 158 963 58
241 159 926 64 11
242 926 234 404 185
243 234 256 552 82
244 159 927 210 174
245 115 987 914 116
246 430 971 113 33
247 525 707 674 19
248 311 268 513 372
249 340 310 82 123
250 166 611 168 6
251 336 30 25 301
252 84 513 249 356
253 83 84 71 288
254 44 932 393 393
255 312 17 386 17
256 222 420 18 223
257 278 405 601 238
258 16 45 107 62
259 297 341 74 212
260 728 260 248 341
261 437 25 40 547
262 376 368 14 403
263 485 198 201 107
264 661 569 12 11
265 451 466 265 707
266 13 418 189 786
267 12 265 503 213
268 340 494 39 40
269 64 980 261 486
270 11 506 19 666
271 137 208 635 634
272 5 303 145 434
273 273 252 46 137
274 45 447 140 409
275 123 37 34 339
276 275 840 562 440
277 284 160 65 840
278 191 420 60 179
279 107 58 256 105
280 204 204 176 344
281 59 5 349 6
282 493 473 483 214
283 295 395 368 440
284 284 149 381 150
285 520 412 586 58
286 481 271 56 194
287 92 498 238 89
288 506 141 161 265
289 280 515 290 166
290 366 494 494 504
291 464 556 330 556
292 133 284 107 963
293 506 502 358 11
294 232 178 440 366
295 107 704 704 704
296 280 18 115 145
297 86 33 339 27
298 551 509 549 309
299 418 409 244 615
300 183 168 486 493
301 810 511 420 128
302 333 486 329 87
303 896 300 118 326
304 271 272 272 461
305 54 481 412 243
306 858 306 160 526
307 696 248 372 431
308 157 128 180 128
309 314 405 433 372
310 314 363 329 83
311 73 297 49 49
312 160 10 339 123
313 85 310 62 430
314 226 494 86 74
315 218 340 598 84
316 73 259 248 142
317 17 220 215 495
318 981 417 107 21
319 235 234 654 323
320 295 472 284 749
321 181 179 231 65
322 139 592 461 272
323 192 411 405 81
324 266 232 280 95
325 549 296 288 58
326 13 242 158 240
327 820 493 457 409
328 459 62 708 124
329 249 333 176 178
330 860 978 900 169
331 222 0 148 402
332 502 374 500 501
333 245 976 547 527
334 139 129 53 52
335 461 819 422 820
336 41 256 548 152
337 170 371 62 106
338 66 477 91 107
339 337 5 438 588
340 218 204 95 942
341 218 341 215 313
342 219 82 158 930
343 214 294 129 212
344 344 176 656 377
345 352 191 179 351
346 180 149 206 196
347 160 275 813 93
348 349 320 368 440
349 160 730 460 189
350 593 342 726 85
351 320 350 157 393
352 345 214 82 58
353 142 153 17 474
354 100 262 160 18
355 16 434 308 169
356 258 183 108 409
357 21 462 506 11
358 266 565 823 12
359 44 114 106 222
360 570 823 15 404
361 27 34 361 455
362 16 211 420 189
363 249 137 87 495
364 212 17 726 726
365 129 169 329 106
366 131 86 238 930
367 655 116 329 105
368 104 82 245 444
369 96 333 820 15
370 414 415 852 852
371 269 252 286 635
372 115 420 108 652
373 280 219 60 495
374 501 504 500 358
375 107 329 38 417
376 61 320 104 104
377 403 403 813 450
378 393 385 385 376
379 380 101 353 709
380 393 86 163 615
381 387 389 321 157
382 377 347 61 387
383 377 394 103 60
384 321 904 321 592
385 60 387 60 95
386 157 377 316 0
387 157 130 278 345
388 179 820 615 669
389 486 478 486 176
390 396 182 150 388
391 393 533 81 418
392 379 376 296 526
393 282 188 145 533
394 393 393 424 464
395 64 184 6 346
396 61 387 667 549
397 160 329 638 355
398 157 214 413 177
399 199 174 208 4
400 400 105 5 218
401 434 329 357 82
402 133 143 91 64
403 971 232 820 932
404 404 708 323 2
405 83 249 166 480
406 160 282 84 142
407 503 44 8 466
408 462 561 462 211
409 171 301 285 281
410 82 151 470 470
411 646 411 949 685
412 137 982 137 174
413 840 65 101 65
414 603 414 916 414
415 414 603 414 697
416 327 733 306 160
417 895 333 256 607
418 467 418 160 454
419 290 6 316 560
420 568 420 932 131
421 820 546 723 538
422 950 303 5 440
423 527 424 462 145
424 880 58 107 671
425 870 65 325 143
426 290 829 290 546
427 96 76 976 417
428 447 592 429 216
429 15 446 448 216
430 12 267 247 498
431 217 366 440 368
432 288 217 366 74
433 434 184 64 379
434 198 229 489 405
435 920 435 942 435
436 437 251 165 119
437 26 165 362 86
438 40 261 119 76
439 115 363 236 105
440 399 542 413 214
441 333 302 455 96
442 40 33 27 48
443 547 443 361 444
444 547 87 69 710
445 160 232 265 555
446 498 496 498 7
447 440 13 236 240
448 971 4 990 193
449 414 443 919 114
450 420 166 520 635
451 161 161 121 71
452 213 487 9 661
453 615 146 21 254
454 357 121 186 121
455 361 434 53 178
456 64 183 900 123
457 421 649 729 971
458 542 275 368 103
459 17 73 756 166
460 467 460 41 166
461 140 301 199 419
462 5 303 329 356
463 463 462 506 411
464 409 316 73 73
465 189 679 663 160
466 213 8 86 518
467 86 191 157 321
468 221 1 106 771
469 5 337 136 820
470 86 444 444 47
471 472 453 472 255
472 255 145 271 737
473 434 211 285 301
474 932 333 976 423
475 375 80 69 747
476 258 831 258 468
477 375 477 91 375
478 442 35 438 6
479 177 409 25 26
480 107 401 65 714
481 137 877 812 859
482 289 425 664 363
483 851 605 414 603
484 290 294 65 199
485 48 643 290 184
486 28 23 950 424
487 558 674 674 12
488 466 506 661 707
489 106 280 377 207
490 160 161 129 482
491 390 61 381 157
492 165 47 251 135
493 142 81 160 406
494 173 254 28 545
495 278 722 27 301
496 213 247 570 360
497 170 31 256 405
498 720 9 498 141
499 913 972 509 678
500 504 856 823 570
501 430 211 82 132
502 504 569 452 466
503 502 11 804 264
504 525 332 699 506
505 499 707 809 252
506 506 499 86 177
507 314 507 314 223
508 68 20 306 62
509 299 81 460 615
510 492 144 434 356
511 949 698 211 153
512 366 662 97 102
513 19 12 86 94
514 66 146 21 357
515 533 280 336 338
516 411 506 332 502
517 195 252 286 174
518 560 229 721 27
519 61 872 707 856
520 13 199 64 828
521 823 971 859 434
522 563 93 482 483
523 457 92 100 185
524 72 163 42 329
525 293 11 161 19
526 181 393 390 392
527 424 783 154 424
528 528 6 211 269
529 498 293 506 249
530 92 818 160 106
531 62 342 173 405
532 63 158 3 281
533 129 139 448 461
534 813 399 526 160
535 134 6 157 393
536 298 137 158 244
537 259 508 62 357
538 306 306 511 337
539 160 218 340 142
540 952 69 184 546
541 62 180 62 627
542 413 542 168 93
543 113 114 278 214
544 544 62 100 5
545 29 588 28 113
546 173 269 288 434
547 443 925 976 114
548 129 458 142 256
549 582 667 187 256
550 81 367 757 757
551 509 183 473 141
552 552 408 211 126
553 340 134 766 521
554 482 228 172 424
555 7 499 500 569
556 531 811 28 419
557 51 280 249 252
558 324 44 956 44
559 166 742 546 508
560 336 133 93 32
561 462 419 490 513
562 202 623 791 65
563 272 447 461 46
564 338 252 859 520
565 804 266 7 833
566 452 9 674 510
567 425 874 425 256
568 133 256 183 142
569 141 674 823 7
570 265 359 754 608
571 142 333 950 166
572 776 95 61 533
573 573 160 316 341
574 425 129 161 570
575 178 180 214 179
576 494 142 100 434
577 578 577 333 473
578 577 363 211 304
579 273 886 859 886
580 580 580 580 580
581 205 197 196 41
582 418 299 968 184
583 521 823 971 695
584 290 272 183 29
585 493 278 183 236
586 86 453 745 377
587 238 13 238 601
588 30 25 38 321
589 638 124 82 509
590 27 29 121 288
591 96 439 115 404
592 735 322 592 322
593 14 473 747 82
594 82 132 82 50
595 52 52 197 95
596 366 253 83 355
597 546 41 152 548
598 84 115 23 367
599 3 252 234 114
600 600 493 42 298
601 422 23 438 390
602 700 823 971 307
603 414 443 226 366
604 411 506 107 357
605 414 370 171 590
606 495 46 83 118
607 471 333 654 163
608 565 266 440 168
609 24 997 24 32
610 57 107 662 282
611 486 725 114 434
612 747 162 79 219
613 793 435 793 613
614 614 742 742 742
615 146 120 232 397
616 1 450 65 377
617 272 546 803 63
618 523 522 493 180
619 89 114 486 155
620 290 643 49 87
621 278 280 820 199
622 238 602 213 332
623 86 353 69 508
624 409 20 301 180
625 408 520 164 15
626 87 856 121 68
627 707 720 720 498
628 295 16 771 13
629 316 297 49 87
630 630 303 551 733
631 159 241 209 236
632 632 719 376 377
633 633 633 633 633
634 635 812 991 859
635 63 255 712 255
636 636 636 636 636
637 209 183 300 160
638 10 21 355 282
639 234 210 128 14
640 125 100 86 441
641 163 422 21 259
642 82 767 82 453
643 217 886 366 165
644 180 262 814 262
645 697 321 392 61
646 411 552 160 153
647 420 318 263 116
648 648 648 648 648
649 729 649 452 359
650 215 434 495 384
651 434 471 472 453
652 478 113 96 121
653 653 653 653 653
654 26 25 438 23
655 655 96 474 420
656 177 297 17 467
657 269 269 139 428
658 658 658 658 658
659 659 659 659 377
660 660 660 660 660
661 505 332 504 86
662 166 664 694 549
663 189 121 215 690
664 401 664 65 197
665 272 137 301 474
666 267 570 265 161
667 627 809 845 412
668 157 343 207 13
669 615 453 459 390
670 670 670 670 670
671 551 189 117 121
672 359 213 707 359
673 673 495 405 543
674 504 246 141 44
675 675 675 675 675
676 447 409 21 210
677 434 460 597 932
678 184 329 245 485
679 460 74 308 218
680 380 296 607 695
681 343 42 5 194
682 681 347 377 385
683 411 195 859 6
684 684 684 684 684
685 92 22 21 409
686 301 926 158 300
687 185 98 124 708
688 543 817 813 172
689 543 16 337 96
690 447 323 300 64
691 691 691 691 691
692 130 172 181 160
693 121 158 3 175
694 129 46 128 533
695 259 69 679 551
696 18 309 120 0
697 697 5 357 80
698 809 971 448 428
699 720 707 950 393
700 699 506 956 430
701 462 561 462 249
702 107 480 638 355
703 703 703 703 703
704 107 405 249 170
705 425 289 180 86
706 936 593 776 198
707 331 482 419 489
708 371 87 493 585
709 353 249 231 655
710 896 63 324 7
711 711 711 711 711
712 401 705 425 425
713 81 569 358 459
714 486 394 104 392
715 69 189 550 19
716 716 5 815 208
717 459 331 260 259
718 63 865 412 56
719 376 985 376 308
720 555 161 314 82
721 37 229 64 771
722 278 611 938 611
723 923 923 326 538
724 160 776 918 167
725 339 169 24 367
726 314 17 233 88
727 83 142 131 832
728 259 536 298 549
729 971 823 565 430
730 301 596 366 311
731 731 731 731 731
732 732 732 732 732
733 64 918 196 143
734 156 381 180 254
735 164 16 281 990
736 62 749 62 203
737 271 552 121 462
738 57 55 57 3
739 495 114 169 860
740 971 777 723 546
741 250 321 320 434
742 742 546 723 733
743 516 195 208 285
744 744 744 744 744
745 745 189 582 160
746 746 746 746 746
747 189 121 179 180
748 106 133 336 339
749 284 107 597 460
750 88 810 560 20
751 51 375 243 859
752 65 358 505 661
753 978 860 115 372
754 441 86 623 450
755 211 4 211 64
756 166 424 87 393
757 757 577 375 230
758 316 6 562 840
759 121 4 434 589
760 592 447 690 21
761 393 166 177 74
762 516 762 516 195
763 763 5 163 145
764 30 40 160 145
765 7 249 327 107
766 766 766 766 134
767 473 189 941 189
768 434 467 85 519
769 107 89 57 460
770 353 687 353 129
771 518 509 325 82
772 772 772 772 772
773 773 405 253 84
774 285 949 880 59
775 560 518 145 950
776 820 115 492 154
777 554 482 450 568
778 160 385 394 397
779 820 86 223 165
780 84 105 509 509
781 52 537 52 814
782 526 495 278 351
783 654 105 160 441
784 784 411 285 420
785 409 177 546 87
786 407 505 249 142
787 21 615 249 243
788 788 788 788 717
789 5 215 41 113
790 544 133 373 58
791 425 65 430 83
792 121 474 87 208
793 316 309 311 309
794 335 15 13 164
795 417 170 64 168
796 121 278 114 121
797 342 511 191 157
798 798 798 798 798
799 189 533 23 427
800 185 687 353 249
801 820 169 283 62
802 172 129 116 79
803 195 63 803 252
804 565 804 498 92
805 971 695 316 468
806 88 411 263 300
807 132 809 160 66
808 808 808 808 808
809 252 601 3 175
810 296 250 295 382
811 531 482 450 275
812 932 165 367 417
813 817 813 458 93
814 347 61 160 61
815 64 108 108 81
816 116 987 169 336
817 543 129 548 143
818 339 725 318 171
819 461 46 448 40
820 445 86 526 420
821 160 380 539 160
822 350 352 681 214
823 9 971 10 69
824 191 345 352 342
825 733 723 825 306
826 990 826 826 56
827 506 913 951 951
828 353 770 353 323
829 203 201 62 544
830 452 666 19 421
831 258 142 45 404
832 160 395 908 41
833 365 7 500 504
834 107 68 508 105
835 425 526 103 201
836 523 464 611 166
837 837 837 837 837
838 45 429 107 303
839 377 741 250 150
840 129 161 351 172
841 397 296 277 130
842 211 96 336 560
843 567 567 425 870
844 971 582 211 195
845 58 96 333 283
846 605 846 605 851
847 437 115 436 115
848 340 80 866 80
849 849 387 394 60
850 546 137 82 572
851 352 351 155 877
852 851 681 123 37
853 82 279 62 820
854 285 82 214 129
855 299 299 968 299
856 282 223 330 438
857 191 348 191 13
858 306 69 10 96
859 57 131 532 532
860 251 32 31 39
861 350 191 160 181
862 777 21 518 183
863 57 683 305 683
864 411 285 209 82
865 305 138 408 194
866 96 59 886 273
867 411 194 6 486
868 5 192 193 826
869 179 741 377 495
870 425 513 92 105
871 231 176 486 430
872 218 314 420 647
873 401 712 401 543
874 401 714 494 283
875 170 537 403 537
876 564 263 168 840
877 549 671 329 38
878 27 545 27 30
879 242 926 243 244
880 3 81 419 183
881 96 816 548 377
882 160 826 685 481
883 339 427 651 597
884 884 884 884 412
885 20 163 821 160
886 58 195 832 520
887 887 20 420 301
888 412 412 63 239
889 405 300 312 74
890 121 31 282 662
891 892 367 142 82
892 28 25 35 38
893 971 569 570 359
894 327 160 601 83
895 333 62 154 783
896 375 90 62 430
897 263 976 485 318
898 230 160 27 32
899 2 880 2 665
900 169 427 546 86
901 137 22 258 559
902 5 738 271 3
903 191 343 214 495
904 321 971 679 482
905 316 215 440 813
906 156 122 515 232
907 262 215 366 521
908 278 82 12 358
909 87 211 255 212
910 65 275 450 458
911 189 745 74 248
912 466 265 452 499
913 506 441 573 856
914 987 338 485 443
915 38 25 28 37
916 414 414 414 449
917 445 310 105 41
918 918 95 183 695
919 455 76 981 547
920 230 121 480 418
921 63 236 303 87
922 496 11 293 11
923 326 92 498 700
924 57 408 286 58
925 205 917 593 86
926 927 242 106 473
927 930 963 142 896
928 211 16 153 121
929 335 15 13 36
930 921 138 285 168
931 159 252 494 662
932 453 142 828 546
933 447 447 46 334
934 549 81 685 4
935 125 937 937 100
936 572 282 932 326
937 640 64 2 612
938 611 486 44 729
939 232 113 29 486
940 128 157 174 62
941 189 190 564 10
942 95 6 170 485
943 295 320 376 869
944 748 16 221 223
945 327 486 169 365
946 641 371 303 256
947 181 381 948 381
948 381 390 103 201
949 55 131 612 311
950 393 761 393 382
951 141 358 459 316
952 28 28 170 86
953 822 292 523 14
954 615 333 155 17
955 94 515 409 138
956 856 558 359 608
957 700 359 707 264
958 509 551 733 723
959 377 160 237 210
960 377 378 182 351
961 377 907 180 820
962 958 509 325 82
963 209 174 286 174
964 23 785 13 297
965 936 563 484 129
966 21 400 971 20
967 44 754 211 11
968 968 184 127 227
969 509 69 173 404
970 440 160 471 170
971 457 65 325 420
972 509 13 4 431
973 971 514 375 679
974 917 27 953 24
975 971 406 501 358
976 547 114 280 214
977 977 977 209 63
978 753 753 470 86
979 1 310 221 403
980 5 198 485 245
981 171 114 361 318
982 137 57 107 47
983 114 767 473 434
984 333 41 820 154
985 376 394 385 379
986 411 728 10 728
987 338 638 480 494
988 411 511 262 533
989 91 90 66 66
990 65 197 196 196
991 412 286 571 4
992 992 992 992 992
993 408 859 812 126
994 6 281 3 194
995 712 995 712 995
996 12 161 249 506
997 953 28 261 82
998 65 358 699 44
999 145 86 197 196
1000 14 936 822 350
1001 6 132 46 255
1002 560 74 173 723
1003 258 22 258 476
1004 55 5 100 117
