0 1 450 419 655 116 165 340 375 478 476 108
1 224 221 549 779 549 104 393 434 471 607 253
2 990 5 445 77 254 21 72 20 536 473 412
3 158 234 930 930 963 950 23 545 165 212 642
4 408 3 812 880 58 886 665 212 142 756 613
5 41 197 593 917 970 917 445 366 19 19 7
6 59 5 279 82 82 77 539 77 62 20 533
7 922 908 922 856 121 353 687 86 426 6 95
8 498 43 324 19 129 208 155 114 326 107 236
9 141 9 19 504 86 444 48 678 549 663 375
10 409 2 63 849 859 411 434 280 303 520 859
11 504 699 924 699 504 971 506 411 318 333 652
12 452 569 957 707 86 256 304 57 160 121 117
13 191 352 191 262 377 495 360 498 58 6 1001
14 203 377 167 181 321 393 546 954 615 747 282
15 541 764 314 228 253 142 828 434 308 121 308
16 45 46 355 210 236 243 412 2 164 96 173
17 333 154 114 115 17 404 640 45 269 288 506
18 133 401 971 514 108 357 356 69 551 663 80
19 823 264 359 421 504 533 434 458 5 106 253
20 11 327 325 327 6 429 272 665 812 665 411
21 966 21 519 227 756 142 896 2 411 212 462
22 258 108 971 174 269 288 405 519 85 519 228
23 41 113 151 251 30 121 151 86 87 236 371
24 37 151 655 151 85 309 615 87 152 82 63
25 165 27 33 31 170 35 33 30 251 339 337
26 32 113 29 533 171 370 318 76 119 455 485
27 24 24 39 133 464 409 776 776 203 198 203
28 113 981 547 437 860 860 330 248 309 341 316
29 32 26 38 321 391 426 130 408 192 412 6
30 546 290 263 29 443 443 981 847 444 455 76
31 229 119 455 115 166 404 282 107 131 82 287
32 533 32 28 811 531 363 129 526 440 457 129
33 615 465 316 268 537 268 419 168 403 129 490
34 33 33 878 23 32 438 54 481 131 683 285
35 14 172 820 420 189 86 318 36 35 23 37
36 128 918 196 41 86 145 612 145 114 442 84
37 84 533 154 82 550 81 106 42 387 390 384
38 23 166 166 69 287 160 28 41 751 41 776
39 28 256 557 160 429 933 322 13 352 191 13
40 251 116 455 114 375 756 86 79 128 327 96
41 94 955 128 80 189 81 189 147 615 121 84
42 81 329 290 572 484 822 464 483 377 215 42
43 407 266 11 141 362 280 61 179 377 464 464
44 133 29 971 59 610 160 474 494 417 27 27
45 124 638 44 142 151 24 23 38 722 38 171
46 355 856 62 453 472 295 394 486 486 115 900
47 437 25 160 78 497 424 87 84 393 395 103
48 229 489 405 333 107 137 58 210 295 268 248
49 49 152 84 229 30 437 25 361 27 93 513
50 431 427 31 338 245 116 129 280 160 96 327
51 143 548 337 96 263 303 610 56 137 169 533
52 786 465 316 297 311 459 362 114 411 986 411
53 14 167 206 291 142 591 591 419 143 419 434
54 481 107 16 304 13 15 541 511 306 434 353
55 58 281 57 126 285 174 84 1 224 365 87
56 408 56 56 4 13 95 183 114 255 312 53
57 96 56 286 635 634 635 208 411 981 113 925
58 271 45 335 139 160 512 512 155 18 166 44
59 305 132 809 552 58 281 859 131 249 184 287
60 61 123 987 338 263 30 29 38 170 28 655
61 387 849 63 58 533 55 56 59 174 210 238
62 117 491 453 491 170 164 140 322 272 252 166
63 88 137 22 520 571 3 473 129 557 518 559
64 420 434 2 249 859 281 286 411 738 424 87
65 324 971 47 165 89 183 15 183 820 256 705
66 477 66 338 338 338 424 820 143 91 328 331
67 549 550 21 355 249 236 249 282 478 652 329
68 306 478 84 211 599 158 132 552 532 285 121
69 107 281 286 160 471 607 255 546 84 134 340
70 86 377 378 321 384 393 387 157 130 122 191
71 433 233 145 299 855 473 6 859 147 121 300
72 106 467 971 488 487 332 7 62 362 28 438
73 259 260 20 520 420 60 495 254 859 281 194
74 187 679 80 460 256 83 296 277 621 149 656
75 655 427 980 427 932 187 121 432 162 90 64
76 245 370 442 115 83 128 340 211 924 211 211
77 282 283 3 63 209 82 445 77 78 107 589
78 482 497 419 5 333 166 142 142 576 129 820
79 120 758 120 18 115 5 308 182 308 183 473
80 188 473 393 162 181 383 383 295 521 340 892
81 20 533 562 654 48 333 83 86 438 136 337
82 540 952 710 418 107 141 913 525 293 12 161
83 579 579 447 676 160 308 133 971 505 358 331
84 112 80 20 80 112 37 86 68 183 271 273
85 758 424 115 615 714 183 90 91 108 90 160
86 205 79 152 114 229 39 455 847 423 176 501
87 107 329 46 15 424 552 571 211 269 447 429
88 810 180 347 278 365 365 355 856 666 441 602
89 57 59 89 76 119 455 339 170 251 438 26
90 469 112 368 440 249 296 160 859 211 705 232
91 64 430 674 823 9 720 11 720 525 44 434
92 173 41 256 169 36 34 165 366 424 44 951
93 36 29 116 464 160 228 82 326 538 777 535
94 94 206 593 342 214 176 232 939 232 358 573
95 207 343 278 183 223 330 223 459 565 266 11
96 114 173 223 655 280 424 83 212 333 493 62
97 768 708 62 253 212 665 2 408 533 249 577
98 155 211 683 305 243 236 237 236 86 504 765
99 107 687 107 63 826 252 212 173 129 214 176
100 86 404 160 321 810 87 303 244 615 144 166
101 155 46 21 932 326 533 67 160 663 663 68
102 6 170 229 114 160 188 363 296 644 180 162
103 376 296 215 255 314 184 357 13 113 83 283
104 388 295 321 349 64 201 107 747 282 173 728
105 329 356 896 638 55 665 272 137 210 513 627
106 820 115 163 821 160 65 307 18 366 10 326
107 169 170 165 409 428 322 429 107 81 128 83
108 81 363 187 189 17 249 286 481 738 281 698
109 424 356 183 82 404 45 274 269 107 65 282
110 91 112 368 52 314 184 114 527 547 40 119
111 478 160 812 285 411 412 192 517 516 743 516
112 469 329 300 108 93 306 28 128 419 462 145
113 168 263 30 39 494 141 699 529 44 324 565
114 983 114 411 121 615 331 764 74 116 170 135
115 367 142 74 498 246 44 951 44 486 44 211
116 548 129 46 155 209 518 62 426 526 44 500
117 66 117 100 51 13 170 424 747 473 42 160
118 420 458 623 458 93 78 482 419 12 570 264
119 455 24 151 37 721 229 64 489 932 237 162
120 74 485 245 318 96 5 420 188 424 495 46
121 236 87 121 550 249 3 3 971 417 361 455
122 191 857 166 380 53 52 133 284 231 214 191
123 82 158 107 428 160 349 907 191 121 107 362
124 233 404 412 698 738 809 132 211 82 236 46
125 640 638 495 424 748 300 2 405 132 405 434
126 13 514 375 64 177 113 419 531 482 289 231
127 37 667 465 83 113 919 113 86 708 748 377
128 201 133 483 533 146 81 280 458 458 142 404
129 121 433 432 433 233 166 184 160 240 57 604
130 377 1 218 201 199 198 128 116 437 455 169
131 86 563 290 62 174 2 164 96 303 340 274
132 194 252 283 209 235 210 128 95 155 130 936
133 340 133 44 183 371 65 435 163 212 427 170
134 867 134 521 86 94 350 94 342 95 218 307
135 27 339 35 486 270 278 284 5 408 6 327
136 89 89 411 194 305 6 55 131 281 194 6
137 208 58 814 344 349 644 269 145 20 537 459
138 412 164 96 23 421 333 976 263 547 361 31
139 335 461 13 29 133 172 365 169 172 655 458
140 446 461 446 269 82 393 160 51 14 526 250
141 265 8 44 932 3 58 303 423 442 444 76
142 256 129 107 303 170 256 363 560 12 265 823
143 548 62 541 215 311 373 83 118 409 30 115
144 212 550 473 106 747 121 518 954 546 828 234
145 546 211 215 188 971 700 19 160 435 647 93
146 13 13 461 269 644 349 160 573 441 546 828
147 533 164 45 271 412 55 738 498 777 554 521
148 349 348 342 376 296 21 333 245 210 129 992
149 278 345 278 722 278 28 896 896 160 158 963
150 250 113 84 366 114 290 329 258 160 224 221
151 470 170 40 33 113 245 426 93 260 92 80
152 333 318 547 165 443 443 370 417 160 10 434
153 87 422 19 674 504 494 480 971 504 409 305
154 474 612 2 132 158 236 159 301 290 620 290
155 221 177 656 262 907 342 776 130 157 155 470
156 180 810 222 905 316 74 480 601 480 86 328
157 53 232 608 441 466 267 674 823 8 525 11
158 137 166 420 509 546 533 361 423 96 417 170
159 215 1 155 249 859 971 740 252 854 420 222
160 672 506 699 11 573 213 533 236 242 599 242
161 265 265 823 566 608 720 441 566 823 558 324
162 512 155 208 285 65 86 23 229 366 229 31
163 601 160 150 473 767 13 661 674 754 720 699
164 520 832 194 3 59 137 272 3 58 160 54
165 34 23 878 33 30 36 86 598 598 86 81
166 0 17 333 280 263 686 86 271 131 455 35
167 128 30 339 13 481 685 809 174 564 114 366
168 450 83 133 113 443 135 65 135 165 417 442
169 494 170 360 569 500 44 765 358 569 362 121
170 490 212 166 212 393 142 591 160 283 142 82
171 339 165 883 165 133 340 553 521 583 521 366
172 231 203 277 280 706 936 965 936 484 292 409
173 282 533 303 81 137 283 434 172 515 270 28
174 164 446 592 140 46 448 428 46 83 83 458
175 532 107 441 84 422 145 299 549 473 93 108
176 181 179 160 63 552 160 106 11 44 533 180
177 214 495 62 58 664 425 664 694 484 232 232
178 537 613 756 311 312 222 188 155 108 375 96
179 160 133 106 560 295 317 366 387 376 160 278
180 82 310 160 165 23 40 30 35 32 473 533
181 950 913 560 336 27 588 24 261 133 171 976
182 602 700 7 247 506 160 832 520 845 193 859
183 859 809 707 264 61 393 104 61 465 316 215
184 253 258 410 62 506 83 329 208 635 63 63
185 371 82 68 550 165 169 30 35 151 748 944
186 474 494 544 303 434 303 859 64 282 427 443
187 21 21 365 506 499 533 17 255 63 57 949
188 184 419 214 177 64 134 340 405 116 64 5
189 160 92 520 6 994 6 489 157 5 64 379
190 473 419 531 186 856 212 74 459 188 533 581
191 231 289 401 362 28 249 173 405 748 932 333
192 102 300 142 223 222 107 329 405 5 272 579
193 59 252 96 76 114 371 63 434 64 489 408
194 586 211 129 789 275 160 296 283 263 405 424
195 193 4 174 520 305 58 4 323 3 63 379
196 776 908 206 167 460 244 301 29 261 28 303
197 457 971 184 121 433 434 243 249 222 219 79
198 206 284 214 460 225 312 366 366 271 58 63
199 82 543 168 280 107 54 194 63 269 152 433
200 199 399 166 166 73 221 222 82 53 440 24
201 86 533 493 585 600 129 515 172 171 361 136
202 623 129 399 93 413 176 417 76 119 229 366
203 168 82 127 318 424 87 253 434 450 714 172
204 593 572 563 572 484 168 62 113 547 165 31
205 847 48 527 6 252 408 89 933 448 322 533
206 546 103 377 156 342 352 350 533 310 533 106
207 160 294 203 296 182 351 160 362 107 954 518
208 211 340 419 848 445 581 445 256 145 405 227
209 490 121 474 424 311 905 316 758 424 329 896
210 242 166 399 542 401 401 82 68 287 69 508
211 174 209 494 404 105 492 518 16 68 678 492
212 129 283 372 106 642 107 671 80 82 255 170
213 496 506 166 282 65 493 270 183 526 280 290
214 215 42 671 357 183 212 82 128 52 719 157
215 187 316 341 311 215 103 379 61 160 221 83
216 45 274 86 226 405 282 21 115 493 154 474
217 132 87 856 421 466 213 533 408 517 5 327
218 308 283 186 82 540 189 582 84 87 58 256
219 60 172 655 231 65 835 275 86 263 564 564
220 47 41 482 593 128 734 169 201 62 457 65
221 215 150 179 820 327 328 494 268 106 303 486
222 316 629 440 629 177 656 344 656 344 149 157
223 468 419 226 300 169 24 26 370 39 229 30
224 365 114 81 3 271 56 718 56 305 409 184
225 221 226 222 7 451 569 365 191 528 5 55
226 313 268 73 74 905 297 260 69 166 178 191
227 932 355 473 301 153 160 236 235 420 212 162
228 309 310 221 16 820 42 434 551 671 69 550
229 119 84 727 464 464 35 486 35 26 251 437
230 920 230 121 281 4 859 82 296 254 492 144
231 434 295 471 84 649 44 283 131 283 394 397
232 51 581 101 101 0 221 493 424 62 80 282
233 243 305 2 132 131 963 158 238 602 616 435
234 86 666 661 549 118 461 592 269 929 929 164
235 971 488 421 649 649 84 317 1 250 150 377
236 107 83 140 429 274 549 80 508 62 159 158
237 240 57 160 667 161 129 460 748 16 209 83
238 159 234 241 243 926 930 301 35 367 932 420
239 13 280 409 390 409 151 82 152 548 531 420
240 158 3 56 56 408 305 845 63 212 170 135
241 927 242 926 927 931 5 192 2 333 411 537
242 240 210 254 495 459 0 297 177 601 252 121
243 319 319 963 160 413 450 342 228 121 462 249
244 409 33 27 258 110 91 212 365 183 426 425
245 725 114 417 115 492 154 121 300 114 21 22
246 44 526 425 874 65 435 435 519 607 106 932
247 707 700 238 236 930 930 238 601 523 168 47
248 696 218 133 82 281 58 42 83 41 30 229
249 401 256 223 222 311 223 20 301 211 389 104
250 60 275 177 64 506 83 492 165 41 493 278
251 47 165 340 28 424 274 269 820 445 366 165
252 427 145 233 236 371 329 198 128 576 543 430
253 62 77 78 77 84 115 107 333 355 62 426
254 282 318 176 478 111 474 477 66 469 258 258
255 42 169 365 430 4 195 826 194 803 1001 3
256 129 65 990 285 371 419 169 82 367 367 748
257 401 526 167 460 225 189 184 42 86 540 549
258 256 278 231 730 5 440 176 318 107 306 68
259 127 259 537 307 301 150 387 283 365 421 19
260 93 526 280 168 284 342 139 541 140 140 273
261 160 131 717 717 160 164 96 437 116 438 31
262 656 231 537 259 72 20 173 282 129 615 33
263 301 307 226 301 209 285 164 535 554 419 154
264 406 971 343 207 199 776 167 95 123 455 444
265 466 496 359 360 170 336 41 201 51 35 473
266 498 525 729 649 499 700 525 505 971 4 174
267 19 12 569 19 504 466 5 445 557 5 183
268 0 73 73 950 55 809 89 64 21 885 21
269 735 461 735 448 461 812 546 137 255 256 186
270 419 214 483 65 51 27 301 263 897 263 424
271 46 274 273 15 428 335 447 323 271 513 518
272 216 509 969 509 81 473 232 380 440 426 62
273 164 46 236 963 963 121 647 93 176 214 345
274 45 162 79 557 581 139 45 424 28 351 734
275 226 513 272 46 272 546 163 170 261 151 170
276 295 290 86 373 706 373 84 487 452 666 62
277 289 280 168 160 78 405 19 707 61 608 267
278 179 907 156 697 5 990 3 665 54 96 619
279 118 300 282 252 195 412 195 738 286 303 210
280 256 221 223 468 74 950 963 242 62 209 518
281 286 56 56 619 303 362 546 269 447 273 269
282 160 435 127 184 480 166 177 229 387 42 147
283 295 717 271 949 285 532 552 515 122 168 275
284 1 106 133 83 373 197 51 918 593 206 284
285 366 173 83 118 132 16 367 283 21 467 17
286 815 286 57 924 57 949 271 589 105 203 351
287 896 892 423 13 552 57 2 305 481 412 63
288 162 288 333 333 474 89 169 62 230 366 310
289 231 426 621 130 426 276 401 401 249 602 61
290 129 371 185 709 353 640 114 307 696 17 254
291 93 95 197 27 336 96 56 826 586 738 738
292 183 562 457 62 410 160 820 197 143 229 183
293 8 525 11 466 8 569 365 211 174 932 46
294 457 533 171 26 251 30 25 459 328 331 177
295 320 376 166 376 203 342 149 490 165 455 423
296 61 283 142 474 153 180 681 350 13 340 434
297 316 341 295 103 232 483 142 46 495 128 30
298 549 74 0 560 84 419 62 137 194 160 339
299 190 420 13 371 45 461 461 461 812 142 340
300 828 419 226 14 205 51 95 129 183 95 450
301 294 94 207 820 5 362 529 362 133 166 18
302 13 214 419 211 84 454 357 454 82 531 497
303 159 926 158 210 132 258 454 357 290 356 62
304 252 434 168 278 495 434 820 160 882 160 298
305 89 412 3 59 132 283 144 144 166 187 146
306 20 400 690 189 459 268 300 255 152 269 429
307 301 20 82 422 58 115 453 121 131 132 86
308 129 342 149 349 320 389 389 537 403 425 294
309 316 6 411 304 57 809 174 140 164 379 308
310 85 18 852 18 280 206 202 206 205 86 494
311 297 74 341 215 121 719 296 203 296 103 160
312 314 420 190 86 572 533 440 840 840 426 391
313 17 314 165 198 387 384 495 278 114 417 409
314 420 490 170 367 114 78 93 93 78 13 199
315 695 424 269 254 77 282 258 328 328 66 117
316 316 160 404 98 708 124 98 101 419 542 183
317 309 297 177 5 902 5 374 499 141 62 300
318 547 455 76 119 84 272 310 313 317 85 226
319 319 107 417 494 474 427 96 10 971 26 438
320 628 295 84 715 84 601 141 249 438 365 489
321 947 377 575 351 95 198 199 278 130 82 151
322 735 461 624 301 298 42 44 283 132 158 210
323 160 222 225 460 549 855 549 118 84 160 377
324 121 84 612 217 121 642 212 424 337 115 245
325 327 416 327 160 255 282 318 48 547 423 971
326 114 438 411 375 367 115 366 290 295 215 150
327 400 336 84 493 183 504 160 83 820 365 179
328 478 328 459 759 121 118 117 100 353 708 124
329 495 60 368 157 398 157 352 347 166 290 64
330 74 152 393 105 42 474 254 21 146 13 40
331 459 74 226 82 189 312 300 419 62 749 167
332 707 7 499 407 358 44 331 362 7 324 565
333 518 83 856 105 173 82 121 423 114 283 295
334 447 322 322 794 335 447 62 480 550 106 74
335 429 447 461 735 448 579 216 62 478 328 143
336 816 987 339 482 289 280 822 464 459 223 152
337 123 37 86 223 74 227 74 152 288 199 204
338 160 892 891 405 115 107 87 166 55 2 281
339 25 38 592 933 429 446 446 335 448 617 269
340 167 749 820 62 269 87 81 356 419 211 636
341 297 73 311 248 297 260 74 187 21 715 69
342 173 126 55 271 209 56 481 252 533 371 3
343 191 601 859 408 859 243 249 533 493 835 65
344 191 348 180 301 100 353 768 371 351 734 128
345 342 214 280 362 546 493 585 295 490 258 90
346 128 52 52 221 17 932 82 129 127 169 734
347 681 191 86 840 275 493 65 334 164 592 273
348 342 139 76 333 154 256 254 445 419 91 375
349 6 527 424 74 106 298 551 299 298 812 87
350 204 65 101 581 101 96 725 318 411 283 58
351 329 375 91 419 18 218 74 105 347 681 278
352 681 123 123 123 900 183 249 62 418 62 147
353 937 64 142 828 145 404 107 54 252 121 215
354 125 97 300 10 405 283 201 95 280 526 457
355 896 2 685 685 481 809 138 160 484 572 290
356 80 459 25 29 31 123 116 896 4 809 59
357 589 212 492 283 387 392 377 380 60 280 133
358 729 84 134 133 284 130 191 511 262 342 199
359 332 523 457 971 108 375 96 318 171 41 17
360 235 159 240 241 210 86 540 189 106 183 450
361 151 470 438 444 114 137 2 323 271 4 256
362 11 209 140 5 619 96 6 194 405 227 127
363 303 58 210 365 303 896 116 987 115 333 455
364 433 49 433 121 107 290 568 82 295 341 311
365 329 329 286 211 450 526 413 232 804 608 11
366 142 20 10 160 133 426 113 177 344 231 871
367 21 212 147 142 88 88 58 88 750 88 0
368 387 115 333 153 932 3 271 126 208 155 18
369 303 88 533 371 101 768 99 424 124 404 234
370 547 113 245 485 442 48 47 437 47 160 474
371 708 99 5 859 281 160 294 425 543 672 971
372 58 880 3 46 579 579 592 15 461 735 461
373 134 5 405 173 115 438 116 896 142 124 335
374 7 502 374 374 44 661 661 161 451 161 707
375 328 66 66 560 20 74 218 309 312 225 74
376 380 539 77 79 115 978 753 75 96 31 155
377 365 765 498 92 127 189 550 480 601 64 326
378 378 387 387 41 918 197 955 936 776 936 572
379 5 59 832 859 366 248 17 269 166 165 25
380 381 182 395 107 84 118 51 908 128 283 303
381 60 947 60 384 181 346 21 6 194 3 59
382 377 203 201 62 79 420 338 229 183 142 667
383 383 379 64 166 166 314 161 161 264 856 506
384 393 379 316 409 785 13 349 64 309 0 266
385 157 378 393 433 49 612 492 115 978 165 490
386 17 23 422 950 55 131 282 65 568 526 440
387 849 849 155 147 533 493 283 820 106 367 473
388 384 60 379 398 157 308 438 436 437 116 340
389 157 537 157 668 157 352 546 615 422 17 177
390 409 292 231 177 200 581 581 533 350 320 368
391 971 700 213 956 700 358 105 412 859 803 54
392 60 391 368 61 14 486 165 545 473 296 434
393 320 166 747 473 269 17 62 206 277 203 128
394 376 150 368 393 377 526 275 160 548 78 419
395 86 251 62 424 83 654 66 389 389 295 84
396 395 80 679 549 627 809 826 826 412 698 809
397 52 232 265 451 360 4 329 198 485 317 307
398 157 64 330 223 73 116 133 400 728 21 325
399 813 817 543 494 312 53 466 374 44 10 160
400 107 99 99 98 13 306 10 11 266 754 44
401 401 44 121 474 663 663 187 418 62 458 458
402 133 681 133 128 107 828 353 101 380 177 601
403 129 371 641 541 533 320 391 389 320 947 393
404 357 404 166 492 115 135 133 292 1000 232 312
405 107 128 494 191 160 216 429 6 949 281 13
406 533 529 141 451 466 499 358 823 666 161 265
407 466 499 488 498 707 265 533 616 435 160 67
408 208 54 698 138 252 949 211 174 63 365 363
409 506 247 7 754 359 951 213 265 11 466 649
410 258 16 340 79 128 486 94 65 53 167 936
411 867 340 375 107 327 473 545 28 183 133 128
412 63 132 46 271 80 82 252 803 767 803 859
413 160 141 204 201 776 204 141 407 505 62 249
414 605 797 342 160 146 226 518 351 495 74 73
415 86 67 549 663 747 83 693 82 296 283 308
416 173 107 671 68 20 253 615 521 389 14 389
417 151 48 171 533 165 119 229 560 0 178 53
418 68 508 549 274 15 273 216 428 160 189 747
419 14 35 128 405 212 329 190 299 508 80 68
420 363 210 926 927 241 158 244 159 820 327 728
421 448 617 592 38 29 31 39 165 226 282 45
422 363 208 930 921 56 532 285 552 55 55 193
423 981 442 423 527 114 356 480 282 290 13 421
424 404 142 82 393 394 385 393 388 60 219 309
425 562 65 86 117 121 290 295 104 549 81 160
426 572 350 345 82 93 78 340 116 116 116 367
427 166 296 342 180 348 342 157 851 605 846 605
428 447 676 447 323 102 6 128 21 728 96 326
429 448 40 47 116 38 339 339 547 847 925 976
430 430 8 441 661 518 518 145 20 230 533 422
431 217 49 83 221 468 121 29 459 1 155 128
432 162 83 84 598 340 547 417 318 485 166 366
433 83 42 64 196 203 179 150 155 877 549 146
434 161 249 424 30 33 40 964 29 486 329 357
435 942 435 440 534 450 291 291 290 184 551 69
436 437 96 867 96 169 229 39 151 438 26 339
437 443 135 75 48 370 423 160 343 214 206 232
438 455 443 437 5 42 83 601 191 342 180 393
439 115 107 41 196 143 480 121 462 212 288 233
440 152 71 433 152 87 106 83 288 405 282 191
441 546 340 86 563 464 822 183 187 107 44 967
442 96 417 38 29 29 33 37 29 486 426 401
443 590 28 25 438 34 32 35 39 339 464 165
444 48 370 226 483 47 251 40 29 261 133 18
445 301 215 18 14 205 204 176 656 122 156 179
446 140 617 592 15 164 62 82 453 105 77 62
447 473 533 508 62 447 448 274 429 335 274 216
448 164 216 272 137 663 188 366 282 28 365 7
449 414 603 414 479 381 178 200 820 142 233 62
450 128 44 430 141 672 971 3 46 129 533 321
451 161 44 183 188 215 341 295 486 51 41 256
452 12 14 231 426 413 176 593 14 12 957 707
453 82 96 64 223 155 98 404 420 531 78 420
454 160 294 65 14 12 141 160 611 486 176 450
455 47 129 129 107 837 837 837 837 107 8 7
456 456 64 549 221 73 215 316 316 316 215 82
457 840 168 542 401 362 362 86 687 86 706 280
458 789 275 177 331 459 519 21 287 549 64 498
459 268 316 377 483 342 278 13 121 474 473 419
460 74 227 695 491 163 170 301 820 167 232 804
461 15 269 859 474 329 249 642 87 49 217 49
462 424 269 273 15 128 300 124 45 828 889 300
463 463 462 211 560 459 80 243 963 473 81 222
464 424 282 74 230 107 279 107 8 510 661 420
465 14 526 280 430 86 666 12 62 128 218 307
466 506 496 64 367 160 159 233 158 930 921 859
467 86 714 494 601 82 693 121 405 303 302 303
468 160 405 456 456 405 161 19 331 19 183 271
469 143 51 29 28 333 736 333 77 107 856 142
470 914 338 35 953 301 281 16 379 182 384 295
471 170 229 28 892 44 406 7 765 44 424 124
472 295 398 157 344 178 352 345 82 426 14 53
473 393 62 747 473 190 282 300 748 182 397 122
474 420 115 422 474 153 211 705 232 141 166 355
475 300 101 97 354 64 269 174 126 300 102 405
476 474 356 480 375 375 896 892 340 301 581 13
477 69 671 107 44 8 661 363 249 243 233 82
478 282 248 330 248 330 860 251 47 40 116 29
479 381 320 296 495 748 16 187 365 672 430 107
480 638 124 233 84 13 290 87 107 303 211 738
481 950 422 513 74 73 311 69 212 859 64 172
482 531 419 91 989 91 375 81 420 285 635 126
483 219 222 494 310 1 495 215 820 86 225 226
484 694 493 835 84 166 467 107 65 543 249 258
485 48 114 44 405 160 263 333 455 423 417 971
486 318 245 365 833 62 233 235 243 235 234 166
487 498 487 466 358 161 129 572 5 195 174 157
488 922 856 666 661 7 407 7 264 213 525 44
489 489 107 283 166 105 44 9 141 672 365 377
490 249 602 700 213 332 505 499 499 566 11 19
491 390 377 82 124 706 290 106 226 79 226 275
492 186 283 153 333 517 2 845 59 160 426 270
493 450 714 526 440 53 52 820 53 18 301 153
494 24 25 473 642 42 298 549 69 13 273 301
495 367 337 424 139 424 74 220 220 377 391 320
496 362 15 269 145 21 121 792 121 747 184 365
497 548 405 519 160 194 832 412 58 234 243 84
498 608 498 710 81 105 355 932 153 654 420 654
499 374 358 232 201 533 499 440 533 262 814 58
500 699 953 900 900 753 151 34 438 365 183 184
501 374 441 249 407 358 452 141 11 247 213 608
502 661 510 499 913 700 332 44 529 504 441 249
503 498 267 661 452 420 314 52 53 486 245 442
504 44 7 504 86 177 74 560 66 91 112 7
505 406 332 358 73 498 459 188 145 283 129 161
506 374 500 501 44 529 922 847 919 981 263 547
507 513 115 338 638 158 241 159 160 736 107 169
508 62 164 388 377 386 379 182 381 948 381 157
509 400 10 271 366 180 212 70 71 71 431 83
510 7 502 358 506 249 833 62 19 430 86 297
511 342 277 621 377 174 21 62 170 6 544 168
512 160 298 549 800 533 562 380 182 61 64 80
513 269 592 46 269 404 115 333 919 919 89 64
514 13 444 976 976 423 442 318 176 593 167 342
515 484 87 607 253 87 353 434 114 3 194 58
516 6 466 452 566 407 506 247 707 872 17 950
517 195 552 698 59 89 54 55 698 698 208 564
518 82 531 340 612 233 87 41 17 317 116 987
519 160 128 105 236 243 950 422 129 296 295 162
520 991 412 434 170 62 426 440 280 165 64 16
521 553 521 482 165 40 116 39 34 29 37 26
522 563 572 563 6 429 429 46 473 447 461 15
523 292 64 527 444 245 426 568 276 549 778 569
524 72 163 612 152 355 170 513 21 80 188 518
525 7 511 64 0 309 313 74 248 259 106 64
526 813 623 611 11 270 280 47 245 424 62 531
527 443 13 93 291 256 282 283 559 258 105 160
528 5 232 61 182 385 60 321 397 181 6 412
529 494 588 24 39 133 14 86 38 25 35 31
530 365 256 445 820 16 121 87 137 21 96 82
531 482 143 10 105 492 42 86 96 56 209 424
532 211 582 184 969 509 183 308 396 379 181 296
533 88 411 123 95 199 167 51 113 971 723 551
534 813 714 143 469 89 6 376 385 394 250 320
535 777 777 723 825 733 64 357 589 424 509 212
536 601 480 160 349 180 420 624 13 445 419 211
537 221 42 249 253 166 58 738 208 55 552 515
538 326 64 309 316 465 519 189 82 96 46 137
539 78 114 473 68 287 81 62 249 256 802 172
540 971 3 685 647 420 191 345 351 130 65 285
541 15 322 139 124 139 461 335 446 592 735 322
542 413 413 129 546 340 598 86 584 86 753 119
543 294 160 258 143 413 515 122 411 55 193 2
544 607 249 169 409 555 266 13 63 363 28 46
545 588 588 282 173 22 155 301 473 474 62 390
546 355 654 66 611 129 820 136 116 169 82 377
547 444 300 124 214 536 20 81 911 189 434 533
548 46 236 158 240 242 236 240 240 242 533 562
549 218 495 309 400 86 264 569 360 293 12 13
550 549 189 710 549 459 495 932 338 252 338 121
551 160 171 160 137 255 424 748 641 106 420 932
552 4 192 59 685 815 815 520 6 466 500 141
553 553 521 823 264 533 187 550 212 41 474 859
554 419 214 351 342 173 340 371 473 87 190 105
555 754 161 419 172 434 10 143 86 115 84 115
556 232 231 466 451 566 358 729 971 973 971 343
557 256 51 486 65 493 546 828 160 423 171 172
558 213 358 11 10 300 106 548 152 255 63 820
559 559 160 736 62 548 203 376 388 384 363 531
560 282 420 355 256 211 117 460 147 154 58 921
561 462 506 64 397 546 963 82 357 107 237 234
562 654 163 434 249 19 12 430 19 569 500 699
563 14 47 76 114 767 121 184 365 303 412 587
564 190 13 461 335 447 335 274 678 69 325 325
565 44 550 434 490 212 82 730 468 167 133 420
566 700 7 374 505 499 359 569 44 121 859 166
567 567 843 290 572 822 350 345 130 157 483 917
568 544 303 619 57 208 305 211 571 63 254 393
569 602 441 84 30 336 337 96 866 96 604 546
570 161 496 11 7 754 555 265 707 265 440 562
571 281 412 587 234 96 444 84 107 438 450 82
572 5 154 269 447 447 335 124 185 100 494 543
573 358 73 950 266 13 351 214 82 124 214 178
574 280 130 426 458 647 93 473 508 260 950 404
575 280 822 900 455 361 47 13 351 1 52 820
576 128 367 160 252 303 340 107 46 45 404 687
577 142 129 548 121 371 46 174 286 4 58 371
578 577 375 89 933 269 256 258 249 377 227 222
579 929 579 272 710 549 459 268 1 224 221 537
580 580 580 580 580 580 580 580 580 580 580 580
581 497 77 546 163 643 50 87 227 82 594 283
582 533 15 46 216 461 592 461 322 273 447 498
583 521 583 521 62 586 233 586 59 803 826 192
584 563 93 820 197 457 426 130 157 178 351 371
585 585 585 84 754 674 9 506 211 153 58 615
586 62 541 541 209 139 461 46 271 2 564 638
587 3 192 271 283 363 212 589 638 210 305 271
588 169 828 434 441 160 181 6 337 367 64 74
589 365 245 48 38 579 273 273 274 424 478 83
590 30 337 116 35 486 493 426 160 882 166 300
591 419 932 212 114 160 226 42 329 116 464 455
592 335 124 64 89 91 90 64 290 892 891 892
593 918 776 391 426 568 450 82 143 325 143 340
594 372 134 867 411 430 249 222 18 74 74 331
595 52 368 320 350 593 955 197 207 377 397 321
596 596 218 312 311 74 231 624 420 404 100 323
597 651 254 371 208 738 303 619 613 288 212 63
598 598 134 133 362 44 114 976 443 96 867 340
599 208 155 105 478 652 419 68 21 107 254 490
600 493 93 482 218 201 557 51 908 918 167 14
601 233 828 64 2 481 54 208 132 366 230 283
602 466 487 421 359 466 498 499 332 499 264 569
603 414 605 851 852 18 225 1 127 318 370 33
604 546 249 153 50 431 372 282 371 107 303 106
605 797 605 797 605 846 846 846 846 605 414 370
606 495 256 333 919 113 160 263 333 527 5 169
607 106 283 145 299 6 137 252 55 86 180 130
608 11 956 856 362 498 466 53 280 168 114 215
609 24 30 261 411 263 981 847 437 48 560 341
610 472 255 424 478 514 329 514 971 190 971 423
611 86 424 445 557 79 531 249 82 489 64 196
612 58 252 117 170 495 62 361 151 28 588 26
613 613 163 459 0 74 764 541 62 445 424 210
614 742 614 742 742 614 614 614 614 614 614 613
615 106 268 309 133 170 86 747 162 433 431 83
616 320 376 391 393 181 95 207 214 82 340 553
617 269 252 803 195 516 305 489 212 87 280 65
618 185 662 62 303 405 128 490 209 82 853 82
619 89 301 63 635 208 114 96 655 482 89 57
620 620 290 210 295 947 947 394 376 166 163 115
621 401 365 180 128 445 86 450 568 256 355 356
622 238 457 840 440 321 546 422 493 282 533 430
623 86 259 127 613 243 105 285 131 809 59 412
624 231 351 231 167 351 180 950 333 441 374 44
625 285 96 252 518 560 84 431 431 105 474 108
626 87 642 83 107 372 87 290 64 198 201 128
627 420 450 275 60 395 379 384 80 253 459 616
628 389 160 397 160 454 189 21 560 321 283 333
629 178 180 262 62 245 442 36 367 495 129 399
630 630 303 209 977 209 235 610 96 116 73 311
631 209 909 280 133 169 329 82 170 434 170 434
632 632 632 632 719 64 730 231 249 366 109 424
633 633 633 633 633 633 633 633 633 633 633 633
634 634 634 634 635 634 635 126 211 283 752 121
635 2 285 89 169 300 662 662 185 533 321 395
636 636 636 636 211 258 183 118 597 546 23 135
637 209 234 366 30 420 211 764 168 292 232 562
638 126 56 174 4 58 105 327 11 128 207 908
639 65 714 183 245 82 366 312 5 464 444 76
640 640 98 932 404 153 654 26 27 40 27 197
641 1 222 315 222 20 118 651 597 118 420 651
642 405 4 170 460 80 142 340 226 390 377 388
643 290 936 936 206 593 95 128 83 105 506 672
644 296 87 155 173 282 596 596 596 597 58 105
645 191 277 342 199 820 301 155 115 473 498 466
646 646 411 2 114 252 654 211 695 607 42 490
647 647 420 15 174 80 137 3 4 845 699 9
648 648 648 648 648 648 648 648 648 648 648 648
649 729 525 9 720 555 409 140 2 434 128 734
650 215 66 984 333 421 504 161 300 158 82 747
651 427 17 518 154 236 83 373 280 165 220 68
652 478 652 333 162 252 338 439 115 437 455 29
653 653 653 653 653 653 653 653 653 653 653 653
654 87 190 162 181 378 376 157 64 66 48 437
655 96 881 96 417 725 165 338 437 165 35 151
656 122 347 258 22 258 90 66 328 459 362 488
657 269 513 509 713 509 494 62 748 944 748 283
658 658 658 658 658 658 658 658 658 658 658 658
659 377 278 249 170 96 261 361 438 531 300 255
660 660 660 660 660 660 660 660 660 660 660 660
661 66 611 86 36 218 300 405 42 19 249 142
662 97 102 323 640 45 828 16 338 169 450 581
663 69 409 171 655 28 129 88 210 300 495 105
664 84 142 23 27 25 93 28 655 172 458 623
665 121 114 245 263 86 98 100 142 64 21 459
666 11 506 504 19 525 86 103 393 17 226 107
667 142 132 118 118 549 326 143 329 91 474 375
668 157 397 376 389 296 142 143 83 140 273 45
669 615 963 107 121 324 466 265 500 358 12 420
670 670 670 670 670 670 670 670 670 670 670 670
671 189 459 90 90 183 434 2 138 809 88 285
672 7 365 310 366 506 288 104 321 440 562 497
673 495 419 74 177 601 238 499 504 409 20 10
674 510 141 601 64 305 194 211 215 66 215 82
675 675 675 675 675 675 675 675 675 675 675 675
676 160 44 359 699 358 608 265 674 12 419 296
677 434 106 459 759 459 610 255 17 311 73 297
678 509 480 166 17 309 495 606 495 1 316 459
679 188 710 896 710 549 274 86 601 480 418 582
680 380 539 160 367 531 366 445 581 557 395 83
681 123 103 395 82 385 60 368 275 835 275 178
682 511 191 231 440 249 210 236 63 210 927 237
683 211 754 674 430 674 9 452 573 213 265 674
684 684 684 684 684 684 684 684 684 684 684 684
685 193 195 57 520 991 412 832 826 59 55 2
686 21 21 105 159 249 333 533 572 563 822 290
687 100 820 13 785 13 352 65 409 171 444 464
688 543 93 165 900 822 280 419 84 75 427 212
689 198 167 51 197 206 94 167 172 60 393 615
690 366 306 256 226 313 0 283 329 212 550 165
691 691 691 691 691 691 691 691 691 691 691 691
692 130 14 486 28 87 215 17 62 169 300 108
693 83 340 922 53 13 474 409 785 545 36 367
694 493 154 783 154 495 419 87 132 242 236 155
695 491 377 155 106 83 96 92 105 495 365 672
696 248 297 13 65 600 813 403 168 133 44 569
697 414 605 851 352 351 280 294 457 971 277 377
698 55 131 683 411 166 285 5 261 116 548 143
699 11 209 845 408 411 333 119 470 438 96 340
700 11 213 213 573 856 82 199 201 18 376 103
701 462 121 4 832 3 845 63 269 272 6 149
702 107 153 83 474 357 21 62 86 366 215 297
703 703 703 703 703 703 703 703 703 703 703 703
704 704 107 671 187 189 301 453 301 222 225 494
705 211 255 46 447 334 322 533 195 192 58 880
706 836 813 817 543 425 835 789 458 285 89 64
707 61 267 265 529 488 498 956 933 334 429 6
708 708 62 80 92 68 68 494 593 214 160 57
709 404 282 139 140 617 272 334 448 446 447 429
710 69 418 184 105 83 434 199 206 936 936 563
711 711 711 711 711 711 711 711 711 711 711 711
712 401 294 543 399 493 166 79 121 792 121 211
713 509 306 91 375 357 615 513 121 168 544 84
714 413 13 450 128 142 249 44 359 533 607 255
715 84 752 121 282 69 473 498 856 615 963 931
716 5 125 618 353 185 99 97 323 323 84 209
717 788 788 788 717 215 60 104 377 593 198 168
718 56 738 195 412 404 282 74 690 215 820 280
719 632 719 157 150 379 386 379 296 395 61 345
720 332 498 602 238 235 971 699 971 232 368 896
721 229 198 167 167 198 387 150 741 150 157 378
722 28 39 133 333 120 218 315 253 107 531 473
723 723 777 69 216 45 533 756 118 420 509 473
724 338 564 4 114 51 160 41 282 4 533 252
725 40 48 333 517 2 62 28 30 93 464 129
726 5 728 21 520 57 412 888 412 102 98 101
727 83 453 255 419 214 351 180 249 430 486 48
728 5 763 763 5 97 101 768 185 404 640 98
729 525 141 661 247 7 506 11 498 452 501 232
730 62 3 57 63 481 685 193 58 56 13 339
731 731 731 731 731 731 731 731 731 731 731 731
732 732 732 732 732 732 732 732 732 732 732 732
733 420 13 900 170 86 756 225 86 593 955 955
734 169 35 590 86 151 470 116 753 470 971 467
735 269 446 15 183 146 1 979 106 467 69 80
736 107 453 654 87 223 268 300 126 638 338 27
737 737 737 737 271 252 55 55 6 285 271 283
738 4 552 208 815 880 63 365 351 13 167 41
739 155 877 533 160 316 222 695 228 280 181 385
740 252 826 2 300 45 461 446 272 322 434 245
741 741 150 388 60 232 264 823 566 570 8 301
742 546 441 84 404 100 301 269 142 187 300 124
743 516 102 4 286 685 665 6 58 105 506 434
744 744 744 744 744 744 744 744 744 744 744 744
745 745 282 31 32 26 26 23 533 129 367 748
746 746 746 746 746 746 746 746 746 746 746 746
747 710 272 309 549 549 187 1 146 166 143 328
748 160 255 42 44 820 232 840 13 108 514 108
749 820 129 107 133 114 171 417 971 332 505 971
750 88 89 62 77 497 424 422 518 559 283 169
751 206 204 205 51 256 748 283 46 473 493 464
752 84 235 420 458 183 4 63 285 486 303 340
753 900 170 145 405 184 299 80 256 28 405 249
754 971 188 106 748 283 748 944 748 367 473 150
755 211 532 4 412 63 138 86 536 184 290 301
756 613 747 160 63 921 6 1001 2 192 59 812
757 577 283 21 274 405 278 270 14 283 321 396
758 120 380 60 392 387 388 104 283 0 17 431
759 459 390 150 295 397 377 120 120 758 283 366
760 15 429 160 106 142 355 62 211 4 170 460
761 393 17 226 218 315 537 411 252 2 845 3
762 516 333 87 121 201 86 328 258 802 802 129
763 5 100 125 62 172 802 258 22 173 301 290
764 483 13 98 155 284 277 149 150 378 388 390
765 707 950 180 284 257 526 782 377 745 189 663
766 340 438 5 249 114 356 258 253 333 271 528
767 121 180 851 157 231 537 1 351 167 14 284
768 100 662 371 101 102 405 143 166 19 83 368
769 62 206 196 196 206 575 232 201 51 167 936
770 353 592 428 651 427 370 41 801 41 581 445
771 105 366 188 518 404 16 164 579 269 16 132
772 772 772 772 772 772 772 772 772 772 772 772
773 405 28 811 84 411 981 442 40 170 136 136
774 285 408 56 138 409 28 339 113 232 936 167
775 560 328 560 19 430 956 183 170 86 466 487
776 206 575 377 495 641 371 105 180 820 493 256
777 538 306 13 698 13 478 514 375 476 112 108
778 160 418 69 188 679 137 249 170 212 431 433
779 549 218 282 493 419 434 23 220 218 5 170
780 84 492 121 719 157 384 295 290 892 300 444
781 52 368 368 387 296 160 44 362 405 187 215
782 377 0 309 313 74 42 245 48 105 84 235
783 424 258 111 375 96 339 171 263 151 24 64
784 411 412 665 282 493 563 6 170 337 511 191
785 409 420 282 404 269 5 440 160 812 272 322
786 160 150 390 395 295 17 366 83 209 42 215
787 21 189 80 299 184 969 184 301 118 279 160
788 717 295 397 458 533 236 233 239 13 576 93
789 654 376 295 296 810 87 249 329 90 90 183
790 544 84 553 554 777 554 535 554 134 777 200
791 612 340 134 84 333 531 186 186 31 31 143
792 121 473 434 478 652 419 199 526 401 434 137
793 435 160 336 165 119 229 387 229 494 494 539
794 335 933 45 46 371 282 427 333 230 5 902
795 417 847 922 913 856 141 107 70 288 252 132
796 353 770 353 770 353 687 100 937 64 212 856
797 605 414 449 414 645 156 321 381 379 157 397
798 798 798 798 798 798 798 798 798 798 798 798
799 971 505 332 498 593 142 180 433 217 432 121
800 533 800 549 371 185 404 99 185 98 124 185
801 820 801 41 593 936 130 425 403 291 65 53
802 365 314 420 212 726 342 278 83 256 412 305
803 193 192 4 211 495 641 748 944 748 377 734
804 720 441 84 624 461 335 461 139 269 252 3
805 358 505 661 12 249 833 5 462 145 142 128
806 809 302 96 48 212 612 115 283 280 142 184
807 54 481 599 242 963 473 667 187 663 375 301
808 808 808 808 808 808 808 808 808 808 808 808
809 211 755 211 5 351 351 95 41 197 41 751
810 420 452 498 64 786 206 107 78 405 221 316
811 84 624 231 936 706 936 965 936 168 301 730
812 3 434 249 833 7 358 232 486 21 306 215
813 515 177 734 177 166 142 828 889 300 263 318
814 344 381 479 275 479 479 381 176 417 725 245
815 64 456 405 3 434 572 936 706 523 543 523
816 96 408 411 333 282 62 366 747 80 375 679
817 493 93 482 820 23 153 82 150 301 271 272
818 339 482 679 137 58 131 54 281 552 132 252
819 140 334 139 581 41 114 107 372 282 434 551
820 5 644 166 18 533 23 37 34 434 81 86
821 160 240 158 238 211 16 642 284 936 204 94
822 350 939 572 64 66 560 1002 560 66 67 160
823 452 649 246 298 287 418 129 308 157 719 157
824 191 494 197 64 419 302 96 169 363 105 210
825 723 92 100 353 160 539 178 53 486 280 167
826 252 243 930 236 209 166 333 81 932 163 459
827 506 699 720 441 8 265 452 452 501 374 441
828 796 353 365 531 290 329 116 261 37 545 93
829 523 134 10 728 733 306 550 21 715 21 690
830 452 451 466 494 153 333 62 143 548 121 31
831 258 329 365 209 518 256 542 413 13 183 913
832 586 131 163 87 58 42 143 83 329 300 183
833 365 7 720 9 266 565 430 533 530 161 81
834 107 295 313 85 51 82 84 282 166 441 573
835 789 835 789 5 201 395 387 379 378 388 377
836 836 332 504 293 856 560 283 125 937 125 125
837 837 837 107 96 47 14 473 963 319 160 319
838 124 335 579 579 429 107 252 131 57 58 738
839 377 312 85 142 783 669 5 644 166 252 661
840 526 495 638 210 210 927 930 931 234 639 639
841 231 172 228 74 260 260 92 457 440 24 33
842 96 116 513 459 0 146 533 590 409 33 39
843 290 280 290 183 68 184 107 837 837 837 107
844 165 119 427 249 203 820 179 160 395 201 908
845 412 685 194 408 434 460 233 101 102 100 935
846 846 846 605 846 846 605 851 483 47 971 190
847 423 62 253 106 160 79 160 362 533 86 229
848 445 139 209 131 131 455 437 860 165 86 480
849 63 4 587 237 253 107 434 170 453 62 78
850 199 918 918 593 482 89 408 434 158 2 635
851 350 351 371 495 434 113 919 847 47 251 437
852 206 206 820 280 813 403 403 425 129 333 615
853 82 419 848 419 290 484 143 86 392 368 232
854 174 809 304 405 64 115 812 971 893 971 3
855 549 248 341 297 260 260 10 160 484 160 453
856 265 529 359 533 121 269 142 166 17 315 537
857 166 178 176 593 200 176 177 479 177 629 316
858 306 256 748 564 480 564 126 58 462 21 548
859 64 24 367 367 129 992 992 129 186 283 492
860 438 444 48 925 976 318 725 114 80 379 386
861 350 342 157 149 180 84 160 452 499 246 246
862 777 862 777 419 256 115 453 420 301 153 166
863 57 55 63 625 412 884 884 412 473 767 82
864 411 55 131 87 84 86 170 360 293 420 932
865 845 685 57 58 159 242 977 977 977 209 126
866 80 424 28 914 170 914 987 438 82 130 936
867 134 366 68 306 20 145 474 404 45 216 509
868 320 628 320 381 948 381 295 379 387 283 365
869 181 394 179 820 179 394 250 741 150 541 764
870 65 51 557 917 970 546 377 228 172 197 215
871 231 201 215 103 211 695 365 353 183 90 375
872 61 179 60 275 176 200 178 166 129 285 921
873 425 493 694 549 268 106 582 582 62 427 17
874 401 835 401 493 153 23 417 171 261 470 914
875 170 339 165 455 170 151 35 486 114 971 812
876 564 258 87 661 249 187 1 255 471 671 690
877 812 62 90 86 229 114 46 447 323 160 663
878 33 28 212 549 747 418 69 68 418 467 222
879 242 166 459 62 586 83 71 152 363 434 361
880 308 160 58 137 4 896 142 166 139 592 273
881 96 113 64 914 105 165 133 114 168 600 129
882 166 353 183 520 166 283 114 338 263 29 420
883 883 337 424 4 301 209 546 62 242 533 115
884 884 412 162 45 210 86 94 776 95 205 498
885 20 10 105 544 257 284 296 256 278 722 27
886 59 193 160 206 51 970 917 94 593 94 64
887 887 92 887 92 20 28 365 278 168 301 245
888 412 63 371 365 183 105 256 173 546 508 663
889 300 81 162 81 371 63 41 908 908 51 118
890 890 121 345 346 409 420 165 860 338 256 356
891 892 128 280 813 275 840 840 285 126 54 698
892 405 362 293 525 510 510 86 708 353 99 121
893 971 467 222 494 480 356 405 896 160 389 326
894 327 5 132 118 116 115 107 418 190 409 450
895 417 318 83 612 311 222 227 127 105 543 168
896 638 340 867 134 5 520 685 298 246 530 358
897 263 417 113 76 75 427 42 612 963 142 62
898 230 82 81 44 155 208 131 55 6 95 200
899 2 434 647 647 221 283 320 61 182 321 160
900 987 170 485 333 82 441 233 282 596 218 225
901 137 88 0 146 67 66 661 13 39 494 190
902 5 411 949 252 481 211 646 211 290 82 441
903 907 903 262 342 376 385 379 391 971 417 263
904 321 182 376 296 250 0 309 317 312 177 321
905 905 316 221 309 312 300 255 170 875 170 4
906 160 458 13 356 362 856 142 291 181 182 295
907 262 903 262 342 348 191 345 82 552 121 107
908 592 446 272 63 586 194 63 329 424 230 80
909 87 115 263 256 291 450 82 166 55 1004 55
910 65 639 234 828 46 114 367 116 169 367 748
911 81 418 409 418 299 418 107 170 453 546 760
912 765 358 765 856 555 141 498 700 566 666 141
913 707 247 570 569 12 44 366 132 738 698 411
914 860 123 169 252 138 305 210 371 183 544 932
915 38 29 964 29 93 108 93 789 654 84 487
916 414 449 414 415 852 206 167 351 303 302 304
917 196 128 6 95 167 133 362 183 411 517 516
918 918 917 206 852 415 86 201 204 65 129 280
919 40 847 171 165 32 31 29 420 20 183 520
920 435 316 218 308 83 932 492 678 549 818 339
921 859 174 809 56 738 303 281 211 419 445 848
922 847 114 62 418 81 145 82 281 57 619 96
923 923 825 306 511 5 430 8 823 8 499 525
924 845 56 303 209 599 209 42 81 685 949 252
925 976 485 170 310 307 301 294 232 103 342 726
926 243 607 81 549 81 371 708 404 160 168 829
927 927 930 926 237 240 57 56 63 486 114 419
928 211 128 955 820 801 820 445 531 79 417 5
929 269 448 16 258 198 776 776 377 179 351 250
930 236 932 252 685 880 252 282 518 183 292 543
931 240 963 241 252 480 282 173 300 662 366 512
932 106 114 686 564 365 293 856 83 693 283 282
933 447 46 132 6 128 576 295 142 300 160 279
934 268 106 21 118 132 54 665 175 63 932 544
935 353 100 125 424 255 355 300 97 97 404 84
936 284 511 215 187 69 108 112 84 487 805 487
937 125 935 100 86 368 434 275 562 160 193 685
938 611 270 280 206 352 160 906 513 513 268 221
939 572 426 121 99 768 124 51 82 531 165 35
940 128 197 917 167 203 129 208 552 131 83 249
941 189 80 424 256 154 422 424 478 469 5 481
942 435 942 95 205 86 23 422 493 249 434 593
943 295 296 62 30 337 96 5 285 625 252 46
944 748 495 83 420 105 303 544 494 588 23 142
945 327 5 517 516 762 516 333 531 686 21 212
946 641 106 400 690 400 69 551 733 723 126 208
947 393 142 10 325 306 858 306 215 820 154 183
948 381 320 65 232 918 908 207 128 42 453 42
949 880 6 1001 6 644 950 820 206 307 17 312
950 23 27 82 752 283 211 450 169 35 23 367
951 951 951 525 505 525 8 441 11 106 314 18
952 540 509 969 184 160 748 105 41 546 604 131
953 35 37 370 226 313 226 17 533 20 287 21
954 249 661 510 8 8 86 125 424 747 513 21
955 593 918 207 820 231 176 232 264 452 8 44
956 183 107 356 301 155 87 83 282 217 84 431
957 265 957 9 500 44 10 143 201 207 908 908
958 962 325 549 190 162 45 533 173 306 612 856
959 377 155 104 60 376 82 493 483 219 222 64
960 377 546 963 859 153 333 340 274 405 541 139
961 377 381 149 160 128 206 196 820 856 573 8
962 958 962 325 87 856 555 82 454 106 163 377
963 238 239 238 241 499 699 359 264 266 441 707
964 23 438 340 419 168 13 4 59 63 552 54
965 936 563 584 86 106 133 544 434 365 303 340
966 189 87 233 107 329 419 68 107 31 229 387
967 498 720 720 86 10 89 303 405 758 223 311
968 299 418 6 571 408 826 809 806 809 137 4
969 509 190 473 44 765 499 246 498 922 340 811
970 51 172 655 149 179 249 163 615 856 264 440
971 430 83 84 31 31 27 13 65 232 18 0
972 509 81 58 738 4 360 19 166 536 83 113
973 971 700 247 661 87 210 63 363 21 260 259
974 128 44 856 498 266 9 421 430 6 552 412
975 971 20 166 42 756 225 494 106 549 779 146
976 976 48 847 333 21 107 184 256 291 458 542
977 209 271 86 90 409 447 429 155 367 338 464
978 165 365 165 816 953 900 165 129 280 822 280
979 106 551 21 519 61 533 210 303 107 306 426
980 427 212 212 42 147 301 453 87 145 114 495
981 333 329 459 616 320 390 459 616 533 822 292
982 137 877 137 54 481 55 533 185 404 323 125
983 114 339 443 114 932 81 301 173 173 22 35
984 66 252 615 155 486 28 165 41 30 339 860
985 376 295 376 841 376 394 379 63 896 356 80
986 411 537 106 358 459 90 329 20 82 83 506
987 900 978 115 455 76 981 547 87 13 812 826
988 411 215 82 255 471 473 403 291 14 53 822
989 329 105 303 106 424 462 173 518 460 460 147
990 138 520 55 665 665 137 139 581 65 870 65
991 812 845 953 845 924 89 845 859 991 812 546
992 129 438 74 227 253 83 591 160 435 519 21
993 408 552 373 964 23 36 35 30 424 125 618
994 6 204 917 205 498 265 674 661 121 714 526
995 712 4 323 618 185 100 92 65 362 405 896
996 12 560 775 560 856 186 283 303 807 132 217
997 24 39 35 438 96 242 599 211 252 160 252
998 65 840 5 644 64 105 16 820 343 343 128
999 145 83 727 464 847 423 301 211 301 159 240
1000 232 971 467 189 799 549 146 160 222 21 256
1001 990 826 193 803 4 6 134 523 493 932 147
1002 560 358 106 268 74 121 180 373 552 211 473
1003 258 356 357 106 480 282 268 74 86 184 513
1004 55 107 249 286 486 357 568 65 430 211 96
0 1 450 419 655
1 128 80 16 489
2 665 665 665 6
3 236 234 930 931
4 252 107 281 859
5 286 520 571 142
6 994 6 440 168
7 452 11 406 264
8 504 674 674 565
9 359 496 602 616
10 777 21 44 529
11 700 566 451 569
12 494 17 494 563
13 108 290 108 356
14 277 191 839 377
15 45 300 444 847
16 748 164 164 273
17 308 5 42 5
18 74 21 256 153
19 61 157 537 103
20 80 16 46 473
21 885 887 887 887
22 21 222 316 268
23 160 394 14 85
24 114 44 105 114
25 29 971 3 434
26 26 171 116 171
27 28 26 23 409
28 34 33 38 113
29 438 438 440 365
30 417 5 89 859
31 932 3 281 2
32 116 338 439 338
33 282 589 607 548
34 35 151 753 914
35 169 263 318 527
36 129 450 714 562
37 28 39 229 31
38 35 39 30 36
39 39 229 114 226
40 442 245 423 455
41 47 41 21 932
42 160 548 116 115
43 452 9 452 529
44 249 548 531 290
45 640 937 353 249
46 216 254 106 377
47 455 361 62 303
48 36 23 337 155
49 87 190 108 91
50 643 87 107 230
51 256 169 96 88
52 1 568 401 148
53 167 203 206 593
54 131 586 932 338
55 126 286 6 96
56 211 571 303 58
57 880 137 209 174
58 615 856 823 9
59 132 2 96 164
60 61 320 380 376
61 53 167 149 6
62 375 671 509 546
63 971 332 699 499
64 665 137 249 128
65 307 310 160 492
66 477 90 494 94
67 146 147 83 141
68 86 84 553 340
69 183 128 152 283
70 71 50 48 925
71 71 71 152 458
72 106 467 549 212
73 221 493 474 83
74 86 121 80 69
75 339 14 93 116
76 417 318 169 494
77 950 404 421 460
78 107 255 13 550
79 121 544 129 95
80 490 212 411 698
81 21 22 127 166
82 549 710 509 671
83 81 283 211 329
84 211 932 490 419
85 820 342 41 107
86 47 280 464 494
87 128 35 51 205
88 302 96 88 137
89 469 96 423 13
90 477 329 211 13
91 469 258 132 166
92 127 169 375 66
93 450 228 314 161
94 199 65 172 183
95 155 128 63 281
96 599 3 63 832
97 662 124 404 532
98 98 353 592 139
99 768 371 170 229
100 768 935 353 353
101 323 271 45 447
102 100 107 963 142
103 64 183 291 257
104 250 174 473 333
105 41 121 859 612
106 242 963 142 128
107 544 129 47 79
108 329 652 329 38
109 51 14 426 166
110 111 84 513 121
111 258 468 160 54
112 476 13 238 89
113 168 494 470 455
114 13 285 164 46
115 233 441 254 174
116 30 588 26 654
117 66 329 568 276
118 461 446 216 269
119 261 333 173 21
120 133 135 370 40
121 404 233 494 340
122 347 181 378 157
123 103 546 83 107
124 233 235 360 7
125 125 768 99 97
126 55 252 282 588
127 166 44 133 600
128 900 753 151 29
129 221 129 63 129
130 277 377 621 11
131 212 489 408 520
132 118 21 966 21
133 346 133 256 145
134 523 543 65 86
135 30 409 25 34
136 135 860 337 339
137 254 651 511 337
138 420 666 12 573
139 445 820 30 420
140 282 612 121 792
141 529 9 502 9
142 480 405 304 304
143 160 342 393 150
144 186 492 256 356
145 87 154 82 152
146 177 380 177 218
147 62 269 105 190
148 149 206 776 749
149 160 35 40 560
150 379 392 60 392
151 136 169 495 62
152 82 166 82 355
153 180 810 393 155
154 363 434 116 116
155 236 154 236 371
156 734 320 308 218
157 387 667 105 215
158 3 412 971 480
159 62 134 340 367
160 141 12 7 112
161 121 153 474 419
162 412 194 2 409
163 5 133 482 483
164 137 183 413 440
165 89 301 81 155
166 314 314 223 173
167 199 204 776 95
168 426 87 86 28
169 24 609 333 471
170 543 399 440 94
171 114 78 366 596
172 526 121 441 142
173 546 936 130 692
174 252 58 288 104
175 63 420 190 62
176 204 6 272 13
177 275 177 656 352
178 157 378 379 394
179 378 295 290 272
180 41 83 963 238
181 346 128 212 364
182 748 256 51 593
183 356 671 69 86
184 486 65 600 401
185 687 107 221 226
186 129 802 258 469
187 107 642 642 107
188 129 169 136 135
189 117 117 62 666
190 459 221 155 154
191 601 494 543 672
192 411 537 1 218
193 1001 826 408 285
194 815 815 520 54
195 208 930 208 194
196 95 41 232 178
197 199 908 278 789
198 258 16 295 386
199 280 434 16 340
200 440 172 295 376
201 917 557 51 232
202 206 201 395 396
203 168 533 906 160
204 205 593 128 152
205 847 172 107 114
206 786 519 435 160
207 95 200 275 200
208 546 245 121 23
209 107 70 86 215
210 137 283 295 376
211 338 564 589 638
212 531 107 78 310
213 913 699 406 503
214 495 371 283 253
215 248 221 107 310
216 254 371 932 303
217 282 196 16 164
218 310 309 64 511
219 172 295 62 506
220 215 268 106 62
221 42 756 288 233
222 188 710 187 494
223 218 219 79 51
224 365 695 129 922
225 494 420 932 283
226 546 255 83 458
227 695 315 218 85
228 301 314 434 169
229 31 24 654 233
230 420 783 154 173
231 292 377 6 96
232 241 158 160 161
233 366 20 121 546
234 474 422 166 2
235 243 42 642 513
236 210 434 137 877
237 209 924 89 76
238 194 865 59 832
239 4 183 210 365
240 233 282 311 190
241 237 240 210 810
242 105 550 106 820
243 42 490 491 816
244 84 121 105 92
245 361 367 160 388
246 608 608 566 451
247 19 129 280 278
248 215 187 74 134
249 569 707 720 754
250 104 181 386 181
251 151 251 116 133
252 107 98 13 65
253 107 216 272 409
254 285 164 285 301
255 545 473 116 725
256 531 581 204 65
257 278 160 106 278
258 199 64 199 105
259 173 434 493 160
260 950 292 183 520
261 35 168 64 5
262 376 321 387 388
263 686 245 434 255
264 823 15 404 412
265 555 19 420 143
266 358 602 525 700
267 61 150 155 106
268 248 282 65 107
269 446 272 579 15
270 493 280 294 572
271 192 2 59 138
272 592 321 592 164
273 4 532 532 552
274 45 273 322 46
275 440 366 78 419
276 301 25 370 48
277 130 127 128 87
278 409 443 38 847
279 5 117 121 494
280 129 116 753 165
281 164 579 929 489
282 69 306 533 290
283 211 582 184 667
284 257 183 303 434
285 408 552 408 193
286 195 252 6 376
287 69 678 184 68
288 199 198 199 908
289 280 13 168 133
290 79 282 493 62
291 543 688 543 326
292 232 219 79 14
293 44 533 249 577
294 342 262 656 262
295 313 295 380 680
296 296 107 459 610
297 86 681 178 61
298 685 845 58 252
299 190 108 183 146
300 42 298 246 430
301 818 160 165 212
302 57 849 63 184
303 280 60 95 942
304 304 16 771 16
305 137 685 815 5
306 68 121 217 160
307 177 229 37 31
308 17 654 186 162
309 310 218 204 205
310 309 223 366 20
311 225 86 92 336
312 314 256 263 263
313 73 313 0 177
314 221 224 148 434
315 495 351 734 377
316 146 21 115 612
317 218 225 459 610
318 976 245 183 756
319 234 242 243 236
320 351 365 7 510
321 301 214 180 366
322 533 28 424 311
323 533 83 128 83
324 11 421 359 496
325 10 282 221 317
326 326 538 530 533
327 733 728 96 58
328 459 188 549 356
329 160 113 41 143
330 73 221 309 18
331 328 91 110 375
332 529 602 61 283
333 895 333 925 333
334 446 428 15 429
335 274 448 617 272
336 438 365 338 115
337 82 83 513 906
338 116 438 423 114
339 115 172 28 80
340 777 777 200 908
341 311 72 106 490
342 907 262 377 156
343 681 191 166 799
344 262 180 254 142
345 262 262 148 402
346 157 342 776 776
347 181 377 122 168
348 349 149 88 137
349 191 343 345 130
350 681 681 5 430
351 105 163 115 21
352 13 135 62 582
353 87 363 81 183
354 323 447 690 301
355 107 46 446 272
356 91 11 525 266
357 329 10 306 81
358 913 525 406 7
359 421 856 362 105
360 169 486 184 249
361 48 66 111 66
362 15 404 640 64
363 211 88 89 610
364 212 612 82 82
365 141 365 355 518
366 230 920 230 333
367 30 115 166 23
368 121 233 159 234
369 88 129 114 411
370 41 776 196 282
371 209 64 103 368
372 87 459 390 393
373 571 62 19 666
374 499 86 233 62
375 480 601 333 516
376 869 841 312 62
377 526 199 399 493
378 61 465 519 61
379 283 434 473 116
380 101 371 185 125
381 160 832 412 105
382 157 150 215 201
383 379 396 395 376
384 321 250 395 395
385 182 380 396 390
386 17 315 218 310
387 157 388 390 438
388 296 288 233 288
389 283 211 21 459
390 390 13 236 158
391 376 342 157 378
392 387 390 395 160
393 142 559 258 27
394 250 321 349 907
395 82 318 409 197
396 320 351 280 199
397 321 483 342 342
398 379 250 157 880
399 450 129 80 169
400 309 495 351 203
401 362 283 377 321
402 420 133 336 30
403 133 82 468 224
404 709 185 640 353
405 46 371 105 546
406 500 358 499 503
407 786 407 44 374
408 57 96 340 169
409 325 13 303 571
410 107 280 203 82
411 303 62 627 627
412 683 131 4 425
413 813 129 572 593
414 605 797 18 18
415 697 156 13 443
416 327 728 260 20
417 339 338 16 64
418 189 627 971 10
419 777 340 777 733
420 367 438 339 116
421 23 301 428 273
422 58 5 619 57
423 245 42 64 859
424 15 335 461 15
425 873 425 621 149
426 283 121 99 185
427 145 183 4 405
428 15 16 209 845
429 592 100 687 282
430 425 90 162 323
431 80 329 64 209
432 162 549 663 81
433 433 233 252 740
434 647 458 647 256
435 793 316 255 189
436 438 340 116 655
437 48 443 444 86
438 29 13 461 269
439 338 48 27 997
440 264 500 502 506
441 661 211 55 160
442 444 96 31 367
443 427 655 427 249
444 443 485 387 389
445 139 209 237 587
446 301 183 121 890
447 428 429 335 929
448 933 322 13 271
449 414 449 414 916
450 280 113 84 366
451 161 358 602 496
452 43 406 407 494
453 607 249 81 108
454 160 117 409 169
455 135 136 133 65
456 405 268 537 170
457 523 332 700 499
458 152 160 10 434
459 87 422 19 674
460 244 409 316 726
461 335 447 409 305
462 462 561 462 145
463 462 106 756 756
464 282 283 518 187
465 473 190 564 281
466 971 506 409 555
467 418 142 88 411
468 160 776 167 918
469 469 96 442 485
470 96 455 114 307
471 84 333 577 366
472 453 166 137 169
473 121 21 409 25
474 111 110 375 478
475 375 367 980 119
476 13 83 458 291
477 108 13 168 419
478 652 513 211 155
479 414 916 414 479
480 638 480 601 57
481 685 160 36 165
482 318 423 527 424
483 226 166 756 311
484 563 373 84 624
485 336 883 116 118
486 430 5 279 107
487 213 558 359 265
488 496 496 421 61
489 434 199 105 601
490 607 128 95 198
491 816 914 900 464
492 518 577 363 21
493 107 495 5 97
494 234 96 115 41
495 46 21 777 535
496 160 91 989 91
497 79 581 51 64
498 0 17 333 280
499 488 141 249 286
500 498 232 484 64
501 176 113 443 26
502 503 44 549 710
503 213 707 161 441
504 501 160 147 115
505 502 661 510 7
506 502 407 504 525
507 513 173 326 533
508 418 409 169 82
509 747 550 160 168
510 510 264 264 267
511 411 271 273 819
512 155 209 137 58
513 303 256 607 420
514 108 190 311 225
515 94 486 362 183
516 333 166 331 358
517 743 517 195 162
518 145 249 333 405
519 316 560 313 73
520 58 685 845 4
521 598 553 340 106
522 493 483 820 87
523 134 366 367 333
524 72 21 64 450
525 700 332 529 160
526 424 474 111 474
527 113 423 96 89
528 64 168 198 51
529 533 406 7 112
530 249 82 462 249
531 212 589 107 57
532 404 533 461 446
533 406 407 374 407
534 813 836 836 813
535 482 438 482 93
536 259 83 372 75
537 178 176 178 537
538 530 92 538 306
539 160 286 63 252
540 82 310 160 165
541 15 164 695 316
542 440 168 615 669
543 817 817 544 542
544 62 12 957 12
545 93 205 197 918
546 828 889 300 102
547 370 26 971 452
548 340 777 200 820
549 855 473 498 200
550 44 121 184 68
551 663 551 299 146
552 208 285 425 84
553 554 971 679 80
554 535 728 92 72
555 265 19 44 699
556 330 438 151 96
557 395 295 628 628
558 569 707 856 366
559 559 282 82 209
560 474 258 424 424
561 462 20 329 473
562 493 399 183 215
563 706 86 55 1004
564 208 434 208 133
565 12 247 566 8
566 608 264 65 13
567 290 99 420 29
568 568 133 232 457
569 501 44 43 499
570 700 570 707 331
571 520 137 175 15
572 563 272 563 706
573 141 420 351 182
574 65 160 663 137
575 231 797 797 342
576 160 339 114 234
577 363 17 297 177
578 577 142 222 513
579 216 216 69 160
580 580 580 580 580
581 51 44 555 409
582 549 316 218 560
583 521 554 521 766
584 563 484 448 484
585 295 82 186 531
586 404 662 97 300
587 408 3 63 379
588 494 563 484 129
589 434 338 336 165
590 494 318 48 417
591 160 906 160 156
592 461 45 933 929
593 197 196 198 165
594 121 288 252 661
595 52 221 74 166
596 218 268 160 78
597 107 532 57 211
598 86 12 82 183
599 63 269 152 433
600 401 600 168 231
601 64 820 421 498
602 213 12 661 9
603 414 645 645 697
604 458 440 366 152
605 797 231 347 191
606 495 105 360 19
607 460 170 753 40
608 232 264 266 525
609 30 29 32 417
610 420 408 517 195
611 493 533 822 292
612 492 333 473 489
613 614 106 434 187
614 106 582 160 47
615 521 86 584 86
616 435 127 184 13
617 448 461 322 533
618 617 140 429 124
619 89 114 455 76
620 86 328 514 91
621 180 278 128 378
622 238 62 179 103
623 202 198 820 342
624 301 290 357 671
625 412 803 193 832
626 87 132 366 226
627 678 92 520 533
628 389 53 199 419
629 178 575 342 851
630 369 96 367 438
631 209 252 137 982
632 632 397 122 376
633 633 633 633 633
634 634 635 286 815
635 208 55 949 411
636 211 283 372 106
637 637 637 209 963
638 638 46 254 165
639 234 637 233 238
640 97 101 323 185
641 160 562 377 380
642 212 62 754 441
643 162 103 379 60
644 269 87 513 153
645 231 343 207 214
646 211 301 651 950
647 221 74 220 68
648 648 648 648 648
649 499 246 247 570
650 215 494 108 420
651 254 107 828 300
652 419 226 307 74
653 653 653 653 653
654 288 283 186 82
655 470 116 129 130
656 352 103 53 231
657 269 140 812 285
658 658 658 658 658
659 377 342 593 822
660 660 660 660 660
661 44 155 518 283
662 100 86 521 62
663 188 145 163 654
664 425 403 403 403
665 254 77 282 509
666 441 608 608 754
667 105 400 68 400
668 157 381 149 157
669 783 654 162 287
670 670 670 670 670
671 107 87 434 62
672 543 113 51 13
673 673 495 434 518
674 661 441 430 211
675 675 675 675 675
676 428 592 322 140
677 434 474 23 28
678 492 186 70 83
679 971 520 520 2
680 380 157 296 199
681 851 605 851 377
682 191 348 349 644
683 281 615 253 166
684 684 684 684 684
685 949 131 82 365
686 301 502 11 530
687 107 83 727 464
688 543 168 542 129
689 198 64 357 424
690 690 160 256 290
691 691 691 691 691
692 231 249 569 358
693 283 300 489 5
694 706 86 83 283
695 365 303 513 615
696 17 518 173 134
697 5 486 270 28
698 2 57 58 282
699 602 499 7 264
700 267 608 61 498
701 462 545 473 187
702 107 665 665 411
703 703 703 703 703
704 704 704 704 107
705 705 401 256 552
706 694 290 211 88
707 823 565 266 466
708 98 97 102 411
709 353 121 184 422
710 508 62 159 158
711 711 711 711 711
712 255 314 160 133
713 81 21 184 81
714 129 208 249 371
715 799 447 322 929
716 5 481 949 511
717 131 271 408 489
718 305 809 304 86
719 52 814 347 347
720 86 19 42 81
721 37 667 387 296
722 278 231 231 196
723 971 467 509 540
724 338 27 27 48
725 113 329 333 474
726 212 153 301 690
727 483 917 445 424
728 96 619 96 88
729 525 720 856 186
730 231 262 533 950
731 731 731 731 731
732 732 732 732 732
733 327 173 254 651
734 156 181 385 385
735 592 216 429 160
736 736 86 765 246
737 271 89 4 55
738 6 486 318 981
739 82 356 160 279
740 51 740 51 970
741 741 377 150 182
742 742 166 187 549
743 516 743 102 3
744 744 744 744 744
745 377 262 511 337
746 746 746 746 746
747 508 142 187 215
748 367 254 186 165
749 820 168 434 106
750 88 183 145 83
751 206 793 206 820
752 283 83 533 187
753 115 229 198 31
754 661 264 533 290
755 211 518 422 145
756 431 84 272 310
757 980 64 183 611
758 288 571 520 305
759 121 77 78 77
760 15 353 768 125
761 393 379 60 385
762 516 408 211 552
763 5 47 443 165
764 211 434 283 256
765 9 466 504 510
766 134 482 78 93
767 803 826 1001 3
768 100 92 887 885
769 107 478 183 486
770 353 434 411 949
771 106 372 70 372
772 772 772 772 772
773 773 405 490 419
774 285 281 194 832
775 560 295 560 229
776 918 128 220 68
777 340 497 562 425
778 549 276 168 813
779 820 343 343 42
780 84 582 211 183
781 537 221 560 222
782 526 172 123 169
783 420 108 477 474
784 411 192 192 3
785 545 34 165 36
786 519 259 519 315
787 21 274 21 96
788 788 717 788 717
789 278 301 245 365
790 544 303 81 544
791 425 574 280 148
792 121 890 121 256
793 435 942 95 280
794 335 164 535 554
795 417 367 142 163
796 353 129 286 80
797 231 65 101 404
798 798 798 798 798
799 715 69 107 164
800 185 800 185 125
801 41 23 417 48
802 365 338 932 283
803 803 859 2 158
804 11 106 46 828
805 44 324 754 608
806 809 5 900 169
807 303 369 630 369
808 808 808 808 808
809 285 303 269 174
810 393 295 521 86
811 28 722 27 62
812 803 990 859 520
813 168 419 268 74
814 344 349 321 380
815 520 252 615 669
816 169 531 914 470
817 493 515 292 284
818 160 589 365 18
819 140 46 236 963
820 955 820 212 405
821 163 170 160 426
822 168 166 84 598
823 823 565 608 266
824 191 64 411 987
825 723 923 733 326
826 408 516 411 516
827 506 407 494 311
828 145 166 73 313
829 523 836 706 563
830 452 420 581 65
831 258 347 180 149
832 57 520 635 634
833 856 82 747 184
834 107 859 5 681
835 65 65 714 419
836 523 168 167 776
837 837 837 837 107
838 45 210 88 88
839 191 344 262 262
840 275 226 225 409
841 231 692 231 232
842 211 46 216 448
843 567 82 99 404
844 971 114 366 440
845 481 481 96 211
846 605 846 605 846
847 547 455 165 860
848 445 518 17 189
849 252 859 193 1001
850 546 129 176 440
851 180 129 188 184
852 18 86 105 128
853 82 180 256 172
854 82 441 324 441
855 299 190 82 129
856 282 196 86 114
857 191 64 456 64
858 306 400 69 952
859 4 412 192 4
860 753 75 165 455
861 350 936 706 14
862 777 862 777 777
863 57 412 615 115
864 411 405 308 308
865 412 64 397 632
866 96 173 400 306
867 134 523 829 168
868 320 390 409 316
869 179 150 397 53
870 65 430 211 730
871 231 385 103 182
872 61 533 55 208
873 401 183 245 42
874 401 82 51 498
875 170 417 486 714
876 564 640 353 15
877 533 359 264 9
878 23 87 283 308
879 242 243 58 412
880 4 412 192 271
881 96 115 978 115
882 166 536 184 42
883 165 251 437 38
884 412 408 286 126
885 106 340 143 340
886 59 63 921 138
887 20 127 259 400
888 412 243 166 459
889 375 478 66 514
890 890 121 340 434
891 892 314 228 82
892 290 6 440 53
893 971 754 141 14
894 327 11 5 828
895 114 89 183 513
896 329 210 160 339
897 263 438 23 337
898 230 283 133 166
899 2 896 116 340
900 978 860 337 6
901 137 56 880 252
902 5 207 107 532
903 262 100 300 531
904 321 395 719 393
905 297 86 197 27
906 156 232 556 280
907 180 172 655 526
908 908 128 474 476
909 183 611 11 293
910 65 639 234 252
911 81 363 283 14
912 504 510 141 332
913 951 666 324 441
914 113 981 48 318
915 38 370 26 26
916 414 645 645 645
917 445 128 180 172
918 51 280 655 171
919 443 427 422 21
920 230 82 326 327
921 285 6 128 365
922 79 282 662 300
923 923 723 538 173
924 89 303 96 361
925 417 171 847 919
926 931 926 243 211
927 930 158 242 235
928 211 402 262 278
929 933 139 335 335
930 235 84 811 28
931 599 158 132 242
932 187 183 69 508
933 446 166 424 109
934 268 309 248 282
935 936 706 86 143
936 822 922 487 332
937 640 564 158 137
938 611 938 611 278
939 232 426 160 268
940 128 593 482 554
941 189 82 424 355
942 435 793 316 424
943 295 717 459 615
944 748 106 20 166
945 945 409 280 214
946 641 371 282 269
947 321 368 0 120
948 381 160 404 98
949 809 4 971 893
950 422 601 494 107
951 666 420 190 13
952 952 952 28 21
953 292 133 51 201
954 615 521 134 173
955 128 917 51 399
956 700 913 358 459
957 707 7 546 742
958 962 325 143 83
959 377 961 377 483
960 377 182 103 546
961 377 961 377 149
962 325 420 338 438
963 963 301 597 695
964 23 142 183 602
965 936 168 62 135
966 189 549 694 493
967 504 674 565 9
968 184 121 183 212
969 184 187 183 655
970 917 27 722 38
971 321 162 133 336
972 509 105 543 326
973 971 59 174 284
974 593 482 143 172
975 971 699 506 365
976 411 866 80 747
977 977 977 242 963
978 165 438 411 375
979 316 309 64 209
980 980 427 115 147
981 527 444 84 493
982 137 210 295 383
983 333 976 485 166
984 333 393 388 394
985 376 321 388 377
986 261 165 486 201
987 900 40 318 169
988 411 286 635 2
989 91 107 306 20
990 65 204 533 81
991 412 820 94 440
992 129 168 47 40
993 408 59 252 59
994 6 845 183 270
995 712 4 880 157
996 12 7 499 407
997 27 62 63 815
998 65 51 112 469
999 145 82 854 82
1000 206 307 206 62
1001 3 114 283 295
1002 560 142 180 644
1003 258 22 137 552
1004 55 698 126 13
