0 380 376 150 104 283 186 82 326 173 404 618
1 232 231 289 14 232 176 417 113 333 531 82
2 162 252 738 271 304 420 163 333 370 113 494
3 56 809 138 301 18 223 468 121 172 115 438
4 4 425 705 401 621 425 430 765 421 19 666
5 115 128 917 196 201 207 183 183 210 62 90
6 738 698 59 56 54 249 505 407 506 62 355
7 12 265 8 569 498 86 190 434 258 474 420
8 7 498 65 101 124 214 483 345 483 851 907
9 569 9 19 155 393 533 541 150 191 278 347
10 728 259 69 325 173 254 255 472 255 329 42
11 421 481 2 208 210 13 375 105 226 314 161
12 8 672 543 494 747 509 105 310 222 301 298
13 210 84 558 213 602 11 22 92 72 311 373
14 482 289 425 289 14 270 28 168 183 820 422
15 929 322 434 551 86 506 510 8 823 666 11
16 128 346 21 211 256 820 544 817 543 294 377
17 307 696 297 218 215 220 23 32 151 113 107
18 533 84 317 309 183 424 106 106 282 745 745
19 13 15 125 86 687 353 87 63 820 171 333
20 86 170 249 87 137 815 174 932 544 607 253
21 495 739 300 102 100 687 86 210 238 234 209
22 137 174 405 108 494 308 462 58 211 611 211
23 434 2 899 2 635 2 886 2 6 4 809
24 25 438 29 473 183 303 160 404 366 531 256
25 165 333 950 533 576 533 165 900 123 302 303
26 34 590 165 30 36 82 50 612 347 814 344
27 370 33 23 301 444 301 504 301 100 618 125
28 80 68 418 582 671 551 671 356 160 278 128
29 23 36 486 165 170 338 114 249 84 152 467
30 115 486 65 13 450 526 82 226 533 663 551
31 612 248 218 366 121 255 215 905 316 629 316
32 361 437 816 548 753 170 371 107 207 917 974
33 590 23 421 504 374 441 374 166 520 3 158
34 26 47 333 627 667 187 363 365 169 33 39
35 40 119 40 964 23 25 26 971 423 370 26
36 438 26 27 438 170 38 438 423 438 450 611
37 39 480 142 483 305 809 132 87 147 13 95
38 258 357 478 81 663 137 859 173 404 950 303
39 151 31 254 371 249 377 344 262 656 178 350
40 165 86 271 209 285 59 859 932 393 368 250
41 342 181 385 378 283 392 60 232 60 283 144
42 23 86 601 105 60 181 950 422 493 280 167
43 44 805 358 141 499 499 707 498 459 222 1
44 833 7 569 362 133 261 116 455 411 3 371
45 933 89 107 453 42 166 86 586 83 458 83
46 46 579 15 448 421 359 267 570 8 569 44
47 79 531 263 419 253 282 254 41 232 557 133
48 105 375 469 477 478 110 111 110 258 211 928
49 217 340 268 19 160 533 856 12 14 537 74
50 431 166 820 180 493 820 644 644 820 482 14
51 445 139 139 461 216 592 269 644 166 405 17
52 595 52 537 221 537 1 128 329 245 443 414
53 397 841 719 376 307 18 424 404 99 404 333
54 412 195 832 193 2 208 552 256 169 360 169
55 3 473 296 397 181 379 5 279 160 818 65
56 826 812 273 819 273 301 362 5 183 371 494
57 481 4 411 252 131 126 138 63 363 249 128
58 59 803 1001 193 58 404 142 353 99 100 424
59 194 58 166 21 308 17 105 44 661 674 506
60 179 376 397 546 23 86 426 263 290 531 811
61 19 569 778 569 19 365 269 420 244 420 108
62 183 410 160 345 157 383 377 572 86 234 64
63 379 164 137 2 57 304 971 973 971 569 264
64 165 123 860 165 27 116 987 816 987 169 263
65 275 450 129 44 459 589 589 282 340 777 21
66 108 469 329 121 152 212 69 509 518 249 17
67 189 460 167 218 308 430 956 11 466 8 358
68 473 113 419 161 434 233 474 366 226 42 147
69 166 434 427 980 5 868 5 24 545 27 151
70 431 212 494 375 154 932 531 114 81 509 216
71 152 492 518 434 148 0 120 18 225 460 518
72 259 83 430 498 967 44 967 504 246 7 510
73 73 316 147 513 422 427 40 30 24 36 48
74 1 317 226 533 800 185 100 51 82 353 183
75 367 486 65 129 35 301 429 579 15 303 170
76 333 405 278 180 214 82 160 56 89 515 65
77 121 261 27 170 497 13 135 96 6 21 405
78 420 254 932 129 486 357 474 340 280 655 75
79 78 366 311 268 316 222 86 190 459 756 225
80 222 309 248 459 268 421 529 488 466 11 12
81 424 338 437 25 34 30 30 31 35 28 438
82 647 121 281 62 41 917 27 722 28 96 474
83 430 956 44 499 500 265 525 332 505 406 720
84 754 161 570 566 573 11 265 804 466 856 533
85 537 53 167 122 156 181 950 145 180 421 452
86 177 380 101 419 199 342 107 21 462 586 408
87 183 410 486 128 16 305 2 126 13 339 116
88 129 490 460 169 450 257 568 420 654 162 169
89 437 5 97 124 97 618 617 448 107 89 63
90 62 726 107 36 170 96 47 820 421 504 301
91 357 82 285 58 158 114 365 169 114 423 847
92 815 92 480 282 218 459 1 221 53 178 342
93 13 238 622 238 587 236 87 812 160 448 461
94 908 201 486 188 189 314 166 19 405 493 426
95 908 908 124 166 300 62 426 232 820 162 393
96 599 208 635 812 174 174 62 64 281 211 636
97 618 97 99 424 86 459 29 24 25 361 115
98 13 108 409 28 256 105 453 142 44 367 303
99 185 709 353 86 94 196 51 232 840 285 4
100 98 98 98 98 404 323 192 807 5 980 655
101 300 889 375 411 243 237 252 114 655 167 575
102 517 333 62 509 356 183 419 84 454 258 328
103 211 842 96 881 96 411 411 192 826 832 252
104 288 613 288 756 288 288 756 613 613 747 366
105 820 269 272 216 509 253 259 728 411 208 809
106 129 115 453 546 17 467 142 132 949 57 193
107 3 812 57 815 520 408 138 880 921 56 271
108 474 38 592 579 13 164 379 295 379 64 80
109 424 82 230 82 86 518 363 661 440 533 551
110 478 110 84 612 105 367 129 399 129 133 280
111 474 38 171 470 470 753 261 151 34 38 113
112 51 31 37 96 135 136 41 142 211 612 340
113 38 443 114 686 263 82 50 162 83 478 90
114 640 64 549 221 226 228 309 310 365 564 263
115 437 169 638 55 54 4 145 546 210 106 1
116 114 371 285 286 138 160 506 672 971 729 441
117 409 316 459 434 132 256 338 35 29 409 10
118 597 142 303 89 619 57 3 128 81 607 365
119 40 38 27 29 533 171 533 173 405 145 290
120 74 308 74 314 161 314 301 118 387 393 533
121 531 581 820 42 756 215 341 218 314 218 226
122 123 37 40 545 40 34 339 339 113 417 925
123 681 278 130 122 122 179 376 397 380 539 178
124 323 300 11 327 328 91 112 375 356 106 690
125 283 209 283 356 290 357 357 105 747 166 180
126 586 2 516 192 517 5 430 543 87 974 128
127 22 22 92 434 210 183 272 45 16 367 212
128 283 371 340 922 53 440 434 333 405 183 107
129 365 607 420 312 301 121 371 473 419 63 249
130 426 232 515 168 291 206 86 310 249 421 268
131 131 55 55 552 211 256 41 918 917 167 593
132 371 329 434 329 184 114 367 121 23 35 169
133 373 134 84 474 234 64 89 215 87 419 87
134 74 259 537 607 537 460 730 160 466 265 161
135 5 619 59 812 217 404 474 105 820 346 5
136 93 260 728 92 815 815 815 520 2 409 710
137 283 300 282 184 166 242 243 305 949 252 105
138 58 252 408 271 301 963 234 160 676 447 272
139 76 263 232 498 359 44 42 667 582 667 188
140 644 269 546 299 508 105 450 399 401 249 218
141 699 913 44 8 107 84 510 504 374 166 133
142 133 971 63 6 389 296 121 189 509 105 127
143 758 366 86 467 69 287 162 323 5 789 352
144 121 154 173 155 183 458 434 229 39 13 446
145 83 236 235 158 242 166 950 422 129 490 209
146 368 320 250 320 616 1 284 377 231 936 546
147 612 309 218 282 288 233 83 533 422 7 666
148 148 262 262 100 618 617 269 533 602 362 434
149 377 147 513 340 254 340 212 107 589 282 687
150 541 420 222 400 509 356 671 509 420 249 83
151 438 93 82 173 256 705 705 232 820 160 129
152 212 329 210 87 17 494 450 129 166 453 472
153 932 113 29 443 226 283 142 212 165 212 420
154 393 387 60 61 390 491 816 119 40 917 974
155 114 62 627 189 106 589 434 11 209 845 809
156 381 150 60 95 908 207 95 908 201 62 554
157 350 681 682 681 851 352 546 209 518 405 367
158 405 81 80 105 255 121 261 160 195 517 305
159 235 420 641 641 371 548 82 546 147 155 351
160 494 2 865 56 921 930 208 2 140 282 333
161 452 43 44 672 672 8 661 13 458 600 493
162 252 174 250 160 20 118 209 494 543 450 705
163 459 358 566 700 602 602 498 74 116 317 695
164 160 685 137 301 278 278 106 303 107 281 194
165 107 420 641 166 303 355 142 295 84 249 550
166 141 420 474 42 81 188 74 549 1 616 435
167 14 133 5 215 17 255 170 455 981 547 333
168 840 413 813 543 401 714 813 836 332 358 232
169 81 367 121 520 195 520 138 809 107 201 486
170 123 95 93 40 560 1002 560 496 922 487 496
171 261 655 37 667 533 180 621 781 537 222 142
172 107 417 5 133 14 129 93 93 513 183 820
173 892 226 317 389 292 292 232 397 381 342 294
174 166 107 132 252 56 949 59 845 685 160 812
175 3 283 125 100 124 98 353 121 280 93 25
176 593 350 180 148 468 316 459 248 259 728 10
177 223 316 629 316 690 86 297 696 248 73 707
178 166 467 106 283 166 165 89 437 900 123 338
179 741 250 320 533 285 533 285 532 131 646 646
180 121 280 303 340 301 473 418 81 58 115 513
181 167 60 231 65 94 207 5 89 806 304 89
182 392 104 549 288 58 62 708 708 125 101 120
183 956 933 956 44 374 406 672 249 367 21 363
184 314 106 114 28 270 14 403 493 458 440 498
185 124 99 139 160 690 160 726 314 317 221 546
186 129 115 373 86 31 121 223 218 459 226 419
187 184 64 191 344 191 13 698 809 707 913 525
188 155 465 465 83 430 246 649 84 478 13 514
189 549 298 137 155 470 971 514 474 514 474 256
190 282 249 286 160 195 809 698 685 193 58 431
191 207 206 65 130 157 180 214 207 41 801 820
192 195 58 597 142 28 261 986 261 31 367 114
193 412 305 845 924 57 59 160 218 82 357 290
194 55 2 285 738 4 256 187 473 642 254 441
195 586 59 195 281 685 738 698 4 425 870 401
196 197 196 280 196 64 506 211 506 332 44 932
197 128 210 424 78 405 87 249 54 160 145 832
198 167 420 167 820 856 506 971 809 211 106 254
199 83 166 314 105 360 170 62 493 424 172 183
200 204 204 65 533 177 74 225 283 21 44 331
201 249 615 393 382 393 434 65 352 191 857 166
202 41 94 201 776 918 201 51 100 107 253 315
203 179 381 160 84 268 496 529 720 498 267 19
204 51 280 86 485 245 426 486 51 44 913 499
205 51 371 405 184 540 549 627 549 582 103 385
206 908 278 789 654 288 654 186 932 597 142 84
207 183 201 107 165 41 200 380 387 395 160 481
208 194 281 932 419 199 201 283 280 179 397 103
209 233 240 210 87 351 94 917 970 546 850 199
210 160 496 359 264 406 608 406 358 503 506 502
211 88 285 411 809 252 235 971 10 143 108 473
212 172 228 218 183 822 908 41 474 419 5 29
213 421 457 129 142 142 353 353 87 546 340 342
214 419 143 420 210 420 188 74 105 420 166 529
215 201 395 908 593 214 21 11 661 211 243 930
216 428 164 735 269 929 164 64 280 65 352 342
217 121 118 279 82 820 169 366 305 243 615 163
218 223 142 756 227 756 459 496 161 434 363 187
219 377 782 526 401 424 87 303 362 666 86 141
220 68 509 108 183 410 183 859 932 81 80 230
221 480 362 434 46 142 166 87 448 160 234 235
222 331 225 221 546 820 970 51 167 296 190 42
223 223 560 29 590 494 39 437 26 251 438 450
224 309 215 341 248 301 596 282 254 153 154 422
225 222 160 200 199 13 207 196 207 167 420 137
226 79 86 551 549 467 86 395 104 182 396 60
227 495 114 333 736 160 284 155 208 87 62 12
228 495 673 495 405 44 83 63 88 142 4 13
229 198 95 60 295 296 107 591 107 233 494 590
230 106 64 326 389 394 947 947 320 65 525 44
231 841 312 494 27 48 367 546 321 351 130 278
232 294 401 664 664 166 140 301 137 209 241 232
233 433 405 115 427 119 753 900 455 976 925 48
234 244 64 140 174 254 859 254 651 950 8 452
235 158 237 210 45 335 322 139 592 446 933 956
236 363 508 82 222 537 232 120 309 85 313 17
237 162 129 562 401 362 6 54 58 271 304 211
238 13 2 160 690 160 250 61 301 284 277 203
239 373 240 424 16 128 430 401 664 425 294 543
240 373 282 357 212 474 476 474 469 96 411 24
241 236 363 208 930 927 926 234 244 615 163 491
242 132 282 115 252 115 31 123 455 375 375 375
243 159 963 160 123 165 725 116 443 113 250 741
244 244 241 244 460 473 418 747 162 427 145 546
245 114 39 229 177 229 387 250 296 385 321 387
246 421 488 499 359 499 602 441 17 473 184 282
247 498 506 504 358 501 160 103 320 379 250 104
248 549 287 494 662 300 892 45 124 618 98 100
249 252 3 256 291 346 160 404 372 42 83 106
250 103 397 632 376 308 532 308 283 368 395 393
251 914 113 424 142 172 14 221 468 495 606 495
252 55 305 89 285 82 368 366 693 366 441 374
253 607 434 419 74 495 228 695 129 116 165 89
254 393 62 238 963 963 209 909 280 377 764 30
255 405 133 346 157 231 201 231 526 296 288 58
256 424 139 424 283 144 212 550 747 249 569 739
257 65 440 264 452 160 268 301 115 261 133 114
258 256 269 121 115 404 421 434 296 494 282 393
259 327 728 885 728 306 28 371 494 822 593 95
260 331 362 486 377 468 221 537 268 513 226 223
261 160 717 106 106 747 80 546 352 656 380 296
262 533 187 418 188 311 260 10 306 728 21 357
263 245 981 114 81 107 83 49 19 550 44 331
264 9 754 9 8 566 451 496 421 19 293 525
265 823 823 823 558 569 8 566 700 661 19 107
266 950 404 234 6 6 126 173 859 803 63 5
267 264 12 365 180 41 14 368 60 379 103 60
268 212 434 431 249 145 427 282 173 160 418 409
269 216 971 812 160 103 0 377 546 615 84 432
270 611 270 280 219 17 105 173 41 203 167 290
271 455 438 136 133 417 981 976 981 245 82 228
272 446 447 46 405 695 424 78 482 339 35 409
273 15 175 252 96 259 259 74 116 460 730 460
274 263 547 339 27 437 165 151 34 545 23 128
275 368 83 101 120 377 174 15 128 42 58 107
276 301 137 254 74 314 307 114 160 212 191 166
277 342 593 974 94 177 381 377 907 342 533 525
278 351 172 214 128 106 282 20 68 173 99 97
279 82 105 256 405 290 263 417 47 444 13 413
280 201 820 249 105 169 261 470 171 976 411 604
281 56 859 271 211 15 62 179 103 283 426 276
282 217 142 577 333 107 249 296 405 543 294 401
283 63 62 70 84 549 460 116 370 455 114 547
284 168 62 129 457 238 602 182 295 521 134 5
285 129 28 29 473 550 288 212 859 849 859 87
286 129 137 272 429 334 322 676 322 447 429 273
287 20 189 62 390 104 295 393 61 123 681 284
288 433 162 71 217 404 145 856 331 295 459 268
289 280 87 812 115 612 924 699 359 558 569 264
290 165 169 419 642 106 726 1 377 396 61 295
291 291 142 494 328 91 478 442 442 36 13 290
292 953 27 883 883 39 37 40 25 133 377 344
293 754 466 496 141 573 12 560 922 856 301 169
294 294 377 397 320 250 495 114 686 564 281 3
295 313 218 310 581 872 377 918 494 17 313 310
296 320 232 537 315 519 405 63 365 184 546 963
297 17 162 83 579 335 269 473 421 434 363 188
298 106 68 663 160 169 419 591 419 183 474 108
299 146 226 434 14 482 553 598 521 62 154 147
300 145 434 393 378 60 177 223 212 249 351 249
301 285 211 62 356 424 518 58 664 58 129 113
302 183 95 155 849 155 183 207 197 41 129 87
303 355 183 95 309 74 230 533 168 484 83 546
304 369 88 369 160 376 393 60 103 232 129 820
305 131 142 217 282 4 859 411 211 2 285 2
306 400 96 285 54 126 300 2 546 936 955 94
307 74 177 309 177 94 533 430 956 213 700 498
308 183 405 282 427 119 96 866 80 64 389 395
309 5 327 486 82 295 341 222 223 612 306 141
310 107 736 62 554 340 121 372 513 74 224 148
311 260 93 51 201 205 86 366 387 368 14 473
312 74 330 248 311 295 390 157 321 384 157 181
313 223 282 357 290 515 89 408 434 450 611 270
314 312 420 210 405 15 160 65 835 275 160 27
315 537 607 105 420 15 447 690 21 820 62 253
316 726 314 310 272 812 298 184 86 445 13 949
317 218 696 222 495 932 420 184 314 219 172 166
318 76 423 76 48 263 151 39 409 292 82 371
319 107 812 140 2 164 735 461 447 812 174 140
320 394 160 448 617 140 447 62 77 497 482 598
321 397 537 178 180 393 320 181 388 249 80 299
322 13 840 562 493 568 562 515 813 399 199 288
323 4 6 438 423 47 220 47 443 251 40 251
324 971 190 106 726 314 363 329 576 160 400 325
325 945 945 945 409 36 183 211 434 424 142 615
326 424 281 164 429 929 579 335 533 820 654 376
327 733 551 671 549 551 303 371 21 560 1002 560
328 329 638 126 635 2 140 461 272 563 563 522
329 108 409 65 334 272 271 303 82 543 113 133
330 438 129 568 1 726 189 188 129 714 401 874
331 459 42 422 533 180 153 254 531 212 180 350
332 359 533 185 533 189 215 295 382 379 64 191
333 154 269 592 274 424 329 419 848 445 301 818
334 446 15 533 321 381 377 150 389 317 248 74
335 533 106 82 212 462 249 388 61 157 53 103
336 883 336 337 170 38 579 428 160 275 6 134
337 82 856 434 69 710 971 332 407 43 505 62
338 263 419 255 254 169 135 93 482 162 323 185
339 34 588 494 576 160 35 121 856 107 303 285
340 114 419 74 745 377 377 167 284 167 340 303
341 218 495 188 671 747 282 256 226 128 249 460
342 214 346 129 106 355 16 269 256 820 13 526
343 231 316 979 106 210 237 242 121 366 249 64
344 176 515 65 178 214 413 426 413 714 172 419
345 180 231 820 445 160 877 160 726 121 20 145
346 345 61 465 615 546 106 550 107 90 329 283
347 307 133 403 168 128 214 82 371 211 138 286
348 349 321 947 181 393 810 244 159 209 5 681
349 5 135 251 151 753 978 900 900 437 39 93
350 822 936 204 199 677 434 148 262 347 215 225
351 377 344 149 575 351 106 454 107 290 533 581
352 103 397 321 150 122 167 133 201 342 139 164
353 82 782 377 907 377 393 387 388 181 385 389
354 100 618 124 45 322 272 579 216 273 322 139
355 170 471 421 180 284 191 86 573 566 666 160
356 564 638 329 28 172 82 77 282 21 17 17
357 62 21 274 549 67 533 667 387 283 166 434
358 856 186 62 8 950 651 428 15 162 58 411
359 7 856 19 666 267 266 533 28 351 364 433
360 371 21 86 572 936 955 593 434 405 498 452
361 437 136 169 96 655 482 531 249 80 183 82
362 141 856 560 321 533 180 644 6 880 137 175
363 121 163 366 312 177 5 24 35 27 409 421
364 21 459 223 268 1 250 390 295 472 471 473
365 133 133 27 438 444 47 172 143 41 180 156
366 283 230 283 82 179 133 426 130 290 329 419
367 318 494 86 236 363 210 489 473 298 160 161
368 14 936 86 304 13 63 518 404 687 185 124
369 630 630 630 303 46 63 635 634 634 635 4
370 39 28 35 36 35 26 170 367 980 5 24
371 329 328 459 222 223 225 331 44 856 405 62
372 86 70 186 283 295 391 320 616 602 183 270
373 253 17 162 253 405 143 91 477 258 424 295
374 7 451 265 498 500 44 502 43 569 358 569
375 474 81 952 81 46 548 82 549 184 513 365
376 157 396 320 397 377 157 395 86 98 323 323
377 384 363 280 526 399 168 280 362 956 213 499
378 377 961 377 621 277 277 377 179 214 95 917
379 174 411 323 5 516 195 193 826 59 520 4
380 380 680 380 296 142 256 82 462 20 10 324
381 391 376 654 211 81 303 5 469 112 37 36
382 157 181 219 309 905 309 310 82 147 189 509
383 379 182 384 105 165 107 256 557 518 271 80
384 60 157 880 58 155 44 105 84 372 431 288
385 394 295 292 523 836 836 523 543 493 694 706
386 17 41 115 301 314 189 121 747 667 13 83
387 379 283 166 127 184 290 437 860 438 136 151
388 280 270 129 161 441 434 433 71 70 186 31
389 397 6 195 3 57 54 137 81 69 958 509
390 295 107 106 340 494 822 593 142 236 132 949
391 60 150 379 384 393 82 115 173 153 612 233
392 296 142 375 121 612 17 1 1 459 187 434
393 393 395 16 434 275 226 300 107 687 404 687
394 179 191 166 201 166 747 249 950 366 114 919
395 424 212 283 174 379 174 58 154 107 748 367
396 308 396 377 172 346 351 284 179 104 182 376
397 632 376 368 86 31 32 113 40 590 38 30
398 377 851 483 133 160 496 922 496 496 160 381
399 199 218 86 340 513 173 83 727 84 71 162
400 105 283 145 142 143 90 183 526 714 183 417
401 568 544 534 544 434 34 39 40 251 169 495
402 148 148 180 17 282 183 543 129 294 65 129
403 168 440 813 543 93 114 333 404 373 714 450
404 107 283 131 305 281 3 81 145 183 165 900
405 518 86 172 820 206 294 129 457 197 41 918
406 498 7 913 699 44 141 466 7 7 332 506
407 506 499 8 569 358 247 267 247 700 247 707
408 215 347 612 105 129 419 493 474 183 68 21
409 325 64 511 541 160 856 525 332 505 358 525
410 107 327 326 118 387 387 118 461 448 273 592
411 4 131 552 408 6 296 296 610 59 303 56
412 865 59 971 514 108 112 357 249 211 88 121
413 275 65 204 176 450 409 448 16 128 346 160
414 370 41 336 860 753 470 753 151 136 337 438
415 697 321 320 380 680 380 232 499 241 233 212
416 173 10 134 598 521 389 390 379 368 391 381
417 136 160 147 329 91 107 401 365 564 12 573
418 189 667 184 480 357 282 434 490 518 105 215
419 68 473 188 366 84 268 513 627 184 298 299
420 450 1 85 312 494 86 326 549 187 316 187
421 7 358 407 213 213 602 533 262 814 58 664
422 166 73 311 74 297 177 223 518 145 82 353
423 89 89 520 991 412 404 105 210 46 428 812
424 290 936 231 426 403 813 399 93 399 166 129
425 426 231 257 284 377 398 295 308 211 138 59
426 62 87 20 420 118 607 460 473 121 172 342
427 165 366 166 137 126 173 74 438 987 169 96
428 322 15 592 273 461 592 269 164 216 254 44
429 164 533 173 154 513 74 419 253 932 493 523
430 8 8 504 44 8 301 597 282 258 347 349
431 249 531 212 255 189 745 189 81 365 249 21
432 288 371 404 125 424 93 417 437 27 494 90
433 431 431 249 106 434 166 880 160 355 518 546
434 368 182 60 390 397 60 384 393 424 329 64
435 163 654 376 342 797 231 936 965 936 935 125
436 438 129 232 526 14 450 450 568 562 457 285
437 26 545 588 588 307 872 17 87 208 194 63
438 30 24 411 123 860 336 27 23 438 107 23
439 115 171 48 333 981 847 547 981 847 417 162
440 438 438 470 86 368 86 225 226 218 204 593
441 11 22 686 86 450 568 133 443 485 333 233
442 96 160 251 336 883 339 261 980 367 75 135
443 133 52 103 368 104 150 820 153 105 5 980
444 443 84 549 221 73 17 404 708 404 357 105
445 64 65 568 130 936 204 172 219 377 839 377
446 269 335 334 272 546 212 283 333 654 333 23
447 272 290 256 234 96 438 482 129 458 254 216
448 40 409 318 170 442 423 976 361 62 216 254
449 414 370 417 263 13 809 301 263 333 486 362
450 534 544 450 450 534 813 515 6 438 655 655
451 161 12 564 209 131 281 520 991 412 408 285
452 649 649 441 254 63 301 8 86 536 298 160
453 62 292 543 672 44 565 44 160 142 283 201
454 258 256 28 212 493 523 168 28 473 498 720
455 135 409 428 448 592 273 13 356 69 80 282
456 456 456 405 173 74 254 345 180 351 351 350
457 562 840 232 499 241 233 241 963 86 226 228
458 280 47 370 37 151 494 197 143 714 450 133
459 17 404 373 133 133 256 490 356 474 89 305
460 333 932 253 315 495 83 236 303 15 272 45
461 624 409 409 33 33 615 58 212 856 666 661
462 545 93 86 82 233 17 393 153 404 252 154
463 462 82 81 137 685 826 252 685 55 160 337
464 291 206 62 329 210 83 105 129 333 245 245
465 473 963 319 209 238 252 183 460 115 363 560
466 451 466 971 729 441 434 288 549 298 184 540
467 17 120 5 333 516 743 743 516 743 516 192
468 221 42 612 963 154 106 311 309 223 331 29
469 469 478 477 258 454 160 877 155 589 365 258
470 455 39 31 170 256 51 593 908 776 41 333
471 170 170 23 427 655 114 307 177 146 21 695
472 255 421 23 33 13 461 429 447 473 141 666
473 115 142 153 654 376 307 314 363 169 261 30
474 145 170 13 535 554 521 295 396 308 183 236
475 300 102 102 812 880 57 859 252 740 82 285
476 258 66 389 379 182 385 160 776 200 275 368
477 258 160 429 166 430 504 358 608 267 265 570
478 329 147 366 62 151 32 28 261 427 261 30
479 414 603 414 603 414 605 851 180 122 347 149
480 508 259 83 203 206 206 793 613 793 206 546
481 809 57 412 81 486 286 58 880 57 137 305
482 162 181 346 128 62 333 288 212 210 159 238
483 133 232 41 593 197 172 401 705 256 165 123
484 64 0 88 63 738 59 56 126 57 137 665
485 170 116 338 932 98 86 206 426 285 458 813
486 35 25 36 333 443 414 415 86 271 142 577
487 213 529 529 494 588 27 33 165 256 283 356
488 487 558 487 84 513 422 518 492 162 549 106
489 419 81 62 143 142 64 815 520 412 411 24
490 546 282 105 233 62 173 41 205 917 445 419
491 170 170 212 489 64 124 896 896 287 184 249
492 166 55 107 254 107 106 189 377 918 201 198
493 172 450 183 11 700 602 529 699 504 441 62
494 747 508 86 377 203 62 285 88 924 209 303
495 405 695 227 268 390 385 393 142 366 142 233
496 529 602 700 957 569 452 160 162 468 342 107
497 77 142 393 473 63 665 54 2 194 54 55
498 247 707 61 390 388 377 148 179 122 191 122
499 452 666 441 602 182 296 363 314 405 856 212
500 498 526 296 389 104 388 388 61 64 323 371
501 232 440 438 33 37 30 165 48 212 142 145
502 529 602 365 224 74 764 483 172 515 526 82
503 374 501 406 971 4 329 424 340 79 133 51
504 430 19 288 283 380 390 385 378 385 182 869
505 332 9 44 43 358 459 615 615 155 615 800
506 411 728 885 21 166 87 41 776 572 64 164
507 513 507 85 51 201 202 201 917 557 128 183
508 533 440 440 366 820 917 593 86 236 160 91
509 62 357 108 110 121 759 459 464 136 361 34
510 504 500 498 58 664 694 493 820 44 51 82
511 346 172 30 263 169 201 197 601 480 166 137
512 366 169 251 23 34 165 753 816 860 338 365
513 87 665 412 859 665 272 461 45 139 274 272
514 971 540 189 184 473 35 39 116 32 40 964
515 493 460 493 533 45 429 301 444 76 417 162
516 305 16 187 166 184 508 546 615 963 931 963
517 411 552 211 333 919 976 547 443 171 23 212
518 661 700 720 707 73 215 297 311 312 314 872
519 607 490 365 187 142 121 209 183 353 166 210
520 552 411 122 60 232 201 420 107 254 820 342
521 553 86 593 206 546 2 305 305 366 134 554
522 523 543 689 543 292 486 35 878 33 29 533
523 618 404 166 18 107 256 258 410 258 477 375
524 72 21 820 169 137 880 2 698 271 4 121
525 700 699 11 183 357 143 133 39 84 180 468
526 425 4 58 597 597 142 283 121 550 747 366
527 981 919 114 256 142 480 550 212 210 810 321
528 191 344 814 52 128 306 64 165 35 160 41
529 506 374 466 856 434 813 403 426 206 167 575
530 161 264 823 19 957 12 13 35 26 437 900
531 142 253 62 303 301 153 932 303 166 77 254
532 57 601 83 373 373 311 73 73 73 331 177
533 430 62 212 820 654 288 433 49 217 643 217
534 813 817 515 168 285 129 515 493 546 820 168
535 164 379 16 304 58 256 133 232 226 218 315
536 20 10 105 420 627 189 941 189 434 243 305
537 1 85 467 85 317 116 987 169 326 145 828
538 306 160 468 419 263 419 64 438 308 494 233
539 178 191 601 121 232 120 0 268 295 396 60
540 971 235 360 441 666 19 405 371 124 405 158
541 150 387 229 143 714 526 86 318 361 165 64
542 168 82 252 369 630 303 859 142 404 950 243
543 326 923 326 173 155 739 569 8 573 358 707
544 183 401 148 434 509 216 69 551 549 694 664
545 442 35 338 437 48 654 420 490 81 679 81
546 106 1 549 326 145 188 459 495 405 15 760
547 423 48 76 47 339 136 116 118 20 520 859
548 491 548 491 892 173 723 173 92 723 306 160
549 68 474 409 278 231 434 401 971 973 971 480
550 44 51 256 82 116 47 38 25 10 173 212
551 434 64 389 394 389 292 493 84 31 37 545
552 571 145 187 80 106 188 971 361 434 393 382
553 86 822 350 345 483 917 196 143 108 258 347
554 419 848 340 513 269 859 886 812 635 63 56
555 84 623 86 563 373 372 115 339 339 165 169
556 531 106 979 316 253 282 271 4 82 493 154
557 445 581 139 448 164 695 20 10 509 62 86
558 359 502 505 407 265 267 265 661 570 265 8
559 142 295 314 226 222 255 283 392 387 384 377
560 27 116 329 106 695 734 211 532 107 133 162
561 462 21 28 27 93 201 166 19 441 333 421
562 200 196 282 726 612 859 286 408 552 54 56
563 6 408 56 481 411 373 93 473 14 389 296
564 258 357 21 83 87 820 62 17 441 362 466
565 674 506 856 956 856 301 581 473 963 244 243
566 971 417 245 417 925 263 13 409 30 24 26
567 843 290 822 494 113 361 114 80 222 696 307
568 82 495 121 1 284 277 149 6 362 441 160
569 44 105 667 81 189 671 411 728 733 777 419
570 360 441 282 160 445 820 62 183 146 601 233
571 520 971 343 107 164 137 365 363 384 388 280
572 426 93 413 232 368 390 295 295 308 405 268
573 11 92 685 6 845 211 88 58 105 165 847
574 401 621 342 277 130 345 156 906 513 474 301
575 351 105 400 21 325 10 13 423 96 304 599
576 533 88 88 54 132 236 533 530 365 314 161
577 757 980 427 254 77 84 513 340 419 356 329
578 577 757 367 62 450 342 199 296 526 221 256
579 929 164 140 209 83 152 269 644 950 707 809
580 580 580 580 580 580 580 580 580 580 580 580
581 0 238 194 55 6 562 426 562 129 482 14
582 62 242 243 159 183 58 455 470 96 100 96
583 521 823 823 558 84 160 152 467 418 183 602
584 272 84 323 125 708 99 424 338 84 127 92
585 813 434 53 397 378 60 420 21 169 533 28
586 826 1001 990 2 859 803 412 411 481 58 412
587 832 826 63 411 121 144 186 226 79 420 7
588 30 27 24 988 24 96 842 96 474 17 314
589 607 548 491 491 624 84 453 62 169 329 21
590 590 24 997 953 28 38 27 27 361 263 116
591 83 147 342 262 180 381 60 232 280 419 642
592 46 300 187 80 183 308 283 589 282 64 140
593 907 156 179 381 320 377 157 191 851 191 277
594 83 255 254 210 242 926 64 549 215 159 215
595 52 786 52 719 121 68 160 306 68 679 375
596 597 118 121 209 233 586 233 441 360 360 570
597 58 546 850 199 338 439 115 387 392 61 394
598 340 777 733 327 327 416 971 324 565 9 529
599 3 158 63 281 271 305 483 851 605 414 370
600 600 401 493 280 342 160 347 278 199 278 82
601 105 384 321 483 917 593 214 345 342 381 377
602 466 231 65 94 167 172 847 333 367 81 212
603 414 414 697 156 166 347 258 932 98 101 155
604 458 86 450 105 333 283 46 812 208 552 82
605 851 575 232 499 912 765 856 498 178 344 200
606 495 46 932 474 80 28 820 93 813 600 133
607 548 377 181 231 178 344 344 180 366 856 922
608 754 674 7 62 107 86 707 872 581 5 931
609 333 531 79 205 172 13 280 342 726 62 292
610 59 685 3 412 698 58 665 6 140 541 139
611 464 727 483 113 925 245 486 725 443 29 545
612 282 222 106 255 105 419 489 107 46 932 283
613 288 550 549 118 420 5 135 455 211 364 212
614 106 340 564 748 256 425 621 284 284 149 179
615 243 931 927 927 241 159 240 235 96 527 114
616 459 490 42 133 545 24 96 89 919 40 847
617 269 154 163 612 145 144 615 459 87 533 460
618 662 124 323 101 380 120 94 200 562 438 40
619 89 259 253 366 63 3 371 81 3 208 57
620 620 290 272 447 273 274 340 531 165 121 28
621 149 150 82 278 908 205 925 47 847 847 48
622 238 498 440 24 40 13 135 93 28 254 252
623 86 720 707 569 9 674 674 267 267 266 11
624 13 90 11 7 324 720 804 971 430 8 44
625 4 481 305 698 412 809 859 160 63 56 89
626 87 132 256 557 518 11 502 503 265 608 265
627 549 818 440 515 593 974 128 107 201 232 368
628 181 541 140 644 528 305 409 710 272 446 216
629 316 459 226 340 301 27 33 32 24 36 127
630 369 160 28 39 24 31 107 704 107 160 207
631 209 131 2 13 339 30 172 426 133 51 346
632 632 376 250 495 160 85 86 41 256 81 424
633 633 633 633 633 633 633 633 633 633 633 633
634 634 635 286 815 305 281 56 718 63 411 517
635 2 859 281 64 419 468 172 47 339 136 116
636 211 845 924 88 137 137 174 56 174 54 685
637 209 282 115 229 170 987 170 419 211 126 812
638 589 607 453 83 478 62 282 212 68 473 170
639 209 96 173 126 126 4 329 212 77 445 848
640 99 139 46 748 129 572 593 918 918 820 932
641 163 162 169 427 105 544 168 301 4 57 303
642 642 87 166 290 282 280 93 143 258 27 13
643 162 31 32 27 38 245 686 381 479 479 479
644 349 349 342 820 165 545 27 409 474 375 108
645 414 605 846 605 797 231 655 114 533 20 467
646 646 411 285 302 57 3 2 4 114 486 725
647 420 363 208 194 208 564 338 31 151 151 494
648 648 648 648 648 648 648 648 648 648 648 648
649 441 430 183 62 820 232 557 205 922 496 268
650 215 248 74 260 400 560 913 358 459 362 6
651 597 58 333 421 19 513 546 493 294 401 107
652 513 615 800 549 671 253 83 368 393 379 308
653 653 653 653 653 653 653 653 653 653 653 653
654 323 404 434 356 142 333 533 607 243 58 59
655 116 160 153 212 212 549 799 447 812 160 117
656 149 148 434 356 362 107 550 69 477 469 89
657 269 434 14 231 289 180 284 749 167 292 611
658 658 658 658 658 658 658 658 658 658 658 658
659 659 377 62 418 253 671 411 305 880 56 13
660 660 660 660 660 660 660 660 660 660 660 660
661 8 107 158 240 211 286 285 6 426 423 171
662 353 87 256 474 420 105 258 152 166 44 546
663 663 551 69 64 157 537 21 36 25 30 38
664 486 63 278 183 198 196 16 311 424 196 280
665 121 367 892 300 194 57 411 481 252 408 285
666 86 283 230 283 62 494 563 93 513 173 68
667 387 295 385 389 160 573 7 19 44 19 183
668 157 398 157 295 86 586 59 990 4 285 401
669 5 249 404 83 253 184 21 72 259 106 283
670 670 670 670 670 670 670 670 670 670 670 670
671 551 160 589 357 486 128 576 129 365 293 365
672 44 21 671 582 582 160 857 301 368 391 60
673 673 495 459 225 311 678 184 366 950 17 173
674 19 365 106 142 20 495 739 82 355 83 405
675 675 675 675 675 675 675 675 675 675 675 675
676 447 335 124 706 563 464 563 494 593 94 350
677 199 399 84 269 82 172 285 54 305 252 571
678 747 282 4 169 81 161 405 493 129 115 58
679 508 418 747 710 710 299 287 68 671 249 518
680 380 380 380 539 531 106 494 165 443 26 443
681 342 139 461 461 140 447 579 13 318 282 268
682 681 345 178 381 156 166 139 447 473 422 248
683 412 81 114 919 333 261 171 299 80 121 828
684 684 684 684 684 684 684 684 684 684 684 684
685 208 58 654 17 74 560 142 141 9 510 754
686 263 30 114 154 513 642 106 329 283 372 48
687 107 158 89 924 96 6 418 508 105 127 92
688 543 326 326 183 400 106 81 137 155 18 201
689 198 197 457 409 108 971 113 113 169 434 458
690 20 728 21 17 248 330 556 280 377 390 157
691 691 691 691 691 691 691 691 691 691 691 691
692 231 60 215 20 467 81 300 460 117 613 619
693 366 290 531 365 137 685 285 107 550 667 747
694 255 222 695 20 80 866 96 325 508 86 47
695 607 128 183 53 922 908 776 200 275 413 426
696 297 696 297 311 366 109 108 111 258 434 300
697 5 281 305 13 329 63 211 48 263 442 444
698 949 211 582 62 467 971 277 191 528 64 201
699 141 14 450 228 253 405 340 17 308 83 233
700 720 765 421 765 365 179 377 199 908 395 160
701 462 121 375 756 73 215 159 166 234 930 926
702 107 467 459 328 91 469 108 91 329 363 186
703 703 703 703 703 703 703 703 703 703 703 703
704 704 704 107 434 28 142 217 132 121 203 377
705 450 409 357 121 249 355 932 46 83 113 160
706 86 573 566 823 823 666 661 452 666 951 360
707 661 362 19 499 499 608 529 608 141 359 608
708 185 687 100 51 751 41 280 256 425 289 482
709 404 709 404 640 64 290 936 822 280 231 168
710 710 189 225 221 106 82 225 215 347 347 61
711 711 711 711 711 711 711 711 711 711 711 711
712 4 158 546 493 835 275 434 551 86 58 192
713 69 329 286 4 405 129 544 133 333 601 121
714 562 160 298 106 142 418 187 473 460 215 268
715 84 121 158 950 158 405 121 99 125 142 353
716 5 211 84 317 310 366 282 252 273 140 6
717 295 395 64 113 417 443 38 590 953 28 438
718 63 87 223 495 228 17 253 418 480 143 90
719 393 392 588 24 35 438 25 29 151 753 116
720 266 555 720 213 358 358 161 707 957 12 8
721 28 25 654 66 611 166 576 533 877 549 779
722 28 877 81 145 239 233 105 355 183 212 269
723 777 10 638 338 564 356 81 28 953 24 588
724 160 103 379 392 103 321 533 18 314 105 748
725 96 527 423 171 93 129 576 82 404 532 286
726 62 174 46 828 87 453 87 422 21 548 249
727 464 128 168 450 482 339 113 486 329 371 21
728 96 242 303 351 81 518 254 41 94 41 908
729 84 336 27 38 115 438 455 361 32 31 32
730 301 953 28 270 183 504 7 511 682 191 212
731 731 731 731 731 731 731 731 731 731 731 731
732 732 732 732 732 732 732 732 732 732 732 732
733 440 457 92 887 885 887 885 887 20 424 526
734 211 5 171 165 860 900 40 31 27 160 302
735 448 971 403 542 450 292 1000 206 200 177 344
736 333 269 434 283 693 82 326 82 221 155 153
737 271 304 82 12 62 582 418 467 85 85 310
738 303 105 17 333 981 455 211 256 154 513 74
739 495 495 315 537 268 227 756 183 169 170 116
740 82 53 52 820 100 935 936 129 936 593 214
741 250 320 295 331 707 267 707 602 238 86 326
742 546 397 458 254 23 460 57 604 211 419 542
743 517 5 272 461 140 6 323 768 404 249 950
744 744 744 744 744 744 744 744 744 744 744 744
745 745 221 82 74 121 27 33 339 179 907 907
746 746 746 746 746 746 746 746 746 746 746 746
747 106 255 472 255 295 62 627 809 285 57 481
748 377 402 262 656 122 150 741 179 122 60 181
749 62 356 81 142 258 424 295 320 94 955 820
750 88 252 412 54 58 233 58 597 651 118 128
751 51 93 543 478 282 687 100 99 121 15 162
752 65 440 231 645 645 231 14 380 680 380 157
753 860 116 464 337 438 114 278 149 88 252 89
754 565 674 12 14 221 1 560 922 53 922 14
755 211 355 210 245 405 256 133 307 537 607 533
756 42 490 106 589 271 408 832 826 2 126 4
757 367 31 186 531 86 105 914 113 13 329 424
758 223 160 245 361 113 847 547 171 455 816 455
759 459 253 607 105 121 462 408 993 408 126 698
760 15 125 283 234 234 5 718 305 366 114 44
761 393 250 393 82 740 51 35 14 12 213 407
762 516 305 865 865 59 160 440 241 499 502 503
763 763 763 5 191 601 333 280 51 206 751 51
764 30 30 437 847 444 318 114 280 130 280 64
765 856 765 430 7 510 674 707 359 525 602 362
766 766 134 535 482 41 203 196 86 62 151 151
767 82 450 142 248 317 1 450 64 980 119 96
768 99 98 932 106 254 107 255 329 105 607 118
769 559 283 356 256 365 362 160 551 69 299 551
770 353 709 353 486 53 434 215 255 254 453 107
771 106 21 642 419 460 490 410 183 44 499 7
772 772 772 772 772 772 772 772 772 772 772 772
773 773 405 748 377 947 393 379 181 346 129 490
774 285 286 59 803 63 283 394 377 386 157 396
775 560 361 455 136 169 306 64 458 426 130 290
776 203 198 258 152 269 424 274 273 592 335 461
777 173 269 174 411 866 80 92 259 86 236 533
778 85 74 756 431 50 612 82 601 404 101 768
779 549 360 213 11 209 639 639 65 426 82 355
780 84 119 84 305 211 571 142 172 180 129 714
781 537 189 67 533 88 0 459 295 947 377 148
782 82 748 173 173 115 114 137 58 518 188 663
783 420 490 170 301 362 5 458 542 256 41 200
784 784 784 784 411 323 654 789 5 807 5 990
785 13 340 922 856 293 374 504 7 358 232 167
786 206 918 776 776 14 284 130 280 533 35 588
787 21 282 129 291 420 28 51 201 94 94 218
788 788 788 788 717 295 390 388 104 157 395 390
789 458 568 256 87 419 199 301 168 172 714 458
790 544 183 302 5 581 65 435 920 435 65 160
791 612 84 582 582 533 529 502 359 359 498 86
792 121 647 434 275 440 206 14 47 483 232 562
793 206 515 484 936 290 434 11 141 510 12 441
794 322 533 83 186 152 615 412 162 549 779 549
795 417 251 251 123 115 442 423 333 517 305 174
796 405 162 859 87 365 495 160 375 896 368 434
797 605 846 605 797 342 219 314 317 17 427 474
798 798 798 798 798 798 798 798 798 798 798 798
799 971 729 141 141 265 804 565 804 971 277 214
800 549 540 184 434 253 366 256 362 421 409 710
801 41 180 107 165 36 37 127 169 455 135 336
802 258 490 165 115 363 114 339 113 86 818 339
803 193 411 114 339 47 86 417 895 333 120 758
804 232 971 184 357 5 59 59 305 738 586 738
805 44 486 285 286 481 898 230 282 10 405 174
806 285 121 395 61 378 397 295 932 427 75 40
807 211 405 102 101 300 106 642 82 393 615 404
808 808 808 808 808 808 808 808 808 808 808 808
809 195 63 625 412 138 412 102 2 635 63 126
810 296 62 154 147 422 7 358 406 43 358 499
811 84 780 84 560 607 256 306 538 538 92 20
812 272 584 272 13 179 340 280 280 363 154 393
813 544 303 269 269 46 45 322 735 448 409 428
814 347 180 149 347 215 295 215 316 297 177 177
815 208 208 820 53 280 133 373 166 48 105 154
816 411 864 411 405 356 256 263 274 46 405 81
817 544 450 186 420 143 758 288 104 295 313 74
818 301 284 284 5 572 350 851 605 846 846 846
819 140 164 379 61 264 213 503 499 500 141 306
820 365 187 183 154 209 83 492 121 693 366 282
821 160 369 303 283 263 232 440 168 121 357 357
822 183 6 206 204 280 160 467 69 713 81 63
823 823 8 160 356 490 63 420 624 13 327 259
824 191 284 936 935 936 206 426 257 231 249 286
825 306 327 20 329 371 169 81 252 845 685 193
826 812 803 63 365 377 94 377 390 491 378 295
827 506 529 533 818 160 549 80 299 184 282 340
828 356 107 468 82 601 523 292 176 178 0 313
829 523 168 133 83 601 107 395 390 13 949 552
830 452 451 558 213 452 8 62 708 98 13 748
831 258 143 197 601 146 85 41 165 198 485 84
832 57 138 412 137 252 305 718 63 405 145 188
833 62 262 533 457 568 130 351 87 114 46 461
834 107 83 203 377 562 6 552 6 296 167 917
835 401 285 129 813 534 813 172 585 493 403 971
836 706 124 82 285 5 327 128 86 132 106 210
837 837 837 837 837 107 256 531 82 601 64 16
838 124 354 100 97 124 98 185 533 581 77 581
839 377 621 301 93 28 339 725 318 76 119 261
840 285 271 412 271 58 373 194 859 880 880 63
841 869 182 397 393 615 521 295 341 389 252 59
842 211 705 425 791 401 183 203 291 65 101 300
843 290 493 270 183 165 314 300 314 107 284 5
844 133 120 232 457 294 129 47 370 25 654 252
845 481 685 13 342 214 178 483 94 64 496 268
846 846 846 846 605 797 231 871 231 457 440 152
847 417 417 115 23 172 214 177 18 533 146 166
848 419 105 58 42 387 118 209 96 165 51 198
849 849 849 63 815 194 252 480 671 253 333 422
850 199 526 493 464 169 306 550 288 84 555 409
851 483 533 483 727 83 856 506 362 7 502 7
852 206 936 484 86 372 64 69 306 10 271 126
853 82 453 420 244 237 242 926 963 643 49 153
854 183 356 366 160 667 13 478 105 5 820 327
855 299 190 13 179 820 183 201 820 749 62 230
856 301 857 301 248 221 249 253 509 190 106 420
857 166 424 258 152 494 191 282 357 13 478 105
858 306 329 165 914 113 329 28 306 825 923 326
859 105 282 82 23 546 321 389 394 368 52 197
860 375 230 366 306 21 581 473 184 107 367 121
861 350 178 275 178 61 379 61 368 150 160 269
862 777 535 340 424 357 64 94 86 28 363 155
863 57 303 412 803 58 462 256 314 317 226 283
864 411 323 768 185 709 353 323 618 523 618 97
865 56 845 281 552 518 621 518 445 86 687 282
866 96 302 57 863 57 96 444 333 212 253 607
867 411 64 325 5 346 352 65 409 207 343 129
868 5 281 59 132 258 410 82 83 152 440 264
869 397 390 250 250 103 379 397 179 104 160 548
870 401 526 275 813 534 450 526 257 426 275 129
871 231 191 282 142 828 889 300 371 124 99 371
872 218 196 198 202 198 290 6 285 59 55 271
873 425 430 486 486 48 113 417 29 165 337 338
874 401 712 401 426 493 546 115 166 340 62 292
875 170 62 212 252 210 252 625 63 685 6 571
876 564 640 185 98 640 45 269 371 125 424 281
877 155 133 581 139 933 334 322 592 46 429 579
878 35 338 37 127 21 64 5 58 615 249 129
879 242 236 158 546 145 290 128 214 851 157 283
880 305 243 63 175 685 845 3 520 57 271 210
881 96 211 283 380 103 393 60 376 985 376 82
882 166 662 494 494 27 588 28 339 30 84 73
883 339 361 318 64 183 545 165 79 419 221 224
884 884 884 884 884 884 884 884 884 412 991 412
885 728 411 194 6 102 412 138 211 506 358 12
886 812 812 546 121 362 105 310 160 139 124 768
887 92 434 408 3 174 269 274 263 86 256 58
888 412 2 192 411 900 900 40 37 721 30 39
889 375 154 87 280 494 407 358 498 496 359 525
890 890 890 121 217 340 62 310 365 83 58 174
891 892 314 892 828 434 83 273 272 309 219 181
892 160 147 212 82 518 351 87 131 532 56 56
893 971 470 914 105 74 310 366 152 404 217 366
894 327 107 329 568 130 122 167 450 399 84 474
895 333 212 70 152 84 107 79 128 249 615 243
896 160 4 170 27 339 79 107 166 115 171 409
897 263 29 62 41 167 204 172 468 172 28 254
898 898 230 62 366 367 245 981 443 370 47 96
899 2 481 809 55 638 210 244 58 145 115 5
900 900 168 419 87 484 515 515 13 661 252 137
901 137 139 461 592 447 440 438 263 847 547 443
902 5 82 133 307 376 368 391 393 396 308 129
903 262 402 148 401 424 552 137 194 990 803 252
904 321 177 214 419 45 164 579 448 617 140 541
905 215 717 271 448 617 272 462 513 340 777 69
906 533 280 196 86 572 129 362 160 256 557 201
907 936 822 822 290 822 183 258 105 152 404 615
908 395 83 114 847 925 114 220 47 135 438 417
909 129 568 526 181 61 157 681 352 180 393 121
910 65 51 28 254 23 107 290 563 129 458 600
911 81 105 820 183 215 434 35 31 40 29 169
912 499 765 358 510 499 466 160 117 189 86 504
913 525 700 358 43 499 505 358 331 464 35 86
914 170 371 226 314 85 51 64 506 406 44 407
915 38 245 42 143 413 93 820 128 27 27 13
916 414 414 479 414 605 846 846 605 851 907 179
917 197 955 197 52 368 393 180 162 129 419 263
918 200 178 166 160 116 207 343 128 143 51 486
919 455 123 103 182 150 166 422 269 288 295 60
920 230 283 295 521 86 74 764 314 309 18 82
921 285 142 441 430 498 65 94 176 417 361 455
922 499 9 8 265 213 8 265 500 406 43 452
923 825 923 733 777 498 447 676 322 15 162 4
924 88 304 455 304 271 211 82 422 427 333 981
925 318 547 38 28 115 233 241 237 209 139 448
926 931 210 638 640 114 261 5 285 2 160 67
927 931 210 210 137 249 252 661 121 432 71 288
928 211 82 495 419 714 129 139 446 164 424 69
929 164 269 274 216 971 467 189 509 216 254 269
930 236 236 13 281 494 290 130 345 157 398 157
931 963 927 210 159 158 236 155 301 321 392 157
932 113 107 165 329 184 513 211 269 46 303 160
933 334 46 447 409 69 160 963 244 420 82 83
934 340 531 282 173 777 723 538 173 333 355 932
935 768 101 101 65 998 65 291 458 533 342 179
936 204 172 180 301 155 115 58 845 63 3 665
937 937 99 323 162 412 832 587 234 283 282 107
938 611 5 207 172 734 177 229 177 312 377 280
939 572 290 437 482 64 980 13 93 25 133 107
940 128 200 908 917 200 206 6 430 765 86 290
941 189 255 546 936 204 280 277 82 227 227 215
942 435 147 160 23 13 207 13 128 180 249 258
943 295 104 160 401 399 401 574 425 870 401 493
944 748 129 695 317 18 533 530 11 956 213 498
945 945 325 326 538 538 326 424 274 334 65 129
946 641 1 146 533 147 249 441 360 293 360 360
947 393 154 513 147 146 21 325 327 173 154 83
948 381 397 869 179 148 148 0 250 296 295 182
949 481 421 246 298 160 336 437 531 107 249 548
950 266 0 734 157 250 379 394 385 393 250 295
951 957 19 452 452 566 971 582 418 188 69 550
952 509 400 400 325 96 411 2 54 131 86 518
953 35 121 71 162 389 385 295 104 250 377 776
954 87 166 747 494 82 191 903 191 511 651 624
955 936 965 936 935 100 323 640 124 82 151 27
956 426 245 423 547 48 40 409 316 420 453 83
957 707 700 238 440 440 450 494 197 51 280 278
958 69 362 165 443 171 339 35 28 365 121 186
959 377 250 390 295 379 377 395 86 400 92 86
960 377 748 46 495 62 430 280 21 46 3 62
961 377 839 191 178 157 681 157 350 178 178 231
962 958 509 952 710 81 663 137 169 896 63 412
963 927 210 237 927 963 612 162 549 663 68 21
964 40 318 442 114 208 126 131 646 131 163 86
965 936 935 125 99 64 859 921 56 865 845 481
966 189 81 105 121 792 121 748 13 302 115 914
967 504 406 505 661 9 525 498 11 90 64 496
968 299 509 107 481 411 5 980 367 531 438 390
969 509 513 422 129 932 23 950 113 423 96 439
970 820 464 822 53 420 464 611 86 84 835 425
971 332 7 956 700 525 967 504 7 922 205 95
972 509 678 68 92 21 615 21 371 183 845 58
973 971 570 12 856 573 86 233 243 963 240 242
974 87 615 269 446 429 15 162 532 17 87 654
975 971 893 971 251 438 35 121 142 142 82 188
976 114 533 435 316 73 17 467 152 142 405 15
977 209 139 269 216 139 76 119 333 820 212 81
978 165 48 115 256 802 129 114 234 587 832 412
979 170 115 233 242 236 13 655 37 84 323 662
980 5 272 665 58 6 438 455 361 423 13 318
981 318 127 36 121 963 154 269 234 533 171 40
982 137 209 62 216 461 461 624 84 268 494 371
983 113 483 94 41 483 214 352 352 214 343 342
984 153 105 226 86 820 85 14 593 196 593 51
985 376 182 18 18 86 30 31 170 38 37 37
986 411 604 411 412 3 859 6 252 272 140 274
987 411 209 63 128 86 42 453 615 87 13 336
988 411 192 408 286 635 63 271 45 428 45 164
989 91 89 474 84 48 36 93 165 41 196 201
990 5 0 459 221 83 253 75 427 121 172 13
991 412 192 807 54 438 165 36 36 48 443 547
992 129 802 172 228 218 248 372 134 523 172 60
993 408 286 859 63 128 206 160 589 160 308 17
994 6 5 306 329 21 187 82 337 169 364 169
995 712 401 285 129 105 87 533 213 525 466 324
996 12 419 28 545 165 860 914 531 497 440 733
997 27 151 116 329 198 290 166 446 216 160 452
998 65 290 290 494 113 981 113 133 18 225 459
999 145 58 158 62 498 593 974 87 828 353 662
1000 206 918 204 93 39 38 590 33 34 590 32
1001 826 193 2 546 859 121 153 249 296 250 60
1002 560 0 560 328 327 249 154 58 462 586 86
1003 258 198 5 135 438 249 18 103 283 271 13
1004 55 685 520 252 625 4 411 84 144 254 74
0 380 376 150 104
1 221 256 222 225
2 86 275 479 479
3 252 193 195 3
4 208 208 738 211
5 306 326 473 30
6 184 299 710 418
7 511 118 21 371
8 504 499 406 533
9 44 649 421 430
10 13 94 120 309
11 529 374 293 525
12 8 504 569 452
13 481 3 411 58
14 51 165 33 443
15 128 105 747 162
16 269 160 137 2
17 121 210 62 90
18 424 641 166 81
19 49 83 162 747
20 223 366 74 311
21 21 187 20 462
22 155 877 28 419
23 545 93 513 459
24 5 312 62 68
25 38 37 38 113
26 23 820 950 913
27 361 29 23 41
28 367 169 280 165
29 34 34 36 170
30 609 114 36 114
31 86 233 147 435
32 417 23 333 47
33 113 444 13 209
34 35 114 925 318
35 86 206 342 167
36 13 581 531 438
37 667 465 189 20
38 915 38 245 365
39 40 30 434 129
40 547 333 152 271
41 113 51 581 473
42 427 166 434 159
43 43 407 502 504
44 155 137 877 533
45 932 174 283 560
46 63 121 290 357
47 13 661 518 62
48 84 454 82 214
49 87 509 81 184
50 162 190 189 519
51 199 776 776 204
52 185 99 290 424
53 65 371 208 129
54 812 62 255 314
55 86 392 528 5
56 55 208 815 685
57 6 4 89 58
58 814 347 307 218
59 520 815 138 305
60 172 171 245 96
61 178 342 296 719
62 279 279 279 106
63 564 876 564 126
64 197 201 107 589
65 206 232 226 165
66 328 328 474 96
67 549 473 280 165
68 679 189 679 375
69 549 1 726 726
70 431 249 12 7
71 70 62 17 532
72 20 467 21 533
73 221 107 184 187
74 690 282 577 333
75 339 245 976 547
76 485 74 460 411
77 531 115 366 333
78 114 971 470 86
79 86 12 121 263
80 230 333 976 443
81 473 42 21 363
82 454 160 548 337
83 557 79 482 165
84 127 21 355 638
85 726 314 161 358
86 23 83 249 106
87 49 50 643 87
88 183 106 163 473
89 238 89 107 687
90 160 529 166 3
91 419 84 235 610
92 287 800 615 546
93 883 116 114 527
94 167 206 198 129
95 167 655 482 497
96 375 476 478 375
97 768 100 662 404
98 97 185 768 935
99 708 82 438 455
100 125 618 323 768
101 98 640 45 164
102 5 261 169 548
103 377 284 214 94
104 283 137 22 127
105 187 166 21 932
106 81 82 31 424
107 401 424 274 21
108 478 66 91 469
109 108 652 108 405
110 91 356 490 518
111 110 478 111 474
112 356 896 142 184
113 426 160 17 142
114 326 318 486 35
115 612 17 215 64
116 455 437 900 411
117 211 81 474 420
118 301 245 62 100
119 84 594 84 399
120 120 18 215 218
121 365 44 367 249
122 180 365 283 225
123 411 195 533 321
124 233 654 420 316
125 708 82 230 82
126 6 191 645 191
127 21 44 649 44
128 179 376 283 162
129 86 687 185 100
130 351 734 169 41
131 552 305 210 13
132 738 58 494 225
133 142 165 251 115
134 766 521 62 365
135 914 113 113 455
136 27 545 255 211
137 56 63 520 21
138 4 809 5 527
139 322 929 140 83
140 140 6 489 64
141 86 563 464 444
142 226 307 133 18
143 714 450 526 280
144 145 333 473 582
145 999 145 4 564
146 21 346 172 813
147 377 365 245 47
148 179 133 544 568
149 490 81 568 121
150 381 377 872 218
151 438 87 63 16
152 433 432 288 19
153 494 225 189 695
154 154 107 405 758
155 223 212 411 54
156 381 948 381 181
157 537 243 434 87
158 166 233 433 288
159 252 859 408 271
160 261 30 121 145
161 434 83 433 217
162 393 249 747 282
163 17 162 31 123
164 929 269 424 125
165 27 370 135 370
166 146 0 215 306
167 204 283 693 82
168 600 588 36 588
169 183 159 820 362
170 164 160 405 519
171 409 23 254 174
172 128 133 820 159
173 184 365 293 44
174 54 520 991 520
175 58 408 2 481
176 238 158 137 298
177 220 68 173 22
178 350 350 351 81
179 971 754 720 498
180 153 493 585 706
181 60 391 776 572
182 389 296 405 856
183 6 563 822 572
184 69 188 282 77
185 371 212 459 90
186 186 450 176 344
187 107 46 334 274
188 473 46 252 55
189 509 184 115 5
190 62 18 365 44
191 346 206 352 191
192 102 97 708 97
193 3 183 29 27
194 2 971 277 232
195 192 408 126 6
196 207 95 917 94
197 172 346 511 64
198 128 388 321 295
199 128 127 20 282
200 178 413 214 21
201 283 300 106 268
202 562 714 458 129
203 284 292 64 209
204 377 163 434 163
205 498 441 699 499
206 1000 206 51 114
207 116 438 436 438
208 2 86 840 840
209 233 433 71 162
210 371 283 424 338
211 238 13 349 6
212 612 58 587 58
213 421 566 666 452
214 172 351 122 168
215 747 473 550 473
216 274 86 458 526
217 886 2 323 125
218 310 85 14 394
219 18 258 105 492
220 215 440 970 546
221 526 44 246 266
222 1 317 226 533
223 655 301 926 158
224 468 122 347 215
225 283 493 142 80
226 17 333 58 424
227 254 41 199 196
228 314 301 284 174
229 119 229 31 115
230 21 127 318 48
231 214 231 74 260
232 576 533 129 283
233 62 15 16 357
234 282 253 932 129
235 360 452 569 9
236 107 233 612 58
237 159 241 244 238
238 302 57 604 458
239 3 571 552 211
240 234 244 241 592
241 240 236 105 362
242 62 137 54 34
243 375 368 392 61
244 210 237 6 132
245 165 89 62 498
246 765 246 430 62
247 11 621 284 5
248 260 173 129 562
249 430 956 44 499
250 321 546 177 307
251 339 179 249 672
252 924 96 527 424
253 333 120 120 18
254 531 282 690 366
255 453 84 209 71
256 170 105 169 419
257 401 294 457 425
258 165 409 36 442
259 127 613 619 56
260 10 400 690 366
261 93 438 470 170
262 100 142 62 314
263 115 48 372 86
264 213 573 498 178
265 608 406 160 47
266 466 856 331 222
267 661 8 44 155
268 73 950 80 460
269 820 93 78 82
270 14 776 198 41
271 333 256 255 932
272 21 422 518 155
273 428 160 312 53
274 216 448 273 209
275 458 152 366 537
276 568 168 494 290
277 214 232 219 377
278 21 74 215 227
279 5 252 738 271
280 464 291 256 86
281 62 172 426 426
282 612 211 646 211
283 215 494 593 155
284 971 452 649 452
285 809 806 89 136
286 286 174 363 186
287 299 855 155 363
288 571 211 612 832
289 231 157 278 83
290 567 425 430 543
291 450 62 80 480
292 133 62 3 685
293 661 11 441 213
294 65 177 377 104
295 379 160 230 107
296 526 65 362 420
297 248 549 218 18
298 160 113 232 380
299 700 956 498 7
300 97 101 99 99
301 446 301 321 182
302 438 32 883 337
303 356 828 233 288
304 211 89 3 57
305 210 513 183 513
306 538 530 11 602
307 301 159 963 319
308 74 330 556 330
309 222 748 182 872
310 272 137 685 845
311 215 690 549 459
312 228 519 227 932
313 268 222 695 695
314 434 269 461 428
315 695 316 316 222
316 695 734 377 174
317 312 314 215 589
318 107 96 438 450
319 107 736 107 736
320 157 880 59 192
321 38 547 48 643
322 533 362 356 13
323 371 641 82 261
324 666 11 699 845
325 10 366 372 283
326 473 367 36 25
327 894 327 173 129
328 90 11 64 914
329 638 338 464 563
330 860 170 16 495
331 177 64 719 395
332 505 249 152 256
333 601 41 202 623
334 429 100 124 618
335 335 139 322 334
336 84 58 132 256
337 135 115 173 126
338 135 116 513 365
339 27 494 153 654
340 331 223 366 440
341 297 49 297 17
342 593 51 557 129
343 207 201 908 205
344 149 420 610 255
345 345 186 654 50
346 21 11 183 545
347 681 178 166 0
348 191 351 283 282
349 160 828 300 889
350 936 965 936 546
351 364 212 367 338
352 160 371 210 233
353 687 100 434 4
354 354 100 371 99
355 518 86 138 481
356 69 141 666 267
357 16 164 62 68
358 707 265 266 232
359 44 506 249 362
360 169 318 83 372
361 93 543 129 211
362 15 353 708 708
363 422 601 859 56
364 433 180 420 409
365 278 377 231 289
366 107 19 362 496
367 169 96 37 545
368 390 296 378 397
369 304 302 88 63
370 37 151 85 443
371 518 371 549 460
372 107 326 13 266
373 411 121 215 66
374 407 499 141 699
375 318 183 355 329
376 307 347 215 820
377 295 717 215 211
378 390 14 426 168
379 393 388 390 182
380 379 61 872 182
381 150 150 181 378
382 377 163 5 171
383 157 16 367 212
384 377 397 381 948
385 103 123 339 114
386 17 314 221 83
387 381 548 283 320
388 376 368 379 392
389 160 394 60 283
390 396 308 411 163
391 377 86 68 92
392 321 381 387 295
393 180 82 96 417
394 321 232 312 366
395 908 908 196 820
396 380 381 393 385
397 296 296 295 434
398 295 61 160 353
399 457 232 167 450
400 183 458 600 401
401 249 131 422 82
402 211 304 564 748
403 537 459 548 531
404 17 405 126 57
405 4 685 160 496
406 498 488 362 6
407 332 971 566 7
408 63 271 737 271
409 667 533 170 816
410 258 16 304 809
411 412 411 412 193
412 193 57 58 129
413 840 840 232 121
414 415 697 415 414
415 697 697 645 697
416 971 805 971 235
417 38 170 164 446
418 188 549 276 401
419 263 847 919 443
420 607 393 433 217
421 452 830 452 649
422 513 268 212 183
423 925 847 47 5
424 109 108 90 329
425 86 189 87 137
426 166 1000 14 18
427 282 356 828 896
428 273 322 139 124
429 933 592 139 429
430 19 366 44 161
431 141 19 674 510
432 71 84 233 166
433 180 932 506 661
434 158 107 17 405
435 147 173 300 68
436 437 437 482 165
437 39 34 339 116
438 444 417 115 318
439 338 485 221 18
440 380 181 950 333
441 666 420 167 296
442 370 38 115 171
443 13 413 13 506
444 48 367 151 27
445 531 581 51 970
446 269 657 269 404
447 461 118 597 596
448 273 2 832 408
449 414 697 414 916
450 623 623 450 458
451 558 84 485 84
452 19 405 249 83
453 546 163 105 173
454 107 137 880 3
455 417 847 172 114
456 405 290 263 96
457 62 77 557 51
458 142 143 419 474
459 717 160 36 318
460 233 288 121 174
461 322 273 271 400
462 419 367 28 24
463 463 462 462 419
464 129 14 797 797
465 83 81 667 81
466 86 105 223 106
467 160 180 820 424
468 342 95 13 23
469 477 91 514 91
470 427 162 45 812
471 421 488 971 570
472 610 610 296 387
473 129 515 440 457
474 424 81 80 105
475 300 889 375 64
476 478 113 442 318
477 258 469 477 477
478 306 723 733 923
479 414 415 414 605
480 509 10 638 46
481 949 305 271 589
482 483 167 277 280
483 424 83 83 557
484 822 494 328 66
485 170 470 914 470
486 270 160 298 246
487 9 264 267 608
488 499 699 699 953
489 365 353 640 638
490 410 356 82 458
491 377 166 290 829
492 121 651 272 446
493 405 796 405 106
494 372 70 212 191
495 128 363 518 154
496 466 406 43 452
497 13 33 35 473
498 200 206 593 51
499 141 569 674 141
500 374 5 820 199
501 44 121 4 183
502 7 249 18 232
503 498 967 525 407
504 967 525 951 666
505 407 44 820 918
506 374 44 106 155
507 243 252 166 513
508 325 10 409 272
509 952 69 260 508
510 84 83 105 83
511 541 139 446 446
512 366 859 174 366
513 229 536 83 727
514 478 469 477 478
515 176 214 180 156
516 6 440 5 133
517 2 826 809 89
518 533 518 187 679
519 786 166 376 632
520 164 388 387 150
521 366 311 282 280
522 523 168 167 296
523 64 914 165 362
524 72 259 106 756
525 11 421 180 153
526 232 129 425 84
527 424 269 107 21
528 644 296 121 129
529 913 7 608 406
530 92 137 809 55
531 282 405 498 500
532 520 22 35 107
533 818 339 28 811
534 256 445 139 273
535 164 447 429 579
536 86 822 183 365
537 537 316 377 621
538 530 249 105 422
539 178 214 413 562
540 86 285 379 381
541 181 381 150 378
542 401 121 115 513
543 183 44 212 42
544 82 385 231 284
545 590 545 183 160
546 513 124 896 160
547 40 116 27 39
548 152 212 144 186
549 934 549 855 86
550 187 16 45 216
551 663 474 17 317
552 281 59 59 4
553 521 823 358 106
554 419 367 283 390
555 82 93 201 160
556 556 556 330 438
557 518 460 233 612
558 213 182 387 61
559 142 434 128 667
560 223 495 222 495
561 462 58 193 408
562 401 493 473 340
563 494 504 912 499
564 164 448 334 140
565 674 265 7 5
566 451 496 5 611
567 567 425 121 183
568 457 493 533 404
569 430 672 430 360
570 359 496 451 360
571 137 249 371 105
572 493 283 131 455
573 86 430 11 64
574 280 256 62 747
575 377 95 917 776
576 232 115 460 169
577 142 303 62 109
578 577 166 611 160
579 428 322 929 933
580 580 580 580 580
581 0 18 232 380
582 103 0 221 526
583 521 340 80 460
584 86 753 470 753
585 600 129 232 320
586 481 685 193 803
587 236 240 931 301
588 30 115 422 154
589 107 211 249 489
590 37 36 23 950
591 96 251 443 47
592 353 121 165 107
593 955 205 95 917
594 83 395 160 748
595 52 185 708 100
596 218 223 117 121
597 118 128 278 128
598 521 482 14 493
599 96 318 171 171
600 450 292 82 474
601 141 672 971 540
602 466 8 12 300
603 414 697 415 697
604 458 600 600 585
605 846 605 851 214
606 495 107 179 741
607 560 75 96 261
608 754 161 314 309
609 30 437 47 41
610 235 234 145 533
611 292 280 199 41
612 31 186 83 450
613 537 170 165 409
614 756 86 777 200
615 64 450 493 282
616 602 602 616 533
617 140 448 87 473
618 662 323 768 434
619 96 400 92 287
620 620 620 86 82
621 277 206 160 194
622 238 498 264 160
623 623 791 425 621
624 231 290 829 290
625 252 84 318 115
626 87 189 745 189
627 473 367 115 86
628 389 390 157 387
629 177 312 420 138
630 303 486 176 177
631 209 155 183 545
632 719 393 719 395
633 633 633 633 633
634 634 635 634 635
635 286 174 157 390
636 211 283 160 171
637 637 209 15 162
638 300 329 4 13
639 209 282 77 105
640 100 323 64 102
641 82 548 283 303
642 473 150 389 295
643 393 761 393 153
644 166 427 145 546
645 231 537 781 621
646 211 254 210 926
647 82 168 280 574
648 648 648 648 648
649 729 441 87 300
650 215 60 295 331
651 173 105 255 152
652 513 210 365 82
653 653 653 653 653
654 163 115 812 273
655 655 438 423 527
656 377 390 388 182
657 269 810 471 421
658 658 658 658 658
659 377 851 214 176
660 660 660 660 660
661 510 494 93 413
662 100 97 98 107
663 663 474 356 81
664 93 197 41 166
665 859 132 192 192
666 441 266 266 754
667 550 480 671 582
668 157 368 150 82
669 641 748 82 767
670 670 670 670 670
671 549 465 707 809
672 506 249 431 105
673 673 495 365 833
674 12 249 173 366
675 675 675 675 675
676 160 452 43 505
677 199 174 363 154
678 68 92 538 723
679 508 549 690 5
680 380 200 776 41
681 343 129 365 589
682 511 301 311 905
683 131 83 62 12
684 684 684 684 684
685 13 497 581 531
686 114 165 23 24
687 282 87 63 252
688 543 405 340 128
689 198 199 593 918
690 160 56 408 520
691 691 691 691 691
692 231 60 387 104
693 366 86 720 9
694 290 494 448 87
695 211 240 160 292
696 222 316 560 607
697 321 440 176 65
698 13 280 277 167
699 845 812 102 411
700 267 266 265 61
701 462 701 462 21
702 932 44 141 264
703 703 703 703 703
704 107 834 107 279
705 211 303 170 23
706 523 457 526 450
707 19 459 717 788
708 708 708 97 300
709 404 687 100 937
710 508 82 340 74
711 711 711 711 711
712 255 212 450 129
713 81 303 351 180
714 65 0 120 380
715 21 22 92 92
716 716 716 716 5
717 788 717 717 106
718 55 54 88 129
719 393 385 231 692
720 754 441 498 405
721 229 48 654 323
722 28 87 459 20
723 538 733 440 840
724 338 367 932 506
725 339 547 171 423
726 85 314 107 249
727 83 586 63 366
728 20 326 326 326
729 141 951 359 264
730 107 100 5 249
731 731 731 731 731
732 732 732 732 732
733 733 420 340 142
734 284 351 179 381
735 164 16 356 362
736 107 480 671 253
737 271 323 162 295
738 211 518 426 206
739 300 475 300 748
740 82 540 184 282
741 250 379 387 283
742 614 756 614 613
743 102 323 102 6
744 744 744 744 744
745 377 150 166 84
746 746 746 746 746
747 249 3 256 291
748 424 269 322 447
749 776 14 93 64
750 88 806 809 54
751 128 152 458 142
752 82 410 486 410
753 914 113 424 142
754 266 324 555 11
755 211 764 541 140
756 73 311 189 434
757 367 263 76 976
758 405 537 411 373
759 459 390 392 86
760 592 160 285 520
761 393 150 182 182
762 516 2 281 990
763 763 5 134 867
764 211 464 820 52
765 525 265 525 266
766 340 638 124 45
767 114 226 232 6
768 404 152 355 282
769 62 158 564 303
770 353 183 543 672
771 13 357 143 326
772 772 772 772 772
773 405 249 280 128
774 285 254 84 112
775 560 336 92 513
776 94 820 206 346
777 535 728 885 728
778 549 326 160 285
779 146 779 820 64
780 84 467 418 480
781 621 781 52 1
782 82 567 425 425
783 420 647 21 83
784 784 411 305 552
785 545 473 582 418
786 519 227 495 223
787 21 253 87 426
788 717 788 717 411
789 275 840 65 133
790 544 607 421 488
791 612 474 80 222
792 121 615 58 3
793 613 243 166 493
794 322 45 274 428
795 417 847 925 333
796 405 129 212 48
797 342 352 103 103
798 798 798 798 798
799 160 418 549 299
800 287 509 190 16
801 41 41 198 168
802 129 41 152 364
803 58 408 59 54
804 264 569 570 569
805 44 106 187 82
806 285 168 491 497
807 132 949 880 137
808 808 808 808 808
809 107 509 81 400
810 597 546 333 261
811 28 128 79 290
812 209 243 209 243
813 600 585 389 181
814 344 148 280 270
815 63 129 87 236
816 491 624 13 420
817 817 493 585 493
818 65 366 115 442
819 139 160 345 156
820 208 63 208 236
821 160 495 739 495
822 350 851 377 103
823 674 558 324 666
824 191 824 191 231
825 723 173 86 172
826 832 131 282 230
827 506 62 77 87
828 234 158 238 89
829 290 169 170 497
830 452 360 293 293
831 258 490 932 82
832 63 849 155 181
833 833 62 521 615
834 107 162 217 84
835 84 533 234 269
836 523 292 160 96
837 107 84 282 424
838 124 640 640 64
839 191 494 2 546
840 168 822 563 86
841 368 440 238 700
842 211 859 211 552
843 290 643 217 282
844 133 557 518 424
845 859 249 541 181
846 605 797 797 231
847 113 83 430 765
848 340 598 340 464
849 57 58 81 121
850 546 103 123 169
851 352 681 123 681
852 206 65 197 457
853 82 230 5 89
854 183 568 121 17
855 155 18 53 466
856 833 44 405 480
857 160 582 671 80
858 306 86 362 430
859 408 859 845 63
860 336 339 169 255
861 350 345 121 375
862 777 200 94 515
863 57 59 859 303
864 411 263 86 404
865 305 483 113 250
866 96 261 443 318
867 340 107 747 142
868 320 60 321 387
869 182 390 392 182
870 65 294 457 568
871 231 284 5 669
872 581 445 45 273
873 425 130 425 526
874 65 172 365 121
875 170 35 13 290
876 564 126 698 809
877 137 160 859 303
878 23 160 441 360
879 242 238 302 64
880 685 194 859 105
881 96 455 211 153
882 160 381 390 368
883 93 336 96 83
884 884 884 884 412
885 106 223 314 764
886 859 366 84 431
887 92 11 434 412
888 412 162 433 233
889 405 87 509 190
890 890 121 540 971
891 405 126 56 845
892 367 28 51 445
893 466 466 499 406
894 327 10 535 164
895 114 183 424 87
896 2 194 698 58
897 263 426 486 14
898 898 481 271 273
899 2 5 191 157
900 170 471 472 355
901 137 685 55 411
902 5 285 304 285
903 262 301 61 387
904 321 394 385 377
905 309 17 153 87
906 513 121 183 859
907 262 231 351 284
908 41 41 129 87
909 303 212 105 431
910 65 275 178 350
911 189 519 61 499
912 526 53 434 236
913 707 264 86 353
914 28 165 86 765
915 38 40 151 96
916 414 916 414 479
917 201 5 285 2
918 377 204 206 62
919 114 417 443 263
920 230 920 435 65
921 56 126 285 129
922 141 506 452 566
923 723 306 549 316
924 209 319 236 244
925 205 95 128 115
926 301 27 337 437
927 158 239 243 132
928 211 238 242 564
929 579 592 428 273
930 236 587 2 826
931 238 758 366 693
932 489 6 275 177
933 335 274 46 283
934 340 474 80 253
935 936 350 94 494
936 168 491 390 384
937 353 185 640 371
938 611 252 107 137
939 350 533 359 504
940 128 13 27 494
941 189 663 679 482
942 435 920 230 424
943 295 388 181 526
944 748 129 114 24
945 945 945 325 420
946 641 641 166 159
947 394 628 181 296
948 381 393 388 295
949 949 281 58 859
950 913 856 19 957
951 359 951 525 700
952 952 69 958 69
953 590 34 34 31
954 87 438 34 24
955 205 847 205 483
956 44 374 7 525
957 9 957 141 5
958 69 550 747 301
959 377 918 197 128
960 377 167 453 607
961 377 491 497 531
962 325 400 260 509
963 643 404 160 168
964 40 753 900 128
965 936 290 86 340
966 21 896 828 405
967 913 700 19 823
968 968 184 253 315
969 184 13 390 392
970 51 196 86 189
971 480 211 64 300
972 913 213 264 804
973 971 361 32 533
974 94 198 207 207
975 971 679 679 482
976 114 443 443 981
977 977 977 209 637
978 860 339 115 421
979 979 1 616 459
980 470 986 470 753
981 925 333 547 444
982 137 665 665 212
983 333 601 886 601
984 153 859 147 533
985 376 394 628 181
986 261 438 411 481
987 169 365 137 194
988 24 545 87 163
989 329 474 83 163
990 408 211 661 7
991 859 412 2 271
992 129 714 401 874
993 408 57 604 458
994 6 826 586 408
995 712 255 212 371
996 12 560 215 306
997 27 26 171 40
998 65 430 12 266
999 145 239 243 236
1000 292 377 468 148
1001 2 506 434 607
1002 560 19 569 498
1003 258 112 91 89
1004 55 208 249 83
