0 223 183 282 253 249 137 175 288 252 2 408
1 560 341 215 5 423 976 318 121 153 422 180
2 58 195 305 59 619 613 614 614 106 560 0
3 601 191 851 907 349 320 868 5 718 5 469
4 82 12 466 9 8 213 466 8 358 161 107
5 489 365 183 366 165 41 203 291 294 931 599
6 408 826 832 57 412 162 389 181 61 533 160
7 266 533 360 44 19 42 74 317 1 187 69
8 86 18 0 248 459 362 283 106 424 281 56
9 332 7 511 284 149 149 284 167 377 95 214
10 173 462 254 345 681 345 160 282 588 35 31
11 700 213 602 238 601 86 85 537 1 568 133
12 570 569 498 141 573 498 525 707 359 707 465
13 443 47 263 245 417 438 86 283 377 166 393
14 280 533 576 128 917 205 201 64 69 549 104
15 424 783 424 121 51 280 121 326 145 144 492
16 46 255 137 546 367 261 29 301 311 420 19
17 317 307 310 78 121 158 159 631 209 242 121
18 419 211 340 513 226 275 840 840 440 515 122
19 513 154 434 420 312 301 362 466 421 268 215
20 728 10 324 720 86 39 116 245 426 206 62
21 647 685 826 859 57 243 537 189 473 498 777
22 21 166 180 172 167 483 13 183 108 93 135
23 421 504 293 754 324 565 9 754 466 141 107
24 5 809 56 532 56 859 57 160 23 220 434
25 438 302 115 5 97 371 98 98 932 28 434
26 438 892 405 748 793 613 619 5 5 82 21
27 135 26 165 245 455 29 25 133 162 404 709
28 37 23 438 6 489 305 718 305 420 291 129
29 263 16 46 461 322 272 21 489 405 16 355
30 25 36 183 212 420 651 546 859 212 450 212
31 151 40 135 165 438 987 816 96 370 417 725
32 30 229 86 707 247 264 161 11 498 265 9
33 615 318 981 485 74 230 121 425 129 430 856
34 438 405 856 12 573 452 141 488 971 406 44
35 590 165 245 547 48 678 480 671 188 282 820
36 367 318 170 979 170 753 115 492 333 422 87
37 229 721 37 96 121 36 121 51 14 918 593
38 474 254 121 1 317 389 150 104 283 106 353
39 455 333 142 474 154 954 249 163 170 145 170
40 417 795 417 32 165 40 119 40 40 13 581
41 460 129 275 60 61 53 65 176 318 527 443
42 86 37 30 93 417 971 430 425 493 817 544
43 407 525 11 359 707 9 674 754 804 720 529
44 332 529 494 261 96 725 245 42 329 66 560
45 164 448 16 190 282 131 2 158 234 58 105
46 428 322 140 83 278 262 179 397 379 396 320
47 981 527 5 281 285 183 29 261 119 333 261
48 105 351 284 377 907 179 149 349 180 365 513
49 49 83 453 301 651 272 84 269 288 152 254
50 153 160 496 506 956 11 233 147 249 54 211
51 200 562 714 425 835 493 142 191 343 129 165
52 814 347 157 60 393 384 321 393 607 81 142
53 312 255 255 160 410 329 4 57 683 683 683
54 305 489 473 459 490 82 153 16 828 896 12
55 5 279 5 201 204 93 464 556 113 51 399
56 738 520 533 326 20 222 82 325 325 87 280
57 412 256 340 535 164 140 447 592 461 46 638
58 210 86 415 697 321 384 157 16 283 4 587
59 55 63 278 160 486 493 464 249 212 152 142
60 394 381 394 320 389 326 420 610 250 295 317
61 232 6 170 169 113 76 444 96 164 564 114
62 23 170 169 336 485 263 301 926 234 930 208
63 532 132 194 166 424 233 238 194 815 815 80
64 269 107 357 107 28 31 37 33 35 455 847
65 358 11 602 358 700 913 922 822 593 51 445
66 108 112 476 329 495 748 793 748 129 285 458
67 189 189 86 855 299 81 367 151 494 690 549
68 69 713 69 287 69 671 582 160 148 262 533
69 64 815 880 6 96 263 280 221 316 695 491
70 107 601 177 312 14 280 430 183 366 312 14
71 288 288 233 142 253 509 549 661 505 525 11
72 20 260 297 49 153 256 340 548 491 377 284
73 166 125 768 185 709 353 124 282 140 929 334
74 226 419 198 196 820 197 52 397 397 546 615
75 494 417 165 337 165 116 34 545 165 220 23
76 318 76 119 229 177 146 316 341 215 41 342
77 581 79 162 45 139 76 113 301 953 822 86
78 497 13 244 84 83 285 304 405 161 161 129
79 86 223 624 409 306 86 353 354 353 121 253
80 112 474 17 441 12 141 674 661 666 160 717
81 460 249 12 569 362 401 65 334 446 301 147
82 552 208 552 131 586 126 131 809 302 96 411
83 166 42 245 116 28 27 261 151 30 438 900
84 478 476 329 46 16 305 483 727 464 5 312
85 309 74 105 518 256 115 333 155 209 812 83
86 687 86 259 508 473 213 503 44 486 183 909
87 304 411 282 82 377 656 352 352 13 327 20
88 183 366 537 405 226 275 275 789 835 493 486
89 304 89 215 440 321 157 483 205 86 458 486
90 474 145 183 308 6 516 6 195 63 371 495
91 108 66 514 13 278 486 353 640 64 528 373
92 434 226 546 282 230 333 427 87 62 242 926
93 183 357 82 474 23 41 932 253 434 813 714
94 974 917 206 291 346 129 210 169 41 205 201
95 206 346 6 5 437 25 459 21 467 86 138
96 302 183 245 171 116 263 333 133 531 539 160
97 98 86 393 424 87 820 207 199 204 917 207
98 124 139 15 428 447 46 272 63 212 355 115
99 64 90 91 11 324 565 324 466 602 183 854
100 262 377 204 128 143 482 64 417 417 981 455
101 419 848 419 63 865 58 586 211 271 137 46
102 412 552 160 385 377 907 377 396 379 391 391
103 250 1 979 1 222 314 420 254 820 5 115
104 250 174 424 281 685 193 160 268 74 317 1
105 159 89 610 296 284 155 849 387 229 494 168
106 1 0 459 498 506 502 452 264 9 141 430
107 230 106 160 541 533 83 269 139 129 562 14
108 409 140 617 140 282 174 371 708 86 518 121
109 366 518 552 137 210 363 577 366 693 283 300
110 121 79 219 314 255 160 394 320 734 156 160
111 66 478 90 86 484 86 611 6 191 907 179
112 258 183 169 263 168 424 44 86 8 358 805
113 338 860 330 455 5 466 64 644 180 907 936
114 211 338 318 417 443 590 953 699 720 720 707
115 58 153 252 169 256 490 546 269 615 412 105
116 531 581 78 79 51 109 108 90 62 474 494
117 460 170 490 165 547 981 547 165 129 176 178
118 748 564 242 927 931 159 183 562 413 440 368
119 261 438 30 25 339 427 252 154 963 107 63
120 758 366 58 160 251 172 172 183 353 249 569
121 726 189 679 81 362 420 452 359 608 971 108
122 468 224 218 86 98 86 129 533 290 165 438
123 438 82 165 280 464 409 135 438 655 980 757
124 64 302 96 115 900 753 115 23 434 275 6
125 166 44 856 166 221 0 313 295 585 493 473
126 285 379 397 6 284 231 526 280 290 211 489
127 92 728 259 83 233 240 211 243 239 234 145
128 820 100 592 241 209 174 237 107 747 663 160
129 133 399 440 206 214 419 531 932 450 464 494
130 191 511 118 132 87 163 601 494 121 340 342
131 532 532 285 62 8 441 107 154 424 303 129
132 132 166 882 166 142 141 360 265 707 86 426
133 107 361 31 612 306 69 13 47 79 219 121
134 867 340 274 592 272 429 155 363 165 486 160
135 165 336 251 160 446 334 579 429 15 269 334
136 27 116 251 160 87 77 932 236 240 233 160
137 301 199 278 168 160 300 183 568 450 450 95
138 520 408 434 4 826 832 826 6 195 57 57
139 15 140 929 140 446 429 139 334 429 269 272
140 428 335 448 335 592 160 685 826 812 273 164
141 699 922 7 265 466 451 161 82 74 459 248
142 589 434 187 129 129 133 160 336 96 91 989
143 93 291 290 340 777 419 78 419 87 50 162
144 433 180 249 765 421 487 805 44 729 141 661
145 82 28 133 201 201 593 350 572 86 8 12
146 166 664 58 814 52 103 389 379 393 154 121
147 615 318 318 48 482 89 437 443 547 48 48
148 150 301 226 696 307 74 64 859 411 304 424
149 150 60 177 74 106 459 661 13 35 36 218
150 368 376 104 389 162 45 838 124 371 46 114
151 261 655 167 60 177 5 931 931 599 481 305
152 288 333 81 155 183 564 190 473 333 355 128
153 86 584 563 82 20 87 424 44 501 232 226
154 62 495 5 527 6 272 617 618 618 98 101
155 546 77 82 401 835 425 513 19 856 765 707
156 377 228 74 259 818 166 296 395 82 169 366
157 668 157 155 877 81 107 518 107 395 107 306
158 236 158 950 533 529 44 28 892 896 405 891
159 105 420 28 367 96 866 96 83 932 106 268
160 127 377 284 277 515 515 122 168 301 428 164
161 351 178 381 515 593 974 593 199 677 199 199
162 217 49 153 404 586 131 249 12 247 525 8
163 420 165 114 129 139 819 422 424 509 434 10
164 140 541 181 346 21 364 351 351 256 283 726
165 121 405 46 121 285 59 89 437 27 35 261
166 222 218 95 13 96 89 5 455 919 919 976
167 257 568 425 86 21 365 223 160 216 45 160
168 13 440 629 440 320 391 321 368 157 389 611
169 13 272 462 21 715 799 447 164 695 147 316
170 816 548 340 143 197 172 121 129 64 300 114
171 41 206 820 44 498 267 466 266 950 820 129
172 533 756 390 157 181 176 129 121 110 111 474
173 342 129 464 133 136 251 172 413 515 381 344
174 281 552 571 137 815 174 685 826 6 63 184
175 3 6 515 494 24 169 363 531 115 135 361
176 177 413 176 656 344 200 917 918 14 51 143
177 307 301 655 96 443 547 361 29 151 427 434
178 177 321 971 113 169 588 23 474 404 357 112
179 394 376 179 121 253 21 118 549 661 502 9
180 352 201 41 249 154 105 41 212 474 476 258
181 219 377 199 201 202 41 121 290 86 14 776
182 380 181 351 178 381 157 52 146 166 818 65
183 518 252 56 408 462 212 431 756 118 121 179
184 968 184 68 474 254 137 546 526 425 870 401
185 323 97 99 768 100 353 125 99 121 424 404
186 433 186 531 434 256 355 105 161 267 661 666
187 69 68 212 408 517 305 59 2 809 738 208
188 459 188 420 520 208 137 59 174 2 587 209
189 582 971 416 327 5 681 681 352 350 593 198
190 282 218 222 494 280 409 65 280 543 249 129
191 142 254 285 625 63 820 87 371 255 82 365
192 194 300 312 221 53 199 399 168 413 275 86
193 252 411 115 860 978 115 513 655 280 41 167
194 54 56 698 138 63 169 753 860 339 261 31
195 193 3 371 254 106 256 282 225 756 183 215
196 280 105 612 71 209 15 592 448 494 233 147
197 167 218 560 313 309 183 116 434 21 21 212
198 183 58 210 114 442 370 339 169 366 19 183
199 83 533 23 115 256 142 483 41 254 44 951
200 65 581 533 40 30 438 336 260 950 77 79
201 95 167 18 115 453 491 167 655 116 123 900
202 820 493 160 385 389 537 7 374 501 430 160
203 179 388 390 377 204 172 128 106 87 665 55
204 199 301 63 126 58 96 370 226 218 341 248
205 94 320 283 131 211 128 172 65 776 95 64
206 440 232 264 440 13 167 377 365 187 494 296
207 95 820 15 335 274 45 160 549 69 141 359
208 635 286 815 520 92 86 590 533 264 406 407
209 121 434 243 235 420 474 478 160 405 221 647
210 235 303 58 162 820 205 581 41 282 533 141
211 2 506 64 181 182 391 391 60 167 292 409
212 114 983 333 81 28 93 36 914 28 270 280
213 473 474 258 347 191 434 170 27 953 997 953
214 277 515 89 64 244 158 405 405 456 405 245
215 53 389 376 377 6 438 165 547 417 170 169
216 273 322 446 429 273 216 461 624 231 177 312
217 282 577 375 16 395 557 51 498 405 249 163
218 167 593 155 17 83 71 49 71 432 288 71
219 121 427 48 47 40 30 366 217 142 166 331
220 223 225 312 17 249 419 161 267 266 61 213
221 310 62 68 424 128 333 405 828 87 654 562
222 748 256 184 13 170 255 170 261 31 121 189
223 220 74 424 125 618 617 448 461 735 322 140
224 256 534 544 121 212 163 491 892 891 405 365
225 331 482 655 114 89 160 42 133 83 329 357
226 309 312 74 872 707 213 359 498 8 301 35
227 932 186 83 557 256 249 253 222 82 549 459
228 342 377 342 147 146 67 533 408 473 509 216
229 513 173 256 41 197 593 907 180 333 176 178
230 62 362 496 498 232 358 407 498 12 661 674
231 936 965 936 130 568 425 621 781 52 221 155
232 820 21 221 224 64 644 644 115 473 44 407
233 586 2 281 64 80 490 63 184 509 710 710
234 256 258 1003 258 365 419 333 47 547 547 527
235 238 242 233 252 183 62 99 99 371 323 271
236 63 896 21 467 81 105 431 70 233 237 236
237 927 926 242 160 345 214 280 483 362 301 747
238 237 234 159 241 927 158 233 173 932 597 596
239 3 6 194 698 54 807 54 194 815 286 6
240 241 498 293 765 358 530 365 672 543 129 95
241 252 234 282 560 29 420 430 504 674 510 754
242 5 362 434 420 305 271 89 5 63 586 126
243 507 314 219 377 378 388 128 114 375 21 96
244 210 363 186 932 211 364 212 252 174 166 601
245 301 818 65 600 585 493 483 352 656 176 65
246 499 649 649 84 73 331 222 690 5 283 104
247 246 44 81 169 301 271 303 286 5 690 215
248 259 20 690 106 979 170 424 474 404 421 856
249 286 481 421 7 707 232 52 146 299 184 747
250 296 342 350 320 320 320 379 393 250 60 397
251 338 116 816 151 470 367 170 987 169 450 568
252 138 420 651 546 7 510 358 707 61 320 434
253 434 404 45 164 579 15 46 429 929 592 579
254 355 82 367 375 357 486 458 377 458 183 375
255 16 642 212 856 8 502 504 406 503 265 232
256 607 471 84 664 664 486 357 258 112 368 391
257 180 381 182 182 167 198 202 820 128 155 19
258 87 58 194 305 949 552 208 54 89 924 96
259 21 690 549 356 13 13 4 170 491 753 151
260 89 305 2 13 32 23 153 82 214 124 107
261 443 226 317 389 252 46 249 147 62 833 365
262 511 262 907 179 180 17 254 820 482 133 142
263 301 52 53 466 12 466 324 441 12 11 359
264 700 19 360 452 7 498 487 466 488 498 459
265 525 700 661 510 141 569 957 951 44 533 44
266 267 498 359 360 11 128 157 379 316 316 231
267 498 500 506 674 823 558 823 12 358 105 199
268 1 616 459 329 105 546 352 180 62 170 494
269 333 288 105 255 434 450 133 18 232 65 129
270 160 856 666 661 362 666 7 247 498 62 459
271 552 89 58 244 84 253 615 144 615 145 42
272 409 93 291 203 199 280 473 441 282 226 222
273 269 254 859 194 3 114 51 232 493 292 168
274 46 932 186 256 114 44 555 466 451 360 7
275 276 426 65 264 160 17 41 601 105 422 212
276 568 493 486 14 231 284 191 494 141 452 529
277 214 21 183 956 213 246 266 500 504 86 690
278 231 289 14 14 41 282 253 607 256 10 64
279 82 36 318 444 263 47 423 892 405 340 107
280 121 154 654 48 417 114 215 495 296 256 183
281 571 252 480 92 530 161 363 280 148 191 5
282 77 445 86 58 286 126 405 116 133 377 385
283 105 252 740 51 65 0 316 231 351 278 548
284 642 932 544 790 544 82 249 377 390 320 377
285 286 532 175 137 305 2 481 83 256 489 132
286 6 102 412 102 412 286 486 356 16 375 80
287 299 171 13 730 13 13 69 160 188 129 95
288 333 76 119 229 387 295 560 276 301 108 356
289 277 377 65 0 166 347 349 5 312 300 145
290 16 249 114 307 347 61 104 388 295 162 79
291 403 133 365 310 107 428 448 15 16 249 577
292 232 156 907 349 156 191 64 131 612 50 84
293 11 421 404 173 325 325 82 128 52 157 130
294 203 129 11 434 419 351 377 179 278 681 681
295 86 584 290 694 290 62 107 550 165 333 318
296 932 237 107 932 283 288 162 549 299 299 145
297 73 331 358 699 359 9 707 809 519 222 495
298 184 6 665 2 283 333 981 411 552 949 411
299 549 362 301 281 685 92 105 493 543 526 275
300 107 115 644 528 6 323 323 99 139 448 140
301 137 252 412 832 192 192 195 516 192 832 194
302 438 470 494 261 5 11 365 303 423 245 263
303 121 438 141 161 249 169 256 142 107 79 497
304 57 54 132 210 494 375 480 601 107 489 365
305 56 59 826 194 192 408 193 6 55 193 3
306 366 285 174 107 281 4 62 448 617 448 812
307 218 316 146 67 160 509 184 5 303 252 252
308 21 169 96 101 97 354 64 51 27 417 29
309 177 309 268 309 219 483 533 401 714 486 29
310 74 228 253 87 372 75 36 128 42 473 459
311 282 494 466 9 466 498 267 267 265 452 466
312 256 333 355 137 365 121 263 96 173 535 340
313 0 368 232 483 820 346 820 482 419 14 430
314 301 155 58 209 166 430 11 498 430 411 400
315 218 120 101 300 312 841 231 196 201 342 483
316 409 464 493 84 366 256 133 600 600 129 425
317 116 914 860 116 171 655 155 249 28 306 426
318 169 337 336 115 123 251 361 361 107 441 546
319 160 506 506 374 505 502 500 569 43 324 65
320 232 413 426 562 285 138 412 195 3 932 233
321 376 632 376 985 376 391 390 296 277 284 191
322 46 169 121 221 121 856 950 266 11 956 44
323 662 84 729 441 44 51 306 409 151 28 419
324 19 11 365 438 123 129 115 82 681 5 828
325 10 21 214 460 214 434 28 128 198 419 554
326 326 245 981 485 417 171 981 442 48 643 290
327 13 550 160 263 455 417 434 69 551 298 137
328 328 375 142 62 390 14 65 435 127 169 172
329 165 166 493 835 493 600 401 65 835 401 430
330 248 696 297 905 311 69 282 20 495 473 408
331 73 106 283 226 86 131 87 371 300 121 46
332 406 407 786 465 465 316 121 16 263 62 405
333 107 428 448 164 62 168 198 689 198 196 143
334 139 446 45 828 353 185 768 353 87 513 19
335 461 322 794 322 428 676 447 323 768 98 64
336 339 251 251 361 437 443 48 925 423 333 419
337 511 337 115 420 83 579 273 46 139 140 164
338 420 30 82 80 357 80 679 137 4 360 141
339 337 548 169 434 159 235 5 333 96 113 33
340 28 932 963 160 717 160 441 498 43 566 407
341 215 17 654 355 282 441 333 518 107 285 174
342 393 308 376 395 181 176 450 1 549 540 82
343 128 172 107 18 295 459 759 459 421 38 258
344 231 178 214 94 204 918 593 515 526 250 160
345 191 156 157 178 351 377 227 495 208 87 974
346 129 748 300 312 160 312 221 1 537 460 411
347 377 450 176 232 263 361 47 971 506 956 922
348 191 178 539 380 396 377 383 181 64 106 372
349 13 87 533 154 83 288 613 243 233 441 566
350 345 214 13 450 123 275 232 231 232 52 52
351 419 365 87 154 209 631 631 209 235 610 250
352 345 152 62 12 293 374 293 365 114 211 56
353 125 185 618 100 62 544 129 343 180 434 533
354 185 99 121 493 133 28 63 89 375 455 816
355 21 13 281 949 281 6 299 509 81 225 222
356 366 19 510 510 12 365 833 7 499 407 265
357 13 118 301 294 543 291 291 232 440 840 413
358 11 21 13 661 569 569 141 498 466 362 496
359 525 765 504 501 499 19 362 86 459 537 227
360 105 159 926 243 249 419 482 423 89 411 212
361 151 424 338 48 76 981 361 29 331 482 553
362 283 288 283 365 44 128 15 140 335 428 160
363 28 473 412 412 3 2 971 284 681 352 178
364 363 256 312 255 211 411 408 137 355 254 932
365 569 707 441 233 115 283 351 129 161 314 300
366 68 932 165 86 445 45 62 662 353 87 661
367 81 460 328 258 421 19 661 823 566 707 232
368 376 307 310 221 310 494 281 285 254 46 461
369 89 423 301 596 218 307 317 218 183 655 151
370 48 417 86 17 163 170 169 136 251 32 883
371 28 301 312 177 546 367 318 482 133 29 169
372 373 481 2 587 408 420 254 256 434 338 367
373 84 110 121 132 59 832 586 462 424 429 424
374 7 213 213 155 114 129 346 511 306 10 409
375 13 337 115 171 5 423 444 976 245 417 151
376 380 391 377 147 513 652 333 105 607 393 157
377 394 394 397 179 249 405 896 896 114 184 127
378 397 537 473 201 41 128 450 160 388 376 104
379 321 321 368 387 950 73 223 74 330 455 302
380 321 483 219 79 557 395 387 61 396 61 321
381 548 816 860 753 86 218 317 695 222 537 607
382 377 368 387 157 350 345 191 682 511 301 423
383 377 94 218 495 932 154 404 83 368 896 173
384 495 211 13 483 342 214 277 621 278 409 420
385 393 321 320 434 16 45 301 453 615 404 152
386 379 381 182 385 379 384 295 61 283 21 174
387 321 295 471 255 472 355 121 540 86 173 950
388 376 394 397 376 391 295 947 320 390 62 159
389 283 21 129 562 129 546 651 173 342 62 361
390 378 295 215 313 74 219 172 181 380 377 395
391 60 103 295 182 395 283 411 400 86 271 481
392 86 7 332 720 529 720 555 44 246 608 264
393 397 122 411 671 375 80 106 820 615 513 303
394 486 362 160 47 96 2 409 785 409 27 34
395 557 79 820 215 20 260 728 411 864 411 809
396 295 320 389 53 231 129 187 145 4 434 551
397 103 741 179 339 171 245 370 151 261 28 655
398 295 382 295 317 74 231 457 523 387 377 851
399 84 404 62 206 14 922 560 459 225 494 448
400 69 173 223 309 905 222 560 84 134 5 828
401 870 425 705 705 232 115 5 191 342 296 250
402 420 278 377 383 379 628 379 316 758 223 155
403 537 459 316 6 170 491 695 459 513 124 51
404 434 362 401 705 256 546 210 300 108 420 282
405 114 896 300 312 14 93 136 251 136 89 482
406 501 430 12 14 61 19 183 20 329 249 170
407 503 265 12 249 353 486 285 420 409 47 318
408 462 419 445 254 256 531 79 497 548 491 127
409 346 346 105 86 234 930 208 481 160 385 295
410 107 329 896 329 116 183 218 340 17 163 107
411 784 784 411 89 520 55 5 21 64 926 158
412 812 298 287 299 184 582 508 86 172 377 734
413 178 539 79 531 340 934 268 74 314 160 44
414 697 697 415 697 321 377 377 150 191 212 87
415 697 5 430 4 434 256 283 249 17 215 366
416 173 82 642 284 107 3 434 145 404 100 592
417 30 33 35 590 34 151 170 28 106 329 375
418 508 550 107 133 25 437 261 32 251 115 121
419 554 29 417 443 981 318 245 686 301 312 255
420 78 531 482 450 176 576 160 224 224 1 147
421 566 971 466 525 7 529 160 69 190 189 465
422 473 213 61 537 366 217 132 366 229 387 395
423 96 444 847 976 976 318 48 437 136 151 170
424 212 357 568 425 289 277 232 6 102 102 517
425 289 425 90 477 91 419 78 79 205 498 213
426 401 256 462 411 114 896 12 638 169 437 290
427 339 339 340 83 654 17 532 211 424 183 375
428 269 447 799 160 573 44 526 168 450 600 600
429 164 579 269 142 62 29 455 847 47 129 105
430 674 754 266 466 498 710 69 166 377 1 310
431 152 249 161 754 720 441 142 68 549 67 549
432 162 412 698 2 164 281 13 748 748 106 223
433 162 71 83 557 77 121 513 268 295 107 704
434 459 495 42 492 105 384 60 392 283 426 62
435 616 533 115 644 5 191 191 494 318 361 261
436 115 493 543 168 35 62 296 277 284 292 292
437 860 169 169 65 362 114 35 438 151 753 75
438 32 30 116 263 405 304 971 457 421 9 332
439 338 27 40 919 333 474 612 145 533 310 74
440 438 116 171 455 5 102 102 411 988 24 545
441 573 141 666 12 441 608 499 452 265 452 856
442 48 437 169 455 170 170 900 978 900 165 30
443 48 437 89 89 412 412 305 16 106 748 944
444 847 40 171 115 170 62 180 156 697 645 414
445 340 329 351 495 222 221 0 223 20 690 316
446 334 46 579 334 274 405 288 252 932 642 513
447 690 5 302 285 809 411 511 337 96 20 118
448 446 428 15 62 29 183 11 270 515 290 892
449 414 697 321 301 294 290 437 337 133 28 438
450 542 526 14 277 277 206 128 970 546 144 166
451 365 106 356 612 217 433 50 643 393 376 150
452 160 509 710 299 190 420 210 83 62 474 90
453 87 426 425 526 129 142 31 612 2 96 75
454 189 434 132 208 194 4 571 3 192 195 3
455 170 337 548 497 548 249 154 147 460 167 197
456 405 15 160 424 87 453 105 771 105 340 450
457 231 249 506 7 765 506 672 249 310 107 98
458 121 462 424 174 140 429 46 579 592 241 440
459 189 253 121 478 91 758 223 256 552 281 281
460 533 541 139 166 133 29 34 5 489 419 63
461 461 735 164 62 546 144 433 372 82 158 174
462 308 160 256 165 427 434 92 96 338 115 113
463 463 462 308 169 734 211 137 138 160 730 82
464 172 13 65 426 425 425 257 167 204 377 283
465 786 519 222 17 333 393 154 153 984 66 513
466 266 720 608 466 374 374 441 707 823 12 121
467 434 320 381 60 283 16 489 528 6 141 502
468 167 128 526 296 121 219 82 563 494 108 64
469 477 90 107 35 35 28 93 526 424 15 353
470 86 238 0 734 351 155 221 546 163 641 946
471 434 295 376 296 190 184 184 184 627 549 934
472 610 420 249 256 186 186 70 288 84 83 23
473 355 128 3 990 5 271 58 498 266 12 957
474 494 17 212 74 215 225 17 473 411 303 630
475 375 474 329 106 353 662 371 125 142 45 45
476 112 258 108 476 108 155 58 803 4 169 355
477 478 113 76 981 114 252 249 83 115 422 474
478 107 280 18 310 313 560 282 269 404 518 11
479 414 916 414 414 415 697 321 810 560 27 33
480 23 229 183 302 57 174 175 137 82 377 947
481 107 318 115 366 577 283 594 283 377 103 526
482 134 521 615 615 422 493 166 285 55 638 355
483 320 94 205 204 350 13 25 459 107 310 221
484 292 295 61 377 381 391 381 149 377 839 191
485 338 455 263 169 136 89 469 66 215 220 68
486 129 130 180 162 859 612 83 453 84 493 42
487 488 496 64 108 112 375 114 339 32 93 361
488 466 525 293 856 498 407 494 106 490 212 642
489 644 296 495 638 338 229 29 560 39 480 21
490 82 345 157 130 345 352 345 186 254 128 371
491 753 261 30 424 263 442 36 24 25 545 34
492 42 129 249 82 225 221 312 218 317 295 255
493 168 166 441 82 107 81 166 405 133 93 108
494 190 106 90 375 671 253 184 82 104 103 64
495 434 200 413 232 501 232 562 160 249 255 421
496 160 61 872 377 464 331 215 82 151 151 39
497 340 593 918 232 1000 232 284 936 167 280 232
498 241 209 424 139 129 458 93 86 932 642 83
499 505 43 569 558 856 823 823 8 141 533 518
500 525 505 971 582 971 754 19 420 610 57 949
501 498 178 176 423 113 443 925 443 76 318 976
502 661 856 153 252 212 23 107 55 6 552 132
503 499 504 430 83 433 49 297 215 197 593 199
504 856 264 700 971 540 82 292 409 338 211 845
505 502 359 44 142 269 46 274 340 553 521 583
506 7 246 141 500 499 44 324 565 608 498 232
507 243 243 210 927 930 930 921 63 56 252 286
508 325 962 325 69 311 74 212 166 429 273 2
509 68 671 375 474 89 369 160 520 552 481 599
510 264 358 466 487 529 332 487 84 233 404 532
511 7 324 555 44 44 254 226 85 53 61 380
512 366 305 64 166 165 47 339 169 106 356 486
513 153 856 87 215 66 91 357 258 108 112 258
514 91 258 375 111 474 38 722 27 27 590 24
515 381 157 537 781 621 781 621 180 214 345 351
516 192 2 6 102 6 738 131 366 62 458 280
517 743 102 2 481 2 886 859 160 356 82 83
518 271 13 94 176 204 280 333 283 752 65 377
519 259 508 663 551 663 508 69 418 189 215 223
520 13 550 21 36 128 128 378 377 262 148 149
521 583 521 482 679 551 106 283 493 413 13 286
522 523 493 611 464 727 464 339 482 64 66 329
523 332 608 529 525 500 266 13 147 859 963 244
524 72 524 72 106 74 85 370 37 123 172 280
525 529 504 525 720 332 502 359 754 674 12 44
526 426 114 41 483 128 430 8 11 496 466 266
527 424 4 564 126 209 411 263 333 417 367 405
528 528 644 528 64 184 19 9 9 674 569 81
529 913 700 247 267 266 246 530 533 190 459 86
530 161 300 748 944 748 13 418 509 513 474 477
531 62 544 434 589 607 128 157 394 53 178 180
532 56 619 57 63 162 468 162 321 396 60 275
533 572 129 802 129 292 167 257 450 450 82 355
534 813 817 493 142 187 160 404 234 82 133 160
535 777 538 498 178 413 840 13 346 105 333 546
536 259 92 685 138 57 859 845 303 63 138 160
537 178 344 156 13 96 411 3 252 518 16 748
538 306 549 74 212 128 53 394 368 397 160 130
539 77 581 531 116 165 590 165 417 79 165 129
540 509 108 652 333 162 45 271 80 80 16 379
541 405 133 135 136 89 933 933 139 129 440 275
542 413 183 5 99 173 126 63 281 880 6 63
543 183 474 859 803 1001 832 57 604 411 116 405
544 212 191 347 149 284 280 113 370 85 317 116
545 23 337 155 209 233 160 466 8 823 15 62
546 906 160 353 87 371 3 137 271 589 282 20
547 171 590 23 170 816 816 914 135 30 366 152
548 121 226 232 231 656 178 345 351 167 231 344
549 418 747 508 747 86 69 108 474 160 435 160
550 187 494 510 510 510 466 856 83 404 101 96
551 189 80 80 271 366 367 105 474 473 459 490
552 87 422 493 615 115 474 514 478 90 91 258
553 521 598 482 79 133 308 295 389 150 541 140
554 553 521 217 70 233 160 275 200 200 562 129
555 11 44 503 44 105 431 212 283 174 809 59
556 531 165 186 83 46 428 429 273 164 281 880
557 917 970 440 168 424 80 375 21 405 498 7
558 823 566 358 332 505 525 765 365 19 422 23
559 559 142 571 303 209 300 828 356 108 420 174
560 922 856 366 10 36 48 361 437 436 438 308
561 462 256 191 681 350 342 495 424 153 87 152
562 457 840 285 4 412 826 192 132 118 597 411
563 494 529 166 54 63 137 208 815 92 498 44
564 638 329 328 90 425 294 294 294 493 121 221
565 674 510 492 932 856 107 361 971 699 913 972
566 569 501 160 61 320 947 60 397 393 390 384
567 567 843 290 356 81 299 145 82 78 581 420
568 276 295 16 281 56 826 193 57 610 694 610
569 7 555 324 441 362 62 30 24 96 866 80
570 8 672 8 466 8 971 417 113 114 411 698
571 6 55 271 4 434 419 172 180 123 180 284
572 426 114 220 215 103 232 804 232 61 393 250
573 44 459 495 87 163 72 259 728 400 589 434
574 401 294 342 483 493 457 129 430 498 14 515
575 351 166 520 408 59 698 4 283 225 215 549
576 526 537 486 357 82 277 82 106 373 243 58
577 282 28 165 105 233 101 323 354 100 185 101
578 577 377 376 389 379 164 140 160 366 190 549
579 13 23 474 80 96 173 538 92 370 361 116
580 580 580 580 580 580 580 580 580 580 580 580
581 41 115 405 367 980 5 931 931 210 931 931
582 62 70 433 162 295 210 174 371 161 81 550
583 521 217 70 433 372 433 393 533 25 533 335
584 563 563 572 563 706 694 664 166 536 189 550
585 389 486 278 130 936 129 93 543 121 41 169
586 285 625 408 130 130 122 122 95 123 41 352
587 6 520 89 375 367 427 546 272 183 417 409
588 438 34 29 339 10 638 158 82 128 64 177
589 160 562 200 918 377 593 917 200 196 86 105
590 545 28 39 30 251 62 367 75 437 338 438
591 142 253 283 288 105 160 252 949 511 411 24
592 448 428 322 929 489 211 462 513 652 513 372
593 822 593 482 134 133 155 87 23 212 63 169
594 82 568 168 789 419 296 61 391 971 844 971
595 52 377 394 376 308 532 131 86 525 533 679
596 596 596 282 183 302 96 655 367 106 358 43
597 142 84 250 376 368 160 197 908 820 196 203
598 598 598 84 453 491 117 491 168 515 176 381
599 63 57 174 520 54 281 5 189 537 526 221
600 450 413 200 776 198 199 82 356 112 258 932
601 494 918 197 172 526 440 629 177 409 318 976
602 441 566 707 674 558 856 264 452 501 500 699
603 414 414 479 177 215 340 513 425 430 183 520
604 211 128 63 210 249 142 531 78 121 107 236
605 851 377 155 429 461 624 223 756 42 86 590
606 495 203 179 156 381 150 393 394 628 389 537
607 128 53 167 182 381 548 152 132 532 286 126
608 61 181 381 394 283 559 258 16 489 212 115
609 609 114 725 40 75 40 448 46 434 236 210
610 56 59 412 625 4 803 812 273 139 420 409
611 129 802 129 82 225 81 952 540 189 20 306
612 83 963 237 209 639 209 126 635 4 170 513
613 614 756 225 409 443 261 367 666 324 121 355
614 756 227 268 459 253 87 243 537 85 147 932
615 453 491 497 548 160 401 107 326 549 549 671
616 459 498 74 756 42 81 46 828 353 249 253
617 448 971 809 465 14 593 206 196 86 105 360
618 100 662 86 400 105 288 431 71 83 546 210
619 89 408 625 4 114 41 83 153 87 131 58
620 620 290 165 338 245 82 179 340 547 48 547
621 425 574 425 873 401 65 562 160 296 167 149
622 238 211 255 329 450 123 122 376 82 820 83
623 611 278 63 138 160 381 515 817 813 836 332
624 301 809 55 63 718 305 57 610 57 89 438
625 252 849 849 155 615 180 421 466 266 754 510
626 87 258 802 802 802 802 802 802 802 365 128
627 420 222 106 615 244 234 243 58 215 60 295
628 379 320 368 52 232 206 204 203 829 168 206
629 178 440 232 450 82 326 420 68 671 747 301
630 303 170 495 154 518 560 1002 560 48 981 171
631 209 238 237 160 591 142 303 269 154 86 210
632 397 53 183 212 364 211 734 211 338 336 93
633 633 633 633 633 633 633 633 633 633 633 633
634 635 286 252 4 89 238 13 445 51 261 75
635 286 305 16 489 365 405 304 304 420 186 345
636 636 211 283 288 84 560 775 560 48 437 290
637 234 637 234 366 387 366 217 340 553 340 134
638 55 698 194 208 131 422 82 333 518 107 506
639 65 440 435 127 166 127 227 695 259 777 419
640 937 64 434 128 283 103 283 820 5 230 424
641 371 13 506 452 141 494 515 450 543 478 113
642 513 490 420 186 82 445 51 198 206 231 180
643 269 83 96 370 414 605 846 605 414 479 414
644 950 113 932 474 145 239 243 820 482 162 249
645 645 231 122 191 83 96 303 80 183 526 53
646 131 305 89 2 859 64 926 963 240 241 240
647 121 174 473 93 337 548 21 183 210 210 420
648 648 648 648 648 648 648 648 648 648 648 648
649 649 421 180 160 666 86 855 155 31 107 702
650 215 0 18 225 215 589 434 249 64 90 478
651 121 199 918 200 201 533 105 431 58 859 3
652 108 509 306 825 723 777 419 652 513 365 355
653 653 653 653 653 653 653 653 653 653 653 653
654 783 669 5 820 204 198 776 65 282 80 480
655 301 209 118 756 614 756 142 896 114 30 84
656 177 223 222 18 182 103 0 103 181 181 166
657 269 211 412 473 69 187 256 420 116 79 820
658 658 658 658 658 658 658 658 658 658 658 658
659 659 659 377 104 549 162 184 420 338 336 338
660 660 660 660 660 660 660 660 660 660 660 660
661 570 359 700 661 161 419 199 121 105 169 114
662 618 617 140 140 139 447 498 700 7 700 720
663 747 86 467 418 747 184 877 160 453 62 189
664 93 143 142 254 393 142 333 133 155 518 518
665 6 132 252 82 20 183 366 758 758 61 503
666 267 570 161 7 141 473 141 160 230 62 314
667 473 404 687 86 372 134 553 134 74 218 872
668 157 344 231 168 523 493 333 820 114 220 90
669 669 641 166 3 89 474 269 422 269 142 453
670 670 670 670 670 670 670 670 670 670 670 670
671 690 549 356 549 671 411 308 405 245 121 256
672 141 494 226 365 172 212 296 376 60 381 379
673 495 419 18 218 224 17 142 254 233 234 587
674 823 7 359 951 957 213 452 487 451 569 504
675 675 675 675 675 675 675 675 675 675 675 675
676 322 533 15 160 821 160 298 160 132 283 356
677 434 163 212 859 105 856 374 44 86 421 258
678 400 411 809 195 252 408 533 607 105 612 424
679 971 747 69 362 12 8 293 365 165 483 94
680 380 379 160 292 231 122 262 191 365 421 471
681 851 605 851 214 231 656 380 177 13 290 437
682 511 306 326 20 287 299 590 32 35 27 917
683 281 412 57 520 166 209 62 212 173 282 932
684 684 684 684 684 684 684 684 684 684 684 684
685 58 121 531 300 21 169 438 900 170 411 867
686 22 258 18 419 211 932 249 856 212 489 210
687 353 323 6 408 305 281 2 174 209 140 819
688 543 543 494 601 859 845 412 408 586 4 192
689 543 105 105 351 518 82 367 115 442 417 107
690 160 730 13 413 714 450 568 129 695 227 756
691 691 691 691 691 691 691 691 691 691 691 691
692 231 168 114 725 318 64 511 346 294 457 562
693 366 312 256 607 421 504 406 971 321 179 321
694 664 58 462 411 115 17 282 74 419 329 20
695 20 480 667 187 283 210 210 211 208 129 909
696 74 485 84 87 543 129 19 62 312 494 504
697 5 230 80 271 46 272 15 335 448 273 447
698 2 2 516 408 408 208 129 44 213 247 19
699 9 971 679 679 971 448 15 211 364 169 21
700 661 549 877 137 283 152 393 950 913 529 913
701 462 58 404 612 163 5 211 932 963 158 931
702 932 252 338 900 455 35 590 470 171 976 919
703 703 703 703 703 703 703 703 703 703 703 703
704 704 107 161 19 362 293 661 141 498 466 362
705 232 312 160 281 121 143 290 14 133 167 453
706 694 549 19 9 957 951 360 971 695 85 151
707 213 498 440 200 908 922 79 226 419 591 107
708 323 64 170 537 61 483 851 681 352 206 65
709 353 98 768 323 99 173 546 742 742 546 206
710 189 155 157 278 292 611 64 730 62 280 291
711 711 711 711 711 711 711 711 711 711 711 711
712 255 82 458 486 318 170 336 338 900 13 183
713 81 137 329 183 236 237 162 58 212 58 494
714 62 12 560 12 44 504 504 332 502 499 86
715 799 160 205 93 41 21 83 154 375 514 329
716 5 271 63 405 62 269 434 296 380 537 389
717 295 383 379 390 379 388 280 282 355 424 16
718 5 191 142 932 98 404 937 937 353 323 162
719 632 719 379 386 295 717 295 210 245 245 113
720 213 360 452 506 971 361 151 82 168 542 403
721 30 34 30 26 26 953 24 29 533 818 339
722 278 249 424 748 367 300 642 42 560 496 160
723 777 21 820 47 339 116 165 220 47 160 164
724 338 564 589 215 905 311 297 218 316 758 288
725 116 29 27 30 263 405 896 173 282 434 249
726 212 114 158 158 237 587 238 302 57 302 303
727 464 331 223 282 333 320 380 0 17 1 284
728 259 86 92 259 509 68 549 309 219 172 14
729 441 504 912 504 441 254 121 144 144 212 494
730 730 160 55 56 194 533 44 106 1 250 0
731 731 731 731 731 731 731 731 731 731 731 731
732 732 732 732 732 732 732 732 732 732 732 732
733 923 733 326 543 523 280 523 829 523 836 836
734 156 345 157 103 104 104 393 157 61 265 141
735 140 216 579 321 103 64 66 258 211 285 62
736 736 107 237 252 193 160 209 242 106 249 5
737 737 737 737 737 737 271 80 69 777 21 346
738 271 513 459 519 106 531 107 306 509 747 509
739 300 100 708 97 640 640 404 249 121 77 107
740 51 124 100 768 371 105 64 223 225 17 163
741 250 166 81 685 815 63 195 832 826 812 252
742 166 374 166 518 490 410 160 221 459 189 695
743 516 411 405 434 69 356 160 152 82 338 183
744 744 744 744 744 744 744 744 744 744 744 744
745 745 189 301 926 158 931 963 142 1 218 95
746 746 746 746 746 746 746 746 746 746 746 746
747 215 341 218 167 749 776 918 820 483 305 286
748 424 395 389 320 350 178 498 496 466 510 12
749 62 377 745 453 212 70 431 105 159 183 426
750 88 137 57 54 285 129 422 115 254 445 139
751 128 290 294 526 296 393 321 396 61 160 492
752 82 509 473 434 128 82 277 149 377 214 129
753 548 816 115 23 113 250 60 296 107 459 226
754 466 971 9 213 11 573 12 8 510 12 565
755 211 424 429 124 124 99 62 212 303 300 282
756 223 87 473 298 812 546 462 21 249 577 283
757 367 333 249 607 393 950 303 845 58 256 142
758 143 478 477 474 108 476 112 469 5 105 747
759 121 518 533 285 5 420 291 168 413 168 486
760 335 429 272 3 137 21 787 21 259 92 80
761 393 421 19 288 104 150 103 179 62 147 233
762 516 305 409 409 292 389 182 872 377 659 377
763 5 191 342 511 262 262 377 150 155 285 281
764 74 745 221 16 543 424 304 271 46 579 592
765 498 700 247 498 411 333 121 51 85 41 42
766 134 373 714 62 143 201 249 495 82 62 258
767 473 106 454 62 457 457 568 168 484 64 11
768 323 323 5 128 157 377 776 776 204 205 51
769 559 282 106 255 434 290 405 133 133 41 342
770 353 124 139 448 409 207 214 166 142 820 970
771 64 420 452 451 365 363 577 282 375 80 474
772 772 772 772 772 772 772 772 772 772 772 772
773 773 773 773 405 889 375 494 23 27 361 29
774 285 840 440 65 231 65 426 457 285 401 574
775 560 400 327 249 201 342 907 179 107 129 65
776 160 601 166 559 282 726 62 314 228 280 486
777 723 306 533 147 121 221 74 62 163 434 393
778 971 505 43 569 441 264 533 116 23 35 655
779 146 226 186 420 434 367 151 113 306 160 667
780 84 366 690 366 145 147 233 601 64 389 182
781 621 277 342 533 210 424 105 550 121 278 343
782 377 396 320 381 394 628 389 283 60 133 170
783 669 669 669 5 291 291 203 62 518 362 301
784 784 784 784 411 438 25 654 186 121 30 473
785 545 30 34 23 964 40 160 58 685 949 552
786 52 301 482 160 730 107 597 596 218 288 549
787 21 6 4 665 303 28 39 37 40 23 421
788 788 717 131 96 75 372 84 87 533 40 31
789 352 206 201 593 482 820 206 292 64 455 443
790 544 932 474 42 184 355 16 190 160 484 822
791 623 458 542 403 425 562 380 295 311 905 311
792 121 255 82 489 121 329 367 212 509 540 952
793 206 751 128 218 560 459 163 106 480 601 121
794 335 269 448 494 234 235 420 474 404 160 818
795 417 133 181 397 393 546 147 615 253 259 69
796 828 353 249 954 546 209 234 64 165 142 577
797 18 533 201 280 16 169 450 65 13 655 172
798 798 798 798 798 798 798 798 798 798 798 798
799 160 224 224 256 340 473 141 362 5 29 38
800 533 35 301 340 16 820 16 15 174 377 262
801 820 197 373 93 261 48 372 83 329 184 115
802 172 86 540 121 290 272 3 58 601 233 209
803 1001 832 587 6 140 160 826 586 86 165 490
804 265 360 265 529 494 510 86 318 169 4 896
805 487 452 141 81 283 363 188 667 533 581 77
806 88 302 238 602 499 232 129 116 655 167 167
807 211 66 215 408 625 4 738 552 126 131 285
808 808 808 808 808 808 808 808 808 808 808 808
809 698 685 59 586 826 803 803 194 1001 3 114
810 222 513 425 874 65 282 254 58 494 153 160
811 77 950 820 422 493 168 484 86 87 255 145
812 2 59 845 699 525 213 473 326 143 328 66
813 129 187 160 153 422 129 482 134 74 42 17
814 52 595 52 53 466 359 699 602 365 18 219
815 63 114 981 423 301 314 312 314 507 314 184
816 437 816 119 470 816 96 169 28 93 399 543
817 813 413 160 180 107 82 188 69 434 473 249
818 301 641 282 129 820 420 362 486 14 86 540
819 273 15 273 15 16 107 16 106 42 145 271
820 87 626 87 393 107 83 131 552 373 93 16
821 160 380 393 386 379 174 164 424 641 371 97
822 572 377 312 366 506 362 820 421 448 271 20
823 971 307 588 28 362 114 173 155 173 723 777
824 191 681 681 82 252 333 976 411 174 408 130
825 306 113 171 133 155 173 62 263 367 367 212
826 412 305 16 404 101 97 708 125 354 185 708
827 506 406 720 441 11 608 61 395 296 378 103
828 5 528 64 665 859 859 601 283 44 424 17
829 168 183 20 189 533 129 440 266 498 200 917
830 452 265 525 265 61 519 607 81 549 74 220
831 258 87 269 424 527 96 23 153 256 263 86
832 408 993 408 6 5 318 40 29 409 151 655
833 7 506 496 5 464 727 83 340 434 471 333
834 107 254 355 420 201 166 366 310 1 82 708
835 789 458 172 183 419 161 300 889 828 896 21
836 706 523 64 515 89 183 28 896 173 64 434
837 107 306 107 142 253 121 796 405 87 489 106
838 124 892 114 640 45 448 269 932 165 464 444
839 377 402 211 81 685 412 58 249 533 4 990
840 168 493 522 563 572 167 181 133 844 165 361
841 719 182 499 241 242 209 637 233 101 211 469
842 211 4 405 169 548 82 357 356 301 429 166
843 290 114 93 93 407 265 533 186 932 113 434
844 971 506 674 430 8 570 12 183 201 167 205
845 924 211 214 681 86 226 228 218 249 405 132
846 605 414 415 697 645 156 344 178 61 213 957
847 333 984 333 105 478 476 258 62 586 412 888
848 340 848 340 405 896 2 57 137 58 183 367
849 849 155 486 28 438 115 83 474 111 258 107
850 199 218 223 220 17 615 21 346 21 548 365
851 681 123 455 64 496 602 141 362 602 11 129
852 851 851 907 851 350 939 350 861 350 533 114
853 82 681 86 590 545 473 355 115 121 199 203
854 285 562 177 0 368 160 242 564 281 194 587
855 473 393 61 503 407 265 8 525 8 498 65
856 612 58 175 288 371 662 662 107 180 381 342
857 166 485 166 114 41 207 377 320 390 181 157
858 306 141 213 951 141 431 141 232 156 320 160
859 252 849 57 683 412 6 157 395 379 308 74
860 116 753 753 115 337 31 123 275 515 275 458
861 350 936 129 58 88 209 58 175 58 126 174
862 777 86 362 430 565 674 267 266 246 298 160
863 57 174 815 208 481 3 405 304 302 88 810
864 411 738 211 473 163 121 568 107 279 279 62
865 58 252 3 46 303 59 971 812 142 366 74
866 80 92 728 92 65 307 85 310 218 300 739
867 134 74 219 181 526 275 562 515 206 14 593
868 320 440 264 608 608 529 608 213 320 391 368
869 179 381 149 278 83 285 685 2 586 233 243
870 65 998 65 324 971 3 63 481 63 355 255
871 231 14 178 275 511 118 118 51 261 753 900
872 61 379 376 321 483 340 342 533 25 28 952
873 425 874 401 562 14 141 232 277 231 179 150
874 425 294 203 105 422 393 145 21 62 236 434
875 170 753 170 13 552 281 4 405 283 333 282
876 564 209 71 217 49 217 643 17 73 313 295
877 28 35 455 64 166 857 166 285 105 820 83
878 33 31 254 393 761 393 643 87 166 142 45
879 242 121 642 121 478 329 91 306 5 337 860
880 305 685 647 256 490 420 430 166 209 236 82
881 96 304 411 469 474 424 269 282 124 124 371
882 166 226 533 86 318 411 243 83 44 358 374
883 27 197 64 937 404 357 5 100 142 932 106
884 884 412 305 552 58 597 142 615 800 409 30
885 887 885 728 92 480 69 434 129 932 253 419
886 812 428 322 13 137 298 301 215 295 391 295
887 887 20 519 106 278 121 747 550 82 368 394
888 412 193 411 183 329 333 627 333 516 2 57
889 828 896 107 253 21 152 107 36 31 82 23
890 121 492 84 112 80 230 366 747 121 190 82
891 892 128 6 527 423 925 205 581 200 201 183
892 290 280 292 426 129 113 847 448 424 46 269
893 466 487 466 359 213 707 525 293 765 421 409
894 327 820 232 320 179 296 321 389 181 103 582
895 114 106 717 788 788 788 717 459 759 121 372
896 356 405 211 430 501 176 176 65 581 133 169
897 263 318 76 444 527 423 981 417 64 771 106
898 230 80 129 123 170 212 212 17 307 114 426
899 2 174 199 83 594 283 234 166 459 106 73
900 438 450 257 167 51 31 38 23 38 37 48
901 137 271 137 679 187 69 13 346 160 142 405
902 5 308 21 364 433 434 333 421 61 381 60
903 907 593 320 213 246 765 358 499 506 19 142
904 321 384 105 106 87 137 2 164 564 126 137
905 222 166 212 58 142 153 83 820 208 126 285
906 156 320 213 503 44 565 9 971 430 565 266
907 179 321 560 20 189 420 854 285 58 115 302
908 196 51 205 201 5 132 152 440 178 232 113
909 209 303 896 287 536 229 64 93 664 694 664
910 65 133 346 160 314 166 446 160 424 114 129
911 189 509 494 281 285 285 698 126 56 59 194
912 499 213 213 266 213 320 156 344 656 149 179
913 44 765 430 420 13 286 571 137 22 35 486
914 169 249 258 27 197 128 377 382 157 301 23
915 38 13 535 482 41 165 490 81 356 282 173
916 414 603 414 916 414 414 370 417 151 28 486
917 201 62 107 405 489 82 277 231 342 17 643
918 167 342 349 179 107 45 322 428 301 18 797
919 113 473 106 642 419 68 550 508 212 82 53
920 435 160 169 450 542 526 53 486 292 284 160
921 63 83 373 133 60 179 365 87 304 54 285
922 488 141 499 533 82 365 310 78 310 107 230
923 733 440 818 440 608 804 11 22 258 417 725
924 96 116 32 116 725 370 113 171 470 470 986
925 417 258 16 174 21 118 461 448 428 409 207
926 64 232 493 615 252 625 285 96 82 326 932
927 234 86 457 65 324 555 141 249 137 571 552
928 211 44 83 81 568 276 549 80 431 212 408
929 929 933 46 164 139 140 282 258 831 258 932
930 921 930 926 64 419 255 545 93 14 168 291
931 158 931 599 242 977 209 15 353 86 31 40
932 748 283 308 283 16 518 16 187 494 458 493
933 15 335 335 794 322 140 334 335 760 546 508
934 163 435 647 435 316 121 233 236 240 160 216
935 353 82 99 424 81 494 366 424 589 106 329
936 935 125 124 638 46 933 45 269 154 5 74
937 125 353 323 3 183 434 203 342 149 490 295
938 611 464 82 340 521 615 828 64 183 155 655
939 232 707 213 266 0 18 84 57 193 252 6
940 128 128 205 93 36 13 177 321 393 282 401
941 189 726 1 189 710 710 69 86 256 10 329
942 435 127 166 285 401 65 430 8 441 602 602
943 295 382 379 6 195 192 4 880 815 64 102
944 748 460 419 161 667 69 477 258 434 408 126
945 945 327 82 233 58 404 97 354 97 640 97
946 641 333 281 571 520 281 5 980 5 681 123
947 295 717 295 560 459 190 184 162 532 308 6
948 381 342 346 21 87 820 654 562 232 840 65
949 59 4 552 208 58 665 87 223 86 12 420
950 173 434 233 460 473 581 78 160 423 485 74
951 957 265 533 189 301 311 248 301 290 87 128
952 81 145 533 515 493 133 106 28 27 39 339
953 28 32 438 170 62 3 405 796 353 166 467
954 546 597 597 107 114 249 212 546 422 493 42
955 205 86 326 932 3 411 84 662 166 214 95
956 913 44 932 859 932 310 17 225 189 536 287
957 9 499 488 922 908 205 204 198 199 207 908
958 69 184 710 188 69 87 166 128 974 94 342
959 377 262 179 907 907 342 147 422 546 30 35
960 377 250 150 381 342 294 203 284 351 191 284
961 377 172 351 250 1 84 83 395 64 157 5
962 325 21 314 295 295 943 295 388 182 157 396
963 159 301 225 409 25 370 25 165 844 165 547
964 23 39 40 24 609 114 166 880 424 303 513
965 936 290 426 280 203 206 280 51 13 748 160
966 21 296 932 186 62 333 320 296 283 379 368
967 44 51 27 35 27 93 940 93 78 121 172
968 968 184 80 747 83 131 121 129 137 166 28
969 184 667 387 378 378 390 526 515 290 183 405
970 546 252 812 412 859 5 177 61 265 264 247
971 975 971 216 579 448 107 17 341 389 162 71
972 913 700 661 440 14 167 575 231 426 568 329
973 971 859 6 281 13 356 356 80 549 818 339
974 918 94 177 61 150 60 232 95 204 377 656
975 971 723 971 971 114 13 305 517 192 59 5
976 113 263 301 249 19 160 158 58 63 236 249
977 209 411 116 725 318 5 105 427 40 165 96
978 900 978 165 128 254 31 39 114 160 690 5
979 106 756 613 756 288 84 121 425 426 280 280
980 5 59 586 126 698 412 971 729 525 9 359
981 361 971 805 487 922 53 221 155 301 321 971
982 137 166 467 21 495 5 163 654 58 3 599
983 333 366 84 754 804 266 565 823 9 707 566
984 153 212 153 474 422 154 147 695 405 5 232
985 376 64 644 349 149 179 351 210 107 74 21
986 470 816 455 123 275 813 623 458 377 458 397
987 170 27 878 35 25 13 352 13 130 936 706
988 24 37 35 169 5 35 160 121 552 54 89
989 91 758 61 421 393 84 780 84 729 84 752
990 803 412 64 177 459 187 215 42 23 39 229
991 812 434 81 365 62 582 549 218 872 232 493
992 992 129 187 189 222 268 248 301 245 62 15
993 408 57 126 138 921 412 285 458 172 434 275
994 6 169 5 527 5 820 974 820 30 172 523
995 712 401 705 211 460 81 420 128 371 161 358
996 12 293 498 738 498 247 264 498 7 720 7
997 953 28 183 62 236 587 237 587 408 434 173
998 65 320 61 264 265 213 11 129 221 129 286
999 145 142 17 726 212 422 615 83 372 107 133
1000 206 167 18 85 467 222 810 269 105 105 169
1001 4 880 282 268 513 652 478 328 331 295 182
1002 560 321 546 299 184 42 427 434 548 160 184
1003 258 105 83 214 460 129 128 15 139 420 7
1004 55 552 285 408 252 114 300 106 314 434 493
0 223 183 282 253
1 250 320 103 389
2 812 217 49 153
3 845 685 58 4
4 430 498 267 359
5 312 177 380 283
6 59 193 411 116
7 537 315 519 227
8 950 23 494 2
9 707 525 913 972
10 260 311 297 259
11 91 478 90 409
12 62 8 499 43
13 12 430 246 856
14 64 211 117 100
15 446 429 160 400
16 187 155 512 366
17 73 316 979 316
18 232 611 486 48
19 452 830 452 213
20 537 14 593 197
21 129 484 484 86
22 20 222 309 18
23 121 16 190 69
24 30 24 5 375
25 494 438 365 401
26 35 282 271 54
27 37 23 261 93
28 37 588 26 251
29 331 358 12 560
30 115 437 136 337
31 612 41 483 464
32 883 339 136 96
33 615 115 460 169
34 434 859 166 377
35 301 8 823 213
36 301 362 405 114
37 370 135 5 99
38 847 333 820 201
39 339 29 165 151
40 417 62 597 651
41 47 427 96 361
42 209 601 523 168
43 569 570 265 141
44 951 141 555 19
45 429 933 447 272
46 63 625 412 832
47 245 318 115 460
48 38 116 116 470
49 153 107 31 361
50 162 321 397 52
51 256 308 308 74
52 157 5 520 183
53 526 232 312 74
54 738 208 305 552
55 194 195 208 815
56 738 424 462 121
57 601 105 404 532
58 366 531 106 314
59 685 208 137 107
60 397 64 309 511
61 104 295 434 433
62 29 417 136 41
63 826 1001 832 832
64 64 234 282 880
65 86 393 424 695
66 96 115 208 137
67 86 152 333 443
68 68 92 86 153
69 480 550 82 594
70 180 344 148 402
71 121 318 96 80
72 20 715 20 400
73 84 444 547 444
74 459 17 309 905
75 470 438 113 13
76 75 165 105 509
77 87 859 6 544
78 482 777 535 777
79 811 77 531 914
80 282 10 44 11
81 280 61 368 295
82 509 508 105 546
83 282 209 303 738
84 84 30 417 23
85 467 222 696 248
86 504 501 430 44
87 371 13 21 520
88 209 541 641 212
89 211 464 35 282
90 13 171 423 301
91 375 469 375 356
92 336 251 417 151
93 336 133 170 318
94 515 493 183 44
95 232 486 394 486
96 83 355 160 724
97 102 101 768 101
98 98 353 142 41
99 768 185 800 549
100 86 818 65 231
101 131 86 450 705
102 743 517 743 102
103 385 385 390 103
104 549 818 166 84
105 654 233 236 434
106 74 42 427 23
107 100 117 160 857
108 476 375 121 856
109 62 405 419 91
110 91 419 367 82
111 375 896 303 302
112 108 329 283 107
113 36 13 771 145
114 527 333 133 5
115 420 188 62 188
116 251 160 117 170
117 460 411 166 459
118 183 155 855 86
119 165 171 116 136
120 218 495 673 495
121 296 385 377 947
122 167 182 18 419
123 438 36 107 31
124 51 751 206 196
125 353 323 654 333
126 56 6 137 160
127 189 190 62 258
128 212 268 549 418
129 214 434 42 212
130 692 231 167 149
131 82 641 641 371
132 210 329 258 256
133 160 306 62 591
134 373 373 92 685
135 65 543 65 275
136 165 89 924 89
137 88 209 16 121
138 481 211 96 64
139 282 577 282 356
140 64 326 549 306
141 951 913 7 422
142 263 113 183 87
143 478 176 344 191
144 145 290 356 480
145 856 331 464 455
146 177 221 314 420
147 83 152 366 310
148 402 402 148 349
149 440 365 141 430
150 301 189 663 551
151 753 816 119 427
152 84 326 64 271
153 282 474 663 460
154 783 424 212 453
155 367 280 113 115
156 906 546 106 46
157 397 379 182 60
158 63 812 4 142
159 242 237 237 209
160 410 160 29 409
161 7 661 856 833
162 333 427 470 590
163 491 624 491 695
164 2 1001 990 3
165 33 38 25 36
166 283 46 63 115
167 122 122 123 438
168 568 458 533 326
169 29 23 427 980
170 145 249 169 261
171 370 115 367 427
172 167 122 180 87
173 233 424 74 696
174 209 71 217 404
175 137 635 285 486
176 275 426 14 493
177 61 181 321 250
178 483 94 917 483
179 376 295 255 169
180 615 422 493 291
181 379 390 396 390
182 381 321 378 295
183 165 25 34 33
184 115 366 372 70
185 52 197 820 95
186 62 263 256 340
187 533 822 350 861
188 74 188 679 69
189 582 211 252 169
190 420 152 271 717
191 5 681 681 133
192 195 58 372 83
193 3 411 183 6
194 57 195 738 586
195 252 46 495 203
196 820 283 424 274
197 160 400 20 519
198 129 169 533 280
199 820 16 81 357
200 593 198 201 280
201 232 204 94 974
202 206 199 526 86
203 128 593 955 936
204 94 917 27 133
205 86 506 672 506
206 203 128 218 366
207 13 730 730 13
208 87 665 2 273
209 238 498 700 707
210 160 591 142 303
211 15 592 272 513
212 726 282 372 42
213 503 406 466 265
214 231 645 645 191
215 187 365 495 46
216 46 273 273 46
217 366 317 295 376
218 366 518 187 183
219 79 86 686 263
220 377 86 480 252
221 225 148 468 167
222 226 419 198 196
223 518 163 121 143
224 365 486 458 568
225 331 362 256 338
226 254 128 169 932
227 756 311 260 21
228 309 64 209 160
229 177 533 264 65
230 533 83 58 494
231 656 177 221 18
232 115 363 87 283
233 101 768 404 82
234 533 25 40 28
235 158 233 58 59
236 243 233 159 209
237 160 261 753 491
238 243 242 209 62
239 373 508 142 248
240 160 509 13 484
241 159 242 13 19
242 13 535 164 695
243 411 283 4 533
244 236 209 424 318
245 301 362 301 147
246 649 421 488 466
247 566 7 707 86
248 297 248 221 403
249 173 62 292 167
250 1 310 365 211
251 338 48 547 981
252 419 497 482 48
253 20 83 453 420
254 355 303 4 301
255 283 104 104 392
256 271 283 86 152
257 231 280 575 178
258 559 142 236 244
259 327 820 64 397
260 248 317 223 758
261 165 417 170 81
262 376 320 391 971
263 114 3 281 58
264 266 498 707 700
265 407 266 754 608
266 358 856 573 452
267 498 238 237 424
268 300 268 300 263
269 334 139 428 429
270 515 232 263 361
271 5 572 484 448
272 710 188 424 518
273 140 6 563 14
274 273 592 139 137
275 178 61 498 466
276 426 270 611 232
277 231 621 301 153
278 149 88 210 513
279 106 377 163 546
280 18 376 166 139
281 285 635 812 880
282 856 560 313 268
283 367 24 25 301
284 936 129 346 191
285 401 542 168 14
286 408 517 195 59
287 82 462 212 145
288 288 252 235 233
289 231 278 365 114
290 62 582 667 187
291 93 41 212 490
292 133 482 162 45
293 525 421 765 498
294 294 214 21 422
295 392 368 14 18
296 87 223 282 107
297 17 87 152 21
298 299 710 81 170
299 145 474 89 924
300 183 411 193 57
301 173 96 340 554
302 13 375 896 355
303 630 630 369 88
304 809 58 159 89
305 815 174 166 54
306 478 356 258 375
307 307 347 105 404
308 169 340 547 443
309 225 17 950 8
310 221 468 221 283
311 420 783 16 121
312 222 218 340 333
313 317 84 121 222
314 189 80 375 5
315 222 21 551 509
316 309 215 311 341
317 218 183 531 173
318 5 0 459 498
319 237 237 233 474
320 166 18 74 259
321 376 250 157 395
322 676 322 448 87
323 5 132 489 5
324 558 359 699 44
325 325 508 10 69
326 473 44 549 160
327 416 971 777 259
328 331 44 820 593
329 365 602 529 496
330 330 73 309 317
331 295 250 84 119
332 500 569 43 44
333 2 587 4 121
334 447 46 252 481
335 428 216 971 29
336 251 136 135 160
337 116 816 753 170
338 987 115 232 872
339 179 820 167 483
340 10 409 207 183
341 297 215 812 932
342 219 222 310 313
343 345 254 58 271
344 180 373 508 549
345 121 152 223 166
346 181 388 394 947
347 61 499 502 44
348 349 402 211 63
349 13 90 494 68
350 178 53 440 562
351 419 131 646 211
352 656 177 13 297
353 160 190 121 118
354 404 601 166 747
355 518 445 254 296
356 160 290 357 258
357 183 474 68 21
358 504 86 107 410
359 570 971 93 36
360 971 699 11 211
361 151 816 548 405
362 529 499 452 700
363 560 283 420 123
364 212 114 420 669
365 28 420 810 180
366 693 283 252 83
367 82 424 748 405
368 395 295 255 419
369 304 87 160 340
370 423 443 423 13
371 351 495 932 494
372 42 245 160 190
373 812 58 137 301
374 166 446 334 15
375 243 63 854 82
376 308 169 211 408
377 120 380 320 391
378 376 378 397 6
379 308 83 87 333
380 160 343 183 419
381 179 397 320 166
382 377 392 283 318
383 377 316 459 90
384 393 150 388 164
385 103 122 351 377
386 181 541 541 140
387 198 290 340 169
388 280 83 17 696
389 537 403 526 526
390 321 440 94 200
391 295 86 318 409
392 295 179 321 385
393 392 528 392 86
394 14 537 411 5
395 61 391 380 160
396 295 296 932 333
397 179 82 30 336
398 377 659 377 391
399 133 333 48 925
400 260 297 260 93
401 362 81 333 171
402 420 355 210 638
403 221 283 17 248
404 185 125 618 125
405 280 296 288 233
406 506 293 362 441
407 503 44 324 466
408 2 195 252 235
409 33 27 160 320
410 329 351 181 182
411 460 215 306 91
412 105 183 303 932
413 840 440 458 86
414 645 414 603 414
415 852 206 167 296
416 173 147 85 41
417 23 38 915 38
418 467 107 78 77
419 249 388 249 255
420 337 245 423 361
421 504 421 249 152
422 17 427 212 147
423 925 925 47 107
424 282 87 448 971
425 526 86 526 296
426 526 495 211 138
427 105 282 4 971
428 335 139 139 933
429 139 322 434 314
430 765 720 525 967
431 83 105 60 352
432 217 282 223 655
433 186 490 80 287
434 63 812 107 591
435 127 20 183 258
436 437 30 41 483
437 860 135 5 74
438 302 533 35 533
439 96 6 346 13
440 265 674 141 141
441 699 506 409 28
442 444 527 318 47
443 409 504 86 65
444 86 297 215 820
445 820 343 231 692
446 166 351 214 413
447 140 2 131 83
448 107 121 263 564
449 414 414 443 443
450 399 450 93 494
451 265 232 840 5
452 506 452 9 265
453 301 810 269 63
454 84 119 753 470
455 443 423 547 417
456 405 304 57 131
457 294 342 199 198
458 714 419 300 106
459 80 490 518 86
460 57 96 76 245
461 269 424 113 165
462 21 520 3 599
463 462 106 486 664
464 331 615 84 210
465 786 52 61 391
466 804 264 510 84
467 222 905 316 560
468 316 231 65 366
469 478 108 81 400
470 986 261 82 422
471 810 180 129 992
472 255 160 214 60
473 667 473 116 317
474 254 169 900 860
475 375 230 333 172
476 13 949 685 949
477 69 508 68 473
478 108 469 469 89
479 414 916 414 449
480 80 508 259 260
481 738 685 859 174
482 64 244 303 128
483 305 174 371 548
484 822 936 706 86
485 318 494 68 212
486 201 18 225 309
487 529 441 8 498
488 466 324 555 7
489 256 184 127 84
490 149 277 377 468
491 453 607 421 7
492 115 474 254 269
493 115 79 133 482
494 280 280 278 722
495 160 426 87 128
496 459 331 225 82
497 491 127 82 371
498 405 166 105 28
499 213 155 137 255
500 264 804 720 765
501 406 720 699 44
502 8 971 174 140
503 265 267 19 142
504 7 566 707 720
505 406 503 498 459
506 11 233 424 748
507 85 226 370 27
508 679 551 160 367
509 508 679 80 303
510 674 569 501 232
511 309 215 690 20
512 512 155 236 132
513 93 337 511 7
514 474 23 32 151
515 93 971 809 107
516 743 743 517 6
517 102 3 128 165
518 560 42 190 509
519 435 147 434 113
520 92 65 101 98
521 615 493 413 413
522 523 601 536 184
523 829 523 543 65
524 72 20 68 183
525 7 11 525 602
526 44 212 576 160
527 527 64 131 604
528 64 455 131 963
529 504 293 365 434
530 533 18 53 199
531 365 283 493 129
532 404 333 950 23
533 393 333 531 438
534 440 435 942 95
535 164 395 60 320
536 546 462 411 212
537 486 278 160 103
538 498 213 602 499
539 78 497 491 127
540 549 268 1 284
541 140 174 520 420
542 403 537 459 221
543 257 544 129 254
544 303 950 393 62
545 40 29 13 698
546 340 212 333 166
547 437 455 925 113
548 160 310 581 41
549 679 189 67 160
550 249 440 970 128
551 679 81 160 201
552 809 131 62 448
553 482 165 492 212
554 340 424 695 227
555 141 141 62 747
556 232 1000 206 231
557 51 124 592 461
558 569 365 530 365
559 282 74 485 245
560 73 248 372 431
561 462 20 187 405
562 497 581 204 141
563 493 568 493 282
564 338 121 355 473
565 459 490 82 124
566 707 7 570 267
567 567 843 290 210
568 1 85 85 14
569 358 506 504 358
570 359 452 451 558
571 211 283 254 420
572 493 611 168 128
573 11 362 420 520
574 65 515 167 203
575 232 320 157 380
576 176 344 344 178
577 249 145 856 121
578 577 366 254 46
579 334 447 140 819
580 580 580 580 580
581 450 399 84 254
582 84 77 546 233
583 521 340 107 704
584 290 291 291 129
585 295 62 365 293
586 63 921 6 55
587 408 993 408 215
588 307 85 778 85
589 357 424 445 82
590 29 443 251 116
591 107 233 637 234
592 448 429 334 269
593 936 86 30 114
594 84 71 152 92
595 52 301 511 420
596 218 311 17 180
597 118 607 81 211
598 340 254 170 490
599 931 599 3 990
600 65 581 533 40
601 79 6 140 812
602 238 931 210 82
603 414 449 414 415
604 458 623 791 623
605 846 605 797 797
606 495 424 109 366
607 537 20 695 249
608 358 505 407 332
609 30 438 545 87
610 142 353 185 98
611 464 116 753 115
612 163 459 44 114
613 163 142 166 818
614 106 222 519 228
615 129 333 166 129
616 435 163 106 454
617 448 735 164 62
618 617 272 273 273
619 5 411 460 256
620 86 154 495 283
621 149 621 11 421
622 238 506 499 510
623 84 58 107 226
624 491 497 581 450
625 63 738 809 971
626 87 280 277 206
627 189 551 303 211
628 394 295 283 58
629 316 465 465 809
630 369 303 58 162
631 631 631 631 209
632 719 395 393 157
633 633 633 633 633
634 634 634 634 635
635 4 107 314 307
636 211 990 408 57
637 209 303 15 579
638 589 83 296 351
639 234 494 290 301
640 124 706 280 65
641 541 764 541 641
642 249 569 19 107
643 163 434 28 62
644 5 516 192 194
645 156 345 262 345
646 131 87 62 441
647 21 355 210 183
648 648 648 648 648
649 441 87 533 163
650 215 220 68 366
651 420 541 249 21
652 478 160 312 309
653 653 653 653 653
654 84 594 83 20
655 37 32 13 113
656 231 655 427 47
657 269 447 62 62
658 658 658 658 658
659 659 377 231 344
660 660 660 660 660
661 293 754 324 10
662 62 189 117 106
663 508 80 80 384
664 93 336 92 260
665 54 59 880 859
666 856 407 332 9
667 142 747 69 173
668 157 130 277 206
669 641 166 446 164
670 670 670 670 670
671 249 615 269 121
672 430 672 406 332
673 495 606 495 155
674 565 804 466 504
675 675 675 675 675
676 160 270 84 754
677 199 94 342 351
678 492 283 104 549
679 971 133 307 133
680 380 14 231 122
681 851 350 178 539
682 681 342 340 546
683 411 114 533 326
684 684 684 684 684
685 137 859 412 211
686 381 381 397 182
687 404 162 249 28
688 543 65 352 206
689 198 203 183 107
690 74 313 310 340
691 691 691 691 691
692 130 65 562 568
693 366 886 3 59
694 664 664 84 432
695 365 11 324 63
696 307 17 226 228
697 156 734 156 166
698 57 685 54 271
699 924 57 243 158
700 19 49 612 41
701 462 506 699 845
702 932 237 963 930
703 703 703 703 703
704 704 704 704 704
705 256 283 226 314
706 290 169 464 444
707 465 615 427 254
708 86 822 168 533
709 185 124 323 99
710 971 505 406 466
711 711 711 711 711
712 401 82 83 70
713 509 508 299 710
714 401 362 105 326
715 799 447 62 856
716 5 902 5 411
717 106 21 169 450
718 5 281 64 601
719 719 719 393 86
720 700 707 358 765
721 30 129 343 160
722 278 495 106 90
723 777 340 434 489
724 160 234 283 356
725 318 485 333 983
726 1 268 316 519
727 464 493 615 153
728 733 306 533 172
729 649 441 254 518
730 211 11 700 332
731 731 731 731 731
732 732 732 732 732
733 440 608 754 19
734 156 191 191 681
735 269 810 88 533
736 333 263 417 971
737 271 552 82 10
738 305 698 685 54
739 12 564 258 160
740 51 27 136 93
741 150 82 104 179
742 614 756 375 211
743 517 2 809 208
744 744 744 744 744
745 979 316 495 203
746 746 746 746 746
747 366 441 533 15
748 708 708 62 27
749 62 445 86 753
750 88 233 282 173
751 51 31 24 30
752 283 191 82 693
753 491 170 753 119
754 720 213 496 64
755 211 128 450 568
756 166 399 543 493
757 367 23 153 820
758 238 64 232 537
759 459 467 20 121
760 592 100 97 708
761 393 932 494 484
762 516 5 417 438
763 763 763 5 438
764 541 420 167 426
765 9 823 521 823
766 134 598 598 482
767 803 767 82 160
768 935 768 97 708
769 559 142 88 369
770 353 121 338 434
771 16 363 188 106
772 772 772 772 772
773 773 405 161 11
774 285 55 160 345
775 560 474 375 89
776 201 128 918 167
777 21 690 549 356
778 85 147 145 299
779 820 533 582 184
780 84 404 15 45
781 52 128 424 45
782 82 214 124 107
783 654 162 393 546
784 411 24 34 32
785 23 27 997 953
786 465 155 877 28
787 21 64 69 212
788 788 788 717 215
789 278 106 62 508
790 544 82 210 365
791 493 62 17 254
792 121 58 244 301
793 206 290 290 620
794 335 446 335 447
795 417 444 444 444
796 353 618 404 100
797 342 13 450 65
798 798 798 798 798
799 160 113 116 114
800 615 269 273 209
801 820 346 351 371
802 802 256 283 392
803 252 235 159 233
804 11 699 525 499
805 44 8 510 494
806 809 4 170 494
807 192 195 59 281
808 808 808 808 808
809 304 304 58 83
810 244 963 859 809
811 79 531 78 405
812 880 252 81 508
813 714 143 62 251
814 52 221 83 87
815 92 887 20 28
816 455 123 180 191
817 543 493 180 178
818 339 136 160 230
819 273 269 932 212
820 21 80 62 554
821 163 491 390 226
822 183 900 183 271
823 15 15 322 13
824 191 282 188 42
825 723 733 64 169
826 58 4 880 3
827 506 166 429 273
828 889 828 434 17
829 203 351 95 95
830 452 213 487 496
831 258 18 146 779
832 102 516 195 59
833 5 495 74 560
834 107 280 16 44
835 65 664 664 84
836 813 434 10 64
837 107 41 443 455
838 45 448 461 335
839 377 392 377 147
840 86 138 815 63
841 719 395 295 18
842 96 303 236 155
843 567 425 574 65
844 971 232 493 440
845 4 160 237 5
846 605 846 605 414
847 437 337 5 362
848 419 170 442 417
849 63 243 859 3
850 199 197 86 818
851 377 388 295 486
852 852 852 852 852
853 82 124 706 585
854 63 405 183 308
855 299 700 498 265
856 546 803 194 194
857 166 226 440 249
858 306 64 458 129
859 685 55 160 896
860 914 28 405 81
861 350 204 41 801
862 777 86 87 426
863 57 138 59 57
864 411 64 197 172
865 412 162 31 282
866 96 165 64 330
867 134 598 84 1
868 5 0 734 157
869 181 342 348 191
870 65 320 160 340
871 231 292 822 183
872 17 307 85 53
873 425 121 404 357
874 65 94 350 681
875 170 13 239 243
876 564 158 963 241
877 137 4 126 586
878 23 460 115 170
879 242 238 239 145
880 282 366 187 494
881 96 56 138 56
882 160 160 2 434
883 337 23 115 513
884 884 884 884 884
885 20 533 290 694
886 59 3 193 411
887 92 287 298 301
888 412 285 59 990
889 405 489 408 192
890 121 234 239 13
891 405 411 434 489
892 128 955 593 51
893 971 582 184 536
894 327 5 728 5
895 333 13 418 710
896 28 405 896 329
897 263 338 211 329
898 898 230 21 346
899 2 685 738 195
900 165 96 619 303
901 137 6 204 203
902 5 281 685 63
903 191 284 301 651
904 321 387 389 6
905 215 177 905 297
906 546 723 733 538
907 156 645 191 346
908 204 533 177 218
909 183 426 263 142
910 65 486 28 339
911 189 127 36 318
912 466 9 421 393
913 956 856 434 172
914 753 119 753 548
915 38 33 409 184
916 414 449 414 697
917 27 26 47 13
918 232 397 296 160
919 443 40 917 200
920 230 533 359 707
921 138 520 22 35
922 560 913 183 133
923 825 733 538 530
924 88 137 82 165
925 113 41 107 206
926 64 16 375 16
927 234 252 273 273
928 211 301 93 545
929 164 564 365 28
930 234 239 145 106
931 599 211 532 308
932 63 57 685 647
933 429 447 498 14
934 268 19 506 504
935 100 117 170 280
936 563 494 308 133
937 404 373 283 372
938 611 183 493 425
939 232 562 380 385
940 128 209 16 93
941 189 460 41 282
942 435 163 72 106
943 295 268 222 106
944 748 256 312 255
945 325 65 290 424
946 641 669 641 946
947 377 321 396 390
948 381 394 390 61
949 285 83 83 365
950 492 615 115 417
951 359 951 951 44
952 509 105 163 83
953 292 64 367 361
954 154 419 351 155
955 128 169 81 509
956 498 200 498 525
957 19 555 466 421
958 962 958 69 212
959 377 148 150 182
960 377 384 377 741
961 377 548 377 380
962 325 10 728 259
963 237 926 158 963
964 29 301 13 343
965 936 290 405 173
966 21 183 142 211
967 498 293 856 452
968 184 64 980 13
969 509 68 679 482
970 51 121 68 106
971 569 359 11 530
972 509 62 282 464
973 971 812 877 81
974 820 801 41 820
975 971 26 40 753
976 333 82 748 405
977 242 233 441 661
978 860 375 896 356
979 745 74 224 468
980 470 116 655 438
981 113 547 333 261
982 137 92 86 340
983 114 455 170 82
984 153 366 180 87
985 376 388 394 53
986 411 58 372 87
987 170 183 493 835
988 411 102 300 100
989 91 514 375 318
990 194 990 812 990
991 812 366 285 65
992 992 992 992 992
993 408 89 260 248
994 6 377 228 482
995 712 401 276 168
996 12 267 700 707
997 27 37 23 249
998 65 334 65 483
999 145 404 532 63
1000 14 493 142 282
1001 193 58 166 140
1002 560 400 21 647
1003 258 18 103 162
1004 55 6 544 6
