0 377 377 227 268 215 187 121 201 205 93 409
1 254 254 62 216 579 273 252 611 160 778 160
2 138 809 63 256 186 492 42 343 183 82 18
3 59 174 286 410 490 419 351 377 82 252 107
4 812 461 428 409 306 400 183 820 136 251 251
5 218 166 159 963 243 80 357 375 28 932 295
6 362 518 187 300 739 300 312 300 495 222 219
7 358 805 358 232 280 232 60 172 62 45 45
8 504 44 661 11 141 141 672 160 826 6 56
9 957 700 358 406 264 265 661 440 249 407 504
10 121 212 424 295 943 295 386 181 347 349 180
11 20 495 419 591 160 549 84 338 160 23 212
12 13 147 87 828 546 226 223 173 233 828 16
13 79 820 167 232 608 452 358 569 44 401 148
14 231 290 198 485 166 168 829 203 168 820 932
15 164 592 273 592 160 123 165 365 293 420 64
16 283 559 142 82 18 280 419 351 167 434 83
17 145 474 82 468 160 223 221 21 80 174 56
18 797 18 120 5 242 235 242 240 158 159 215
19 473 213 359 672 249 493 254 81 357 68 932
20 86 430 62 283 63 625 63 408 4 194 533
21 671 357 13 27 116 336 339 10 509 325 327
22 258 421 529 7 362 365 165 337 420 624 231
23 249 249 137 62 714 494 375 340 375 91 107
24 33 86 936 546 187 473 147 105 393 84 119
25 160 351 214 180 231 316 255 87 909 183 309
26 25 93 93 280 284 191 148 160 589 671 107
27 136 169 434 161 105 288 613 537 232 611 64
28 121 17 107 221 42 474 83 221 223 316 695
29 361 444 971 20 560 607 490 87 490 459 464
30 29 545 93 373 552 87 459 189 301 686 245
31 23 82 114 83 212 58 533 551 533 147 142
32 361 62 129 166 252 169 364 363 661 13 357
33 165 30 32 339 96 164 424 274 340 274 549
34 36 367 93 337 165 171 444 443 135 62 467
35 31 86 106 163 934 268 227 253 21 820 82
36 367 133 206 231 936 593 482 289 280 303 105
37 84 217 282 318 444 443 981 263 486 94 515
38 171 114 485 423 444 527 547 527 333 976 442
39 48 48 423 160 484 515 381 157 295 150 61
40 438 136 336 27 160 51 95 143 480 375 160
41 85 74 248 260 259 260 21 87 533 45 892
42 329 64 232 457 401 365 128 197 908 395 379
43 43 566 573 498 241 237 237 319 237 244 963
44 498 525 232 320 333 820 100 404 366 165 338
45 164 424 329 450 292 183 11 406 505 43 407
46 82 191 682 681 284 231 377 387 41 212 589
47 86 69 667 387 377 394 368 393 250 60 380
48 925 245 48 263 116 261 82 132 552 571 303
49 19 473 30 229 114 329 90 409 506 358 823
50 84 393 719 841 869 397 60 392 295 377 294
51 112 91 108 478 442 26 25 438 339 245 367
52 820 100 98 640 638 55 638 329 63 738 552
53 129 802 258 38 370 115 135 93 545 27 51
54 132 282 62 736 333 76 89 107 180 422 493
55 58 283 389 103 395 390 182 320 349 262 215
56 685 137 209 155 333 438 123 339 32 28 896
57 411 121 283 125 124 638 355 303 533 756 533
58 175 288 19 19 506 956 498 246 141 161 504
59 192 323 640 99 124 214 536 298 551 69 173
60 397 376 869 397 841 841 231 284 191 156 13
61 103 376 389 211 329 38 437 5 2 517 517
62 183 169 450 128 204 377 231 168 198 485 333
63 324 7 666 160 820 751 128 107 366 474 160
64 271 10 82 74 105 326 549 694 664 401 664
65 870 65 257 526 103 123 172 275 160 778 85
66 478 356 106 87 163 62 17 155 19 421 765
67 549 69 777 419 365 211 705 232 18 225 314
68 301 18 103 352 41 932 671 480 494 375 51
69 678 274 269 173 546 742 614 614 613 747 107
70 71 83 856 405 63 301 248 268 248 311 366
71 162 212 253 121 474 424 86 573 9 707 856
72 259 106 405 548 152 21 42 280 426 572 434
73 106 329 28 420 210 159 631 159 963 82 372
74 254 371 170 371 161 570 19 441 266 440 380
75 437 47 86 425 430 430 128 378 377 397 869
76 485 317 116 160 856 12 44 366 17 295 103
77 62 158 963 643 269 166 234 654 288 550 13
78 581 473 362 401 430 4 571 303 255 13 329
79 205 86 623 129 180 156 342 376 64 549 661
80 183 282 4 803 252 63 243 166 146 0 18
81 550 44 419 198 202 198 290 283 132 371 210
82 212 493 835 84 558 487 805 358 699 913 560
83 536 20 715 84 144 615 153 173 404 768 125
84 664 664 486 285 155 284 14 86 138 285 208
85 467 81 303 424 401 129 162 31 32 338 251
86 393 388 150 82 212 145 271 481 57 304 411
87 513 83 20 11 10 89 96 135 860 375 258
88 411 126 55 1004 55 5 2 665 4 809 481
89 58 424 424 100 424 105 546 158 160 179 820
90 90 474 23 249 17 316 309 120 146 177 223
91 143 325 549 274 405 108 356 490 405 221 405
92 400 96 336 260 311 905 215 221 560 316 316
93 543 425 835 789 5 306 612 131 55 63 115
94 41 200 581 78 13 655 482 301 36 128 44
95 203 231 820 15 216 448 140 322 140 139 274
96 442 84 582 508 546 397 320 179 103 393 181
97 618 98 371 300 638 329 46 254 210 16 290
98 102 743 743 516 195 809 160 201 204 533 290
99 640 323 3 89 5 990 281 16 106 607 589
100 323 662 97 99 434 69 329 96 135 455 375
101 100 640 371 174 971 59 738 281 932 128 3
102 97 323 5 495 641 212 371 548 278 548 434
103 215 400 74 227 695 317 695 405 355 303 411
104 388 377 177 65 791 401 533 362 86 153 932
105 142 665 685 665 107 89 303 924 211 255 607
106 820 95 86 30 36 545 26 590 13 304 211
107 179 122 351 155 44 141 249 654 211 126 6
108 91 478 434 458 493 413 176 113 64 440 497
109 51 51 112 375 514 66 117 223 152 440 6
110 84 411 683 411 84 282 493 115 28 261 114
111 84 510 84 288 506 466 265 360 754 266 608
112 108 356 249 44 30 121 199 83 133 403 813
113 423 62 141 62 356 82 10 143 469 108 258
114 423 96 261 494 252 654 84 553 134 535 173
115 58 455 171 171 48 372 62 98 768 125 323
116 23 165 361 367 254 17 173 160 42 296 388
117 460 225 17 189 146 52 1 255 62 548 1
118 116 27 28 721 37 112 357 105 190 162 2
119 76 114 87 474 87 20 287 82 555 11 22
120 17 166 420 133 307 133 10 20 10 329 333
121 1 641 160 486 270 611 211 412 286 126 812
122 377 104 182 150 250 296 378 150 389 389 181
123 438 390 103 296 388 128 52 595 52 820 167
124 640 99 98 124 97 124 768 434 65 493 256
125 101 323 124 708 708 323 768 99 937 99 99
126 812 107 78 482 172 714 494 86 820 150 820
127 1 726 342 593 206 214 280 221 218 218 297
128 388 393 950 173 400 11 956 498 499 922 847
129 576 128 129 464 5 462 21 695 106 377 483
130 65 515 526 65 426 621 180 346 129 256 492
131 211 2 489 473 367 531 340 598 84 510 510
132 131 57 601 3 236 121 180 421 473 249 23
133 183 212 253 227 537 486 356 480 23 28 39
134 340 531 107 355 329 42 106 190 108 469 90
135 30 121 395 321 179 249 17 154 422 131 271
136 165 492 932 963 83 113 26 23 35 338 420
137 303 5 716 716 5 128 362 81 685 208 211
138 4 3 46 424 518 560 810 210 638 158 240
139 76 113 725 40 13 27 34 40 917 974 918
140 541 15 140 592 933 446 429 216 274 21 459
141 365 11 754 674 661 249 17 434 144 84 560
142 100 404 145 170 81 142 166 137 434 768 708
143 41 128 199 94 350 822 922 529 141 141 569
144 145 271 552 532 175 15 428 107 410 62 179
145 393 433 372 404 269 234 931 599 931 158 564
146 52 397 52 719 64 367 303 129 802 172 82
147 301 61 321 60 150 820 918 204 196 424 30
148 225 226 300 161 129 450 83 101 354 354 404
149 656 176 333 76 981 527 527 48 84 441 720
150 295 331 223 495 254 433 405 355 255 152 83
151 427 48 84 13 285 58 859 849 57 460 460
152 105 161 12 957 12 565 324 19 555 84 305
153 142 28 588 30 27 28 338 183 355 333 615
154 954 518 271 698 412 285 412 285 4 1001 832
155 128 303 62 20 21 306 327 416 327 10 508
156 344 349 349 907 349 402 402 377 464 424 405
157 53 922 956 933 929 334 15 353 101 125 125
158 237 160 51 200 776 160 217 49 612 115 405
159 301 368 434 828 234 240 158 405 4 587 3
160 292 168 611 486 478 424 497 13 199 128 44
161 121 58 282 932 128 300 142 577 578 577 333
162 417 245 339 27 27 121 362 19 184 509 259
163 154 173 340 80 679 68 69 473 550 165 119
164 322 428 448 971 179 388 295 314 161 141 499
165 364 212 41 581 557 79 165 364 211 604 96
166 209 174 233 115 302 115 411 473 427 31 24
167 128 226 105 160 179 214 294 203 86 459 495
168 600 129 278 183 272 137 298 246 141 81 418
169 261 486 303 82 438 338 199 105 333 919 40
170 460 495 314 295 128 557 77 62 90 478 83
171 261 32 151 35 339 169 326 932 493 526 440
172 483 321 60 105 351 166 283 363 105 327 416
173 950 481 3 812 635 520 285 303 107 58 84
174 107 63 16 748 283 494 438 436 438 35 31
175 137 665 87 166 742 614 106 283 174 859 859
176 478 375 51 82 5 63 5 572 86 708 748
177 113 38 847 976 443 333 615 129 473 129 482
178 231 178 537 397 390 387 118 117 117 409 338
179 280 284 180 348 349 5 611 252 369 303 367
180 105 203 296 295 18 797 605 846 605 851 342
181 379 150 181 179 107 362 165 36 31 338 142
182 250 495 342 907 342 219 181 869 182 378 61
183 128 557 395 182 320 394 387 368 1 142 236
184 5 249 661 459 362 506 7 421 258 198 198
185 768 935 100 592 124 99 64 918 494 529 9
186 474 494 82 199 280 543 93 291 203 196 280
187 473 495 211 473 489 528 373 282 494 543 523
188 184 969 509 710 187 106 771 64 57 243 58
189 966 189 81 137 355 932 859 89 54 57 271
190 189 189 467 549 173 114 39 13 809 55 63
191 284 351 172 813 458 172 214 294 526 103 0
192 195 738 195 826 809 412 665 87 474 513 19
193 412 587 237 233 241 241 241 240 211 137 209
194 3 58 664 84 86 445 51 199 218 228 519
195 586 59 738 2 13 95 207 167 277 214 495
196 204 65 752 84 612 311 341 74 227 495 128
197 52 61 104 160 41 460 116 411 114 105 80
198 5 269 301 482 437 900 455 5 738 424 641
199 94 974 87 963 142 253 189 312 189 287 800
200 440 266 466 499 61 533 590 26 437 136 169
201 202 206 65 13 785 13 336 27 370 427 82
202 623 202 41 143 31 34 165 550 249 243 930
203 495 215 188 971 174 665 2 285 166 84 57
204 65 206 751 167 460 411 604 458 450 494 543
205 197 160 270 84 624 461 461 46 252 117 223
206 936 936 86 593 214 351 365 133 365 209 273
207 13 980 261 5 279 118 13 339 10 324 10
208 495 254 74 221 218 696 17 872 232 368 181
209 300 889 300 312 841 397 632 632 719 121 458
210 208 126 63 184 69 107 113 280 486 232 60
211 560 329 652 163 518 166 141 573 498 967 525
212 48 333 113 76 5 980 427 460 211 55 63
213 264 61 499 374 503 407 213 213 441 105 424
214 107 362 280 170 212 129 840 562 14 53 13
215 220 434 368 121 326 64 400 215 756 118 495
216 272 290 160 189 818 86 67 66 661 549 248
217 612 50 217 612 233 932 338 160 882 166 859
218 313 313 221 83 366 173 518 17 180 533 61
219 79 205 196 128 15 128 424 58 126 564 10
220 90 162 389 181 160 356 366 812 3 599 242
221 312 311 424 168 515 167 351 13 484 232 266
222 420 20 87 326 420 108 93 260 92 65 169
223 226 107 401 257 284 130 351 28 722 27 545
224 148 280 121 44 142 367 366 372 82 163 533
225 81 63 271 859 546 184 971 113 165 847 455
226 146 17 495 365 211 255 932 68 106 44 11
227 519 228 82 46 748 793 206 936 776 204 41
228 226 440 177 223 86 498 213 608 267 674 267
229 114 356 424 367 48 75 470 816 170 133 417
230 420 373 58 411 698 126 56 738 303 412 6
231 257 65 435 533 128 152 183 956 856 282 190
232 320 103 392 528 392 60 384 80 271 698 2
233 240 210 235 360 141 9 266 267 608 232 611
234 210 166 513 365 329 355 184 968 184 365 224
235 96 5 337 160 349 5 237 932 249 362 420
236 154 183 113 129 30 251 26 171 116 165 420
237 62 474 612 856 212 160 323 102 411 411 6
238 700 566 666 367 106 80 271 738 286 303 610
239 243 234 242 159 440 526 168 168 434 419 101
240 234 160 367 114 767 13 535 10 638 158 2
241 233 160 292 1000 232 64 430 504 301 474 107
242 209 249 506 2 194 405 541 405 114 405 129
243 237 253 212 518 404 518 249 166 303 169 303
244 235 240 242 241 236 159 460 347 612 356 62
245 424 404 357 82 46 434 211 271 80 299 171
246 530 538 306 68 424 367 261 980 261 339 39
247 700 7 511 262 347 179 61 14 430 11 699
248 259 327 400 271 809 738 498 92 68 357 409
249 187 550 549 690 301 100 592 241 499 452 265
250 377 172 457 440 206 203 296 495 128 152 147
251 361 417 367 434 493 172 256 367 419 198 206
252 55 193 408 305 738 59 56 4 211 5 242
253 228 312 62 113 442 333 128 82 303 137 272
254 252 233 434 368 103 157 395 393 810 222 607
255 83 273 592 929 579 428 428 140 617 618 523
256 87 83 285 58 803 4 59 160 371 82 191
257 543 168 426 62 137 126 286 195 517 195 5
258 91 514 375 89 56 54 285 683 305 54 59
259 92 728 173 129 65 409 515 434 191 283 255
260 248 372 48 211 211 13 357 589 434 431 160
261 455 455 438 96 303 28 367 116 96 400 971
262 180 381 344 177 229 177 297 218 220 128 142
263 274 216 45 892 892 491 453 167 207 5 450
264 441 466 9 720 525 699 699 11 359 569 661
265 161 707 331 464 183 172 249 431 427 62 159
266 950 492 105 569 498 440 840 129 418 107 468
267 266 13 579 448 461 273 428 160 478 83 63
268 494 113 333 355 21 129 30 35 33 27 33
269 810 511 7 546 41 165 363 278 280 204 918
270 515 373 481 131 209 319 243 859 408 193 412
271 408 138 211 552 809 174 405 889 375 411 211
272 271 303 114 154 82 304 58 518 533 285 126
273 164 592 139 209 160 321 810 210 271 303 244
274 592 272 5 496 11 452 823 452 700 661 856
275 200 198 168 494 226 533 116 165 336 419 79
276 560 224 160 188 42 147 435 435 920 435 519
277 621 426 391 380 562 6 308 434 211 764 168
278 114 473 68 64 482 64 611 486 377 390 438
279 160 431 83 536 287 80 256 445 581 473 163
280 18 74 311 341 311 106 187 518 552 738 131
281 57 552 82 209 64 165 121 453 459 329 434
282 586 59 520 92 86 457 86 226 232 705 232
283 60 420 30 115 283 387 321 103 546 508 667
284 6 1001 4 698 13 2 685 194 195 281 82
285 301 281 56 921 138 2 520 21 405 211 695
286 129 282 139 424 160 279 118 84 152 115 387
287 549 189 418 13 38 847 981 976 318 107 726
288 756 227 495 82 427 48 423 318 115 249 371
289 180 148 377 494 2 587 6 438 261 455 89
290 79 166 44 459 1 255 82 541 139 124 82
291 93 13 179 149 656 380 157 156 179 741 150
292 950 55 552 305 54 520 208 133 545 473 367
293 754 720 525 505 43 499 608 565 430 4 145
294 377 960 377 347 149 64 980 427 165 165 455
295 142 820 162 249 16 174 16 375 5 191 347
296 277 284 203 196 196 199 41 85 146 549 68
297 311 905 309 228 695 734 156 345 254 107 147
298 473 150 155 546 87 654 562 6 377 292 168
299 190 564 158 105 160 509 400 10 405 828 371
300 102 6 880 408 533 440 65 307 872 85 51
301 180 289 180 249 172 87 227 932 174 3 408
302 438 261 470 367 64 644 180 419 490 518 11
303 533 326 105 329 137 21 885 728 535 482 289
304 303 269 269 422 363 129 82 357 356 480 142
305 59 990 285 426 956 498 459 316 147 145 233
306 21 189 287 69 68 106 5 820 201 231 181
307 17 218 282 218 95 450 340 282 518 105 363
308 211 126 286 880 174 58 252 237 319 107 372
309 268 756 756 268 313 73 330 64 771 16 183
310 272 617 140 160 135 160 190 409 197 128 203
311 459 473 549 173 327 105 607 81 367 106 300
312 218 495 1 568 81 569 957 265 359 452 700
313 74 187 932 173 62 494 281 131 132 16 128
314 283 61 376 390 376 388 60 150 181 166 191
315 222 341 74 177 60 395 296 719 182 368 250
316 341 309 224 365 802 258 258 110 121 125 708
317 389 64 234 6 54 131 285 211 255 472 255
318 127 184 81 412 698 2 174 809 59 303 285
319 158 319 158 434 153 83 612 404 101 155 137
320 440 440 493 426 518 87 243 58 546 256 345
321 157 155 849 849 859 183 35 40 533 359 264
322 15 13 94 198 129 210 82 285 458 568 526
323 162 236 82 147 249 932 237 107 282 464 424
324 466 141 293 506 651 427 443 226 696 297 73
325 69 715 84 282 233 828 46 83 285 2 3
326 327 6 327 306 21 46 106 820 932 128 445
327 173 249 19 49 152 79 78 366 19 61 707
328 327 306 5 807 303 106 133 362 602 238 239
329 121 79 162 859 4 252 434 506 765 421 566
330 74 312 221 249 231 871 231 180 621 231 284
331 73 223 177 905 215 58 665 142 217 288 162
332 707 872 377 382 295 331 73 223 173 173 134
333 280 280 21 174 16 46 283 365 212 153 333
334 447 322 735 448 15 164 137 4 114 48 847
335 164 273 269 234 145 58 211 460 597 597 810
336 339 987 123 31 337 548 62 20 127 227 695
337 136 96 13 273 83 255 434 256 314 726 62
338 251 455 339 14 284 157 283 82 445 419 113
339 167 51 160 66 91 474 13 39 48 261 30
340 339 883 165 249 255 284 231 277 231 172 450
341 17 166 756 73 950 492 612 41 5 237 963
342 139 445 301 327 894 327 400 589 282 494 287
343 345 121 357 5 21 274 15 274 592 100 640
344 157 385 395 103 537 178 0 178 214 231 172
345 214 346 168 278 301 446 335 592 272 461 269
346 168 93 260 10 971 416 327 10 327 400 271
347 179 907 342 468 419 121 23 409 169 254 355
348 191 86 229 64 615 121 540 952 710 187 283
349 149 377 62 356 106 424 82 62 427 615 404
350 345 152 105 543 450 705 232 294 401 874 401
351 122 411 498 562 129 116 455 318 107 3 46
352 214 124 335 15 128 367 129 62 173 326 183
353 82 490 473 767 13 130 692 231 262 179 121
354 185 687 282 577 363 187 21 272 45 164 285
355 654 249 518 82 458 813 168 83 285 921 6
356 419 78 107 708 86 484 572 64 95 593 199
357 183 859 166 799 971 9 265 11 362 283 129
358 106 117 170 135 5 76 423 847 417 165 547
359 421 421 23 142 20 306 723 923 825 923 923
360 549 550 13 84 443 38 579 446 166 233 546
361 438 74 212 44 459 565 12 674 504 699 720
362 856 856 19 249 460 490 405 303 340 638 12
363 508 582 549 68 184 188 20 253 20 11 406
364 363 115 816 165 254 129 458 568 107 601 404
365 106 533 19 573 441 105 820 779 146 66 112
366 662 323 271 80 866 96 66 328 357 105 180
367 375 13 244 58 533 525 359 9 265 407 7
368 150 741 179 60 390 388 181 283 405 490 128
369 96 2 283 594 121 594 82 282 129 333 932
370 725 486 65 291 294 232 160 557 445 424 87
371 128 209 121 303 87 23 166 492 612 924 57
372 366 165 123 180 277 515 129 231 575 280 494
373 283 283 166 453 491 695 147 154 820 62 19
374 501 232 232 936 822 290 211 106 531 548 365
375 329 474 83 249 252 84 83 21 92 86 353
376 379 377 62 79 820 424 641 212 268 0 223
377 166 250 393 761 393 643 163 612 306 728 20
378 179 149 148 0 177 5 171 160 539 531 186
379 385 103 52 103 18 533 333 129 53 18 295
380 562 840 562 160 520 183 956 44 51 196 86
381 948 381 381 390 391 379 382 393 387 296 296
382 295 396 295 390 14 196 820 105 60 182 378
383 377 174 137 114 326 87 546 249 932 490 410
384 182 250 377 316 218 249 115 114 564 356 366
385 160 506 160 529 332 699 845 481 13 147 366
386 393 342 575 206 201 342 178 14 290 121 338
387 378 179 149 342 156 342 160 81 283 748 106
388 249 208 63 249 513 166 115 337 464 211 88
389 162 249 46 83 340 405 106 169 301 730 64
390 321 103 52 397 53 14 292 160 147 83 70
391 376 122 168 450 82 371 169 494 261 160 223
392 157 149 150 166 77 557 395 82 338 114 339
393 145 160 401 425 664 694 549 877 812 140 5
394 321 368 320 391 320 390 295 459 358 913 44
395 389 397 157 386 181 378 387 115 474 258 468
396 320 333 492 165 170 107 115 422 393 283 209
397 179 339 167 257 284 168 83 355 184 282 256
398 157 278 256 802 258 468 160 397 632 397 719
399 543 113 220 177 275 835 401 183 564 2 164
400 107 147 473 408 285 486 14 380 182 182 602
401 121 93 176 486 35 442 485 263 168 434 142
402 148 468 377 149 150 321 283 44 86 573 7
403 14 61 396 379 182 150 389 391 389 162 90
404 932 310 170 183 106 756 613 163 83 23 212
405 355 183 568 329 4 880 685 809 160 641 541
406 7 362 420 278 611 129 802 365 7 222 21
407 566 573 160 512 366 30 764 331 482 535 10
408 63 4 158 931 926 234 209 424 695 491 378
409 165 28 811 84 211 281 408 58 175 532 63
410 62 30 251 172 256 412 803 194 990 1001 3
411 323 101 125 142 166 82 932 236 83 420 305
412 552 520 832 193 859 131 87 963 107 963 210
413 562 200 95 41 593 199 677 199 205 41 474
414 414 645 414 370 39 30 41 908 201 107 531
415 697 414 605 851 350 343 129 116 338 485 317
416 327 328 258 478 112 91 108 473 329 160 139
417 27 370 40 339 14 51 114 96 135 370 423
418 253 83 203 105 288 613 747 671 68 69 473
419 434 58 546 321 394 394 182 391 971 729 525
420 296 420 155 18 797 18 120 232 575 280 290
421 487 451 466 555 19 707 358 501 44 434 11
422 145 393 150 397 122 191 278 180 621 180 352
423 76 444 13 214 851 907 903 191 214 157 301
424 269 428 461 46 106 290 211 755 211 363 371
425 567 425 256 296 376 385 385 182 394 393 83
426 306 69 86 190 420 21 62 251 170 4 2
427 105 16 107 86 98 708 323 447 62 405 329
428 273 45 274 549 160 468 121 87 243 159 105
429 160 197 13 588 34 40 33 113 116 370 92
430 6 181 60 342 277 130 129 557 232 312 228
431 372 107 55 2 845 699 9 421 13 285 552
432 121 480 107 201 103 380 232 557 128 908 201
433 393 397 181 347 215 211 363 115 172 365 489
434 473 404 896 63 175 174 174 473 213 525 500
435 647 647 221 312 14 232 557 518 223 612 492
436 437 135 31 29 24 39 30 409 420 293 530
437 115 932 81 713 81 911 81 170 40 93 129
438 308 6 486 417 409 169 65 791 401 249 505
439 115 333 211 730 301 263 300 2 137 107 46
440 249 672 430 765 293 362 28 62 87 13 352
441 121 420 165 337 883 337 338 932 419 133 336
442 976 485 485 443 527 263 333 333 114 81 638
443 417 437 47 113 28 96 113 483 157 880 56
444 442 443 263 417 64 685 809 826 194 4 564
445 419 101 353 323 5 255 17 269 424 142 576
446 13 170 261 333 329 290 16 211 44 503 44
447 164 139 445 82 495 222 494 822 484 86 106
448 421 481 13 748 283 215 296 250 250 387 380
449 414 697 321 177 905 177 307 114 263 405 143
450 438 340 78 79 420 291 5 815 64 96 46
451 558 674 430 401 148 349 122 351 203 296 378
452 265 451 569 141 951 141 51 44 63 845 921
453 105 83 355 932 83 160 551 189 509 400 271
454 160 484 694 664 363 208 546 154 249 179 388
455 76 318 976 318 455 211 305 211 340 638 896
456 405 256 333 83 458 568 457 493 817 543 523
457 294 301 271 56 13 63 532 552 281 13 325
458 129 221 17 473 68 173 166 799 166 666 666
459 560 810 222 282 373 239 145 121 269 617 140
460 74 756 225 309 905 297 86 166 159 89 252
461 272 612 17 494 190 105 771 16 290 584 272
462 513 652 478 434 144 145 17 255 189 225 18
463 463 463 462 411 102 832 192 2 546 212 340
464 165 486 155 371 360 495 365 180 41 63 366
465 61 52 595 52 397 394 379 60 61 389 387
466 804 608 971 114 166 506 856 525 500 504 293
467 189 187 932 642 106 255 405 796 405 296 380
468 82 362 560 84 249 377 395 283 103 537 607
469 478 478 13 409 108 478 442 263 13 244 234
470 367 80 459 223 268 459 212 28 721 30 30
471 810 210 3 1001 6 411 469 112 66 480 20
472 355 212 223 64 820 196 917 820 168 114 76
473 32 417 40 753 75 135 136 151 136 464 331
474 256 318 361 47 41 160 128 495 106 365 278
475 375 160 138 809 56 13 301 926 158 121 747
476 258 932 544 303 362 546 536 189 215 155 22
477 469 143 480 362 820 932 129 936 484 86 238
478 282 209 128 607 548 531 183 756 268 419 462
479 414 449 414 603 414 916 414 443 135 75 48
480 671 80 249 128 486 292 82 255 329 20 462
481 13 30 336 339 860 437 38 113 176 129 36
482 531 581 5 2 166 105 340 553 482 318 482
483 482 593 342 95 199 918 204 199 296 342 160
484 168 160 278 270 11 211 46 322 676 322 794
485 318 443 114 212 422 87 372 366 44 300 97
486 106 230 920 435 435 942 435 65 409 272 579
487 213 602 249 356 828 896 404 896 368 275 493
488 487 9 529 602 11 608 804 466 231 129 526
489 21 64 498 8 141 566 707 720 441 19 366
490 295 389 628 295 379 160 352 347 681 180 179
491 168 263 897 263 981 114 261 32 338 229 338
492 144 492 256 534 440 493 115 474 249 187 365
493 568 493 562 714 373 706 280 228 218 220 114
494 226 546 206 149 206 291 65 835 493 254 170
495 211 424 154 209 490 81 400 271 64 400 325
496 466 406 9 500 358 232 226 419 268 215 377
497 531 437 437 339 10 11 20 121 29 229 39
498 421 19 533 326 86 526 181 172 166 156 180
499 500 406 44 142 64 106 154 495 222 301 228
500 699 529 466 466 7 666 141 14 256 534 450
501 430 183 285 65 998 65 401 874 401 874 425
502 141 951 44 506 504 502 406 699 359 504 161
503 499 500 466 7 161 129 95 196 206 936 350
504 971 423 547 847 922 908 592 447 140 409 421
505 358 8 672 44 114 89 4 137 81 160 786
506 374 501 176 93 128 80 174 303 371 355 184
507 243 240 242 303 159 434 137 685 859 271 137
508 259 519 405 489 365 377 377 385 103 86 498
509 68 663 549 218 341 218 560 229 494 82 74
510 8 525 407 525 466 856 573 573 160 89 434
511 309 248 142 131 586 462 408 252 271 46 3
512 512 512 512 160 223 17 424 340 46 812 252
513 21 1 215 74 340 106 107 129 44 81 69
514 971 747 162 169 588 169 105 856 7 511 810
515 572 280 16 379 397 368 104 150 368 391 393
516 305 55 131 55 6 137 285 166 446 429 6
517 305 718 281 5 644 147 82 180 160 441 569
518 362 488 496 64 131 86 62 478 328 91 11
519 518 552 131 282 184 357 91 329 69 409 20
520 121 12 674 569 8 9 707 566 452 213 466
521 554 419 642 405 121 71 217 654 154 654 211
522 523 280 165 494 113 33 34 24 5 357 404
523 168 292 377 94 206 588 26 32 438 330 64
524 72 106 490 434 62 811 84 1 215 197 494
525 720 332 700 11 7 707 627 184 405 62 505
526 425 870 425 567 290 526 426 486 165 550 165
527 444 333 601 180 932 255 303 13 730 13 156
528 6 134 521 766 340 934 549 74 219 222 142
529 466 421 460 244 158 58 243 859 162 186 144
530 533 306 409 409 197 409 338 48 678 68 508
531 249 208 820 21 520 815 5 271 63 129 789
532 211 3 55 305 815 685 4 411 604 458 533
533 350 13 550 288 431 84 649 649 466 267 700
534 813 836 332 498 411 323 64 95 918 206 160
535 554 134 64 572 280 249 18 365 371 254 186
536 20 118 667 533 18 146 299 146 52 157 179
537 232 6 375 494 404 142 131 552 481 285 174
538 733 825 306 160 195 516 192 2 564 2 516
539 77 121 362 666 141 306 550 13 255 13 209
540 86 132 158 89 10 21 787 21 127 377 60
541 511 262 533 520 92 72 311 73 560 1 250
542 275 176 93 28 419 154 152 84 715 20 173
543 576 176 486 356 549 465 549 67 86 494 70
544 133 170 81 58 138 880 56 96 121 63 371
545 27 721 37 38 437 25 34 23 878 23 34
546 490 490 932 180 345 483 41 204 820 482 160
547 340 226 142 747 613 793 316 121 425 562 440
548 82 963 930 963 121 473 434 434 121 324 754
549 418 188 69 509 68 420 172 419 63 16 255
550 107 282 160 450 493 817 817 515 484 822 292
551 723 551 679 13 23 34 33 28 419 198 776
552 809 859 252 6 562 714 129 611 623 129 418
553 340 811 84 166 747 424 142 165 31 123 450
554 535 10 638 340 521 340 121 326 121 212 83
555 11 22 20 187 663 474 514 108 409 140 301
556 14 172 365 513 121 540 509 713 69 13 19
557 518 283 115 494 153 254 169 249 672 249 530
558 529 608 266 466 488 922 141 533 822 908 204
559 166 856 366 115 212 163 366 173 160 512 162
560 29 261 455 438 249 356 62 505 332 141 327
561 462 249 493 17 282 217 288 19 265 213 421
562 515 484 87 106 280 61 381 156 166 0 368
563 6 685 58 408 6 738 131 121 121 96 151
564 4 183 285 425 257 425 835 275 813 836 813
565 804 754 161 405 145 462 256 473 404 412 63
566 700 213 608 971 893 971 699 358 525 266 213
567 82 68 212 145 612 726 106 256 748 944 748
568 183 87 296 179 381 390 394 104 387 376 296
569 441 142 121 300 102 411 408 993 408 126 4
570 707 674 569 971 321 38 592 100 300 896 2
571 211 183 80 129 813 450 494 311 106 365 329
572 593 917 206 201 342 726 612 41 113 114 256
573 9 358 856 833 833 7 358 525 505 971 672
574 65 92 370 442 485 976 47 40 28 229 28
575 231 180 932 393 103 64 375 328 460 170 437
576 494 100 99 420 810 393 378 157 214 214 377
577 366 19 331 19 166 114 640 564 638 639 639
578 577 377 577 166 64 937 125 86 37 123 129
579 273 274 86 458 526 440 226 121 747 663 80
580 580 580 580 580 580 580 580 580 580 580 580
581 13 579 335 334 269 513 546 245 443 114 473
582 671 106 287 509 400 173 107 342 851 350 180
583 521 62 747 301 581 531 133 169 212 128 166
584 290 515 562 275 440 458 813 434 153 820 366
585 129 440 515 292 62 410 486 155 223 226 405
586 194 300 118 607 519 786 407 266 265 533 906
587 6 272 310 221 73 313 17 155 101 380 381
588 438 40 165 33 878 35 160 23 171 655 75
589 106 106 80 303 909 303 363 121 306 93 820
590 443 165 443 251 336 115 86 233 460 411 867
591 145 121 714 86 154 183 169 113 64 430 501
592 15 274 429 107 342 122 397 869 841 397 157
593 434 544 542 399 133 29 31 31 24 590 409
594 82 963 240 209 82 147 316 420 7 249 431
595 52 814 262 349 262 100 323 97 98 618 618
596 597 107 23 460 411 338 66 984 333 105 44
597 142 80 356 80 340 160 129 363 188 549 627
598 598 521 62 62 283 820 212 83 166 308 532
599 209 543 425 493 820 150 157 61 213 264 12
600 65 334 15 164 412 832 63 859 963 241 240
601 141 332 141 566 441 466 324 558 487 496 496
602 498 967 525 913 499 374 501 452 265 19 7
603 414 370 135 160 747 494 142 480 329 405 340
604 131 86 44 43 566 11 420 108 91 91 160
605 846 846 846 605 851 907 349 122 122 103 179
606 495 495 1 232 707 809 137 420 607 453 420
607 560 341 74 219 82 87 424 295 717 295 292
608 266 11 161 107 730 730 730 5 58 366 145
609 30 62 84 107 77 932 748 129 600 588 36
610 160 80 747 710 69 10 44 82 58 137 281
611 389 376 390 395 103 380 295 107 361 47 165
612 306 329 20 92 68 287 800 185 323 97 5
613 243 64 417 485 442 442 443 442 48 252 56
614 614 613 613 793 613 163 121 115 233 441 166
615 669 420 191 511 949 252 571 3 114 371 101
616 320 296 393 422 272 310 272 5 64 133 284
617 140 592 38 116 183 257 526 498 569 9 674
618 618 523 387 523 618 97 533 333 417 38 39
619 89 438 545 36 121 828 612 131 950 260 89
620 290 419 434 812 140 282 174 285 4 137 434
621 160 68 494 215 511 284 232 18 366 134 535
622 238 13 30 136 438 6 137 685 137 208 552
623 450 340 226 533 361 437 170 4 971 336 116
624 409 325 306 5 6 252 2 13 239 373 58
625 63 87 974 87 304 82 209 249 642 642 83
626 87 77 121 46 283 389 211 281 174 854 183
627 627 184 747 62 143 482 218 219 483 280 494
628 379 63 880 408 285 13 126 137 679 663 189
629 440 365 28 166 23 32 533 46 211 215 0
630 369 96 318 256 222 424 641 282 212 183 137
631 159 233 433 254 17 107 306 478 356 434 173
632 397 296 167 218 225 17 223 624 21 300 169
633 633 633 633 633 633 633 633 633 633 633 633
634 634 635 634 634 635 286 481 738 56 305 865
635 520 859 286 160 195 59 192 192 195 411 208
636 211 169 460 214 352 483 61 519 160 286 252
637 637 637 637 234 533 541 764 483 157 296 379
638 300 10 142 133 170 115 282 124 173 405 249
639 65 450 5 272 46 933 335 335 45 274 334
640 99 124 618 124 45 533 106 518 154 154 422
641 1 82 647 420 210 434 114 160 285 379 395
642 212 546 404 662 300 896 28 80 286 4 271
643 87 607 253 671 69 216 69 80 106 114 547
644 820 100 937 99 107 769 107 518 252 175 288
645 414 479 479 414 443 919 847 981 919 113 925
646 411 864 411 194 132 366 404 708 107 747 550
647 82 170 816 914 169 371 125 708 100 687 282
648 648 648 648 648 648 648 648 648 648 648 648
649 121 296 389 321 38 25 34 361 27 39 116
650 215 215 73 297 311 223 223 459 225 309 64
651 428 139 342 851 605 846 846 846 846 846 846
652 329 480 508 10 89 434 478 474 340 290 294
653 653 653 653 653 653 653 653 653 653 653 653
654 48 333 129 137 812 990 194 238 601 41 474
655 167 515 494 296 395 250 387 377 157 377 182
656 177 64 367 151 40 40 318 96 336 170 497
657 269 212 64 80 106 280 199 908 205 93 407
658 658 658 658 658 658 658 658 658 658 658 658
659 377 294 290 526 782 526 399 542 291 403 403
660 660 660 660 660 660 660 660 660 660 660 660
661 363 314 82 329 480 66 478 84 134 554 62
662 366 19 49 153 16 153 142 610 235 610 235
663 460 462 21 615 521 482 820 932 340 114 564
664 363 152 50 217 84 282 131 86 366 950 812
665 6 126 58 212 431 70 86 756 73 259 297
666 11 293 12 362 82 173 82 730 468 162 393
667 189 146 183 695 20 20 467 160 106 190 549
668 157 395 103 394 486 6 237 238 587 234 145
669 783 154 83 13 535 134 6 299 546 7 421
670 670 670 670 670 670 670 670 670 670 670 670
671 106 105 115 173 147 212 62 15 164 16 543
672 44 81 490 160 184 418 253 83 273 252 96
673 495 424 474 96 455 5 215 650 215 347 105
674 569 44 166 42 163 62 70 494 197 205 593
675 675 675 675 675 675 675 675 675 675 675 675
676 428 409 2 412 552 82 129 353 935 353 935
677 199 296 351 320 593 350 351 183 169 336 419
678 747 189 188 69 13 98 371 137 59 886 366
679 508 418 582 211 755 211 240 158 239 3 55
680 380 53 820 107 532 552 58 832 1001 826 1001
681 160 748 107 468 495 155 114 925 318 326 107
682 191 231 172 107 375 860 123 411 6 473 108
683 411 646 411 597 546 290 65 366 166 430 128
684 684 684 684 684 684 684 684 684 684 684 684
685 137 880 56 13 164 335 429 446 46 269 142
686 21 44 332 500 406 44 486 36 914 338 27
687 282 586 412 81 685 815 92 160 25 133 261
688 543 672 7 161 569 19 264 533 97 99 424
689 689 198 290 419 78 424 747 613 127 92 457
690 5 117 5 283 3 832 160 107 405 419 129
691 691 691 691 691 691 691 691 691 691 691 691
692 130 426 14 526 714 426 457 65 290 936 484
693 83 162 169 249 351 420 581 65 434 404 357
694 129 283 693 83 365 589 357 81 356 256 271
695 259 508 480 375 282 254 81 69 353 185 709
696 17 17 1 189 799 189 190 87 441 466 141
697 156 181 176 478 112 91 107 494 375 405 365
698 13 114 847 333 460 411 6 232 707 570 661
699 499 488 922 956 856 301 211 101 125 121 210
700 913 44 502 499 602 365 179 262 262 533 518
701 462 513 153 82 508 62 404 173 74 254 420
702 932 86 103 53 182 869 179 231 457 401 568
703 703 703 703 703 703 703 703 703 703 703 703
704 704 704 107 495 250 377 782 82 212 121 242
705 183 168 183 292 82 124 638 169 29 229 165
706 86 85 226 483 556 556 232 178 231 172 142
707 161 82 255 424 82 708 99 420 362 6 389
708 323 353 770 353 185 800 409 128 23 546 362
709 404 124 335 124 768 100 434 14 79 162 212
710 549 74 317 73 17 310 218 315 222 560 282
711 711 711 711 711 711 711 711 711 711 711 711
712 995 712 995 712 401 130 122 130 157 157 719
713 69 325 340 107 31 932 227 695 21 346 214
714 65 264 441 498 11 365 548 121 44 300 2
715 799 160 397 52 397 379 160 249 63 256 492
716 716 5 218 204 141 7 247 19 19 324 558
717 411 123 37 127 491 695 20 536 298 42 105
718 305 56 949 552 411 318 725 370 427 47 976
719 397 6 296 288 217 132 106 314 85 18 314
720 441 729 141 359 44 28 339 427 367 62 58
721 721 28 116 34 165 116 340 892 44 765 246
722 27 165 290 62 521 340 106 355 546 604 211
723 551 549 69 508 82 550 212 160 29 964 29
724 338 66 389 395 157 191 851 342 95 207 191
725 339 169 128 212 131 82 353 183 223 226 440
726 283 62 188 184 486 820 421 466 358 232 65
727 483 94 350 351 363 283 169 93 820 333 114
728 21 72 524 72 524 72 311 222 82 151 121
729 44 63 164 139 446 164 160 131 2 273 461
730 211 240 233 166 18 182 602 365 18 365 607
731 731 731 731 731 731 731 731 731 731 731 731
732 732 732 732 732 732 732 732 732 732 732 732
733 923 825 306 478 356 828 16 424 188 183 121
734 128 424 172 351 420 474 269 83 249 21 173
735 140 166 132 16 255 421 481 373 373 92 326
736 107 147 859 193 252 235 236 86 189 818 189
737 737 271 88 924 612 121 66 211 340 483 205
738 481 552 738 303 807 211 582 103 582 508 418
739 155 18 215 549 465 316 695 405 434 35 434
740 252 66 611 64 131 283 758 405 21 325 87
741 741 741 741 250 84 752 65 280 232 115 152
742 614 742 166 485 170 513 272 461 448 271 54
743 102 2 166 473 113 47 40 30 26 545 462
744 744 744 744 744 744 744 744 744 744 744 744
745 979 106 290 211 375 160 314 184 160 490 459
746 746 746 746 746 746 746 746 746 746 746 746
747 282 355 420 143 714 62 310 340 548 46 211
748 222 810 321 349 321 150 301 173 10 728 733
749 167 280 430 5 337 13 667 68 474 258 490
750 88 303 211 654 789 168 206 908 51 908 820
751 6 552 57 698 481 6 685 698 685 685 281
752 121 27 590 35 183 375 282 74 221 18 376
753 170 31 165 550 106 747 613 613 288 371 81
754 565 459 177 479 275 86 142 450 526 413 183
755 211 11 441 699 924 699 700 720 720 765 720
756 431 372 372 84 37 86 132 210 303 114 252
757 577 757 980 64 64 61 379 321 156 344 344
758 61 296 288 296 296 157 191 130 172 204 936
759 121 283 389 390 389 376 157 283 363 105 255
760 546 233 82 203 129 168 231 820 197 215 17
761 393 254 23 107 161 267 264 823 521 86 229
762 516 516 762 516 762 516 102 2 571 211 460
763 763 763 763 5 445 256 412 2 411 405 314
764 211 859 254 77 107 687 282 588 545 26 28
765 9 359 529 608 232 515 176 344 231 621 149
766 134 482 598 340 371 97 768 125 99 64 74
767 82 856 145 366 65 53 14 368 377 494 70
768 323 654 211 210 45 461 118 84 75 560 1
769 559 166 283 389 389 395 389 6 362 506 362
770 353 125 424 295 60 388 394 394 53 157 368
771 16 80 303 21 29 29 339 438 29 165 133
772 772 772 772 772 772 772 772 772 772 772 772
773 773 405 290 6 751 6 571 4 411 506 238
774 285 921 63 324 43 358 105 5 115 280 231
775 560 282 932 23 434 100 708 100 371 548 381
776 167 339 167 182 381 149 88 149 344 377 782
777 723 546 80 28 409 40 32 438 437 482 165
778 971 10 260 331 19 525 913 529 499 359 499
779 146 0 146 226 309 272 429 301 926 926 237
780 84 84 598 553 553 482 531 290 329 80 243
781 52 146 177 905 74 696 297 311 248 301 8
782 377 61 64 445 310 85 74 690 106 154 87
783 420 404 217 643 50 50 82 290 494 690 549
784 411 698 552 82 62 405 303 280 282 17 386
785 23 337 464 169 405 81 663 188 155 333 417
786 160 321 697 415 852 415 852 415 86 417 48
787 21 145 81 189 799 715 84 243 930 208 54
788 717 106 357 80 490 160 376 181 383 157 179
789 835 84 210 405 160 395 494 371 137 283 372
790 544 544 6 193 408 126 698 13 550 160 509
791 65 791 65 92 173 74 188 424 281 271 366
792 121 137 194 803 990 193 832 3 210 533 19
793 748 300 100 434 221 42 343 207 206 852 851
794 335 164 379 80 384 105 269 657 269 256 460
795 417 547 527 444 847 437 547 444 114 366 812
796 405 162 186 256 607 421 393 761 393 433 254
797 797 18 115 434 100 592 735 164 520 281 281
798 798 798 798 798 798 798 798 798 798 798 798
799 715 69 678 69 166 366 512 162 288 371 490
800 409 165 314 160 401 285 166 427 31 427 422
801 41 200 177 0 218 133 128 346 105 355 114
802 365 249 356 114 411 469 90 91 143 328 143
803 1001 803 58 137 272 269 17 366 812 886 2
804 232 450 291 206 440 458 280 183 854 82 184
805 487 487 466 231 196 64 323 300 892 314 764
806 285 683 131 809 302 96 427 249 203 105 187
807 132 107 121 492 64 16 395 719 52 197 215
808 808 808 808 808 808 808 808 808 808 808 808
809 63 272 21 272 5 828 142 271 211 845 924
810 87 161 530 293 11 20 282 480 39 370 25
811 79 219 280 373 306 326 169 137 107 23 135
812 102 412 888 412 211 582 667 184 173 300 329
813 450 183 129 169 326 424 518 21 405 81 62
814 58 107 285 552 411 988 24 31 35 36 128
815 520 532 404 166 125 937 937 100 51 29 417
816 753 470 155 101 380 680 380 539 178 539 79
817 515 409 515 493 62 255 471 671 189 726 612
818 160 164 137 183 172 214 166 529 374 358 264
819 461 735 269 735 140 174 21 326 424 109 424
820 23 254 233 404 357 121 552 552 13 21 327
821 163 42 422 393 385 376 391 971 430 65 280
822 953 590 494 375 477 329 576 212 450 86 113
823 971 747 80 68 160 338 438 444 442 443 251
824 191 282 132 59 138 211 11 21 301 404 424
825 306 113 165 363 105 64 511 284 214 419 482
826 832 145 518 282 153 820 93 16 828 546 820
827 506 141 729 525 500 504 499 913 506 9 9
828 142 211 106 189 187 142 859 921 58 373 240
829 203 434 433 405 17 233 242 159 237 236 240
830 452 499 503 61 172 533 360 170 607 253 607
831 258 16 290 167 95 155 157 182 748 748 82
832 252 88 285 174 209 126 812 665 411 5 6
833 249 333 531 142 74 212 550 667 550 81 299
834 107 303 88 0 5 690 160 17 309 64 456
835 401 430 441 466 441 233 366 512 162 129 473
836 523 168 284 284 155 371 97 100 142 180 122
837 837 837 837 837 107 179 60 389 376 377 526
838 124 173 121 87 372 373 133 60 384 387 390
839 191 903 191 343 42 495 641 424 83 86 131
840 285 458 172 64 733 777 10 535 340 80 379
841 368 390 103 181 181 379 316 560 75 372 494
842 211 419 371 211 518 211 928 211 363 63 210
843 290 584 290 129 64 102 412 404 372 83 494
844 133 30 473 333 36 10 638 124 708 768 353
845 281 121 160 736 86 540 549 800 409 128 30
846 846 846 846 846 605 846 846 846 846 605 797
847 547 976 411 303 13 165 93 133 208 930 963
848 340 593 128 198 129 116 118 21 327 259 259
849 155 133 42 427 615 155 655 231 14 103 157
850 546 44 212 364 152 612 152 115 173 300 434
851 214 83 191 511 949 511 275 65 325 478 160
852 206 133 28 113 442 115 245 367 105 258 107
853 82 376 388 296 320 250 84 443 847 172 483
854 252 611 168 542 526 413 200 51 165 128 157
855 155 877 533 440 172 468 148 401 183 655 655
856 533 230 230 160 59 137 859 990 826 859 990
857 160 520 286 408 137 92 137 57 58 183 362
858 306 128 254 282 597 58 814 262 301 502 506
859 211 405 405 367 280 284 280 336 280 533 458
860 115 339 443 442 263 274 340 290 16 543 87
861 350 94 218 17 155 153 160 435 440 5 681
862 777 340 654 249 351 191 283 296 87 256 249
863 57 211 129 231 178 483 320 181 379 397 179
864 411 333 96 160 140 64 232 291 493 256 41
865 59 886 273 461 322 446 498 707 232 473 371
866 96 339 116 987 123 180 343 350 320 333 13
867 134 366 78 13 177 232 380 60 390 381 393
868 5 132 106 303 369 252 803 58 597 118 117
869 841 841 719 376 392 387 366 537 316 629 177
870 401 870 425 430 246 213 12 44 166 152 269
871 231 526 419 337 136 336 165 365 83 478 325
872 182 182 60 182 103 150 321 380 232 312 301
873 401 401 424 21 106 278 722 27 27 721 30
874 65 264 570 700 570 707 957 19 420 283 492
875 170 96 437 96 173 154 209 812 412 192 323
876 564 480 21 5 201 201 557 5 53 18 146
877 812 273 83 243 234 533 44 833 62 285 533
878 35 5 194 208 698 552 424 290 295 393 320
879 242 5 232 41 464 211 695 317 18 85 314
880 305 481 552 137 281 738 552 132 283 58 586
881 96 101 380 381 479 479 275 172 377 228 519
882 166 20 20 560 496 362 16 355 63 44 833
883 32 28 588 13 305 411 55 809 252 282 62
884 412 552 58 208 738 738 132 424 448 107 642
885 20 20 327 173 69 86 264 500 498 466 510
886 665 303 363 283 726 212 255 222 7 11 611
887 887 20 10 64 191 342 907 342 483 178 191
888 412 971 26 30 34 24 953 900 411 462 256
889 405 314 82 494 296 87 84 333 153 115 63
890 890 121 480 223 218 366 249 58 303 544 62
891 405 340 483 255 107 46 446 269 160 452 569
892 290 129 544 129 129 130 278 214 232 440 661
893 971 235 209 13 83 612 393 60 381 387 393
894 327 11 12 266 265 823 521 766 766 521 598
895 333 455 444 86 623 129 286 80 271 252 273
896 81 62 340 142 222 301 820 200 51 740 971
897 263 283 494 165 79 13 322 794 322 269 216
898 898 898 898 898 230 920 435 160 306 64 292
899 2 300 114 129 992 992 129 418 747 189 690
900 165 820 365 495 17 248 218 95 776 749 167
901 137 412 154 546 963 859 147 42 212 87 249
902 5 450 581 65 574 425 562 497 170 183 169
903 191 13 286 880 949 6 89 6 284 681 343
904 321 179 377 157 382 157 321 321 393 295 388
905 316 793 435 316 218 309 221 14 196 218 366
906 160 448 484 87 405 889 828 45 640 125 371
907 156 344 656 176 231 257 167 377 120 94 120
908 776 908 124 640 638 46 255 17 316 695 317
909 493 153 494 160 56 55 412 921 930 243 84
910 65 358 573 573 19 268 221 480 375 494 822
911 189 519 786 189 667 627 420 654 17 341 218
912 466 12 13 624 301 147 115 367 420 452 213
913 183 695 405 64 484 694 484 515 168 206 231
914 105 163 17 459 268 301 140 5 669 930 669
915 38 13 301 504 765 707 950 260 10 121 306
916 414 370 455 330 74 220 215 812 991 520 552
917 970 128 23 113 263 438 82 568 450 464 444
918 377 103 86 251 30 546 856 707 765 504 569
919 976 847 464 211 3 408 211 338 31 24 494
920 230 230 420 210 245 160 310 366 217 886 3
921 859 520 6 290 526 399 440 61 395 60 388
922 53 65 334 15 760 335 760 546 233 174 366
923 825 733 923 825 306 10 143 166 172 847 417
924 612 492 518 271 57 481 552 698 59 174 854
925 976 847 976 171 417 29 229 536 601 422 23
926 158 209 244 615 954 154 87 974 820 63 405
927 931 234 234 236 63 233 174 665 3 81 252
928 211 552 481 271 455 444 13 445 79 116 367
929 140 428 45 162 295 459 189 188 663 81 106
930 931 963 236 434 421 180 950 424 424 170 13
931 5 195 208 236 233 158 107 420 283 373 706
932 254 493 290 272 6 299 69 188 170 6 644
933 46 132 62 64 450 534 256 58 665 87 412
934 549 218 228 377 95 200 200 820 593 200 820
935 125 354 353 640 114 47 455 919 455 318 420
936 168 491 117 86 94 167 128 133 134 867 411
937 640 185 125 62 98 155 211 54 174 520 4
938 611 232 840 440 458 377 458 543 458 397 632
939 232 178 61 394 60 390 377 103 162 63 81
940 93 291 142 783 424 30 129 106 254 233 145
941 189 540 189 745 453 189 21 17 87 404 301
942 435 435 942 435 647 435 519 786 786 189 17
943 295 472 355 114 767 473 174 286 285 62 15
944 748 424 211 82 489 932 597 460 300 100 354
945 409 306 409 371 254 170 82 20 695 259 400
946 641 424 87 87 405 5 53 103 150 397 458
947 320 308 129 820 114 2 809 411 88 810 597
948 381 150 301 23 170 900 987 900 165 23 34
949 55 552 4 532 54 88 533 46 107 541 15
950 651 2 56 921 63 718 5 89 136 455 96
951 213 441 121 356 80 256 492 42 296 392 390
952 28 545 23 301 222 160 346 157 295 321 440
953 24 411 308 211 419 714 714 426 562 568 256
954 249 23 480 223 309 183 183 353 709 353 935
955 94 218 222 695 491 340 165 339 437 26 24
956 700 247 498 421 404 173 256 234 282 45 335
957 707 247 11 233 237 238 233 58 3 107 183
958 962 958 962 325 962 958 962 958 509 549 356
959 377 839 377 160 127 36 486 201 183 493 419
960 377 385 160 87 545 442 442 318 176 200 562
961 377 577 283 60 380 120 146 147 233 236 237
962 958 69 325 65 324 63 286 635 285 131 859
963 154 533 335 139 139 107 128 220 215 434 245
964 24 590 13 346 105 283 389 390 182 397 368
965 936 130 129 294 294 342 228 309 183 35 590
966 189 82 191 682 191 344 157 53 128 105 256
967 44 19 473 232 537 221 282 142 128 160 321
968 184 678 747 80 16 81 877 812 665 272 617
969 509 671 495 932 169 183 417 136 30 51 112
970 440 813 534 813 458 604 211 329 300 187 183
971 540 509 518 83 433 83 163 643 404 662 166
972 509 467 434 62 187 283 209 631 631 631 159
973 971 505 661 700 499 232 5 286 138 420 340
974 918 204 533 473 367 340 152 271 57 812 62
975 971 695 183 655 980 5 375 328 90 64 375
976 417 151 121 856 525 232 219 18 146 1 52
977 977 977 242 243 607 421 434 58 373 82 168
978 165 165 136 464 820 232 18 121 189 312 85
979 170 136 169 170 169 128 419 143 90 13 130
980 119 455 914 115 860 978 900 183 401 130 121
981 547 48 547 361 339 818 166 114 106 169 4
982 137 169 261 171 339 340 254 81 362 473 69
983 333 302 252 236 5 458 647 647 256 234 282
984 333 288 282 518 188 170 438 93 64 211 495
985 376 150 103 390 380 656 149 149 621 149 575
986 261 165 550 288 218 282 191 857 160 69 282
987 170 81 420 235 963 107 809 58 138 420 526
988 411 271 455 304 455 860 438 361 32 417 162
989 989 91 160 351 183 434 506 529 488 971 554
990 59 3 210 371 226 366 368 390 368 104 377
991 412 552 208 58 129 249 661 459 565 9 565
992 992 129 116 128 734 284 203 105 400 400 306
993 408 215 221 74 549 694 255 712 995 712 995
994 6 299 81 189 86 12 14 515 515 206 291
995 712 255 363 128 495 360 4 57 126 138 305
996 12 362 430 246 856 434 405 498 92 173 155
997 953 23 820 424 424 86 590 13 93 86 96
998 65 290 280 388 181 383 295 18 218 420 143
999 145 188 21 467 418 299 549 371 65 65 493
1000 232 121 17 342 191 351 172 133 179 295 16
1001 803 546 173 62 87 64 840 5 411 308 396
1002 560 142 107 8 265 267 466 265 570 569 566
1003 258 802 802 172 424 282 105 820 346 105 419
1004 55 949 131 738 63 921 930 926 926 243 613
0 377 377 227 268
1 142 226 85 14
2 193 408 63 379
3 272 322 46 236
4 812 87 252 880
5 450 169 828 107
6 168 611 86 261
7 359 267 666 666
8 9 466 64 11
9 213 320 381 387
10 728 535 340 612
11 441 17 252 107
12 739 495 278 284
13 306 64 601 141
14 440 206 291 290
15 209 131 142 932
16 304 304 564 4
17 310 18 797 342
18 222 513 183 309
19 700 707 569 441
20 424 497 419 184
21 166 747 160 158
22 127 82 427 107
23 220 23 28 26
24 367 35 464 82
25 30 609 114 340
26 40 919 89 54
27 917 593 201 197
28 62 8 525 729
29 361 136 337 367
30 44 293 525 500
31 612 31 39 37
32 24 151 367 170
33 27 438 438 531
34 339 179 180 621
35 170 169 16 283
36 23 82 106 756
37 261 27 40 31
38 37 40 953 23
39 29 964 24 40
40 725 370 318 82
41 85 74 260 69
42 184 301 211 698
43 358 608 971 457
44 128 129 748 932
45 164 592 273 592
46 114 981 171 443
47 339 169 300 46
48 338 724 160 92
49 19 506 971 566
50 49 83 430 19
51 82 508 80 459
52 146 1 221 283
53 157 149 180 105
54 826 56 89 6
55 166 431 160 376
56 949 55 107 161
57 481 137 166 520
58 183 545 438 338
59 63 303 82 932
60 172 401 160 320
61 103 179 378 157
62 132 16 211 469
63 826 408 3 46
64 191 851 157 128
65 200 777 419 302
66 477 469 474 13
67 108 190 282 478
68 68 494 576 166
69 409 197 93 62
70 494 121 693 82
71 83 333 119 96
72 92 373 964 29
73 221 224 148 402
74 495 360 11 129
75 339 245 333 180
76 119 427 166 160
77 333 976 245 365
78 77 212 114 278
79 226 390 320 440
80 128 533 877 137
81 283 255 421 258
82 121 300 194 59
83 290 263 547 87
84 243 42 81 249
85 41 30 82 279
86 191 262 377 659
87 426 493 694 129
88 806 304 285 303
89 132 411 552 412
90 64 640 185 533
91 477 478 113 83
92 105 242 926 237
93 13 146 21 82
94 204 6 232 156
95 908 592 216 139
96 370 40 37 33
97 335 428 45 142
98 86 822 168 484
99 323 4 82 401
100 117 121 363 129
101 98 323 160 621
102 102 517 102 300
103 283 280 87 45
104 61 264 161 530
105 128 168 160 166
106 932 237 240 159
107 601 57 924 88
108 476 258 256 271
109 424 168 829 168
110 258 328 375 90
111 258 160 245 367
112 469 89 412 408
113 245 455 115 442
114 290 143 474 424
115 424 493 457 197
116 32 116 896 287
117 121 77 497 340
118 549 877 533 20
119 229 115 96 10
120 232 264 498 9
121 254 518 86 180
122 95 593 482 228
123 96 66 258 165
124 323 2 506 238
125 121 526 86 756
126 300 46 254 340
127 129 166 340 811
128 367 495 315 519
129 41 581 450 515
130 160 251 340 450
131 481 412 586 932
132 282 434 129 329
133 179 107 597 282
134 598 482 160 375
135 65 450 419 490
136 169 81 21 5
137 546 474 42 190
138 56 160 663 663
139 335 428 46 371
140 322 13 339 725
141 141 62 498 447
142 256 234 828 896
143 340 217 50 217
144 615 168 62 254
145 115 184 63 89
146 160 666 823 674
147 1 316 17 314
148 191 351 350 94
149 179 388 182 748
150 160 339 818 549
151 494 191 13 98
152 87 223 225 222
153 142 152 116 533
154 493 121 63 137
155 104 376 378 377
156 907 180 129 548
157 398 295 382 393
158 963 87 547 527
159 209 845 408 6
160 404 97 353 249
161 12 700 238 211
162 180 349 13 748
163 533 342 533 473
164 424 172 464 493
165 89 302 333 96
166 576 482 89 369
167 460 300 218 199
168 533 168 292 183
169 337 245 443 47
170 36 28 36 588
171 361 48 338 107
172 181 156 342 621
173 212 493 817 813
174 175 288 19 19
175 288 212 173 41
176 417 40 38 437
177 214 284 642 87
178 231 656 176 515
179 203 377 65 178
180 820 206 918 820
181 628 295 490 932
182 748 160 141 6
183 63 405 375 114
184 311 72 92 100
185 618 97 404 687
186 186 165 483 142
187 215 549 188 189
188 418 160 621 301
189 465 14 498 241
190 564 480 494 404
191 349 321 483 226
192 195 4 107 63
193 57 6 949 271
194 55 718 63 586
195 832 57 138 685
196 64 400 10 340
197 160 108 514 13
198 329 333 107 80
199 167 377 959 377
200 206 51 200 917
201 917 41 908 204
202 562 232 18 17
203 83 42 280 434
204 204 41 93 373
205 41 142 571 286
206 426 426 401 121
207 409 138 211 183
208 635 208 599 3
209 15 209 494 113
210 46 129 932 254
211 64 458 600 133
212 268 248 311 366
213 452 451 452 264
214 377 387 366 74
215 306 51 498 710
216 428 273 322 735
217 160 498 246 246
218 420 450 611 232
219 74 268 19 550
220 114 116 470 151
221 468 730 5 420
222 255 365 222 314
223 177 65 870 401
224 256 226 300 255
225 312 74 120 218
226 228 121 35 13
227 495 315 519 809
228 495 250 160 232
229 721 721 27 37
230 533 17 295 103
231 53 157 851 681
232 426 283 303 356
233 159 249 546 7
234 931 927 242 238
235 243 166 857 160
236 107 254 23 229
237 238 89 619 57
238 233 58 243 249
239 145 42 492 510
240 211 304 13 579
241 241 242 158 107
242 238 210 3 58
243 615 87 325 173
244 241 236 587 6
245 434 137 408 271
246 298 551 733 327
247 661 754 161 667
248 549 679 551 303
249 543 65 835 425
250 157 231 292 231
251 62 410 490 249
252 845 865 305 408
253 166 84 411 123
254 180 160 283 225
255 371 105 285 533
256 419 554 553 553
257 180 122 349 191
258 357 329 82 30
259 127 227 537 53
260 248 215 295 393
261 438 28 23 23
262 100 124 892 892
263 62 754 466 451
264 570 161 82 932
265 232 473 269 269
266 533 35 486 353
267 61 391 391 295
268 340 934 268 513
269 254 152 128 900
270 84 598 84 411
271 4 405 227 377
272 612 309 268 282
273 216 273 592 273
274 405 856 823 213
275 511 411 285 532
276 426 167 351 249
277 280 336 13 65
278 128 918 207 197
279 279 118 651 950
280 1 250 103 162
281 859 6 168 129
282 21 283 392 157
283 4 158 546 723
284 232 60 368 61
285 304 302 533 18
286 183 542 275 493
287 92 92 92 287
288 506 105 495 300
289 401 107 84 317
290 356 81 550 105
291 450 65 498 473
292 611 419 336 437
293 293 365 18 221
294 290 620 620 86
295 292 377 219 483
296 495 278 405 280
297 341 297 0 73
298 42 756 390 390
299 546 87 607 589
300 218 513 115 84
301 581 204 232 499
302 809 160 748 367
303 142 508 509 287
304 971 540 189 82
305 54 826 59 2
306 107 254 46 434
307 872 377 172 533
308 6 327 733 733
309 223 331 74 227
310 494 191 682 511
311 72 259 327 400
312 314 312 160 103
313 560 39 37 30
314 223 121 168 840
315 218 495 495 367
316 255 82 227 932
317 223 221 223 612
318 976 171 48 38
319 160 730 5 419
320 350 13 304 211
321 321 162 405 114
322 45 272 46 256
323 662 282 132 16
324 19 666 452 608
325 400 259 74 105
326 143 86 494 466
327 13 63 158 405
328 494 328 108 143
329 63 137 663 68
330 64 326 473 441
331 44 8 661 249
332 720 9 510 264
333 128 419 121 242
334 579 216 139 273
335 274 549 268 496
336 160 351 178 61
337 23 26 113 96
338 135 62 453 745
339 336 41 115 79
340 419 183 155 137
341 311 420 180 256
342 377 155 223 612
343 191 645 697 415
344 157 182 391 377
345 121 411 252 209
346 51 970 917 167
347 262 903 262 345
348 180 277 284 296
349 262 301 113 250
350 13 27 258 417
351 371 169 29 38
352 160 128 892 128
353 662 86 623 84
354 100 5 58 812
355 329 143 474 375
356 828 145 183 5
357 65 282 87 474
358 105 363 278 621
359 754 720 9 213
360 19 161 452 213
361 318 424 357 480
362 16 15 420 318
363 16 771 16 379
364 211 114 168 533
365 355 249 155 877
366 445 45 271 54
367 183 478 442 48
368 160 501 499 264
369 304 405 46 271
370 339 455 375 480
371 300 194 1001 6
372 404 121 96 235
373 92 400 306 121
374 856 87 441 233
375 110 258 183 542
376 397 103 215 347
377 764 541 107 115
378 491 168 113 473
379 285 921 56 96
380 379 628 320 868
381 60 420 610 472
382 377 147 859 4
383 383 295 296 377
384 388 393 950 173
385 380 539 78 424
386 295 388 394 390
387 485 86 145 422
388 60 378 393 154
389 61 104 376 391
390 61 394 393 82
391 381 321 38 39
392 528 64 222 537
393 296 6 412 809
394 377 491 497 531
395 103 60 388 379
396 295 82 441 8
397 321 351 351 161
398 157 386 295 62
399 199 200 206 214
400 411 976 444 96
401 148 148 148 150
402 258 469 89 369
403 473 46 322 272
404 125 121 438 38
405 78 310 314 295
406 264 247 700 525
407 44 499 264 359
408 281 685 949 949
409 23 27 25 30
410 258 105 404 518
411 462 5 716 716
412 211 211 117 106
413 542 543 326 155
414 370 25 23 421
415 852 415 852 18
416 173 748 129 351
417 40 48 560 0
418 6 64 482 165
419 473 582 971 893
420 509 13 98 618
421 856 358 43 452
422 518 371 28 371
423 333 13 812 859
424 401 82 395 86
425 86 117 5 611
426 121 356 142 172
427 82 51 371 353
428 579 447 812 877
429 45 210 235 159
430 421 856 105 187
431 141 51 85 519
432 84 399 542 526
433 217 886 366 229
434 361 367 23 113
435 616 533 441 602
436 437 136 820 63
437 116 914 36 333
438 54 412 4 625
439 96 28 820 183
440 231 820 94 95
441 434 63 256 10
442 48 444 443 981
443 261 86 521 86
444 333 320 377 283
445 82 541 511 275
446 447 498 710 971
447 933 89 302 57
448 971 470 971 400
449 414 415 697 697
450 292 284 203 434
451 452 502 502 8
452 160 320 232 95
453 546 80 106 5
454 107 568 458 83
455 443 13 356 410
456 64 142 31 612
457 172 207 128 434
458 280 458 172 231
459 188 42 493 270
460 80 671 81 434
461 819 422 393 546
462 701 462 308 494
463 463 463 463 463
464 165 25 654 562
465 155 326 64 21
466 7 546 77 121
467 21 274 21 550
468 223 330 556 556
469 143 325 64 926
470 170 455 375 469
471 84 780 84 727
472 610 420 118 495
473 340 133 170 212
474 256 133 29 183
475 375 112 375 80
476 13 576 129 419
477 469 375 663 747
478 258 490 170 360
479 479 177 440 64
480 223 142 577 578
481 738 685 56 610
482 423 263 160 82
483 157 103 296 932
484 129 58 859 921
485 485 455 339 135
486 365 278 278 83
487 84 323 640 404
488 922 280 440 231
489 121 184 405 44
490 518 422 19 674
491 390 438 251 116
492 165 229 387 950
493 142 812 950 404
494 470 155 133 346
495 360 430 6 587
496 560 362 12 573
497 340 303 533 84
498 359 421 404 124
499 498 738 809 809
500 7 537 7 8
501 176 344 156 180
502 301 269 461 735
503 506 83 430 498
504 674 12 358 266
505 406 699 529 332
506 411 84 87 419
507 314 495 314 105
508 533 88 210 137
509 513 303 859 2
510 506 510 494 308
511 118 183 302 302
512 160 116 883 32
513 229 37 84 111
514 478 62 147 212
515 168 544 585 544
516 517 333 17 82
517 333 421 504 699
518 518 83 290 495
519 809 552 4 712
520 532 286 126 698
521 217 121 51 44
522 493 93 27 878
523 464 483 157 214
524 72 524 72 21
525 359 699 441 166
526 714 93 25 38
527 423 176 611 493
528 489 405 44 106
529 7 529 498 160
530 358 73 707 872
531 133 39 560 856
532 233 124 429 335
533 46 429 140 448
534 450 128 486 357
535 554 62 811 84
536 229 86 536 259
537 268 309 219 232
538 777 554 419 490
539 380 381 390 390
540 86 190 420 254
541 15 428 447 164
542 172 23 546 158
543 458 121 199 174
544 82 474 38 38
545 590 29 486 168
546 158 927 927 963
547 263 981 925 443
548 121 172 249 63
549 184 582 582 211
550 107 319 160 147
551 184 13 128 204
552 4 211 755 211
553 521 340 86 113
554 777 200 200 201
555 754 950 17 405
556 113 263 13 661
557 205 498 608 11
558 674 707 73 223
559 283 129 413 413
560 223 177 218 311
561 462 513 184 422
562 515 89 114 133
563 82 494 543 523
564 208 820 412 832
565 44 331 328 478
566 451 7 421 11
567 843 567 82 137
568 426 280 167 13
569 360 11 44 362
570 267 265 498 777
571 62 132 434 474
572 936 965 936 206
573 166 430 128 932
574 401 424 80 253
575 231 655 75 36
576 232 575 231 797
577 377 219 181 395
578 577 377 659 377
579 428 446 335 322
580 580 580 580 580
581 205 172 133 206
582 62 74 485 86
583 521 340 450 212
584 272 409 280 574
585 600 129 473 14
586 4 880 252 81
587 234 241 238 700
588 37 26 590 86
589 607 589 256 107
590 165 198 258 112
591 83 82 82 154
592 46 211 152 249
593 128 63 115 62
594 82 230 282 509
595 52 128 212 153
596 597 810 471 671
597 118 756 73 950
598 86 563 494 128
599 304 89 211 809
600 585 389 379 383
601 79 79 557 395
602 529 525 332 502
603 414 479 177 0
604 546 2 114 932
605 414 645 697 156
606 495 129 46 174
607 81 80 68 142
608 466 499 440 733
609 609 114 168 900
610 89 64 354 101
611 493 275 129 47
612 42 143 474 357
613 619 96 31 254
614 106 367 420 581
615 253 166 214 129
616 602 569 661 452
617 269 269 145 404
618 820 779 146 533
619 59 58 81 300
620 290 426 206 292
621 11 956 362 5
622 238 159 244 158
623 86 10 324 10
624 420 256 87 211
625 252 854 285 54
626 87 282 300 145
627 667 627 86 441
628 628 379 174 305
629 177 562 177 413
630 369 89 107 170
631 159 252 169 62
632 632 719 376 82
633 633 633 633 633
634 635 63 255 712
635 4 564 876 564
636 211 305 59 58
637 209 121 84 180
638 12 247 11 159
639 158 63 803 194
640 404 124 618 100
641 420 244 159 303
642 82 362 280 170
643 162 31 29 62
644 950 23 28 24
645 231 936 593 196
646 411 597 107 206
647 434 677 199 338
648 648 648 648 648
649 729 525 232 284
650 215 747 612 153
651 597 107 400 509
652 333 82 441 661
653 653 653 653 653
654 333 516 305 64
655 301 809 208 194
656 177 178 539 77
657 269 288 218 160
658 658 658 658 658
659 659 377 495 21
660 660 660 660 660
661 121 308 183 88
662 107 16 404 474
663 508 546 604 131
664 486 51 196 51
665 142 483 255 222
666 452 9 266 440
667 509 216 272 665
668 157 191 83 113
669 641 160 405 128
670 670 670 670 670
671 42 607 42 490
672 160 345 157 64
673 495 283 288 431
674 823 213 265 555
675 675 675 675 675
676 428 160 290 282
677 199 197 918 593
678 184 69 678 509
679 188 222 20 253
680 380 160 45 16
681 350 345 121 35
682 681 345 152 50
683 683 411 304 16
684 684 684 684 684
685 56 921 880 949
686 21 173 651 272
687 107 366 368 379
688 543 458 542 129
689 198 197 128 430
690 494 420 5 420
691 691 691 691 691
692 231 347 349 6
693 121 18 249 366
694 290 272 322 447
695 734 320 296 212
696 222 20 519 786
697 645 645 156 13
698 126 211 734 0
699 529 359 496 498
700 247 707 232 6
701 462 460 147 546
702 107 163 613 614
703 703 703 703 703
704 107 99 323 125
705 183 6 376 308
706 563 290 145 828
707 569 430 411 408
708 100 125 99 101
709 185 323 708 98
710 418 160 245 426
711 711 711 711 711
712 255 314 218 201
713 69 473 404 45
714 615 404 601 209
715 21 363 351 249
716 5 333 393 546
717 717 215 249 161
718 281 4 59 286
719 121 340 483 133
720 466 265 500 266
721 721 229 494 466
722 28 877 155 17
723 306 121 254 932
724 338 434 651 173
725 486 128 424 115
726 121 306 533 17
727 84 1 316 73
728 535 134 523 280
729 358 566 441 661
730 231 172 464 340
731 731 731 731 731
732 732 732 732 732
733 420 610 694 129
734 284 734 284 6
735 448 461 428 160
736 62 417 434 183
737 737 271 283 133
738 424 820 114 93
739 495 367 340 256
740 51 128 343 157
741 741 103 368 121
742 614 614 614 742
743 516 411 58 832
744 744 744 744 744
745 979 170 133 206
746 746 746 746 746
747 184 582 671 582
748 300 160 264 499
749 776 820 200 178
750 88 96 427 370
751 51 109 424 280
752 82 145 163 154
753 753 753 491 695
754 720 754 9 971
755 211 532 131 411
756 73 259 259 259
757 980 119 84 288
758 238 236 5 242
759 121 340 107 106
760 546 803 546 828
761 393 378 179 296
762 516 305 604 411
763 5 611 6 232
764 541 764 168 764
765 86 275 789 835
766 521 389 181 342
767 121 548 531 419
768 99 97 353 87
769 559 518 226 107
770 353 404 97 125
771 518 121 326 13
772 772 772 772 772
773 405 367 155 58
774 285 774 285 88
775 560 21 296 212
776 198 207 94 128
777 200 908 201 160
778 85 537 473 17
779 549 274 334 334
780 84 533 32 35
781 537 307 347 349
782 82 441 569 451
783 654 376 389 181
784 784 411 986 470
785 409 51 346 820
786 160 453 212 147
787 21 314 507 298
788 717 271 272 252
789 275 178 53 822
790 544 790 544 820
791 425 425 4 481
792 121 338 35 464
793 435 616 320 390
794 335 428 447 592
795 417 971 332 699
796 353 434 255 212
797 18 317 73 218
798 798 798 798 798
799 549 276 568 290
800 549 480 86 510
801 41 83 579 448
802 365 62 518 226
803 58 533 46 46
804 720 266 407 498
805 44 367 363 154
806 809 89 56 57
807 303 520 6 438
808 808 808 808 808
809 271 281 194 990
810 560 283 389 252
811 79 820 282 80
812 298 473 174 303
813 544 129 232 526
814 347 149 206 205
815 5 271 366 173
816 170 371 107 160
817 493 526 390 378
818 166 518 333 145
819 140 735 164 216
820 165 900 438 330
821 160 388 321 368
822 953 40 24 545
823 8 510 499 499
824 191 682 681 851
825 723 538 326 389
826 194 132 552 208
827 506 466 510 9
828 615 269 210 160
829 168 13 164 216
830 452 700 971 470
831 258 477 375 329
832 859 520 635 520
833 44 331 764 168
834 107 495 82 51
835 493 183 121 58
836 813 585 544 817
837 837 837 107 568
838 124 708 768 371
839 377 741 377 204
840 5 59 520 420
841 841 869 179 342
842 211 683 683 211
843 290 484 87 210
844 133 14 593 482
845 809 552 281 571
846 846 605 846 605
847 113 47 220 165
848 340 301 655 167
849 57 880 4 211
850 546 333 340 892
851 851 907 851 852
852 18 852 206 776
853 82 333 370 92
854 420 210 242 158
855 299 473 69 952
856 293 8 504 293
857 160 428 274 549
858 306 215 114 365
859 160 343 231 537
860 900 168 167 377
861 350 320 350 94
862 777 498 608 11
863 57 137 87 661
864 411 304 411 96
865 412 587 4 114
866 80 128 198 206
867 96 86 526 526
868 5 351 231 645
869 397 376 395 83
870 65 357 21 333
871 231 526 86 113
872 309 85 74 42
873 401 44 212 129
874 425 543 113 419
875 170 116 725 114
876 564 10 366 283
877 28 27 588 494
878 33 590 494 310
879 242 879 242 240
880 3 271 86 536
881 96 169 5 170
882 166 950 17 269
883 32 24 25 133
884 884 412 238 525
885 20 885 21 280
886 2 89 211 101
887 885 20 127 169
888 412 481 137 164
889 375 357 249 548
890 890 121 568 81
891 892 896 300 209
892 896 300 218 36
893 466 452 160 170
894 327 105 147 612
895 114 976 318 326
896 368 366 217 132
897 263 925 114 83
898 230 333 269 335
899 2 635 812 434
900 128 87 859 612
901 137 665 142 474
902 5 809 89 58
903 262 344 157 308
904 321 177 629 316
905 309 219 17 341
906 546 299 700 441
907 180 83 62 390
908 395 390 459 0
909 493 426 166 300
910 65 334 65 200
911 81 568 425 425
912 504 441 324 555
913 707 570 247 19
914 113 426 457 232
915 38 915 38 409
916 414 415 414 916
917 206 128 129 275
918 51 128 179 122
919 40 409 624 231
920 230 160 385 182
921 6 204 218 219
922 129 533 165 107
923 733 777 86 424
924 209 128 306 858
925 318 925 333 283
926 234 494 17 333
927 242 977 977 242
928 211 82 51 109
929 335 929 140 166
930 669 930 208 131
931 210 931 159 460
932 70 186 152 212
933 929 579 579 164
934 340 211 11 699
935 125 353 121 269
936 232 707 7 765
937 64 90 160 821
938 611 176 238 622
939 232 201 918 197
940 93 25 473 46
941 189 189 21 92
942 435 127 160 466
943 295 104 150 61
944 748 160 148 224
945 327 328 86 142
946 641 106 290 424
947 295 250 250 250
948 381 381 320 483
949 949 132 208 599
950 474 256 133 464
951 951 141 365 11
952 28 169 464 128
953 23 142 591 62
954 154 422 82 373
955 936 484 572 294
956 7 213 452 498
957 12 565 12 573
958 69 508 62 300
959 377 155 215 150
960 377 392 387 381
961 377 384 387 667
962 325 478 183 355
963 107 89 925 455
964 373 552 411 194
965 936 822 572 129
966 21 1 121 160
967 498 411 516 411
968 184 434 460 607
969 184 287 68 107
970 546 23 151 39
971 184 299 551 509
972 913 213 358 510
973 971 336 115 38
974 593 974 917 128
975 971 823 666 267
976 417 485 318 925
977 209 243 5 5
978 860 115 301 290
979 1 52 595 52
980 119 980 64 492
981 411 303 21 62
982 137 139 933 447
983 333 21 64 859
984 153 283 2 865
985 376 393 643 50
986 261 655 116 221
987 169 62 230 920
988 24 654 24 26
989 91 478 183 562
990 65 430 183 282
991 520 4 55 533
992 129 611 166 233
993 408 211 211 949
994 6 949 481 63
995 712 255 254 129
996 12 823 674 558
997 24 27 251 455
998 65 280 203 168
999 145 255 16 196
1000 14 12 565 608
1001 3 193 63 366
1002 560 142 591 145
1003 258 253 228 223
1004 55 57 56 865
