0 221 83 209 977 977 209 159 931 294 543 280
1 232 840 426 172 93 789 458 655 419 333 434
2 651 420 453 84 243 271 86 84 442 35 25
3 256 607 419 642 300 102 516 517 2 3 192
4 738 520 738 481 286 303 280 256 153 212 249
5 337 883 39 229 115 280 142 85 312 218 82
6 96 599 96 234 166 212 333 233 147 329 20
7 573 12 560 73 330 64 434 147 146 160 452
8 498 421 404 601 333 422 19 247 566 247 12
9 957 12 14 482 301 173 723 538 92 65 320
10 400 86 7 500 332 407 856 950 113 339 135
11 11 452 141 293 11 359 608 359 569 566 141
12 430 856 555 44 526 121 179 122 515 65 352
13 624 231 201 207 207 116 82 367 21 5 489
14 537 368 232 556 280 430 129 438 6 234 238
15 362 19 674 12 739 12 441 466 504 699 922
16 164 592 428 579 447 164 107 489 87 84 229
17 495 160 42 255 169 128 490 365 283 373 420
18 177 200 176 232 292 950 387 380 65 493 142
19 666 141 249 212 74 498 12 213 246 246 498
20 885 728 5 236 236 62 290 128 424 174 16
21 367 366 65 409 165 340 152 187 222 221 17
22 11 430 672 8 107 495 526 167 181 231 231
23 26 30 473 80 256 3 990 285 401 712 4
24 654 249 243 931 210 160 285 6 128 607 296
25 438 38 321 38 245 444 333 169 987 169 135
26 47 38 30 129 114 133 464 129 399 183 543
27 93 280 533 582 549 508 679 80 114 2 571
28 254 367 932 310 307 65 290 145 170 816 753
29 151 24 23 107 494 375 91 514 108 477 69
30 366 445 5 619 57 520 408 859 56 481 271
31 135 160 96 329 474 493 572 82 12 569 957
32 116 152 492 165 51 581 78 539 178 413 183
33 113 438 5 255 46 446 301 170 123 123 129
34 588 36 545 29 13 349 907 903 262 148 179
35 486 65 14 64 318 83 612 41 86 590 171
36 23 422 145 17 295 390 320 389 585 544 817
37 86 453 87 393 295 16 190 62 135 914 105
38 33 24 33 282 474 476 112 357 290 106 419
39 38 165 483 113 176 515 381 344 349 122 515
40 33 615 427 40 917 974 87 552 256 63 473
41 51 112 357 329 69 260 508 710 896 124 300
42 105 226 146 67 189 549 309 272 45 274 340
43 569 504 421 430 308 17 546 803 546 526 440
44 434 132 5 82 20 118 21 137 174 140 282
45 404 366 474 89 303 252 826 990 3 587 236
46 15 82 740 51 79 79 120 17 612 726 1
47 76 444 263 547 527 333 976 919 114 21 364
48 367 75 494 601 160 589 671 329 80 243 132
49 643 404 424 166 422 518 460 434 308 6 234
50 217 288 121 371 58 963 238 0 120 133 160
51 280 160 397 458 62 754 293 525 913 141 7
52 301 278 106 268 221 316 560 358 504 8 466
53 466 362 183 105 346 180 262 180 160 18 366
54 54 126 173 124 424 168 284 971 114 981 981
55 685 859 809 208 481 281 82 78 405 143 420
56 880 80 188 184 19 61 602 213 452 9 332
57 460 411 55 411 866 411 58 518 405 253 615
58 121 228 218 314 495 16 68 20 495 371 494
59 685 208 815 63 365 486 725 486 155 589 212
60 172 256 802 258 211 355 420 254 129 183 184
61 265 500 499 529 374 166 431 83 288 371 161
62 282 87 810 296 363 165 25 40 560 496 359
63 738 698 54 665 121 153 612 105 601 83 601
64 926 159 183 655 470 655 172 93 563 936 593
65 232 820 201 199 65 325 420 20 74 227 695
66 478 81 356 612 791 623 813 399 440 970 128
67 66 90 143 95 6 515 526 65 290 419 371
68 16 68 21 280 277 130 167 936 955 820 249
69 551 86 404 152 211 243 42 128 333 83 44
70 372 82 114 981 443 84 811 84 533 28 170
71 152 726 316 726 612 17 615 146 533 818 166
72 20 715 21 146 601 523 601 238 758 288 613
73 358 232 280 148 377 60 947 181 160 221 223
74 460 679 81 607 695 106 300 531 366 445 5
75 84 752 121 642 513 19 184 69 216 509 546
76 48 482 162 859 162 333 976 527 318 981 318
77 78 114 303 21 254 371 128 16 828 371 132
78 482 521 134 554 535 164 388 377 204 218 222
79 820 615 155 211 290 6 845 4 586 63 269
80 473 299 710 81 87 172 142 353 249 367 361
81 283 405 210 234 252 826 586 404 233 158 564
82 533 457 86 932 859 59 252 854 420 820 434
83 465 465 809 411 809 845 953 816 151 816 170
84 30 34 25 133 142 285 82 641 420 180 129
85 317 312 189 745 979 316 519 85 310 445 62
86 425 121 338 336 165 482 339 443 171 245 116
87 255 434 203 294 160 512 160 123 180 153 283
88 210 424 164 379 191 130 121 129 413 458 280
89 169 201 218 340 483 128 327 141 360 451 360
90 329 184 253 17 173 300 21 371 87 64 199
91 258 112 80 356 80 160 42 405 169 36 588
92 678 48 423 62 509 400 96 245 725 40 171
93 813 526 172 813 600 401 430 249 179 180 153
94 204 776 409 464 727 84 493 154 493 568 526
95 917 820 412 105 128 249 474 404 173 124 323
96 131 54 107 690 107 31 170 27 39 133 106
97 404 518 422 546 62 128 278 129 484 83 63
98 124 618 98 101 120 17 312 5 807 192 3
99 323 708 125 101 211 96 261 31 361 133 464
100 98 13 661 265 555 324 121 747 80 866 80
101 102 743 516 5 351 363 256 256 495 638 896
102 812 635 63 324 11 270 183 106 163 373 481
103 352 346 345 262 148 402 349 348 191 352 350
104 250 181 541 405 158 237 424 464 611 183 154
105 48 437 847 38 38 24 545 30 609 30 609
106 641 748 62 586 932 310 82 227 82 170 36
107 591 96 47 172 228 312 160 63 971 505 499
108 509 420 152 153 252 273 139 46 748 82 549
109 62 434 550 160 30 169 329 13 352 352 352
110 478 112 476 474 301 183 82 426 840 285 683
111 258 421 459 329 340 553 340 128 303 105 280
112 469 478 325 69 81 509 480 252 481 552 211
113 13 550 106 356 160 261 427 431 217 288 405
114 533 187 129 585 493 107 230 366 121 661 754
115 155 465 155 333 165 261 443 26 26 171 41
116 30 62 183 285 5 194 281 13 506 441 473
117 118 183 105 170 212 170 28 338 485 113 971
118 21 121 169 116 221 1 548 106 42 74 482
119 76 89 5 163 87 128 23 474 96 417 64
120 218 513 147 142 107 319 963 612 49 84 546
121 367 93 545 255 114 932 154 5 528 528 373
122 191 839 191 231 871 231 645 414 414 916 414
123 116 443 820 21 282 531 932 41 206 793 613
124 233 86 65 450 581 872 17 422 166 420 180
125 283 379 379 379 250 150 250 296 160 232 707
126 723 546 290 567 290 424 166 242 243 158 63
127 20 96 242 159 62 531 86 518 254 367 338
128 115 171 370 135 437 135 860 115 421 566 823
129 35 121 226 390 103 390 395 86 47 79 152
130 425 621 426 413 177 734 177 380 53 52 377
131 58 105 142 480 80 340 811 62 292 83 42
132 142 131 63 46 283 157 681 278 82 365 513
133 93 883 165 119 753 115 31 932 210 87 954
134 133 401 714 86 38 37 35 655 513 365 419
135 13 767 13 361 114 365 531 282 20 400 106
136 135 65 53 820 421 421 249 170 35 339 337
137 56 865 865 63 490 186 490 518 81 533 28
138 252 166 747 121 308 424 237 174 932 404 301
139 334 429 579 15 929 15 174 46 933 46 272
140 140 269 166 114 533 86 264 804 266 525 65
141 699 953 590 590 545 183 355 856 362 546 453
142 152 83 404 100 618 662 185 709 353 323 640
143 197 95 200 918 94 351 345 191 86 259 74
144 283 748 495 83 223 313 221 526 498 487 332
145 591 142 828 892 423 444 96 866 80 137 183
146 146 52 221 549 480 23 337 511 275 426 285
147 249 131 305 411 434 441 266 358 506 441 84
148 224 160 150 103 18 74 307 218 311 190 162
149 277 296 397 390 392 103 179 179 741 103 546
150 393 950 173 326 538 326 420 627 627 513 92
151 116 73 223 220 128 256 114 371 255 215 756
152 105 10 21 107 209 963 83 373 306 86 222
153 50 50 431 212 70 180 393 761 393 473 3
154 419 128 955 820 169 6 337 245 47 455 115
155 615 521 554 482 450 534 813 399 133 29 409
156 160 526 420 167 51 44 358 707 872 307 17
157 5 117 86 444 443 847 417 93 373 812 845
158 89 919 114 128 114 283 187 533 188 667 37
159 238 243 507 243 83 932 393 62 518 223 220
160 557 518 661 362 331 459 756 756 614 613 163
161 530 92 530 293 661 211 636 211 56 174 812
162 212 408 845 305 281 4 208 121 12 13 349
163 115 283 209 543 113 419 542 256 531 212 17
164 322 676 322 269 300 21 72 106 17 404 101
165 490 63 366 254 28 229 536 546 546 245 486
166 880 4 809 4 174 4 859 665 665 121 426
167 453 254 252 83 233 333 318 370 113 133 155
168 263 62 508 259 89 57 240 209 599 132 249
169 261 119 229 489 434 14 284 734 169 464 820
170 816 753 40 533 63 6 418 509 494 395 385
171 455 464 339 136 251 47 437 438 26 23 261
172 86 706 86 256 303 630 303 369 630 303 365
173 300 11 8 502 505 499 503 506 411 816 119
174 107 180 468 74 314 17 42 42 667 582 671
175 63 169 464 494 544 107 954 615 168 206 206
176 417 48 66 513 74 468 258 434 158 241 159
177 61 872 377 295 395 60 420 172 93 367 113
178 344 349 179 133 336 13 126 552 256 142 295
179 278 257 543 526 377 918 128 93 545 36 86
180 422 424 212 174 379 157 16 128 333 211 845
181 181 181 280 263 160 79 14 563 572 484 572
182 380 397 6 102 192 271 4 533 458 440 534
183 564 174 283 492 83 83 153 612 121 371 409
184 627 86 128 388 283 104 320 351 87 661 264
185 618 820 42 221 526 390 250 321 483 226 370
186 152 340 932 20 106 188 424 509 160 133 581
187 418 299 551 679 187 329 165 820 422 145 422
188 82 20 80 880 6 21 282 74 17 282 225
189 20 80 92 818 339 987 123 420 526 424 256
190 296 142 84 288 269 174 379 164 748 641 301
191 682 191 231 624 21 253 366 531 114 245 370
192 517 333 115 16 362 165 107 820 207 95 204
193 859 252 854 252 107 222 810 210 129 405 290
194 194 160 85 17 342 179 278 270 486 365 569
195 194 685 56 880 408 137 249 661 661 754 804
196 207 201 215 316 549 371 360 533 146 146 1
197 93 464 41 62 366 10 13 356 303 533 310
198 95 206 918 94 86 318 48 678 492 254 46
199 207 160 468 148 148 179 214 180 172 47 160
200 207 191 83 13 337 6 149 381 391 381 176
201 166 64 129 137 412 211 252 105 544 133 65
202 198 229 198 165 494 90 64 523 457 409 118
203 495 60 390 389 53 183 326 64 24 32 23
204 205 197 64 6 397 537 268 1 84 432 121
205 557 232 266 407 265 267 700 247 12 160 345
206 917 201 202 206 196 207 908 201 352 178 275
207 199 199 200 777 862 777 554 535 164 735 164
208 815 57 6 362 518 145 474 17 872 61 52
209 601 523 543 688 543 105 329 476 474 419 82
210 58 685 55 193 195 803 412 243 5 59 812
211 126 723 546 145 115 261 37 86 444 47 981
212 340 367 245 62 98 98 124 618 98 97 125
213 11 804 11 161 141 420 137 663 81 86 129
214 377 280 47 86 86 450 419 450 438 411 192
215 820 243 132 366 134 867 134 554 971 251 30
216 216 45 933 447 676 447 46 812 932 106 340
217 643 217 612 791 612 173 859 520 281 564 10
218 307 301 153 166 577 363 165 89 610 59 285
219 60 388 376 376 377 745 979 1 232 397 377
220 47 135 409 710 409 28 301 13 58 115 64
221 282 271 46 355 142 453 932 597 695 129 161
222 20 81 44 526 44 913 506 160 429 334 46
223 268 0 146 13 514 474 166 301 228 121 759
224 365 486 270 426 133 143 413 143 31 33 38
225 283 82 783 82 184 107 367 142 508 299 6
226 419 79 121 367 81 28 106 11 7 213 957
227 756 311 282 230 106 113 438 54 738 303 256
228 314 301 214 124 233 160 147 473 6 337 155
229 64 212 357 671 329 356 80 431 80 663 80
230 920 230 21 106 222 905 74 67 108 67 86
231 232 60 280 483 280 41 129 64 438 135 13
232 515 526 450 211 255 254 433 162 58 654 25
233 101 185 800 533 818 301 356 160 217 142 44
234 64 103 378 377 764 74 513 92 152 107 62
235 234 86 23 480 221 309 219 82 87 543 523
236 86 145 856 573 498 421 466 324 43 569 430
237 233 234 96 439 115 338 245 329 473 14 289
238 700 498 720 529 506 62 361 114 366 217 886
239 243 305 252 138 815 80 222 7 213 61 608
240 210 926 159 440 526 257 291 93 201 41 95
241 242 106 454 258 559 142 23 38 370 339 115
242 240 240 211 255 545 590 32 372 86 326 145
243 252 305 604 546 404 98 124 429 6 299 6
244 615 309 311 905 215 17 73 485 417 136 136
245 318 169 46 405 162 820 183 183 909 183 845
246 504 358 504 160 106 519 435 163 249 222 82
247 7 498 569 566 421 466 856 922 856 331 29
248 459 616 1 215 214 851 483 305 305 685 2
249 401 365 486 184 422 272 290 99 5 207 343
250 104 150 181 295 311 184 969 184 189 67 74
251 417 417 64 458 426 280 206 936 822 900 822
252 107 828 145 187 363 303 82 21 434 275 129
253 671 106 114 464 136 339 883 39 28 405 288
254 170 875 170 533 84 649 649 649 649 729 141
255 419 18 107 127 84 326 306 400 259 537 231
256 434 87 249 159 243 615 518 105 242 106 211
257 543 542 168 840 413 440 61 347 157 392 368
258 258 478 110 121 326 118 121 796 353 404 142
259 536 229 28 133 39 367 256 290 424 166 87
260 336 13 550 13 413 426 840 413 840 440 457
261 980 13 302 5 177 321 150 191 346 820 85
262 511 337 6 362 486 280 420 340 445 79 340
263 925 443 442 976 423 370 27 251 151 427 333
264 661 264 359 332 699 529 7 213 7 569 754
265 957 141 431 160 287 92 400 971 672 160 230
266 267 661 700 332 529 494 714 121 12 249 833
267 466 6 411 405 227 405 541 62 459 190 189
268 301 183 355 152 494 168 301 180 851 483 41
269 236 86 706 563 822 350 593 907 593 776 198
270 515 373 253 162 237 932 420 180 145 212 174
271 513 183 278 377 388 164 533 404 185 323 323
272 269 274 448 40 40 417 485 442 417 847 455
273 269 474 932 169 160 778 85 218 133 114 96
274 592 933 335 269 429 335 448 160 303 166 577
275 526 782 82 468 224 64 918 95 450 64 105
276 295 585 706 14 18 17 405 142 129 172 403
277 214 95 342 681 278 681 278 420 121 245 925
278 63 371 183 137 665 121 282 188 495 227 756
279 62 430 11 161 82 41 105 544 212 144 254
280 493 212 589 212 493 474 514 13 130 290 706
281 57 809 58 174 286 738 5 192 408 96 337
282 230 160 245 485 455 35 338 437 135 75 36
283 166 41 751 128 249 513 459 225 331 74 21
284 14 196 205 128 23 165 337 860 170 495 208
285 65 232 95 60 393 950 181 390 397 546 255
286 211 460 427 261 119 229 494 308 21 495 218
287 299 298 184 536 86 563 373 83 115 387 393
288 104 60 387 283 395 250 368 150 182 602 362
289 425 835 401 574 65 324 754 569 264 441 720
290 531 581 581 65 776 130 425 121 27 917 445
291 256 129 123 337 133 280 231 176 381 321 376
292 167 198 207 918 51 109 108 290 936 350 822
293 525 266 555 266 358 161 351 155 58 856 83
294 94 820 203 41 483 820 180 148 349 148 160
295 932 812 160 454 106 300 371 353 935 353 183
296 203 277 280 83 285 366 166 856 249 3 46
297 248 297 248 259 248 221 83 113 478 375 301
298 301 809 195 738 424 153 493 450 464 93 714
299 145 115 372 494 714 129 473 232 14 79 107
300 45 933 322 533 430 421 448 334 429 335 335
301 89 132 106 495 83 474 663 375 469 66 477
302 88 89 183 292 206 160 375 91 306 550 667
303 242 121 131 83 153 256 154 154 422 145 4
304 303 362 165 29 151 263 113 40 545 255 365
305 366 662 494 209 543 93 28 362 81 87 441
306 825 723 92 728 306 21 787 21 74 764 377
307 537 189 21 114 895 114 261 23 438 165 93
308 121 110 121 411 194 160 45 812 826 193 194
309 511 7 141 699 953 24 37 123 860 438 531
310 74 173 518 518 283 157 231 841 368 379 250
311 72 163 162 253 106 87 155 333 427 170 5
312 14 380 385 295 313 317 310 82 404 84 160
313 85 86 142 474 269 236 963 546 474 560 474
314 85 314 418 467 81 306 256 210 489 489 106
315 253 283 271 698 949 481 481 131 281 211 455
316 309 0 146 615 244 460 490 459 268 84 110
317 226 483 219 218 183 184 127 1 726 612 963
318 326 155 546 208 4 323 6 169 62 114 105
319 319 209 285 168 900 115 256 802 129 544 813
320 333 23 38 25 370 361 971 10 409 117 409
321 971 893 971 324 19 560 223 468 122 411 462
322 428 140 929 429 139 541 62 281 859 859 434
323 371 409 945 945 409 140 46 142 17 493 424
324 720 856 856 301 596 301 857 191 157 130 14
325 65 409 447 933 592 15 164 164 164 533 856
326 538 538 530 249 365 82 287 81 256 548 121
327 105 366 115 339 169 375 889 405 531 78 539
328 258 108 357 480 211 16 210 424 280 142 441
329 473 63 195 208 815 5 41 152 160 406 504
330 248 218 224 17 311 223 121 228 160 156 907
331 73 498 496 359 213 498 459 29 29 361 96
332 529 558 324 666 166 223 223 17 173 777 259
333 393 212 283 367 666 951 525 525 213 421 365
334 446 216 142 128 209 494 62 68 173 723 723
335 335 140 216 446 498 500 266 12 13 900 437
336 336 560 607 490 513 21 327 306 549 1 17
337 96 400 81 371 183 42 245 82 601 58 803
338 66 96 881 96 119 40 26 251 361 251 170
339 725 116 73 330 556 556 464 93 493 422 393
340 375 51 93 417 5 738 520 635 4 82 474
341 309 177 459 695 424 147 316 495 60 385 377
342 129 65 990 211 129 58 208 208 126 131 455
343 342 340 459 268 421 452 19 121 256 365 224
344 656 122 411 460 462 82 594 372 106 145 856
345 214 160 896 405 42 422 513 154 783 82 401
346 345 156 377 262 402 262 278 493 17 378 385
347 347 166 121 145 46 169 333 474 493 543 170
348 180 601 494 282 560 222 420 338 338 263 333
349 347 160 91 66 258 62 430 411 58 244 241
350 572 776 65 430 425 84 366 306 478 325 509
351 351 1 155 108 290 329 254 458 64 184 166
352 851 852 851 352 483 482 419 460 116 115 883
353 404 62 115 87 222 748 151 34 28 115 473
354 404 152 128 474 183 121 154 820 908 917 776
355 160 183 129 413 542 458 568 81 16 15 82
356 183 356 362 466 359 525 504 699 922 699 499
357 256 165 82 963 160 141 11 602 496 161 7
358 560 775 560 607 533 581 78 121 117 66 108
359 558 569 957 700 957 19 823 521 62 163 377
360 754 971 59 89 515 409 190 189 420 211 152
361 423 444 485 114 28 34 27 37 370 40 339
362 666 566 421 430 107 114 981 423 981 527 547
363 577 518 271 282 45 62 714 425 457 399 542
364 351 321 947 947 60 396 380 157 182 104 104
365 62 306 858 306 128 121 356 671 932 420 83
366 234 930 921 880 160 557 79 165 816 116 28
367 438 107 591 419 493 17 17 518 86 526 526
368 283 61 707 358 407 213 452 649 649 729 525
369 96 261 169 211 81 166 77 557 160 550 473
370 39 28 270 280 420 256 4 208 812 13 21
371 473 87 810 269 448 322 269 154 17 106 372
372 82 747 473 418 509 356 355 283 256 303 564
373 115 280 199 301 428 272 428 812 803 59 57
374 406 374 500 499 238 700 213 496 498 707 823
375 108 67 74 756 118 84 333 442 444 423 13
376 395 424 338 263 290 99 404 87 223 459 177
377 189 69 105 384 157 387 118 597 282 170 310
378 283 492 612 311 341 316 758 143 82 395 379
379 381 60 391 157 182 872 218 297 86 590 545
380 283 86 470 986 411 318 367 980 757 757 980
381 479 275 511 262 100 86 20 160 308 182 308
382 377 490 371 46 255 371 303 128 892 438 170
383 377 490 356 671 932 86 510 661 549 84 83
384 181 167 14 284 621 426 62 371 495 367 375
385 376 719 157 104 182 296 320 213 421 488 487
386 560 42 607 81 544 84 268 282 371 155 154
387 523 543 294 65 450 450 526 275 526 168 166
388 388 160 96 285 13 497 562 533 290 531 914
389 389 283 137 169 333 211 89 58 305 552 126
390 13 172 51 205 917 27 953 822 350 822 86
391 182 167 820 546 462 173 10 11 804 264 9
392 588 34 23 142 128 1 310 62 106 489 405
393 182 388 393 249 363 114 362 16 209 300 114
394 537 103 352 377 277 277 284 511 262 231 196
395 107 207 199 434 333 531 116 121 425 493 290
396 321 381 176 177 734 280 203 95 200 201 231
397 321 560 48 678 92 685 685 4 303 128 28
398 295 288 288 71 209 286 303 281 520 137 166
399 457 426 206 168 82 96 340 548 106 184 409
400 589 357 64 95 199 296 395 321 947 320 349
401 873 425 870 425 65 366 163 435 616 602 525
402 133 116 548 78 419 221 405 89 252 211 15
403 221 249 54 138 54 438 892 124 100 592 461
404 371 155 420 166 333 366 305 865 2 55 6
405 263 245 976 333 62 494 576 82 278 191 345
406 502 332 359 529 332 525 358 566 823 566 573
407 93 129 58 612 82 356 301 294 291 14 168
408 571 408 59 859 160 474 476 478 325 21 519
409 581 820 82 201 218 341 222 400 20 887 92
410 356 303 303 255 145 299 710 971 108 652 108
411 949 55 665 54 58 4 552 515 270 278 129
412 81 671 107 113 165 198 197 201 473 14 289
413 13 177 232 294 291 493 278 409 390 390 381
414 443 33 409 29 165 135 30 764 74 62 29
415 414 443 263 290 568 329 486 725 96 867 96
416 327 820 215 20 10 21 489 87 50 87 154
417 160 250 387 384 377 764 74 482 89 64 168
418 473 509 105 159 235 236 86 125 15 139 124
419 214 214 166 139 334 274 21 92 373 552 809
420 314 872 232 284 179 133 42 143 83 105 92
421 487 213 503 498 967 913 951 359 672 430 533
422 473 115 152 518 17 74 314 18 74 215 159
423 318 424 552 305 528 191 64 232 129 249 183
424 222 911 189 189 314 105 533 40 31 170 318
425 543 430 674 430 7 19 107 748 283 356 366
426 160 828 121 173 114 919 443 76 444 971 448
427 86 39 33 165 119 470 455 900 860 170 160
428 301 368 395 160 394 537 20 160 47 251 172
429 6 665 4 571 552 285 379 393 17 533 551
430 462 173 126 285 840 64 113 423 482 554 340
431 434 252 17 249 87 187 249 211 103 250 113
432 71 393 103 150 473 434 607 128 143 478 543
433 84 419 143 229 366 121 533 163 615 318 455
434 515 94 177 231 377 593 434 190 189 190 494
435 519 786 519 85 146 615 331 225 309 268 934
436 115 812 46 107 16 281 408 285 458 515 232
437 438 89 114 263 62 20 188 183 21 278 611
438 470 980 261 151 30 721 229 434 190 564 2
439 115 361 261 333 282 153 493 41 206 197 199
440 440 172 424 151 370 26 35 86 153 654 376
441 720 498 525 500 569 500 141 473 474 478 62
442 442 455 116 29 25 37 23 87 665 174 237
443 427 339 818 440 265 61 53 52 1 351 278
444 444 86 430 19 823 971 754 84 560 459 560
445 424 283 160 68 329 300 300 187 663 508 363
446 216 429 301 810 321 389 387 395 424 518 152
447 933 45 419 296 166 129 422 518 404 185 125
448 45 274 448 933 447 323 708 404 687 100 429
449 414 916 414 645 231 385 321 61 123 251 123
450 438 860 338 932 81 58 333 153 173 124 354
451 452 161 141 566 452 700 957 700 661 569 365
452 498 506 510 12 420 280 42 387 393 761 393
453 932 81 362 459 490 490 212 81 283 225 221
454 357 568 357 424 115 229 513 906 546 427 249
455 211 212 489 2 13 550 747 615 800 287 81
456 64 611 486 329 303 166 180 105 160 223 228
457 523 706 14 563 6 181 295 388 393 397 320
458 93 399 457 426 232 556 14 797 605 846 605
459 331 177 409 135 337 301 249 152 71 152 107
460 615 115 170 318 127 491 624 84 752 84 467
461 461 272 45 271 2 896 63 208 635 208 685
462 462 249 19 183 108 111 66 112 66 48 361
463 463 463 462 173 69 184 422 533 84 39 86
464 409 21 364 351 377 284 155 115 142 173 173
465 519 160 42 5 198 203 284 621 160 216 160
466 12 638 638 338 914 531 548 459 490 365 256
467 142 366 577 283 83 533 333 486 280 105 58
468 82 404 154 163 62 375 243 820 93 166 194
469 89 96 481 6 429 6 921 138 880 921 859
470 116 455 116 340 105 180 107 429 155 187 42
471 434 214 215 189 473 551 533 83 365 283 363
472 453 283 153 211 252 932 253 315 218 167 460
473 422 58 81 486 664 166 492 283 191 857 301
474 84 30 84 144 546 282 64 389 377 199 776
475 375 13 239 63 194 408 993 408 587 587 234
476 13 318 442 442 40 38 28 41 142 142 64
477 66 514 478 356 249 546 333 444 301 8 9
478 110 111 258 356 509 87 615 129 813 515 290
479 177 218 218 177 413 93 95 86 206 65 440
480 166 799 549 371 282 190 86 180 123 338 121
481 131 738 58 546 177 377 179 214 211 340 333
482 450 211 13 30 84 111 108 469 258 110 111
483 556 280 18 121 401 133 581 101 120 0 17
484 694 129 282 223 222 17 493 615 453 167 820
485 198 485 443 318 40 409 184 21 282 230 121
486 81 952 509 259 92 92 480 564 281 303 367
487 558 823 265 707 498 232 440 426 318 411 212
488 141 502 43 499 43 566 569 161 264 500 406
489 489 408 832 832 145 115 184 256 62 172 123
490 82 84 110 474 89 305 528 5 308 581 204
491 127 21 303 212 223 0 380 379 308 256 278
492 333 21 278 420 30 27 116 183 68 62 226
493 82 329 300 173 612 612 50 162 103 64 820
494 165 245 47 547 113 424 30 545 133 201 107
495 526 546 509 480 508 679 13 509 82 255 145
496 459 86 20 82 187 16 362 486 184 69 190
497 78 340 547 339 34 438 470 980 5 820 172
498 700 11 502 504 529 506 434 589 564 164 520
499 913 967 44 805 358 506 510 506 409 40 24
500 264 452 264 707 872 74 297 905 222 748 944
501 504 44 729 971 569 674 506 105 169 105 362
502 499 86 340 167 296 932 28 261 29 13 93
503 498 602 365 363 121 154 107 506 358 358 560
504 358 502 43 502 661 19 452 161 661 505 499
505 374 441 700 525 406 44 565 674 565 12 564
506 407 856 44 155 130 191 346 157 385 157 378
507 513 166 210 158 240 243 5 24 31 29 25
508 188 518 404 601 177 223 121 236 83 333 983
509 325 87 552 571 252 812 991 520 305 55 56
510 7 956 44 820 424 18 376 395 908 278 405
511 301 262 376 395 295 381 320 179 180 907 907
512 160 380 376 320 65 562 183 282 79 162 2
513 272 513 115 129 611 129 130 388 321 38 113
514 328 91 419 170 170 434 506 11 213 360 495
515 275 413 232 413 813 93 169 494 918 197 196
516 333 340 179 381 149 656 380 103 295 82 228
517 5 105 478 84 243 242 241 210 329 69 480
518 518 371 3 194 137 82 84 433 432 84 30
519 106 932 131 4 2 249 131 809 971 63 13
520 738 498 922 699 845 812 434 107 541 511 5
521 62 114 419 211 84 422 518 105 121 242 234
522 523 292 822 533 40 33 590 545 30 367 419
523 332 358 500 466 856 421 566 573 166 81 212
524 72 20 409 118 597 651 301 226 82 552 552
525 406 43 452 19 155 173 300 46 933 956 44
526 413 168 6 64 458 83 474 514 375 81 212
527 64 229 387 950 820 128 210 63 114 405 329
528 5 318 326 13 526 121 80 480 375 455 411
529 265 555 409 13 19 513 166 173 134 340 375
530 11 141 360 495 21 44 9 500 332 44 12
531 116 367 427 105 210 106 551 533 32 338 914
532 211 249 420 174 854 285 562 426 86 458 172
533 195 211 48 372 248 73 166 0 148 401 457
534 256 249 105 147 166 166 493 422 153 49 49
535 173 20 536 601 177 656 231 316 758 424 99
536 184 373 184 69 69 550 165 443 40 170 136
537 460 462 701 462 701 462 256 81 46 473 44
538 733 825 923 825 733 551 298 106 129 127 613
539 380 321 368 83 168 198 205 581 205 581 531
540 952 28 23 24 455 464 211 6 411 784 411
541 162 180 350 191 601 283 367 932 210 931 930
542 543 249 256 424 337 338 256 31 427 427 651
543 294 457 409 207 41 87 963 242 977 209 371
544 450 105 187 550 434 450 257 291 257 130 122
545 442 84 13 273 461 15 322 334 140 166 0
546 828 46 329 477 69 108 469 478 486 377 764
547 87 812 812 160 539 494 484 129 546 936 204
548 278 284 231 176 238 89 259 173 99 185 709
549 81 303 183 417 251 172 23 785 23 13 156
550 107 454 84 121 373 404 532 233 234 639 65
551 106 255 82 115 533 422 180 105 10 434 16
552 552 412 481 54 281 3 56 921 285 458 121
553 86 92 370 333 252 480 362 483 113 725 318
554 971 893 466 9 264 267 266 13 667 533 127
555 324 121 552 58 58 83 533 25 165 167 167
556 232 226 419 607 42 671 253 366 366 107 495
557 256 63 283 300 21 314 300 11 183 474 80
558 213 12 166 143 91 107 142 932 128 203 167
559 518 155 351 105 601 177 215 311 341 295 106
560 211 842 211 4 208 371 87 210 142 128 143
561 462 561 462 463 462 249 340 62 79 420 511
562 14 172 585 544 84 162 541 511 342 214 13
563 494 395 61 14 206 786 160 877 155 213 957
564 365 179 394 537 394 377 172 434 187 42 83
565 823 700 566 452 856 434 220 74 424 405 4
566 700 699 332 359 504 499 922 340 848 419 252
567 290 256 351 296 254 371 98 107 63 239 233
568 493 41 199 593 917 199 204 198 198 229 64
569 452 529 504 374 44 81 46 216 428 301 730
570 707 872 232 51 740 82 245 114 365 569 501
571 252 5 437 547 527 96 318 494 395 389 295
572 280 133 284 167 201 207 409 2 859 932 419
573 12 957 213 264 86 96 369 96 370 25 23
574 65 413 493 694 129 694 129 211 194 211 807
575 377 179 378 385 378 128 133 135 26 113 36
576 526 840 840 285 13 40 28 721 229 229 494
577 377 386 379 387 41 17 225 309 511 541 15
578 577 249 518 86 233 84 57 880 138 137 129
579 446 13 748 160 776 201 207 908 278 270 280
580 580 580 580 580 580 580 580 580 580 580 580
581 65 526 420 404 107 327 325 10 564 640 638
582 84 601 3 832 2 271 303 571 145 405 245
583 521 62 141 504 421 448 971 113 176 200 177
584 86 177 515 450 160 261 37 545 30 609 24
585 706 86 393 61 440 380 103 64 820 412 665
586 832 408 993 408 305 520 812 412 888 412 193
587 587 236 434 42 86 39 29 964 40 28 82
588 26 971 812 373 283 204 198 202 41 434 19
589 400 86 21 548 377 61 483 305 815 63 420
590 165 183 326 533 252 272 84 229 434 10 400
591 145 105 357 256 338 336 116 317 221 177 178
592 929 579 13 58 281 281 411 116 116 47 444
593 822 168 231 526 86 38 48 367 254 490 42
594 121 375 405 106 249 932 63 233 174 809 174
595 52 595 52 146 226 121 261 121 30 121 329
596 218 221 52 537 389 283 104 160 316 17 248
597 596 366 366 183 210 158 434 132 158 243 243
598 86 747 612 212 107 730 82 462 272 334 274
599 3 665 121 601 812 845 2 174 685 685 92
600 133 544 133 27 336 338 160 621 426 6 126
601 121 423 114 128 424 401 160 778 160 279 5
602 569 161 452 666 823 15 404 473 747 971 416
603 414 443 370 725 245 546 856 504 407 526 199
604 305 409 428 579 46 371 13 184 678 48 318
605 851 180 278 231 181 386 393 533 350 939 350
606 495 121 615 168 424 74 73 221 73 358 264
607 255 694 484 515 270 278 256 420 647 458 160
608 441 720 699 700 7 112 373 528 305 194 63
609 30 251 23 417 333 329 474 282 107 509 513
610 59 6 134 84 244 84 317 310 105 478 108
611 938 611 166 74 188 21 28 23 30 336 336
612 163 459 329 91 989 91 258 478 107 68 419
613 127 227 226 892 290 584 290 65 101 96 119
614 614 614 613 747 86 430 211 473 473 419 84
615 84 454 106 87 243 950 427 254 211 473 30
616 1 351 351 345 342 167 290 484 290 829 168
617 592 933 956 856 913 7 666 951 957 951 359
618 820 41 167 205 925 89 301 214 177 629 440
619 613 127 318 725 114 226 227 74 107 74 228
620 620 86 459 25 409 443 444 300 495 363 283
621 278 365 223 0 238 158 121 353 69 87 489
622 238 242 158 238 243 80 474 282 424 93 108
623 86 145 4 4 56 880 281 56 54 249 180
624 491 340 491 390 396 380 65 290 822 464 172
625 285 4 712 255 87 222 21 41 336 339 27
626 87 509 259 173 434 226 14 292 62 509 260
627 707 19 700 452 160 67 189 62 29 51 917
628 295 576 93 399 543 542 544 129 563 572 776
629 177 18 74 116 464 338 48 37 35 588 588
630 630 303 807 303 665 412 625 63 210 245 329
631 209 285 58 286 532 211 210 159 301 420 235
632 632 397 377 377 60 295 172 802 258 329 424
633 633 633 633 633 633 633 633 633 633 633 633
634 635 208 685 54 532 520 252 84 166 662 124
635 208 363 531 254 932 303 13 748 377 383 181
636 636 636 636 636 211 460 490 513 425 705 256
637 233 121 649 499 213 407 43 452 506 374 374
638 480 678 747 513 170 64 455 444 444 527 64
639 234 828 46 638 210 249 569 43 499 238 13
640 124 142 121 152 364 363 508 325 400 260 93
641 371 405 28 160 550 160 296 21 695 424 230
642 212 210 355 212 550 667 184 480 166 81 419
643 49 50 654 820 82 426 172 285 89 160 264
644 115 233 160 104 392 377 351 191 511 7 754
645 156 907 903 191 262 402 133 450 123 338 339
646 411 305 604 211 88 121 190 160 209 211 424
647 221 256 420 82 277 296 250 387 485 485 170
648 648 648 648 648 648 648 648 648 648 648 648
649 421 409 108 112 7 430 425 493 585 168 290
650 215 215 187 932 21 173 462 701 462 513 184
651 511 346 345 214 180 533 393 212 282 188 282
652 333 128 303 107 281 271 949 411 121 748 62
653 653 653 653 653 653 653 653 653 653 653 653
654 211 532 233 101 371 210 638 495 82 137 46
655 427 115 301 327 301 281 131 57 411 864 411
656 231 203 820 801 820 412 888 412 859 990 3
657 269 474 301 307 85 309 85 86 172 714 93
658 658 658 658 658 658 658 658 658 658 658 658
659 377 388 128 371 208 132 234 114 981 547 547
660 660 660 660 660 660 660 660 660 660 660 660
661 265 452 141 430 128 81 671 357 256 367 892
662 97 124 98 708 371 285 774 285 949 685 54
663 187 121 661 11 11 265 529 141 232 380 295
664 65 533 168 64 0 18 115 318 615 129 198
665 812 208 635 137 164 62 279 107 856 44 16
666 19 49 87 183 159 926 301 118 511 284 167
667 42 343 350 593 199 399 813 515 275 458 129
668 157 231 53 280 909 493 107 371 495 278 365
669 420 363 661 440 14 289 231 343 160 163 411
670 670 670 670 670 670 670 670 670 670 670 670
671 249 954 107 290 128 430 486 303 88 303 367
672 44 500 699 332 9 421 258 152 615 331 856
673 673 673 495 250 150 393 533 44 672 543 326
674 510 9 720 466 160 121 142 576 295 717 717
675 675 675 675 675 675 675 675 675 675 675 675
676 428 428 301 340 211 106 210 63 87 20 42
677 199 199 850 546 812 285 138 63 286 738 738
678 92 137 283 426 183 343 128 378 491 170 62
679 508 509 82 647 154 513 459 560 386 393 142
680 380 390 182 157 386 393 82 531 548 816 953
681 157 388 61 498 61 150 215 313 317 248 218
682 191 350 352 41 333 427 142 458 813 129 116
683 57 949 56 408 252 183 145 115 233 243 236
684 684 684 684 684 684 684 684 684 684 684 684
685 812 142 82 292 543 526 458 450 494 539 79
686 21 314 726 283 368 391 971 566 407 266 141
687 353 15 447 690 301 63 128 183 460 189 222
688 543 292 160 404 474 612 217 521 217 612 212
689 198 198 329 478 282 33 878 35 40 23 160
690 494 115 301 857 160 163 121 651 597 301 294
691 691 691 691 691 691 691 691 691 691 691 691
692 231 655 151 82 340 106 256 820 179 180 191
693 82 124 424 31 438 115 367 28 106 434 471
694 290 13 255 300 62 459 212 87 427 166 411
695 491 491 168 113 339 34 27 438 249 642 106
696 218 5 458 542 440 24 261 37 84 558 529
697 645 697 697 321 181 95 128 218 420 123 123
698 552 211 305 516 762 516 2 57 285 131 208
699 406 672 160 490 420 340 217 288 105 478 91
700 720 332 407 332 700 11 129 86 623 450 232
701 462 463 462 272 84 1 127 21 92 152 258
702 107 809 55 58 192 4 162 129 346 128 483
703 703 703 703 703 703 703 703 703 703 703 703
704 704 704 107 8 62 17 255 87 546 299 968
705 705 211 82 123 37 229 177 223 221 283 162
706 290 87 115 363 87 255 87 518 363 87 190
707 267 161 249 367 106 726 1 459 1 254 115
708 99 708 748 793 613 747 184 249 602 441 333
709 185 708 100 51 399 93 813 817 544 303 235
710 188 74 309 313 74 314 52 197 373 571 62
711 711 711 711 711 711 711 711 711 711 711 711
712 255 546 82 544 84 598 134 535 173 896 4
713 81 911 222 311 223 155 249 282 221 280 294
714 93 41 776 377 526 257 568 107 164 395 201
715 21 115 212 153 366 366 223 73 259 72 20
716 5 97 335 140 592 241 963 615 155 223 655
717 131 4 424 125 935 125 708 125 142 20 11
718 63 815 286 138 990 1001 6 346 214 128 183
719 632 632 397 181 380 61 392 86 584 290 6
720 700 213 913 44 406 500 506 674 565 608 499
721 229 489 21 371 99 768 353 129 21 690 494
722 27 32 33 37 37 96 89 91 96 59 880
723 923 723 92 326 424 99 768 124 166 23 964
724 338 438 588 24 953 590 35 38 38 437 169
725 443 361 333 155 19 19 510 525 533 94 974
726 314 255 295 424 154 163 613 756 74 231 289
727 84 305 412 888 412 434 128 203 280 1 310
728 733 551 509 107 142 45 429 6 544 607 296
729 44 211 208 208 208 434 148 434 296 203 548
730 211 430 62 410 490 490 254 441 608 566 707
731 731 731 731 731 731 731 731 731 731 731 731
732 732 732 732 732 732 732 732 732 732 732 732
733 306 327 5 486 611 66 514 108 112 478 357
734 156 179 62 506 407 506 498 246 247 19 405
735 592 908 918 820 203 198 206 284 14 168 168
736 333 81 518 211 489 473 447 272 665 812 272
737 737 271 589 459 328 86 932 255 46 424 93
738 57 5 681 82 168 6 286 5 405 221 223
739 12 11 64 282 62 236 183 845 859 173 254
740 51 486 165 212 129 184 710 189 467 418 129
741 250 390 397 182 213 913 950 260 89 271 552
742 742 742 742 614 742 614 756 390 396 377 148
743 517 305 698 126 635 126 271 528 489 771 518
744 744 744 744 744 744 744 744 744 744 744 744
745 282 226 434 170 169 366 366 187 663 187 74
746 746 746 746 746 746 746 746 746 746 746 746
747 86 822 86 82 199 121 129 82 142 153 612
748 424 69 184 422 163 145 163 62 544 434 473
749 820 243 84 601 886 2 13 318 444 171 160
750 88 57 64 828 46 45 447 461 533 460 537
751 820 206 203 41 160 131 950 812 252 520 56
752 283 518 661 570 8 141 9 525 266 267 19
753 261 494 515 6 412 192 807 303 212 69 260
754 565 804 466 213 182 397 232 358 823 9 510
755 211 55 285 411 252 83 856 820 424 329 13
756 166 160 509 105 161 44 529 608 440 458 714
757 980 980 64 611 176 65 257 231 176 593 41
758 283 204 908 197 201 197 143 142 141 525 951
759 121 419 198 183 165 166 399 457 399 93 883
760 335 579 334 274 335 335 592 447 461 533 508
761 393 932 154 86 573 11 300 108 420 402 377
762 516 195 174 284 749 820 232 515 572 563 290
763 5 232 133 29 554 535 728 400 678 678 549
764 483 205 160 35 339 34 438 339 464 450 214
765 365 351 280 333 5 74 468 148 262 179 128
766 340 212 211 83 546 290 198 197 93 280 655
767 114 896 112 474 82 295 560 459 248 366 134
768 404 86 494 113 485 166 214 178 381 479 479
769 559 559 160 319 237 160 490 212 163 613 288
770 353 371 419 154 375 476 474 258 434 190 189
771 105 544 183 93 82 123 338 339 167 95 203
772 772 772 772 772 772 772 772 772 772 772 772
773 405 518 518 271 145 405 4 303 304 599 208
774 285 129 585 84 432 71 612 309 309 313 268
775 560 12 739 155 189 533 576 232 115 283 4
776 593 94 205 581 820 42 372 431 105 155 18
777 862 777 498 14 196 205 93 424 78 424 338
778 971 971 188 155 877 533 576 13 306 13 581
779 820 202 206 231 201 121 296 549 69 86 393
780 84 166 492 950 812 57 685 809 949 305 366
781 537 405 433 433 393 377 379 385 379 164 579
782 377 60 215 363 495 641 333 473 412 865 63
783 82 567 82 68 107 319 236 236 236 587 58
784 411 252 661 549 316 726 107 16 183 270 419
785 545 28 367 114 767 114 114 464 23 422 424
786 64 330 73 259 83 249 602 700 264 61 499
787 21 6 204 41 17 23 438 86 170 38 847
788 788 788 788 788 788 717 131 142 458 285 172
789 458 420 362 293 498 0 18 115 282 234 82
790 544 494 2 96 119 455 89 158 58 107 417
791 612 17 220 90 90 220 47 976 411 411 5
792 121 168 611 486 394 377 166 191 121 161 666
793 613 619 59 63 486 48 492 166 882 166 314
794 335 274 429 164 216 107 280 172 542 401 712
795 417 367 16 128 483 340 932 820 366 145 546
796 353 142 85 17 83 106 129 93 133 5 489
797 18 0 316 560 459 328 375 111 474 41 201
798 798 798 798 798 798 798 798 798 798 798 798
799 447 334 65 65 94 955 205 198 183 493 65
800 409 457 399 133 283 453 472 610 235 96 361
801 41 171 370 115 987 914 914 170 282 10 325
802 365 210 252 249 160 495 155 655 75 339 338
803 1001 2 249 115 87 256 223 612 356 69 86
804 232 321 162 195 586 404 643 269 282 662 107
805 487 332 505 971 859 963 159 183 121 285 57
806 285 698 685 63 132 481 845 412 193 194 373
807 5 177 94 918 201 128 212 424 151 37 123
808 808 808 808 808 808 808 808 808 808 808 808
809 208 520 3 1001 832 58 166 467 17 254 23
810 511 64 719 157 489 16 132 738 305 211 611
811 497 562 232 537 394 389 6 181 869 179 148
812 87 426 526 419 474 333 421 496 602 249 153
813 403 537 21 214 191 207 207 197 206 936 290
814 347 61 150 155 147 932 367 424 304 16 518
815 880 424 269 334 335 592 428 107 429 100 434
816 491 377 593 340 290 211 450 160 250 150 215
817 543 689 198 167 200 178 231 280 204 167 122
818 549 81 896 63 486 493 168 292 83 546 77
819 140 428 216 592 139 216 448 62 230 106 300
820 198 485 74 330 455 58 62 203 183 128 169
821 163 72 163 612 427 370 443 925 113 455 925
822 936 86 201 917 970 128 62 83 278 257 568
823 19 293 504 501 160 377 734 172 27 417 417
824 191 851 575 342 346 346 345 152 420 373 812
825 306 306 825 733 825 733 306 306 141 8 265
826 58 192 832 252 160 116 337 30 339 27 197
827 506 856 666 367 256 4 990 305 211 552 160
828 234 828 300 124 173 531 82 165 160 368 86
829 203 291 346 409 474 128 377 128 343 343 191
830 452 823 666 86 601 333 976 976 442 333 165
831 258 932 303 365 440 434 295 389 181 869 376
832 587 238 700 7 608 267 466 856 558 451 161
833 249 421 141 569 359 7 674 506 107 211 142
834 107 932 671 509 480 282 586 233 237 158 599
835 789 278 180 421 7 5 195 63 278 128 445
836 706 373 372 431 84 444 485 423 426 129 426
837 107 90 328 90 162 15 15 269 166 48 492
838 124 51 283 392 377 231 179 284 936 168 493
839 191 121 419 333 230 82 18 18 74 282 254
840 65 362 820 15 139 335 592 274 273 272 546
841 312 317 312 53 434 58 612 212 249 434 100
842 96 165 245 116 64 74 331 166 480 160 492
843 567 425 567 290 706 563 706 694 129 62 226
844 165 337 464 23 422 131 4 635 137 6 157
845 481 285 83 86 33 39 151 28 160 287 162
846 846 605 846 846 846 846 605 797 14 465 189
847 922 560 142 20 127 21 462 58 832 408 625
848 340 483 65 197 373 552 520 412 164 379 379
849 57 286 285 59 481 59 5 440 129 114 338
850 199 196 14 280 53 231 157 149 88 924 699
851 907 903 907 191 365 180 105 427 82 168 413
852 852 851 483 320 103 582 160 450 399 183 301
853 82 464 129 548 62 62 714 86 238 236 371
854 252 66 90 409 244 237 242 240 11 233 366
855 86 686 86 131 126 723 546 518 661 518 371
856 141 332 608 264 533 236 159 460 679 549 298
857 160 180 166 300 187 363 155 223 212 170 491
858 306 728 21 212 494 310 170 537 486 44 183
859 195 57 604 57 63 193 194 56 698 54 698
860 165 186 186 283 144 212 64 438 339 438 405
861 350 345 121 301 307 206 426 93 367 133 44
862 777 554 29 554 971 448 139 819 140 541 209
863 57 281 252 235 158 105 166 950 963 930 963
864 411 333 42 166 137 22 35 5 466 452 264
865 845 953 816 753 816 336 419 18 376 262 377
866 411 55 685 63 408 96 91 469 478 108 514
867 411 867 340 290 301 4 552 208 698 809 63
868 5 419 482 133 820 41 336 30 32 372 75
869 841 368 397 64 191 231 74 20 306 173 173
870 425 457 457 197 13 290 694 664 401 129 95
871 231 347 307 133 136 135 339 437 27 25 34
872 61 379 182 380 397 719 121 329 560 218 226
873 425 426 572 484 143 714 172 655 171 245 82
874 65 435 533 350 593 572 64 10 134 10 105
875 170 170 537 316 379 80 105 589 155 655 183
876 564 304 806 806 89 252 254 31 33 339 339
877 184 287 92 21 375 108 328 460 490 165 33
878 23 878 27 170 115 38 30 36 409 590 32
879 242 209 238 243 64 173 325 306 169 405 340
880 137 329 108 93 563 493 278 548 405 314 106
881 96 610 303 235 303 105 155 173 160 494 94
882 160 78 531 212 296 82 105 190 473 411 126
883 883 339 10 405 856 720 700 707 441 8 525
884 884 412 412 832 4 305 528 489 211 107 494
885 21 184 290 584 290 263 16 356 69 715 799
886 59 3 601 180 82 377 483 167 51 31 29
887 887 20 533 141 246 499 505 43 566 971 9
888 412 4 329 459 177 5 279 82 142 128 107
889 300 107 404 373 82 163 615 333 473 333 427
890 121 612 492 83 373 240 241 159 89 159 236
891 405 245 405 480 550 82 227 268 537 52 185
892 367 417 93 409 36 183 518 152 70 62 183
893 466 494 84 372 433 254 290 160 292 950 303
894 327 486 280 107 690 366 230 121 4 192 192
895 417 176 515 129 107 393 607 87 545 87 41
896 107 170 105 441 608 358 105 375 80 474 375
897 263 361 34 590 33 590 171 13 83 474 66
898 230 82 450 123 129 484 64 405 493 600 401
899 2 249 490 419 81 28 229 169 290 169 290
900 5 669 669 669 783 82 783 424 434 208 208
901 137 982 137 272 274 15 353 592 269 617 140
902 5 438 29 121 326 923 326 118 420 363 155
903 907 851 350 343 160 92 457 86 584 272 461
904 321 104 160 56 921 930 243 820 593 14 556
905 215 495 748 107 70 180 70 186 272 6 859
906 533 94 483 917 95 128 127 84 152 83 191
907 156 349 342 17 120 133 403 542 413 13 79
908 922 922 529 913 972 913 699 506 247 661 87
909 209 631 159 183 114 48 211 949 552 518 81
910 65 525 573 8 160 591 96 340 553 134 74
911 189 215 347 181 14 290 254 285 379 61 421
912 526 86 290 706 694 664 363 420 121 17 115
913 141 19 420 106 62 448 446 160 506 19 183
914 455 302 5 440 160 140 812 859 803 546 173
915 38 170 543 689 198 129 46 812 209 411 411
916 414 415 852 206 203 167 426 486 155 213 247
917 197 160 278 257 65 92 513 83 20 166 453
918 14 168 280 228 377 130 425 870 65 426 423
919 919 919 443 409 326 87 489 13 349 349 907
920 230 20 424 478 90 11 133 844 133 373 283
921 285 2 138 409 417 494 310 932 252 740 82
922 14 14 141 573 573 7 19 957 951 525 499
923 723 723 126 411 122 122 167 51 751 167 351
924 699 529 525 359 466 141 19 513 642 106 473
925 417 981 113 443 165 483 727 464 169 283 376
926 931 926 926 926 926 931 963 58 62 233 115
927 210 283 58 158 3 55 5 469 474 514 108
928 211 117 86 218 219 79 417 443 339 26 251
929 140 461 624 223 117 86 353 15 62 2 2
930 236 533 265 533 581 308 6 949 59 137 183
931 234 237 926 926 234 927 926 927 159 159 62
932 82 53 822 53 537 20 72 524 72 21 222
933 89 369 303 340 212 68 366 145 21 375 16
934 340 531 548 21 129 62 372 594 84 134 74
935 768 185 354 323 162 15 13 351 155 495 329
936 936 546 82 782 526 419 180 156 349 349 262
937 100 662 282 355 365 172 450 568 562 654 50
938 611 86 290 584 290 210 235 930 234 319 209
939 350 593 199 301 393 84 244 236 159 238 210
940 93 563 572 129 183 236 269 929 15 269 335
941 189 121 166 144 615 145 546 269 933 592 274
942 95 201 198 5 243 57 859 194 56 481 208
943 295 383 181 162 433 70 86 44 121 263 62
944 748 129 303 114 442 370 115 5 738 58 84
945 327 10 340 310 581 79 51 199 301 285 2
946 641 333 421 488 922 141 141 500 266 498 573
947 377 228 342 851 483 377 656 122 180 420 355
948 381 180 615 393 160 268 311 297 260 248 549
949 552 552 809 552 515 94 351 329 106 87 87
950 651 254 820 51 205 41 336 251 86 31 367
951 44 672 141 699 44 360 754 44 820 918 206
952 952 952 28 588 13 58 665 63 278 191 212
953 24 455 547 455 470 261 455 123 180 352 345
954 518 252 174 371 51 160 116 28 106 489 157
955 593 199 65 107 459 190 16 771 13 550 81
956 430 501 500 264 700 823 12 707 913 499 922
957 700 720 804 264 707 913 358 856 153 427 151
958 962 958 69 187 1 316 268 282 74 73 116
959 377 351 346 160 240 373 253 121 161 661 570
960 377 851 352 13 458 13 840 168 291 232 368
961 377 172 86 415 697 415 697 5 132 282 218
962 325 508 710 187 1 215 128 340 934 549 190
963 242 240 236 243 239 158 159 158 243 105 170
964 373 552 424 31 121 234 114 47 160 61 758
965 936 232 556 531 165 844 971 361 135 251 251
966 21 72 92 530 358 500 141 913 699 924 211
967 525 602 11 430 360 19 9 487 213 182 368
968 184 678 480 62 168 133 162 432 84 119 40
969 184 86 37 127 435 65 334 140 160 67 533
970 546 44 249 80 129 208 434 41 205 79 482
971 812 448 971 627 420 180 179 869 397 6 183
972 913 529 166 214 21 42 23 337 424 290 295
973 971 695 695 164 533 562 654 217 132 59 738
974 917 205 196 86 328 108 409 506 913 856 83
975 971 566 570 823 823 856 142 441 213 359 569
976 527 318 326 155 147 301 180 105 258 282 248
977 977 977 977 977 209 371 46 114 2 6 5
978 165 13 900 860 115 816 491 753 470 261 133
979 170 169 753 75 560 106 188 486 201 199 258
980 13 771 145 17 215 249 255 424 45 15 125
981 847 113 547 133 402 262 377 947 394 385 393
982 137 59 56 96 437 25 438 892 226 533 302
983 114 173 86 251 96 135 30 409 165 198 197
984 153 427 169 251 370 25 10 306 256 589 638
985 376 376 390 438 338 438 450 86 666 661 66
986 470 971 608 61 53 312 311 73 17 147 142
987 816 116 23 964 23 25 438 151 417 895 333
988 24 455 816 491 170 160 747 106 641 371 114
989 329 46 461 216 107 212 492 121 158 89 455
990 4 408 411 411 5 177 515 122 351 303 107
991 859 474 329 424 338 367 155 58 5 236 87
992 129 160 81 333 36 21 327 486 169 531 300
993 408 138 58 422 115 548 78 482 554 971 93
994 6 552 63 971 403 291 256 170 371 363 215
995 712 255 114 420 188 971 20 282 340 934 340
996 12 707 765 525 19 569 957 12 739 82 10
997 27 116 113 485 443 919 443 442 84 513 74
998 65 129 526 183 93 136 135 31 30 367 169
999 145 155 518 577 333 984 153 932 295 947 377
1000 14 85 313 309 95 61 499 500 506 504 504
1001 6 438 405 114 971 20 301 8 510 264 700
1002 560 106 105 269 17 226 254 256 152 50 162
1003 258 434 813 399 133 333 142 424 211 333 981
1004 55 160 452 506 502 505 374 374 504 301 171
0 221 83 209 977
1 450 482 162 71
2 859 271 589 249
3 252 832 412 192
4 102 812 546 255
5 237 244 244 301
6 527 263 455 58
7 365 179 249 533
8 107 375 21 44
9 506 932 255 546
10 339 860 455 919
11 270 11 7 365
12 700 720 754 569
13 339 75 165 223
14 706 280 221 225
15 335 933 89 423
16 210 269 63 635
17 546 362 160 82
18 85 726 85 222
19 161 87 643 162
20 127 92 426 62
21 480 92 457 197
22 173 892 892 896
23 34 31 123 411
24 151 151 121 492
25 409 81 400 327
26 165 427 107 79
27 953 26 25 438
28 166 44 956 913
29 361 25 24 39
30 367 105 5 327
31 84 229 37 261
32 116 113 339 135
33 23 261 35 51
34 23 115 339 482
35 24 455 437 47
36 127 533 422 105
37 229 39 38 27
38 339 818 65 352
39 480 166 150 368
40 427 370 245 417
41 93 16 15 446
42 492 212 180 433
43 407 498 804 264
44 661 8 301 245
45 404 84 624 21
46 592 269 160 252
47 280 377 621 426
48 113 919 455 547
49 433 152 420 408
50 48 96 57 174
51 581 79 14 368
52 157 157 719 395
53 466 451 496 496
54 174 174 126 138
55 211 755 211 842
56 738 54 438 38
57 815 80 160 236
58 82 326 96 170
59 195 63 126 271
60 420 434 23 121
61 379 181 390 104
62 377 491 377 82
63 411 506 44 419
64 184 365 12 12
65 776 204 199 42
66 64 326 543 87
67 86 466 504 183
68 142 131 163 160
69 69 166 577 249
70 212 191 903 262
71 49 153 612 105
72 311 301 245 925
73 166 351 178 483
74 223 105 550 121
75 470 119 427 17
76 318 107 64 199
77 166 1000 166 156
78 310 18 86 238
79 79 531 186 82
80 92 426 231 656
81 188 311 612 828
82 426 129 789 168
83 154 147 1 351
84 366 367 932 310
85 313 310 82 10
86 142 173 777 554
87 258 22 11 233
88 411 115 443 114
89 520 89 552 55
90 409 450 1 537
91 112 373 166 233
92 520 6 418 253
93 261 160 96 329
94 593 197 207 409
95 342 17 393 932
96 252 209 631 209
97 100 102 812 215
98 125 353 618 185
99 290 437 5 255
100 92 260 311 297
101 131 121 172 172
102 832 194 865 58
103 14 129 183 211
104 18 166 74 187
105 544 105 21 46
106 356 114 339 96
107 434 99 434 320
108 67 189 189 17
109 108 155 114 363
110 91 758 316 726
111 258 417 64 372
112 112 112 258 410
113 160 159 963 121
114 106 72 92 457
115 439 115 208 55
116 93 337 30 263
117 117 160 506 64
118 183 81 105 509
119 84 494 108 514
120 18 696 226 42
121 726 106 44 21
122 130 278 83 431
123 61 213 487 496
124 99 420 325 326
125 353 768 124 300
126 57 208 131 121
127 189 460 41 581
128 820 63 239 233
129 932 340 282 268
130 277 289 401 870
131 832 252 494 395
132 256 145 13 56
133 14 65 574 65
134 523 387 229 169
135 170 337 424 93
136 170 5 189 21
137 6 54 552 281
138 2 59 949 13
139 124 173 126 126
140 45 828 615 17
141 86 525 293 754
142 577 578 577 333
143 329 108 64 379
144 283 106 549 799
145 183 353 160 582
146 166 83 252 107
147 695 695 365 209
148 349 5 323 124
149 420 311 69 259
150 377 316 160 397
151 28 362 283 365
152 458 172 275 226
153 404 153 393 433
154 62 361 34 37
155 147 695 85 14
156 342 284 130 257
157 191 214 177 113
158 233 243 42 243
159 631 209 183 105
160 351 180 17 424
161 300 118 13 520
162 45 210 212 145
163 435 647 434 440
164 533 82 859 971
165 483 764 483 255
166 404 98 353 592
167 133 284 174 411
168 829 203 198 197
169 16 305 845 859
170 860 338 32 30
171 370 226 62 357
172 585 600 450 214
173 300 303 256 568
174 84 270 129 473
175 665 64 14 918
176 204 581 473 533
177 380 296 644 64
178 351 161 371 662
179 150 166 644 140
180 142 258 1003 258
181 283 121 115 282
182 869 181 181 182
183 184 366 306 478
184 173 153 121 719
185 354 185 618 185
186 283 106 726 152
187 300 495 62 329
188 106 548 491 377
189 695 695 106 537
190 184 86 251 417
191 903 907 180 644
192 832 58 137 812
193 832 412 286 4
194 211 698 949 411
195 174 815 174 211
196 64 66 96 252
197 198 94 206 793
198 329 42 249 607
199 677 434 322 735
200 440 426 956 213
201 51 41 160 161
202 41 593 199 205
203 376 283 363 314
204 6 57 5 303
205 201 533 15 162
206 294 931 926 301
207 377 128 303 142
208 211 419 473 6
209 411 460 116 30
210 355 137 63 932
211 371 323 97 434
212 641 541 62 253
213 359 951 951 957
214 536 287 509 424
215 73 498 856 301
216 15 820 162 160
217 812 434 368 146
218 82 642 254 518
219 309 177 229 84
220 218 495 671 509
221 21 106 223 218
222 494 690 86 627
223 758 91 329 480
224 468 223 366 10
225 189 911 189 745
226 459 610 57 56
227 537 221 493 523
228 82 462 212 859
229 114 686 245 301
230 121 234 963 209
231 60 214 278 28
232 275 479 381 150
233 83 932 326 114
234 474 424 82 533
235 244 460 169 900
236 237 209 271 211
237 932 531 173 254
238 241 240 158 210
239 373 481 57 281
240 243 240 424 58
241 210 3 89 88
242 132 211 405 365
243 239 243 237 236
244 243 243 80 950
245 925 263 169 450
246 608 529 11 956
247 707 661 707 720
248 366 662 662 371
249 464 337 548 340
250 395 321 60 377
251 361 96 867 134
252 5 115 62 251
253 166 77 333 152
254 453 255 210 105
255 355 356 183 564
256 589 357 301 8
257 425 513 518 86
258 402 148 280 294
259 127 37 28 63
260 248 268 282 129
261 121 494 222 341
262 160 481 285 304
263 13 302 96 304
264 358 699 441 434
265 265 957 12 638
266 265 525 533 188
267 266 266 466 602
268 419 329 333 577
269 140 273 322 272
270 419 211 255 1
271 131 57 863 57
272 546 87 64 199
273 272 164 107 367
274 45 139 428 45
275 177 214 94 955
276 560 12 510 9
277 377 377 86 206
278 191 839 191 283
279 333 404 124 896
280 473 581 101 380
281 5 201 169 115
282 212 509 508 550
283 559 559 160 121
284 157 388 387 395
285 812 845 699 358
286 59 58 963 243
287 184 183 142 249
288 217 50 82 612
289 231 290 129 343
290 82 153 333 121
291 346 342 350 861
292 82 748 300 739
293 360 533 58 58
294 294 457 86 173
295 290 419 87 533
296 179 741 250 61
297 260 728 260 92
298 473 69 679 549
299 171 590 34 434
300 87 20 695 227
301 444 96 76 976
302 96 21 787 21
303 169 588 35 24
304 303 105 543 222
305 420 581 581 872
306 728 400 86 368
307 65 169 251 370
308 434 152 255 405
309 309 268 419 337
310 62 591 419 91
311 282 153 422 393
312 222 219 377 392
313 218 36 218 311
314 764 483 255 152
315 17 342 776 14
316 222 748 564 304
317 313 560 75 655
318 527 976 76 485
319 963 237 234 58
320 616 1 155 81
321 560 84 73 259
322 428 272 271 283
323 447 933 446 428
324 754 441 166 168
325 325 509 678 92
326 923 923 326 538
327 21 434 550 160
328 66 64 440 176
329 83 372 366 387
330 860 251 455 547
331 328 91 11 621
332 358 856 452 666
333 302 304 369 252
334 429 164 64 87
335 447 447 164 285
336 438 892 340 133
337 23 545 23 249
338 252 481 552 211
339 10 509 253 259
340 167 420 189 190
341 248 317 226 340
342 533 187 129 585
343 214 191 86 504
344 178 176 593 936
345 178 483 178 352
346 157 397 380 380
347 160 84 411 96
348 180 172 180 289
349 5 303 59 812
350 352 546 355 300
351 183 207 107 162
352 206 198 258 105
353 106 589 155 739
354 64 131 132 118
355 249 63 586 131
356 258 27 31 337
357 64 115 28 81
358 106 551 473 184
359 569 105 424 87
360 441 700 264 213
361 62 99 185 124
362 19 49 84 546
363 303 107 597 597
364 165 482 450 133
365 18 317 389 326
366 230 898 481 137
367 932 252 845 89
368 112 66 661 247
369 96 437 816 40
370 151 438 436 438
371 21 314 434 427
372 106 86 65 450
373 571 303 434 859
374 505 374 503 358
375 301 444 423 423
376 250 166 4 481
377 189 146 120 380
378 491 378 296 473
379 191 179 365 226
380 380 385 181 103
381 61 179 278 168
382 157 347 180 366
383 379 320 391 389
384 181 219 232 277
385 390 391 321 295
386 379 385 393 615
387 42 212 211 532
388 128 409 29 36
389 66 67 74 223
390 395 389 397 389
391 321 378 321 250
392 295 62 62 377
393 86 90 90 459
394 157 321 947 320
395 152 256 63 16
396 295 210 84 57
397 378 377 389 611
398 157 61 387 394
399 129 840 413 176
400 560 775 560 224
401 365 223 87 954
402 211 506 699 44
403 53 221 537 103
404 373 563 494 438
405 15 823 8 510
406 358 502 332 523
407 525 8 525 293
408 193 63 16 642
409 421 115 82 212
410 183 58 481 373
411 84 664 694 493
412 665 212 131 698
413 440 64 498 12
414 479 275 813 399
415 697 156 342 726
416 327 945 409 272
417 333 411 809 13
418 747 473 471 671
419 256 802 129 329
420 121 215 159 160
421 525 65 714 172
422 17 189 550 44
423 925 981 442 976
424 589 271 305 409
425 430 280 515 450
426 172 82 393 121
427 443 442 417 170
428 273 322 428 592
429 273 139 282 856
430 19 249 371 161
431 84 62 253 87
432 217 886 665 54
433 180 932 340 133
434 607 519 435 160
435 920 230 920 435
436 438 470 170 914
437 443 33 32 93
438 141 142 217 812
439 338 914 455 89
440 368 150 321 384
441 362 81 357 290
442 423 333 423 96
443 442 423 423 89
444 301 214 166 48
445 13 301 284 203
446 269 429 155 181
447 409 428 448 461
448 484 572 563 82
449 414 916 414 916
450 544 932 165 336
451 566 971 29 30
452 573 358 459 44
453 167 130 172 214
454 107 141 431 141
455 860 339 135 860
456 64 2 54 88
457 294 206 291 142
458 647 420 123 169
459 25 27 409 325
460 115 339 160 162
461 118 20 536 20
462 430 83 856 506
463 462 408 193 58
464 183 20 519 160
465 786 519 435 440
466 499 61 104 387
467 434 147 62 419
468 121 518 363 174
469 66 375 89 252
470 971 812 366 18
471 84 110 91 357
472 453 491 497 409
473 459 362 820 581
474 83 727 84 142
475 300 300 161 371
476 474 154 654 25
477 329 283 389 181
478 84 513 546 290
479 479 479 381 320
480 564 638 640 125
481 252 854 183 272
482 339 818 92 86
483 482 74 468 180
484 572 282 288 152
485 423 62 188 671
486 201 249 661 420
487 466 86 593 167
488 487 9 44 473
489 105 285 172 483
490 106 278 121 215
491 497 581 133 10
492 165 494 152 115
493 405 145 83 105
494 312 5 481 56
495 459 19 441 366
496 11 90 86 504
497 424 448 274 448
498 956 11 621 11
499 358 506 932 233
500 265 661 264 533
501 499 500 406 44
502 359 608 264 856
503 358 374 374 406
504 374 44 649 421
505 332 500 506 504
506 434 509 190 311
507 314 225 221 468
508 549 82 131 683
509 62 154 533 663
510 674 661 9 661
511 64 105 393 376
512 162 389 385 385
513 507 507 314 223
514 375 476 112 258
515 292 64 16 337
516 6 738 6 299
517 333 176 318 409
518 492 615 84 471
519 316 1 1 284
520 738 271 285 552
521 217 340 612 83
522 493 275 542 129
523 522 523 292 292
524 72 524 72 524
525 293 293 661 570
526 568 493 133 256
527 96 119 165 171
528 392 103 86 563
529 11 566 570 360
530 11 183 338 31
531 106 932 492 160
532 308 283 234 963
533 105 106 363 155
534 450 458 285 96
535 482 482 165 198
536 166 249 145 283
537 259 248 459 519
538 498 200 498 700
539 78 531 212 191
540 952 540 184 189
541 420 647 434 308
542 291 294 290 829
543 249 179 203 204
544 129 576 482 593
545 93 493 422 518
546 333 533 15 125
547 340 62 28 165
548 434 420 301 621
549 747 160 345 351
550 68 473 121 168
551 69 184 409 450
552 571 3 138 481
553 482 820 974 593
554 482 64 733 440
555 324 971 20 230
556 556 14 181 320
557 79 497 409 421
558 324 555 856 8
559 166 529 494 108
560 336 96 80 815
561 462 424 405 543
562 275 813 129 365
563 584 290 168 526
564 114 24 28 932
565 12 264 265 161
566 608 11 362 280
567 82 93 62 812
568 426 133 681 284
569 674 707 569 441
570 360 105 92 260
571 211 236 269 147
572 563 936 907 342
573 566 247 267 666
574 65 450 340 405
575 178 166 222 311
576 526 407 213 7
577 377 133 65 358
578 577 363 114 307
579 592 334 933 447
580 580 580 580 580
581 204 167 377 381
582 211 169 62 29
583 521 554 29 409
584 563 572 563 706
585 295 398 157 681
586 408 89 859 252
587 2 698 809 826
588 206 294 346 291
589 459 226 370 427
590 494 151 96 21
591 96 427 40 29
592 446 592 269 404
593 936 350 822 563
594 83 340 892 114
595 52 377 782 82
596 597 596 366 65
597 546 173 494 128
598 84 209 271 305
599 242 166 42 169
600 458 285 57 2
601 209 541 541 533
602 499 529 498 141
603 414 414 415 414
604 458 62 29 473
605 797 797 18 85
606 495 363 296 167
607 537 259 695 971
608 452 487 487 421
609 609 24 588 282
610 56 698 281 59
611 623 84 142 20
612 272 273 45 15
613 614 756 223 480
614 614 106 372 87
615 459 362 283 283
616 320 349 156 166
617 618 100 100 354
618 820 200 206 284
619 57 2 132 158
620 86 518 155 208
621 301 215 218 420
622 238 252 3 971
623 86 177 656 176
624 651 118 21 303
625 408 473 326 327
626 87 954 107 23
627 809 806 806 809
628 295 288 282 80
629 177 413 458 86
630 303 564 63 239
631 209 845 6 418
632 376 6 59 812
633 633 633 633 633
634 634 634 634 635
635 126 405 17 932
636 636 636 211 56
637 209 631 159 434
638 338 37 29 40
639 65 990 2 140
640 100 708 98 185
641 1 121 84 152
642 419 211 44 107
643 49 612 612 424
644 140 429 428 216
645 697 415 86 484
646 131 82 104 283
647 93 971 251 30
648 648 648 648 648
649 649 729 141 452
650 215 690 86 306
651 624 409 450 568
652 419 405 187 142
653 653 653 653 653
654 252 244 210 208
655 513 272 21 20
656 149 575 167 232
657 269 461 447 440
658 658 658 658 658
659 377 347 278 280
660 660 660 660 660
661 265 500 501 176
662 100 96 80 81
663 474 269 82 393
664 93 367 419 161
665 303 423 76 96
666 11 91 64 440
667 13 980 655 231
668 157 385 379 16
669 669 5 195 4
670 670 670 670 670
671 551 299 145 856
672 543 526 401 562
673 495 329 184 160
674 707 12 82 245
675 675 675 675 675
676 322 45 160 8
677 434 467 142 19
678 627 184 173 342
679 81 107 152 187
680 380 0 73 950
681 681 342 294 291
682 191 278 231 65
683 305 718 63 256
684 684 684 684 684
685 175 3 411 24
686 86 8 466 407
687 100 185 533 950
688 543 280 114 473
689 198 165 590 26
690 690 160 83 128
691 691 691 691 691
692 231 232 52 133
693 83 71 152 433
694 493 419 405 490
695 607 490 212 28
696 248 372 283 187
697 414 479 275 840
698 208 58 654 25
699 332 504 967 504
700 957 707 12 573
701 462 249 166 42
702 107 96 369 252
703 703 703 703 703
704 704 107 121 58
705 232 60 95 450
706 373 282 355 420
707 61 123 455 455
708 97 124 896 375
709 404 323 4 412
710 81 129 932 249
711 711 711 711 711
712 255 160 282 441
713 69 667 6 316
714 615 331 707 525
715 84 404 950 292
716 5 430 246 856
717 717 411 282 153
718 305 516 516 743
719 182 167 122 515
720 332 836 332 699
721 229 39 84 649
722 38 115 23 39
723 723 173 404 612
724 338 337 170 188
725 113 426 425 401
726 212 357 121 226
727 483 377 562 425
728 535 164 335 334
729 441 498 562 654
730 231 168 129 405
731 731 731 731 731
732 732 732 732 732
733 327 96 337 438
734 169 366 174 175
735 322 273 15 428
736 107 221 223 218
737 737 737 271 809
738 412 193 411 116
739 12 86 467 21
740 252 238 237 159
741 103 296 419 434
742 546 352 65 362
743 516 517 195 4
744 744 744 744 744
745 282 371 28 172
746 746 746 746 746
747 508 259 519 228
748 424 256 165 38
749 776 14 203 351
750 88 89 165 220
751 51 206 280 574
752 121 211 46 83
753 816 491 167 483
754 441 729 141 555
755 211 532 308 405
756 118 748 160 249
757 757 367 39 30
758 85 467 160 104
759 459 107 91 474
760 15 334 448 322
761 393 103 385 378
762 516 762 516 743
763 5 232 515 373
764 211 698 949 59
765 525 8 107 127
766 340 152 393 181
767 82 314 420 209
768 404 99 125 100
769 107 493 694 664
770 353 183 81 183
771 489 473 30 721
772 772 772 772 772
773 405 83 492 166
774 285 685 81 362
775 560 75 165 531
776 820 165 338 115
777 733 551 21 214
778 85 519 315 222
779 549 508 189 106
780 84 13 550 13
781 621 426 87 131
782 82 853 82 422
783 669 420 280 13
784 411 6 528 392
785 23 249 856 107
786 519 315 17 308
787 21 11 720 441
788 788 788 717 411
789 835 425 574 425
790 544 82 147 42
791 401 362 529 499
792 121 209 236 142
793 748 256 278 179
794 335 15 429 579
795 417 116 263 303
796 353 160 362 141
797 14 465 189 255
798 798 798 798 798
799 715 69 160 12
800 615 17 215 812
801 820 21 355 283
802 256 490 63 255
803 193 826 160 275
804 498 247 506 247
805 971 710 409 51
806 89 919 443 29
807 132 82 642 284
808 808 808 808 808
809 806 806 806 285
810 560 282 256 180
811 79 557 51 918
812 990 59 252 209
813 623 202 206 546
814 344 176 65 307
815 57 193 160 353
816 169 256 473 28
817 515 493 817 813
818 62 342 681 343
819 273 448 971 332
820 162 468 121 93
821 163 106 145 106
822 936 965 936 231
823 661 7 666 161
824 191 283 162 541
825 923 923 326 420
826 586 282 87 665
827 506 672 8 86
828 160 747 615 17
829 168 168 284 734
830 452 213 266 498
831 258 66 480 638
832 195 832 587 832
833 44 121 245 925
834 107 366 190 106
835 789 835 425 567
836 523 601 166 664
837 107 438 31 39
838 45 45 461 812
839 377 294 214 232
840 526 199 850 199
841 841 869 182 61
842 96 92 373 714
843 290 568 121 180
844 165 365 490 121
845 408 462 121 365
846 605 797 231 624
847 922 856 558 856
848 445 128 129 28
849 155 31 424 211
850 546 163 115 147
851 377 526 160 47
852 18 143 290 160
853 82 303 300 210
854 174 137 635 137
855 86 145 83 70
856 765 44 504 466
857 160 576 533 234
858 306 426 318 361
859 211 365 18 420
860 169 63 571 145
861 350 345 160 520
862 777 86 145 212
863 57 84 441 608
864 411 5 486 165
865 845 865 865 59
866 411 261 486 168
867 411 816 336 419
868 5 517 408 89
869 182 296 363 577
870 425 835 789 129
871 231 60 179 157
872 581 5 859 411
873 401 172 121 365
874 401 493 458 6
875 170 355 249 243
876 564 174 363 664
877 28 24 30 367
878 35 953 292 523
879 242 160 492 186
880 174 420 301 651
881 96 46 748 82
882 160 592 322 15
883 339 33 27 165
884 412 587 6 140
885 887 887 92 513
886 217 643 87 212
887 885 887 885 106
888 412 473 412 63
889 405 355 83 812
890 890 121 10 20
891 892 300 226 186
892 300 118 651 254
893 971 699 700 499
894 327 820 180 468
895 417 438 336 400
896 116 437 30 588
897 263 116 340 766
898 898 481 57 193
899 2 5 89 91
900 40 964 24 494
901 137 252 87 665
902 5 379 382 377
903 191 179 148 377
904 321 157 155 22
905 74 419 64 420
906 156 179 203 231
907 262 347 231 277
908 278 280 494 601
909 209 96 88 88
910 65 14 14 270
911 81 418 160 3
912 504 504 374 7
913 560 363 211 290
914 987 816 548 377
915 38 590 533 186
916 414 479 414 605
917 593 155 101 353
918 1000 206 14 706
919 455 114 106 560
920 435 147 859 685
921 859 162 17 154
922 922 141 498 43
923 825 923 733 327
924 89 64 306 426
925 205 206 65 440
926 927 930 243 238
927 931 5 97 662
928 211 16 290 567
929 592 908 592 760
930 234 209 494 504
931 294 232 265 11
932 23 86 458 183
933 45 335 322 429
934 163 160 252 738
935 100 429 272 3
936 86 368 379 285
937 125 5 235 209
938 611 389 61 182
939 232 156 181 386
940 128 283 129 127
941 189 537 537 460
942 95 207 409 418
943 295 947 394 389
944 748 708 708 99
945 327 326 173 728
946 641 166 218 128
947 181 320 349 342
948 381 60 215 717
949 211 45 139 46
950 366 230 62 98
951 360 570 265 451
952 81 188 42 42
953 845 953 900 987
954 249 236 434 170
955 94 207 917 51
956 426 93 93 86
957 707 331 358 374
958 962 325 508 82
959 377 129 544 813
960 377 61 172 47
961 377 163 62 45
962 958 962 325 509
963 963 950 387 283
964 24 64 89 474
965 936 168 600 585
966 189 127 613 614
967 498 92 513 462
968 968 968 968 299
969 509 549 934 549
970 546 84 598 86
971 47 13 526 419
972 913 972 913 525
973 971 10 306 93
974 87 147 85 14
975 971 470 753 978
976 847 48 166 73
977 977 209 543 813
978 900 753 261 116
979 316 146 13 263
980 470 367 655 116
981 263 419 105 333
982 137 20 118 183
983 333 601 41 612
984 66 108 357 480
985 376 150 155 87
986 470 438 93 458
987 900 115 173 233
988 411 170 163 422
989 91 143 357 356
990 211 126 208 57
991 812 115 387 379
992 992 129 139 819
993 408 625 285 168
994 6 281 2 516
995 712 4 434 132
996 12 666 141 601
997 27 121 726 282
998 65 231 797 231
999 145 166 285 426
1000 918 200 581 473
1001 803 59 285 209
1002 560 215 188 129
1003 258 112 474 234
1004 55 126 638 338
