0 368 60 231 344 180 366 218 74 764 483 142
1 84 272 164 564 281 58 107 489 434 252 412
2 826 803 803 990 3 239 4 142 83 160 245
3 272 15 162 549 690 5 325 409 667 508 299
4 3 81 564 258 454 357 258 356 474 128 79
5 163 473 166 150 122 231 14 493 283 424 121
6 397 232 219 172 403 403 493 585 813 403 291
7 422 147 87 441 573 44 419 249 80 286 281
8 62 279 107 459 87 493 419 121 16 375 258
9 359 264 823 558 487 213 61 157 149 344 344
10 134 134 64 615 121 362 430 19 360 498 430
11 956 11 183 203 199 200 380 181 384 390 384
12 452 823 674 430 504 409 624 651 624 223 117
13 980 757 367 212 303 106 615 243 613 243 305
14 526 576 295 60 394 947 947 394 103 296 284
15 15 45 404 153 654 32 27 261 24 5 100
16 174 164 281 424 210 931 301 225 223 228 223
17 533 546 137 164 929 429 592 273 272 462 430
18 376 307 376 388 376 368 160 467 20 329 473
19 570 161 11 441 82 18 696 74 73 218 17
20 424 375 340 464 340 497 482 553 554 777 971
21 695 21 690 20 887 885 20 222 301 504 141
22 20 301 810 301 171 114 419 489 212 145 393
23 170 38 437 89 10 11 956 700 566 451 360
24 609 333 444 423 361 444 113 919 40 900 183
25 93 438 423 333 152 187 105 64 282 509 69
26 34 39 480 508 188 667 627 627 184 106 184
27 417 151 748 151 438 249 388 60 104 320 389
28 365 223 73 950 404 82 563 272 6 234 145
29 588 35 367 75 427 932 258 1003 258 468 730
30 30 256 357 121 543 121 230 106 717 131 932
31 115 229 338 82 458 413 813 836 706 836 706
32 367 254 142 23 165 171 40 113 914 455 375
33 24 169 129 275 562 840 457 62 79 47 280
34 588 24 114 405 796 353 796 405 28 932 211
35 29 51 79 115 263 232 498 500 501 176 93
36 23 422 84 729 141 488 922 498 197 143 133
37 39 33 32 23 212 152 49 83 142 20 137
38 245 365 489 489 929 335 140 274 448 812 880
39 151 367 375 301 362 356 357 62 100 935 125
40 448 87 223 313 317 84 75 253 75 96 107
41 62 83 142 222 315 253 249 365 833 5 235
42 147 87 365 451 466 893 971 321 349 13 65
43 358 331 223 316 297 13 281 107 318 160 191
44 405 773 773 773 773 773 773 405 405 17 654
45 87 42 434 231 65 791 401 294 232 707 498
46 255 295 268 215 460 607 128 28 24 29 28
47 47 318 318 84 250 174 281 54 194 587 587
48 171 245 171 547 339 39 37 721 37 25 27
49 49 297 260 173 83 340 554 29 93 64 397
50 50 217 404 105 412 238 440 178 440 813 168
51 31 337 5 931 599 304 88 54 685 298 301
52 301 245 48 443 981 171 172 23 62 662 371
53 420 108 110 110 375 107 357 65 160 41 171
54 6 562 440 215 756 375 64 113 486 51 751
55 685 520 5 303 89 302 89 369 96 375 756
56 209 249 765 249 42 169 65 377 228 226 459
57 552 132 62 230 21 513 121 434 53 14 256
58 83 453 167 280 367 105 327 21 46 139 592
59 132 305 990 5 859 281 718 56 6 429 269
60 177 221 224 148 160 8 11 300 68 667 160
61 434 3 571 137 175 532 56 718 63 635 137
62 133 162 404 212 41 93 41 207 917 95 167
63 193 160 85 41 464 129 64 74 17 219 60
64 323 84 612 173 494 234 82 115 123 103 61
65 562 14 368 61 347 377 490 209 15 209 237
66 661 441 213 720 707 700 661 8 160 319 107
67 160 226 227 377 278 270 183 365 172 128 434
68 287 68 329 367 35 473 509 546 187 222 188
69 549 465 465 53 820 483 167 206 214 284 180
70 494 539 78 548 116 207 199 776 572 5 133
71 612 173 728 733 327 141 358 11 441 569 504
72 163 491 753 116 816 455 860 375 96 48 443
73 313 560 922 79 290 291 168 493 105 236 269
74 106 290 437 27 27 197 64 62 295 320 60
75 84 594 283 560 66 121 79 419 121 427 47
76 75 76 76 114 932 153 173 115 169 464 93
77 84 582 103 122 167 182 53 157 384 157 181
78 419 113 442 455 304 285 625 252 89 434 269
79 152 249 489 157 344 178 351 214 95 218 120
80 230 20 400 69 467 459 17 312 189 189 189
81 299 184 183 913 972 509 299 509 13 342 681
82 490 459 610 160 25 409 318 107 166 742 614
83 431 105 492 83 199 908 206 207 820 434 189
84 115 128 6 234 241 499 913 699 953 845 924
85 74 459 226 483 483 820 93 41 202 201 918
86 31 39 39 37 36 48 171 261 443 409 184
87 183 281 63 87 20 301 170 170 151 30 151
88 211 405 45 216 274 448 160 35 86 424 497
89 89 375 328 375 663 80 160 105 16 355 371
90 329 375 243 249 18 376 103 295 104 61 395
91 989 989 329 410 356 303 896 638 12 856 612
92 160 478 477 474 91 477 478 66 474 212 256
93 32 361 47 417 133 309 0 222 365 363 215
94 201 62 216 15 285 6 377 280 183 159 105
95 197 373 83 856 533 213 957 19 459 166 3
96 251 40 23 128 295 392 283 58 192 832 160
97 404 160 139 448 271 3 281 195 3 166 174
98 155 106 314 301 157 489 229 64 129 418 68
99 101 131 411 285 168 198 197 199 1 127 82
100 494 2 4 625 252 419 101 768 404 371 161
101 768 404 254 173 859 665 212 69 353 592 447
102 516 102 3 859 173 531 121 828 796 353 828
103 394 390 182 393 180 284 157 734 695 259 89
104 160 667 69 329 328 478 476 258 421 362 51
105 360 359 332 498 9 957 213 700 358 266 407
106 932 450 482 820 21 41 333 115 417 981 423
107 410 329 211 16 395 82 285 425 664 515 458
108 474 478 652 333 84 471 295 268 309 549 299
109 424 589 357 91 328 375 301 474 142 559 769
110 258 38 23 23 83 223 215 42 190 121 132
111 474 121 458 623 313 0 226 62 627 971 188
112 368 103 741 377 82 93 62 79 47 976 361
113 28 33 409 151 136 115 245 183 280 283 106
114 300 210 363 114 145 17 612 163 145 121 66
115 136 89 114 426 401 430 160 207 917 167 936
116 531 686 531 419 828 45 428 448 322 446 498
117 409 305 411 64 271 737 737 271 304 87 909
118 607 695 249 310 309 221 280 107 319 963 121
119 165 365 245 455 271 333 652 333 83 211 252
120 133 206 751 41 133 531 300 263 113 160 356
121 301 690 74 221 225 81 329 10 728 92 336
122 468 162 180 254 216 592 322 273 2 64 89
123 987 816 953 699 700 957 19 9 406 7 407
124 323 354 97 618 617 140 166 81 162 482 78
125 371 183 62 355 472 284 160 361 47 165 409
126 55 520 738 56 286 285 137 13 58 62 295
127 377 283 393 160 146 17 533 58 115 128 27
128 424 211 518 426 113 434 215 183 356 81 638
129 473 355 121 88 252 194 685 408 4 211 355
130 377 129 292 484 448 107 89 482 482 482 598
131 455 165 38 37 127 318 160 821 160 582 184
132 301 820 16 338 367 121 230 283 211 64 685
133 206 307 971 304 285 137 158 121 168 526 424
134 62 187 679 508 62 109 424 160 163 546 936
135 170 165 417 437 290 283 114 154 954 107 429
136 437 455 925 318 170 900 5 177 629 316 409
137 286 4 323 708 748 160 250 60 342 450 280
138 809 738 520 57 55 6 921 880 6 430 565
139 166 308 182 391 381 390 296 103 157 352 483
140 429 301 356 329 160 136 41 443 361 976 113
141 420 434 434 236 236 371 300 209 82 230 21
142 353 662 662 282 20 728 411 55 520 305 698
143 166 2 516 305 2 208 115 232 201 283 121
144 283 518 188 189 818 160 501 358 358 503 358
145 82 486 65 533 29 31 254 420 283 201 82
146 533 29 545 183 145 612 924 88 137 2 285
147 106 303 423 361 339 151 39 33 39 38 443
148 148 344 180 493 278 183 285 172 61 872 74
149 420 531 539 78 121 353 323 101 419 45 419
150 250 376 157 380 101 65 130 65 280 458 543
151 96 242 303 909 303 619 303 551 86 163 435
152 404 473 63 249 577 142 121 615 333 329 160
153 58 271 323 99 125 166 641 282 589 106 932
154 495 223 256 132 86 222 87 489 408 880 408
155 739 300 210 932 77 82 199 198 258 329 64
156 734 157 344 176 576 142 896 63 490 87 269
157 388 104 82 68 220 215 74 222 188 533 236
158 931 158 434 820 115 494 438 113 165 23 337
159 301 273 140 269 147 612 163 115 87 626 87
160 85 147 233 82 368 52 146 1 537 537 316
161 81 333 28 367 263 48 427 932 129 211 132
162 612 859 685 174 54 812 412 884 412 271 46
163 107 139 282 405 194 300 45 404 372 372 594
164 412 271 738 59 5 408 57 949 880 3 283
165 340 438 365 310 366 44 133 93 114 533 194
166 243 613 288 371 490 513 627 678 274 140 46
167 128 83 152 420 222 188 533 265 161 530 161
168 486 29 438 115 116 40 919 919 40 30 609
169 638 639 639 639 65 426 87 810 301 147 473
170 133 405 169 450 228 218 297 341 316 6 141
171 40 151 32 261 28 86 508 188 710 188 82
172 166 145 326 143 86 154 152 41 215 0 221
173 651 428 140 209 543 689 198 204 820 917 51
174 665 812 971 893 466 421 820 918 64 354 185
175 532 17 295 308 424 113 41 908 201 593 201
176 129 544 81 155 209 909 129 173 254 303 329
177 377 312 218 282 494 100 434 16 281 949 59
178 14 277 191 349 160 104 61 608 246 141 525
179 62 115 79 115 107 454 189 549 627 549 173
180 533 440 542 544 6 194 305 131 481 57 208
181 947 393 62 212 23 35 464 339 171 409 292
182 308 16 489 212 106 495 473 465 809 54 59
183 215 408 281 4 57 63 158 963 243 64 440
184 80 62 238 412 138 815 880 921 845 809 57
185 323 192 832 4 305 411 438 405 268 421 23
186 420 409 443 370 443 820 955 197 918 167 460
187 129 42 249 83 430 65 172 333 820 23 878
188 222 64 183 611 166 226 513 652 108 67 160
189 106 20 230 424 355 170 437 251 62 662 282
190 162 417 494 690 282 10 20 409 171 26 171
191 82 377 782 526 183 183 434 329 28 116 473
192 832 826 54 812 174 63 89 89 10 340 211
193 4 812 107 58 212 367 438 135 31 165 107
194 54 160 413 172 142 366 596 301 45 216 107
195 63 209 243 930 208 2 114 89 165 820 87
196 94 177 601 146 66 160 132 243 166 146 0
197 198 196 128 226 14 450 133 292 232 971 416
198 434 401 430 83 546 299 298 160 552 520 812
199 917 205 557 445 366 372 75 84 288 431 372
200 344 381 548 531 333 281 4 738 303 142 68
201 231 74 221 309 95 201 143 121 96 599 96
202 562 380 181 397 179 128 133 83 143 18 160
203 128 121 217 70 107 395 377 918 41 198 31
204 581 21 283 133 256 173 124 64 458 789 93
205 498 44 43 452 160 318 375 356 509 62 133
206 352 681 352 351 182 283 215 197 128 734 128
207 377 150 377 490 518 460 249 474 160 216 15
208 546 144 283 393 947 321 250 376 841 312 300
209 543 689 689 689 689 543 129 166 234 269 269
210 305 63 160 294 346 191 420 143 83 492 48
211 63 281 301 818 301 211 464 822 350 350 343
212 226 390 14 465 615 493 84 127 22 127 22
213 951 213 7 407 249 105 424 62 262 347 352
214 95 199 53 61 388 394 389 537 460 440 440
215 541 541 162 236 86 95 214 851 605 797 14
216 140 617 269 644 950 64 828 356 114 210 128
217 886 58 738 303 106 68 184 188 21 357 671
218 282 124 404 473 747 80 375 477 469 211 450
219 222 282 480 508 82 441 161 569 558 856 434
220 218 226 300 12 452 43 358 406 407 93 25
221 549 184 419 79 557 160 17 393 342 160 381
222 311 218 311 73 74 105 544 790 544 568 457
223 87 405 758 758 91 143 548 816 753 86 424
224 309 225 1 85 519 61 393 83 17 473 581
225 309 17 441 254 269 211 243 963 243 105 215
226 225 309 495 434 107 306 69 678 480 549 248
227 537 231 343 107 285 82 549 190 473 105 533
228 312 301 27 165 39 133 681 278 493 572 280
229 39 455 136 437 443 48 560 336 437 547 245
230 282 478 113 543 526 129 44 358 856 956 426
231 289 401 457 493 290 643 393 473 184 747 424
232 61 379 5 191 645 156 907 179 128 378 378
233 17 473 187 329 116 73 106 249 441 649 121
234 96 333 115 443 443 76 75 261 30 263 160
235 243 234 637 233 586 58 886 273 273 140 929
236 107 115 17 317 226 42 309 95 342 294 401
237 209 88 209 64 496 487 9 421 504 86 142
238 241 237 6 234 233 84 119 427 40 37 588
239 13 809 138 685 58 13 349 180 156 342 180
240 11 211 842 96 367 361 251 47 976 527 64
241 240 209 300 160 269 46 255 137 252 63 13
242 209 131 87 363 351 1 726 106 298 473 116
243 236 82 338 115 612 153 283 577 283 493 543
244 301 926 234 5 63 812 826 812 107 371 82
245 245 339 340 420 474 663 474 409 65 600 585
246 856 186 654 340 107 45 371 137 877 812 83
247 12 265 161 81 3 194 408 552 57 194 859
248 549 221 121 282 546 355 255 13 286 5 76
249 441 573 7 246 298 137 211 254 144 144 283
250 157 384 390 376 179 377 0 18 18 424 18
251 116 340 371 100 768 708 323 533 172 13 244
252 272 273 83 963 242 96 375 142 248 612 347
253 419 495 342 160 320 65 231 289 14 430 280
254 44 63 408 462 173 538 326 160 89 2 286
255 932 31 123 170 900 169 115 96 46 142 84
256 105 747 667 161 570 570 161 121 236 303 363
257 284 621 278 611 464 337 5 868 5 237 241
258 91 11 720 86 90 62 62 18 160 30 437
259 260 173 173 105 748 62 377 219 342 147 329
260 311 295 390 409 171 40 165 25 339 987 816
261 170 251 30 417 38 165 13 440 733 825 733
262 301 655 280 256 153 115 62 467 69 105 314
263 485 976 245 115 816 987 900 5 362 473 69
264 213 320 179 62 269 212 83 223 152 83 433
265 359 558 324 121 438 86 818 65 562 533 82
266 213 12 62 310 82 420 82 853 82 161 300
267 61 390 376 387 376 841 719 395 103 368 82
268 419 133 308 438 437 251 914 900 860 914 914
269 429 424 527 6 58 183 562 177 215 20 183
270 611 168 121 256 223 314 726 17 219 342 181
271 513 459 107 201 557 205 128 1 495 434 531
272 617 269 273 429 139 420 141 601 141 7 856
273 15 62 366 84 112 357 183 223 173 892 423
274 46 249 495 673 495 673 673 673 495 300 102
275 276 426 166 493 563 272 563 93 545 27 93
276 295 947 295 585 706 124 335 15 760 546 82
277 167 453 745 282 140 334 448 409 800 185 618
278 363 154 236 46 274 263 171 820 171 444 300
279 107 89 619 96 83 282 21 728 173 950 249
280 734 0 103 389 296 351 28 303 300 173 342
281 285 172 424 28 301 404 353 770 353 662 282
282 747 612 248 142 896 405 480 20 282 218 199
283 252 63 175 685 285 840 65 177 275 542 544
284 155 363 314 222 314 223 459 498 247 358 913
285 132 58 56 880 815 815 305 604 546 211 405
286 303 105 86 297 49 217 142 531 434 450 133
287 800 185 100 96 10 271 145 170 914 753 548
288 434 187 166 180 932 211 281 520 58 81 121
289 482 820 464 169 212 550 473 434 147 1 568
290 14 65 275 526 181 377 377 182 295 384 390
291 183 90 64 201 278 129 401 574 280 165 338
292 1000 14 515 232 608 141 249 546 105 371 97
293 506 2 990 211 128 157 346 345 152 615 281
294 931 238 622 238 176 204 918 14 14 256 41
295 150 150 741 150 166 115 145 233 233 238 64
296 280 515 813 526 426 526 419 607 695 317 17
297 86 184 42 280 199 419 591 96 56 59 803
298 551 533 441 473 189 799 715 799 971 400 306
299 473 545 785 409 292 1000 206 62 285 301 199
300 739 495 638 480 184 422 248 317 307 537 21
301 596 366 283 329 38 592 139 269 365 405 245
302 302 88 304 57 84 373 306 733 723 306 366
303 142 254 62 419 214 82 36 36 107 494 23
304 302 533 326 549 627 473 113 160 458 6 327
305 552 552 82 96 619 96 10 89 62 571 142
306 91 183 20 142 531 86 526 172 87 513 166
307 85 726 282 311 17 86 498 720 406 406 499
308 133 361 160 96 370 39 339 818 65 178 275
309 311 188 679 81 375 91 89 520 420 141 430
310 160 156 906 533 169 183 543 105 420 647 458
311 373 306 858 306 550 121 217 49 19 121 21
312 221 17 311 309 268 222 219 121 233 474 329
313 310 581 301 597 460 333 950 481 3 286 58
314 507 298 812 685 481 55 160 284 168 486 278
315 519 809 58 96 470 986 261 40 917 204 581
316 537 259 818 259 86 229 115 473 767 473 87
317 695 971 566 421 466 141 506 499 608 246 298
318 494 90 220 220 223 228 495 377 872 307 376
319 234 927 237 244 234 244 810 393 394 376 377
320 350 204 218 204 820 443 437 47 483 342 103
321 157 387 394 53 526 181 182 748 118 420 305
322 735 269 422 546 352 206 786 407 498 506 932
323 300 106 614 613 288 288 121 285 164 334 139
324 971 108 474 427 31 612 50 162 612 393 379
325 96 13 340 160 91 89 924 612 474 474 328
326 306 20 887 20 173 259 519 809 2 651 2
327 6 408 281 685 64 216 62 457 426 283 288
328 329 184 419 482 339 547 114 976 171 547 171
329 96 408 96 604 96 599 211 212 509 13 900
330 860 170 360 549 690 671 509 513 83 433 83
331 19 661 569 500 266 141 44 967 504 358 525
332 720 466 324 555 409 38 115 163 333 96 816
333 133 116 417 485 336 336 96 91 478 83 249
334 592 140 166 353 15 16 395 61 52 157 388
335 447 62 498 421 393 391 381 342 340 367 263
336 92 72 524 72 21 355 254 121 426 401 873
337 464 820 171 590 953 40 39 114 78 121 226
338 439 96 339 47 925 48 261 486 245 171 847
339 25 40 417 40 29 24 5 34 32 151 35
340 491 170 491 624 301 118 84 229 177 17 546
341 17 459 212 474 233 494 690 20 80 256 412
342 17 226 366 333 455 251 361 165 844 971 457
343 342 122 103 103 385 231 841 376 394 387 182
344 200 94 955 955 197 198 41 173 68 424 518
345 214 160 210 107 314 165 135 62 81 685 6
346 105 283 3 158 105 223 83 393 386 560 922
347 231 797 797 342 122 656 380 379 61 321 385
348 180 681 347 262 100 5 97 102 411 303 351
349 6 738 412 859 991 520 991 520 21 221 316
350 157 392 390 157 149 149 656 380 103 368 434
351 161 141 14 205 86 572 533 194 56 58 82
352 191 256 184 173 96 411 54 88 533 282 184
353 15 404 709 353 687 404 372 58 208 481 58
354 97 124 708 708 404 932 254 255 712 4 896
355 211 62 230 333 493 283 137 3 89 215 313
356 91 989 329 160 428 272 617 448 45 15 303
357 404 474 42 243 5 189 314 52 820 232 156
358 65 574 280 228 82 508 546 526 515 64 115
359 332 407 249 256 51 918 908 51 581 78 531
360 441 282 726 189 453 42 560 42 490 460 434
361 34 545 37 37 27 878 33 590 953 23 41
362 129 563 706 373 166 641 333 546 233 160 676
363 495 21 400 69 10 86 540 184 298 299 700
364 351 166 376 103 376 394 385 103 283 252 571
365 602 499 466 9 569 957 213 247 506 434 14
366 256 568 133 14 221 405 129 42 612 474 375
367 107 310 317 18 533 141 494 229 387 321 157
368 393 142 812 282 589 271 285 166 2 249 954
369 304 54 174 84 404 124 371 282 74 330 556
370 27 35 464 847 263 76 114 424 44 502 141
371 518 283 46 355 169 280 93 367 470 590 30
372 32 590 299 184 329 249 365 602 213 957 707
373 112 7 566 358 506 661 249 340 78 77 497
374 358 73 218 73 17 120 309 228 223 73 950
375 889 405 114 3 192 517 6 181 376 719 719
376 841 312 232 280 256 492 165 133 367 263 443
377 347 105 10 971 710 184 418 549 218 282 531
378 128 355 329 300 10 405 828 5 63 408 434
379 387 296 395 385 295 490 490 258 18 167 526
380 200 777 535 10 105 41 123 987 339 116 183
381 479 275 232 358 65 409 338 48 444 333 983
382 295 18 533 170 303 255 545 590 38 722 28
383 379 164 2 481 4 712 995 712 401 526 495
384 321 393 301 108 91 89 437 169 339 438 411
385 82 290 211 586 4 256 105 142 124 124 708
386 157 719 182 393 612 212 288 105 169 29 25
387 377 344 157 381 390 409 197 820 53 167 280
388 378 103 160 496 161 661 823 9 264 264 213
389 397 157 489 419 78 93 424 308 393 301 118
390 60 214 483 820 23 36 13 458 64 815 5
391 377 764 483 764 541 215 549 84 318 160 165
392 157 321 381 387 61 391 426 426 275 479 275
393 157 668 157 368 157 387 182 872 307 226 223
394 628 389 387 60 390 14 515 13 443 96 847
395 201 41 932 187 87 422 42 184 314 312 255
396 308 379 283 174 420 5 242 240 160 255 106
397 379 181 379 285 552 63 208 408 420 338 62
398 295 932 671 80 474 89 520 89 64 11 406
399 129 363 63 132 411 122 180 157 388 130 172
400 133 5 2 192 826 252 46 252 305 517 192
401 705 211 126 812 107 212 288 121 117 460 419
402 258 183 859 281 6 429 424 527 444 444 847
403 542 183 271 949 271 57 137 812 803 812 215
404 217 521 295 296 280 199 917 200 562 515 562
405 758 288 233 11 183 211 48 427 119 427 252
406 500 502 502 332 44 114 129 576 494 470 655
407 93 337 23 160 281 6 397 381 176 656 231
408 859 990 685 647 256 450 420 172 129 13 19
409 93 563 272 563 129 426 440 24 33 615 800
410 490 420 244 233 160 786 519 315 253 315 495
411 285 132 424 80 460 244 810 511 191 350 851
412 587 236 303 271 411 102 516 195 3 211 137
413 177 176 381 180 162 129 342 17 105 533 45
414 603 414 916 414 449 414 605 846 846 846 846
415 414 916 414 916 414 697 645 191 6 102 743
416 327 894 327 128 355 856 913 44 649 421 23
417 136 417 339 818 259 400 678 274 428 447 46
418 13 303 170 280 464 128 450 493 291 542 129
419 419 101 125 125 62 2 826 195 412 57 520
420 218 297 309 314 228 218 282 31 96 20 11
421 258 402 133 42 642 642 87 474 859 612 612
422 58 404 152 440 438 531 256 210 159 241 238
423 113 116 135 26 27 136 339 167 18 166 353
424 445 424 121 199 94 201 215 296 549 221 1
425 513 93 543 526 199 593 515 813 534 813 434
426 306 141 327 820 206 206 196 196 203 206 290
427 162 482 531 531 366 187 105 10 327 11 566
428 45 301 502 374 506 932 254 63 518 557 160
429 216 164 269 434 64 172 207 409 581 41 474
430 462 256 333 28 303 62 303 210 129 168 568
431 217 71 50 612 309 314 222 314 283 290 254
432 217 288 433 180 621 278 365 19 560 73 74
433 70 233 234 282 405 211 137 129 546 760 15
434 593 198 199 201 278 377 961 377 395 182 167
435 440 249 548 249 203 495 424 474 91 90 90
436 437 860 438 93 813 714 714 425 664 694 255
437 115 171 40 93 30 229 115 486 430 956 700
438 365 365 210 86 14 51 751 128 5 697 645
439 96 242 210 283 132 949 481 13 23 254 28
440 6 211 44 820 198 776 167 130 284 157 296
441 333 652 333 516 411 166 376 391 61 608 499
442 442 40 964 40 29 29 339 437 816 491 491
443 919 455 333 282 612 49 297 17 696 226 282
444 417 409 33 370 547 38 170 533 249 169 96
445 419 495 20 87 258 249 747 69 68 300 106
446 15 353 86 598 521 62 141 913 922 340 438
447 164 174 815 305 64 937 640 114 326 733 306
448 216 15 285 425 664 664 486 261 443 38 443
449 414 605 414 916 414 603 414 415 697 321 380
450 409 135 96 327 306 5 195 832 832 2 131
451 496 459 549 306 93 820 115 366 518 163 459
452 466 7 358 43 406 608 264 406 160 340 282
453 301 810 301 29 486 172 493 464 5 492 950
454 107 367 39 38 409 421 409 590 30 26 135
455 211 103 150 250 395 157 681 345 160 25 38
456 456 64 229 37 34 35 23 35 23 251 30
457 65 371 641 163 282 478 434 249 81 44 365
458 813 585 585 172 214 232 918 196 282 401 249
459 268 316 420 81 877 81 363 121 859 162 747
460 147 513 268 513 93 32 28 183 413 515 572
461 216 592 139 445 51 557 83 186 83 513 19
462 408 271 481 845 3 520 285 96 438 455 251
463 463 463 462 460 473 81 20 366 166 12 823
464 523 601 523 493 611 278 405 424 495 106 83
465 14 562 177 905 177 220 177 297 696 218 177
466 804 264 12 166 168 615 21 105 419 777 723
467 509 958 962 958 69 13 169 914 816 169 81
468 342 173 17 189 17 220 113 116 531 556 330
469 91 306 68 306 10 143 258 91 143 420 172
470 816 151 816 336 251 47 160 245 329 405 456
471 295 106 287 549 173 333 281 571 286 486 5
472 355 420 155 133 133 27 39 30 438 6 412
473 490 81 713 509 259 86 306 426 425 285 281
474 105 366 187 546 23 35 168 278 21 695 20
475 375 110 110 110 111 474 269 859 366 310 105
476 13 361 93 443 38 170 254 58 494 593 955
477 90 107 393 386 377 621 301 226 317 309 215
478 469 211 236 371 490 160 193 2 6 57 88
479 414 603 414 645 231 203 277 14 493 172 86
480 211 209 977 242 105 184 710 418 13 177 905
481 54 160 27 370 47 26 26 165 23 494 747
482 129 343 157 301 216 107 295 182 388 379 160
483 321 391 393 397 103 397 157 681 133 10 324
484 86 536 601 404 107 201 206 232 291 290 424
485 443 38 39 93 32 338 338 256 254 393 380
486 270 28 29 554 482 438 93 25 26 588 35
487 558 674 674 265 856 765 504 529 421 404 662
488 487 332 359 525 141 494 12 160 541 155 465
489 157 391 379 383 157 380 160 128 82 228 223
490 87 474 950 754 804 498 65 543 672 430 501
491 491 491 548 816 116 655 482 482 93 361 971
492 42 163 86 690 5 716 5 859 269 236 132
493 275 123 41 5 303 362 6 527 443 423 971
494 94 64 719 182 103 18 280 121 184 366 256
495 228 314 892 438 96 285 840 526 183 542 401
496 529 441 720 9 421 498 9 487 496 451 569
497 581 139 129 367 329 62 106 353 125 5 211
498 232 178 656 262 903 907 907 377 621 284 734
499 232 266 358 358 141 430 166 146 779 146 21
500 358 65 257 426 840 457 238 210 107 147 460
501 374 506 366 424 18 177 146 187 533 303 114
502 504 301 368 0 734 157 390 60 167 133 166
503 374 7 141 506 141 529 533 361 560 19 324
504 569 7 661 502 11 406 466 912 765 421 86
505 358 608 754 720 498 406 500 499 452 451 452
506 430 569 358 707 661 505 525 504 967 498 362
507 314 726 5 283 434 460 537 103 741 150 377
508 10 133 261 24 609 30 39 151 142 31 37
509 105 82 46 139 160 81 283 492 283 693 82
510 141 332 699 504 525 11 434 314 295 490 258
511 651 427 431 141 62 820 207 5 135 62 662
512 155 189 536 83 121 245 329 210 63 305 252
513 507 314 17 74 331 362 459 223 220 90 62
514 478 514 91 514 514 66 91 329 165 249 329
515 64 131 411 4 520 174 140 160 181 950 481
516 743 516 2 408 59 809 58 131 419 198 199
517 102 517 408 56 520 2 300 160 58 281 5
518 254 859 142 165 135 31 143 484 694 290 272
519 607 249 278 83 101 120 218 1 317 485 113
520 812 665 254 282 356 62 90 108 160 685 175
521 823 12 560 336 96 164 281 932 252 166 201
522 563 14 167 526 420 610 89 304 16 282 131
523 457 92 678 678 69 173 184 546 355 137 679
524 72 311 612 71 49 297 17 23 333 172 47
525 293 11 233 441 374 499 608 499 141 246 44
526 167 908 128 169 588 34 339 26 135 361 361
527 64 243 80 395 86 98 100 424 527 527 443
528 528 305 281 286 59 5 192 517 333 162 190
529 922 79 120 232 41 918 167 231 196 280 340
530 365 184 105 60 231 342 122 262 533 154 86
531 581 205 160 136 133 129 41 105 42 163 82
532 404 97 102 5 286 329 365 209 424 233 70
533 17 73 248 459 549 778 160 362 12 681 343
534 256 86 142 295 150 215 262 262 342 350 593
535 554 419 290 169 4 812 845 809 519 607 81
536 83 256 401 44 81 222 223 518 87 28 151
537 486 188 69 952 952 540 86 598 134 366 184
538 92 80 142 828 142 571 408 434 132 192 132
539 178 380 387 384 393 368 112 258 932 474 234
540 82 450 329 300 173 859 166 347 157 383 379
541 140 166 160 258 256 278 280 206 588 307 17
542 275 426 401 705 401 121 282 16 308 21 409
543 526 168 35 261 86 274 448 448 448 447 579
544 6 6 132 234 234 252 183 544 6 102 323
545 23 953 24 494 395 80 16 495 107 269 420
546 462 5 362 956 7 555 266 0 238 209 83
547 370 33 37 39 84 83 856 44 332 499 374
548 21 11 133 373 528 5 438 427 82 277 621
549 215 262 342 130 401 621 130 342 199 94 377
550 21 253 509 518 282 404 105 473 483 219 74
551 723 971 754 9 529 608 440 64 191 231 231
552 809 949 809 698 685 193 1001 194 252 249 215
553 554 419 183 93 143 714 714 62 107 327 301
554 419 44 473 211 208 129 168 840 562 440 460
555 720 324 44 486 725 443 263 686 245 337 337
556 464 377 483 483 133 450 212 329 210 208 87
557 518 954 518 405 362 301 23 533 115 170 145
558 674 9 359 141 306 121 226 166 474 105 358
559 258 90 478 183 356 62 154 963 240 210 963
560 328 375 671 80 174 305 243 57 64 61 213
561 462 173 249 187 418 68 82 647 221 83 101
562 840 65 457 294 572 282 21 513 147 17 474
563 14 486 36 165 367 113 151 28 282 269 274
564 12 293 293 530 161 129 401 526 103 397 150
565 430 430 160 209 303 255 471 170 116 123 251
566 573 19 362 459 215 150 148 180 343 971 971
567 425 835 493 562 425 426 62 447 440 608 804
568 420 254 329 147 269 301 13 476 375 80 431
569 452 141 362 486 329 424 18 18 301 404 412
570 7 720 406 500 264 7 362 69 549 679 81
571 137 663 188 155 363 495 129 419 211 46 164
572 434 441 666 441 161 351 377 6 859 89 304
573 856 546 87 506 249 58 586 738 195 281 990
574 65 325 69 777 482 331 707 674 823 666 324
575 377 204 280 515 493 333 17 494 281 82 647
576 82 356 81 419 542 172 251 339 113 250 113
577 333 367 93 971 174 305 84 250 296 107 591
578 577 757 577 333 516 2 803 767 803 803 803
579 929 489 256 145 114 983 113 245 444 318 83
580 580 580 580 580 580 580 580 580 580 580 580
581 301 18 121 29 459 490 513 546 850 546 249
582 184 187 142 183 434 495 495 673 495 87 269
583 521 217 886 217 50 48 212 183 956 183 145
584 563 86 362 549 678 48 37 25 654 105 128
585 544 133 172 169 450 176 94 776 206 200 177
586 282 79 417 79 497 548 278 168 62 158 58
587 4 107 172 655 419 161 363 560 39 229 39
588 206 14 289 280 87 404 101 131 121 35 27
589 249 121 366 190 459 188 215 89 610 255 63
590 470 271 209 128 180 434 506 932 113 329 560
591 107 131 281 333 615 281 286 635 634 634 634
592 446 139 209 518 166 128 35 128 95 917 40
593 196 201 86 142 282 4 430 19 434 255 211
594 283 589 83 727 84 441 729 971 235 242 303
595 52 221 21 44 359 672 359 267 161 81 162
596 366 577 166 20 715 20 282 140 2 865 305
597 546 211 371 932 371 114 155 520 832 131 212
598 84 419 280 289 425 4 271 304 96 46 461
599 304 599 3 434 533 607 490 932 856 720 498
600 458 397 52 52 52 232 65 129 35 37 112
601 57 832 2 5 716 5 74 340 513 124 214
602 141 19 513 116 361 263 417 62 35 27 560
603 414 415 697 414 414 645 414 479 479 381 394
604 96 604 131 366 820 283 181 95 204 280 342
605 414 916 414 605 797 14 289 425 4 832 859
606 495 673 495 351 13 478 282 140 46 461 335
607 393 810 222 810 597 62 74 468 121 51 283
608 441 121 201 280 909 209 240 57 54 304 303
609 333 518 363 283 51 82 137 877 184 5 644
610 89 925 417 116 136 115 121 375 756 183 187
611 278 262 180 333 485 114 210 211 364 433 84
612 309 228 450 542 168 133 336 280 115 142 28
613 613 127 259 21 272 183 35 183 355 46 46
614 613 613 288 84 84 533 342 851 180 278 377
615 493 419 253 84 87 448 335 269 83 118 209
616 459 189 187 249 231 74 756 375 367 121 19
617 618 98 107 230 121 16 105 914 113 438 390
618 617 592 448 484 448 735 322 933 929 334 65
619 59 55 412 412 137 166 399 166 353 371 45
620 620 290 280 543 292 206 94 820 201 103 295
621 377 491 170 497 548 459 74 230 420 458 291
622 238 237 62 210 128 16 311 74 297 905 222
623 791 425 403 168 172 585 389 486 278 231 655
624 13 357 256 546 397 377 621 180 231 385 387
625 285 6 517 333 531 173 301 18 309 64 549
626 87 820 443 547 547 847 114 338 113 971 20
627 678 184 13 128 205 820 196 86 326 64 601
628 394 53 182 104 393 393 396 390 13 698 56
629 440 533 194 6 921 56 63 324 441 161 81
630 369 160 490 82 310 17 162 820 482 228 695
631 631 631 159 105 384 157 295 255 212 550 68
632 397 182 296 6 132 217 49 153 493 254 165
633 633 633 633 633 633 633 633 633 633 633 633
634 634 635 126 271 528 373 184 513 226 317 313
635 208 599 931 301 963 158 3 59 698 194 63
636 211 256 186 363 16 820 336 133 64 306 426
637 637 234 533 186 144 145 612 791 493 62 521
638 564 638 12 247 707 700 498 293 765 9 8
639 209 639 639 65 352 377 397 60 181 342 214
640 371 132 211 285 166 424 196 207 918 917 593
641 424 589 155 213 332 407 505 407 466 498 529
642 21 211 365 249 231 440 168 168 183 91 90
643 48 40 40 27 409 138 409 10 260 92 498
644 64 412 665 212 856 7 249 152 107 690 189
645 414 449 414 370 725 318 725 113 370 318 256
646 131 532 4 587 237 253 316 793 613 163 473
647 93 176 344 156 13 4 158 210 926 931 238
648 648 648 648 648 648 648 648 648 648 648 648
649 729 358 459 187 405 356 301 504 160 205 593
650 215 459 62 81 877 549 459 17 221 268 549
651 597 932 3 281 685 160 423 333 421 333 211
652 329 434 533 160 284 6 377 659 659 377 214
653 653 653 653 653 653 653 653 653 653 653 653
654 186 31 170 355 107 300 444 114 171 333 615
655 13 209 140 2 809 301 420 116 171 23 533
656 262 533 326 114 96 164 96 56 880 921 285
657 269 615 146 52 397 150 381 157 278 343 160
658 658 658 658 658 658 658 658 658 658 658 658
659 377 397 320 379 379 386 157 150 377 656 178
660 660 660 660 660 660 660 660 660 660 660 660
661 549 747 249 280 419 131 717 160 200 201 199
662 371 405 187 550 69 141 160 283 283 61 267
663 80 375 469 211 46 174 283 376 320 213 182
664 694 290 620 620 86 584 272 334 334 429 424
665 142 405 531 438 302 183 278 201 557 129 290
666 441 249 495 329 459 589 283 333 417 361 455
667 142 142 236 63 129 283 21 520 832 832 859
668 157 52 397 546 909 303 301 730 64 24 28
669 669 930 301 301 596 218 94 218 95 143 10
670 670 670 670 670 670 670 670 670 670 670 670
671 188 473 269 820 136 820 362 661 707 499 43
672 971 361 27 34 151 31 143 128 15 209 159
673 495 526 232 380 103 122 191 348 191 434 424
674 506 2 323 162 468 258 375 411 981 981 919
675 675 675 675 675 675 675 675 675 675 675 675
676 428 15 424 326 87 546 509 518 188 424 304
677 199 917 41 5 99 323 447 323 100 618 185
678 92 336 41 202 201 908 776 936 907 851 907
679 508 260 311 297 17 254 147 434 198 165 547
680 380 60 395 377 86 206 107 702 932 544 6
681 347 215 18 309 612 612 105 129 42 405 16
682 681 682 681 5 815 80 189 190 509 82 820
683 305 13 535 482 419 655 438 89 114 80 96
684 684 684 684 684 684 684 684 684 684 684 684
685 6 552 13 820 196 198 290 340 513 84 160
686 381 180 950 481 412 193 826 6 64 496 459
687 86 430 11 406 332 502 529 359 421 9 569
688 543 113 47 423 76 423 176 344 178 342 575
689 689 543 170 453 121 118 756 106 828 612 212
690 400 411 209 424 99 323 99 125 97 618 125
691 691 691 691 691 691 691 691 691 691 691 691
692 130 277 377 147 87 69 480 62 736 62 117
693 121 131 281 56 174 281 2 62 132 807 211
694 290 494 822 900 251 361 32 33 24 29 13
695 607 453 254 493 212 453 254 255 610 96 599
696 18 310 218 120 232 498 213 320 390 104 393
697 415 697 697 697 645 645 414 605 414 916 414
698 58 601 180 262 511 682 681 681 347 160 366
699 504 332 213 320 380 181 150 103 393 212 252
700 264 265 570 661 264 358 510 525 238 235 963
701 462 272 546 58 56 809 698 211 83 162 81
702 932 427 151 427 151 34 31 37 30 339 179
703 703 703 703 703 703 703 703 703 703 703 703
704 107 812 4 803 63 329 371 132 6 272 13
705 425 562 65 525 510 754 555 409 800 533 306
706 290 567 82 160 453 255 295 17 226 160 79
707 61 537 74 260 69 663 508 550 549 287 162
708 125 768 97 323 98 125 15 45 419 12 7
709 185 323 533 265 555 44 9 264 264 86 395
710 971 360 169 251 417 29 121 285 126 300 10
711 711 711 711 711 711 711 711 711 711 711 711
712 4 431 4 102 5 211 286 286 3 183 16
713 69 68 420 188 424 356 564 2 96 123 123
714 93 337 337 133 261 31 35 23 215 197 13
715 69 282 494 395 83 114 976 47 976 114 362
716 716 5 868 5 106 106 494 83 236 233 474
717 160 135 160 135 116 816 953 26 588 588 438
718 5 611 168 611 168 6 168 600 588 600 493
719 121 492 254 41 173 549 44 569 569 570 566
720 9 971 971 506 83 255 483 305 2 63 62
721 37 96 58 42 490 459 25 40 251 30 38
722 27 48 678 549 418 299 710 971 216 448 461
723 733 723 92 173 300 108 652 333 36 114 171
724 160 28 896 896 638 329 351 345 160 116 361
725 114 976 976 976 333 28 113 925 205 95 197
726 342 511 301 113 47 847 981 171 160 161 419
727 464 114 375 475 375 477 66 252 210 252 546
728 96 842 211 532 404 62 329 290 419 263 423
729 84 75 135 23 417 925 48 925 417 133 52
730 460 490 106 83 431 17 612 163 86 14 434
731 731 731 731 731 731 731 731 731 731 731 731
732 732 732 732 732 732 732 732 732 732 732 732
733 733 923 733 723 126 411 408 285 412 991 412
734 280 169 30 51 306 728 400 183 480 143 329
735 140 282 77 531 419 79 601 233 612 924 845
736 62 78 405 288 506 362 293 44 161 129 173
737 271 400 92 400 260 297 259 72 163 20 728
738 481 252 174 363 161 434 116 34 116 339 261
739 495 160 481 132 256 425 543 326 20 86 510
740 252 803 195 305 195 59 520 5 191 166 1000
741 179 971 188 155 855 86 753 165 314 165 166
742 166 187 62 174 166 210 3 665 6 55 412
743 743 102 405 274 46 272 273 272 186 165 13
744 744 744 744 744 744 744 744 744 744 744 744
745 979 1 187 160 320 389 6 102 405 28 41
746 746 746 746 746 746 746 746 746 746 746 746
747 366 747 612 82 80 663 375 28 229 494 601
748 182 283 356 419 172 168 285 211 132 16 363
749 62 18 366 10 173 748 182 368 368 61 250
750 88 129 548 129 292 426 130 155 223 268 282
751 206 352 350 351 179 62 627 707 265 7 212
752 121 21 424 695 317 310 445 917 40 917 776
753 914 105 163 615 465 615 492 333 21 424 263
754 84 442 444 171 5 697 415 414 645 231 179
755 211 365 377 748 129 495 154 58 950 64 177
756 533 55 59 63 138 86 226 62 480 184 107
757 980 261 116 460 490 121 223 221 309 312 314
758 424 395 201 41 62 295 932 494 690 20 68
759 121 748 160 361 976 442 318 47 547 113 417
760 592 140 166 19 550 189 533 154 533 406 264
761 393 250 250 320 160 690 316 690 494 165 107
762 516 5 430 569 141 141 661 293 12 11 504
763 763 5 408 516 516 408 4 58 3 434 231
764 377 86 310 340 513 218 160 327 301 809 132
765 504 971 391 391 776 14 270 486 172 450 377
766 766 340 331 19 62 342 277 214 160 550 106
767 473 35 367 107 494 39 409 357 143 90 469
768 101 0 6 377 659 659 377 575 351 371 137
769 559 160 261 443 85 443 113 47 925 333 105
770 353 15 211 81 306 326 121 282 333 155 95
771 16 362 560 1002 560 496 160 303 170 434 677
772 772 772 772 772 772 772 772 772 772 772 772
773 773 773 405 42 667 118 21 1 537 53 18
774 285 286 126 723 551 298 160 857 166 747 184
775 560 21 400 327 733 825 306 306 215 494 932
776 200 434 431 71 433 186 363 351 129 221 85
777 21 105 160 237 107 834 107 812 3 249 222
778 569 81 509 82 107 730 231 655 513 507 507
779 549 306 68 474 950 333 422 333 919 443 38
780 84 474 419 64 99 434 184 536 259 173 233
781 537 53 18 104 179 149 278 129 256 290 13
782 526 280 377 174 63 83 118 597 142 131 126
783 16 281 408 212 233 101 98 124 99 173 22
784 411 193 812 13 94 955 936 130 278 611 86
785 409 421 459 187 932 932 820 207 918 1000 918
786 189 508 363 212 144 145 533 146 120 120 0
787 21 80 379 5 284 133 405 10 339 40 113
788 717 131 950 145 17 474 560 229 115 86 690
789 93 116 896 107 36 914 900 822 168 611 166
790 544 84 162 482 679 508 533 168 82 107 769
791 425 873 401 426 114 212 544 183 63 272 409
792 121 226 114 208 115 62 41 87 269 140 46
793 316 695 249 160 353 185 404 99 100 434 200
794 322 272 617 140 592 274 428 139 461 448 579
795 417 107 133 362 666 666 856 950 366 68 106
796 353 486 611 129 484 822 900 183 252 949 56
797 231 180 145 83 152 440 13 191 344 191 121
798 798 798 798 798 798 798 798 798 798 798 798
799 166 459 86 55 949 6 516 2 564 12 264
800 409 140 334 429 155 101 98 618 124 233 121
801 41 28 282 283 226 390 459 340 82 245 725
802 172 121 372 86 526 450 214 214 176 231 289
803 194 281 6 281 845 59 832 586 131 82 187
804 466 466 324 441 649 466 141 51 261 171 48
805 358 500 358 530 161 441 233 107 127 105 83
806 285 174 137 209 139 445 64 325 326 64 859
807 192 102 832 520 420 212 87 17 340 331 74
808 808 808 808 808 808 808 808 808 808 808 808
809 107 70 186 256 212 44 121 29 971 448 160
810 597 411 131 963 546 828 434 212 641 420 318
811 84 623 129 544 434 229 169 254 290 291 450
812 273 252 236 158 319 243 84 333 41 136 820
813 280 409 35 339 361 40 545 255 694 484 160
814 52 197 93 494 310 17 162 2 305 57 63
815 138 58 84 649 84 211 599 208 3 58 411
816 151 96 121 147 83 283 256 51 206 168 166
817 817 515 552 305 845 924 303 412 481 96 76
818 259 400 10 121 236 235 5 980 5 730 64
819 139 273 45 16 80 671 747 80 357 13 126
820 282 300 108 69 777 86 290 280 574 280 106
821 160 482 318 333 283 303 252 66 211 430 672
822 183 302 419 526 14 51 204 232 266 466 421
823 264 406 406 374 502 503 498 488 922 488 141
824 191 160 158 300 81 679 81 420 450 95 51
825 306 858 306 141 161 358 503 265 407 505 661
826 803 63 809 465 667 69 958 69 679 137 80
827 506 211 286 160 27 588 588 545 30 25 38
828 896 124 353 129 748 460 300 100 371 424 478
829 523 332 358 12 8 498 7 499 499 498 499
830 452 161 707 913 950 292 1000 206 440 160 676
831 258 249 462 212 932 41 917 167 749 62 495
832 520 21 357 65 377 199 53 312 5 269 859
833 5 528 64 440 232 939 350 191 122 231 426
834 107 36 438 900 169 333 84 58 254 458 813
835 401 533 210 242 105 543 121 367 39 39 37
836 332 498 265 407 498 406 358 106 21 420 404
837 107 70 86 445 256 28 473 19 525 238 238
838 124 354 404 709 353 97 185 124 282 404 618
839 191 528 191 178 381 177 86 373 515 493 486
840 457 533 493 333 252 654 83 115 439 338 256
841 368 394 283 395 201 82 77 82 249 362 7
842 211 473 269 303 859 64 105 223 155 187 146
843 567 567 843 567 82 151 367 107 207 183 13
844 133 820 142 45 461 429 107 490 473 340 86
845 63 365 314 495 208 58 434 249 208 520 4
846 846 846 605 414 414 443 113 455 411 646 411
847 547 455 976 981 245 96 481 160 340 251 417
848 340 434 544 6 549 160 430 365 434 106 268
849 57 604 211 103 385 181 389 585 168 458 533
850 546 154 375 477 478 477 329 363 661 674 9
851 681 681 5 520 635 634 634 635 137 129 450
852 18 166 222 309 17 495 105 58 249 607 81
853 82 576 533 572 776 342 340 166 153 654 162
854 420 123 438 114 128 199 820 51 409 464 93
855 155 153 121 300 662 662 62 597 810 244 420
856 8 8 141 44 401 399 166 393 393 643 87
857 191 839 377 450 128 329 365 495 468 316 459
858 306 169 828 45 446 448 140 45 322 448 87
859 193 803 412 404 160 362 121 63 249 464 211
860 336 438 30 437 39 31 256 518 560 295 390
861 350 342 157 60 181 150 215 197 494 529 441
862 777 723 971 188 106 278 345 681 157 130 130
863 57 924 57 193 832 145 422 87 252 235 84
864 411 728 306 86 197 955 936 572 290 419 199
865 59 281 2 6 191 180 422 427 165 725 318
866 80 490 932 367 183 129 173 212 357 615 269
867 96 136 455 64 354 124 404 708 748 164 63
868 320 376 719 157 384 80 815 92 513 93 260
869 397 546 272 429 166 529 602 616 435 435 160
870 425 401 399 51 346 409 776 342 377 280 822
871 231 655 167 167 168 458 83 63 46 129 93
872 377 316 459 495 106 771 13 87 963 404 615
873 425 568 458 254 458 515 493 291 142 576 526
874 65 130 408 130 167 450 107 16 405 194 2
875 170 338 113 32 40 165 494 215 366 531 121
876 564 303 183 286 80 243 84 485 444 423 527
877 184 189 147 249 54 131 54 249 184 373 115
878 33 878 33 878 27 337 419 131 64 133 399
879 242 13 350 861 350 204 206 231 289 277 149
880 174 80 253 258 375 21 96 455 170 336 560
881 96 847 444 114 366 311 282 371 106 20 74
882 166 242 5 192 195 832 58 654 66 121 290
883 32 367 107 16 46 3 55 86 421 213 182
884 412 211 661 161 121 107 474 128 371 269 303
885 728 400 215 74 166 214 176 593 200 917 95
886 58 520 56 174 363 188 129 176 93 133 283
887 92 336 41 256 133 82 209 631 631 631 631
888 412 194 305 604 96 847 333 5 184 540 184
889 375 121 27 258 211 430 765 499 407 502 332
890 890 890 890 890 890 121 355 513 422 244 234
891 892 314 301 926 243 166 141 365 21 518 371
892 45 160 150 820 123 681 133 557 518 371 473
893 971 20 42 490 420 318 547 113 23 480 549
894 327 107 174 254 820 269 5 117 613 793 613
895 417 251 116 169 169 212 518 188 671 187 129
896 4 425 65 51 121 404 709 185 768 353 97
897 263 263 290 563 86 259 69 952 540 82 221
898 230 62 143 82 36 129 41 206 168 813 600
899 2 333 455 423 263 976 444 417 183 137 546
900 411 132 142 357 290 107 233 239 158 638 81
901 137 164 140 64 199 41 167 426 6 102 517
902 5 236 242 242 927 158 638 495 107 809 131
903 191 347 347 61 503 406 43 406 466 602 707
904 321 232 18 295 84 453 283 295 394 376 160
905 177 0 316 459 695 316 377 381 156 179 378
906 156 13 515 129 180 129 484 822 533 282 188
907 349 644 489 929 335 334 334 140 592 908 592
908 395 174 283 387 198 204 41 254 46 81 473
909 493 405 132 192 2 194 5 349 262 231 176
910 65 377 384 80 950 481 13 421 333 340 513
911 189 127 37 721 721 27 437 900 464 444 300
912 504 141 729 358 699 358 213 246 765 525 533
913 358 264 19 856 83 191 907 156 321 380 157
914 115 87 121 1 0 218 177 344 814 344 148
915 38 47 981 245 62 236 208 635 63 131 283
916 414 603 414 916 414 479 414 370 27 339 464
917 206 793 316 690 301 730 13 40 28 877 160
918 199 196 918 95 200 498 407 332 406 44 183
919 263 897 263 300 102 3 886 2 126 408 859
920 435 440 515 572 426 245 434 420 641 106 226
921 859 212 223 313 221 280 18 53 199 908 922
922 7 5 135 409 504 525 11 90 64 918 232
923 326 327 473 17 223 106 142 41 201 200 95
924 211 11 421 180 333 547 114 280 734 172 450
925 981 245 434 820 13 371 63 845 408 552 13
926 210 86 96 423 318 282 173 166 4 430 401
927 926 243 234 654 355 249 203 829 203 231 343
928 211 480 282 184 409 945 945 327 160 685 175
929 322 592 929 334 448 579 592 322 46 121 255
930 927 963 244 234 82 782 377 494 113 547 47
931 240 237 62 459 215 183 223 64 115 121 411
932 420 362 86 318 981 423 76 48 47 160 319
933 447 269 820 327 141 473 403 542 413 458 160
934 340 554 535 482 419 12 573 498 411 209 924
935 100 5 7 537 526 420 296 160 339 151 27
936 822 464 424 15 128 278 548 371 329 169 41
937 353 935 100 935 125 768 98 768 97 404 372
938 611 493 425 874 65 990 408 571 252 183 343
939 232 129 450 932 173 405 158 210 84 250 150
940 128 64 169 251 860 169 113 423 443 442 370
941 189 690 366 310 85 17 73 358 699 506 434
942 435 519 607 695 85 726 316 121 219 377 562
943 295 16 121 405 367 36 113 361 25 459 0
944 748 748 405 329 245 365 87 106 885 20 520
945 327 259 73 358 566 247 570 19 513 906 533
946 641 420 81 474 121 550 189 941 189 818 86
947 947 393 379 285 57 815 80 243 434 282 612
948 381 479 275 123 338 142 131 422 533 306 69
949 55 698 13 87 810 269 87 412 888 412 845
950 74 225 215 283 14 498 710 81 16 362 473
951 913 499 264 700 441 82 489 21 74 316 1
952 509 299 81 419 226 212 21 333 442 455 547
953 997 24 96 113 165 36 113 23 545 588 27
954 87 546 41 152 79 419 542 419 180 810 420
955 820 254 17 115 252 269 62 448 812 990 859
956 506 249 531 445 917 40 135 169 65 870 401
957 569 504 407 141 6 184 114 420 201 197 498
958 509 325 340 564 158 599 158 405 891 405 162
959 377 122 656 380 283 518 445 128 172 292 62
960 377 548 816 987 914 36 127 491 816 411 212
961 377 575 178 200 820 269 932 493 17 155 371
962 325 82 454 160 252 434 115 147 42 19 166
963 86 256 445 82 318 115 336 971 196 282 820
964 40 31 151 82 74 42 215 159 237 62 548
965 936 350 178 0 1 250 368 283 2 195 3
966 21 520 552 89 5 154 83 355 46 334 933
967 913 700 238 64 815 63 486 377 228 253 671
968 299 710 69 958 69 713 509 494 84 75 75
969 509 160 180 950 820 114 896 375 478 375 121
970 546 158 300 45 271 58 6 859 132 106 190
971 467 84 118 597 282 20 715 69 87 474 932
972 509 325 260 92 20 424 281 333 419 554 535
973 971 812 46 252 114 249 489 408 211 137 286
974 918 41 105 400 106 169 127 105 233 586 932
975 971 971 723 126 13 390 389 385 181 381 177
976 925 847 925 114 300 187 256 518 513 218 596
977 977 242 132 949 685 305 137 54 59 412 154
978 900 115 987 170 453 115 405 255 46 3 252
979 745 74 537 52 537 103 215 114 226 546 404
980 757 577 249 362 301 428 301 150 149 179 150
981 527 547 263 405 268 160 906 513 652 163 934
982 137 286 281 949 305 252 48 527 263 527 114
983 113 129 909 209 83 221 106 133 201 62 64
984 333 355 183 460 117 613 793 206 94 955 593
985 376 103 378 150 60 215 214 60 352 656 177
986 411 728 173 155 130 277 284 255 329 367 115
987 900 165 135 251 116 860 123 123 123 337 116
988 24 38 35 455 169 753 86 756 268 390 409
989 329 46 932 371 323 662 84 715 20 259 259
990 65 515 593 86 623 86 184 473 189 911 222
991 520 685 826 832 252 832 826 193 195 63 57
992 992 129 533 20 715 21 46 274 272 513 272
993 408 215 297 13 420 256 471 256 62 571 252
994 6 362 488 421 404 166 366 440 232 156 179
995 712 4 183 308 129 544 121 365 490 63 54
996 12 707 441 19 160 232 177 440 206 908 908
997 27 336 409 69 420 123 165 128 157 103 150
998 65 231 292 231 14 339 170 427 17 431 212
999 145 147 82 601 197 27 37 721 30 115 184
1000 232 498 720 804 264 264 804 232 41 370 135
1001 3 599 304 96 131 950 77 107 4 832 192
1002 560 607 105 258 165 186 363 208 4 685 481
1003 258 410 62 132 258 18 365 438 455 925 48
1004 55 160 286 59 303 159 58 59 2 56 13
0 368 60 231 344
1 215 248 612 173
2 114 925 925 113
3 59 252 132 518
4 305 57 55 194
5 980 655 223 316
6 644 489 405 758
7 44 332 141 951
8 823 12 247 267
9 510 9 358 729
10 509 508 184 355
11 441 707 674 506
12 8 62 521 389
13 458 183 152 50
14 394 389 211 87
15 162 404 154 154
16 93 417 494 474
17 42 187 546 147
18 225 218 204 199
19 499 241 237 210
20 189 799 189 255
21 256 184 82 424
22 301 262 376 283
23 251 32 151 151
24 28 212 269 461
25 28 952 28 405
26 438 23 434 249
27 40 34 590 40
28 261 261 121 147
29 486 53 380 381
30 84 211 88 806
31 33 40 900 978
32 151 121 433 217
33 878 23 83 203
34 35 36 128 52
35 28 367 438 336
36 129 694 610 160
37 338 66 474 478
38 37 545 30 36
39 883 339 32 113
40 318 160 80 107
41 86 563 129 403
42 490 513 303 13
43 566 666 856 820
44 44 62 283 253
45 16 63 329 116
46 579 929 322 533
47 116 29 5 100
48 115 160 279 160
49 84 13 590 40
50 612 212 288 199
51 593 908 128 168
52 820 123 41 121
53 13 301 444 443
54 738 211 495 365
55 481 96 80 866
56 57 6 429 448
57 738 58 6 411
58 83 256 3 303
59 803 54 131 54
60 385 385 378 379
61 376 385 379 381
62 457 562 568 568
63 849 57 859 57
64 914 165 171 263
65 401 434 460 117
66 66 375 679 375
67 86 593 205 160
68 121 254 142 405
69 329 66 480 106
70 71 49 153 82
71 217 404 252 162
72 311 301 420 301
73 297 309 223 366
74 188 20 715 69
75 253 333 471 333
76 96 263 116 170
77 62 281 615 64
78 114 326 543 523
79 121 647 458 494
80 379 150 149 167
81 486 172 714 183
82 548 371 185 323
83 453 82 303 355
84 485 221 18 852
85 314 107 282 577
86 251 26 38 31
87 820 197 457 172
88 303 80 424 464
89 933 269 473 667
90 64 376 385 295
91 477 469 66 48
92 80 679 69 747
93 183 212 408 59
94 494 287 21 254
95 6 337 464 338
96 417 251 115 28
97 323 102 3 62
98 640 640 353 434
99 64 330 223 220
100 687 353 124 708
101 101 97 97 353
102 812 46 272 448
103 546 7 359 421
104 390 61 758 223
105 114 170 96 92
106 287 82 345 352
107 441 529 213 8
108 67 189 106 756
109 62 107 303 211
110 108 109 62 170
111 110 108 111 66
112 357 249 211 58
113 547 133 18 133
114 300 263 485 444
115 860 338 987 116
116 513 513 627 809
117 211 473 465 473
118 461 273 322 461
119 333 114 919 113
120 309 74 223 313
121 546 103 283 221
122 231 129 165 121
123 82 96 92 259
124 424 249 577 333
125 98 932 31 86
126 131 83 340 513
127 160 681 682 511
128 363 187 69 105
129 160 194 194 412
130 191 907 851 852
131 86 340 179 179
132 243 930 669 783
133 340 340 445 77
134 173 416 173 777
135 26 23 434 231
136 30 420 210 209
137 81 162 549 325
138 285 304 89 91
139 448 847 40 75
140 735 140 139 99
141 62 300 194 56
142 184 329 356 434
143 201 199 399 543
144 186 254 152 434
145 234 234 404 15
146 601 238 62 86
147 82 468 224 160
148 149 88 806 806
149 277 206 133 361
150 122 349 320 166
151 367 93 513 546
152 70 372 513 87
153 50 612 4 990
154 412 888 412 683
155 223 468 223 226
156 342 231 74 341
157 880 880 812 45
158 950 145 771 489
159 303 105 158 166
160 431 83 58 115
161 129 107 36 93
162 15 533 350 320
163 932 253 237 319
164 16 405 78 539
165 490 410 62 262
166 105 121 338 860
167 196 143 405 773
168 280 290 829 203
169 30 40 48 212
170 548 160 216 509
171 423 176 129 256
172 65 515 434 65
173 777 69 69 287
174 58 498 359 499
175 288 571 6 168
176 450 86 131 932
177 166 422 950 77
178 656 149 191 347
179 156 122 349 180
180 148 224 218 183
181 162 186 474 427
182 308 21 642 107
183 473 3 571 137
184 253 366 163 83
185 662 300 475 300
186 144 186 433 162
187 20 222 696 74
188 155 655 114 171
189 222 215 64 74
190 473 471 421 258
191 256 28 114 78
192 323 84 612 173
193 812 282 10 256
194 305 84 115 64
195 552 6 377 122
196 203 198 129 130
197 498 9 452 466
198 776 342 191 682
199 399 526 813 399
200 51 112 356 62
201 205 196 200 380
202 201 557 581 77
203 183 142 124 640
204 203 83 290 437
205 79 482 133 400
206 593 199 205 167
207 343 278 256 41
208 812 107 184 121
209 541 181 351 180
210 810 520 57 849
211 121 190 299 546
212 642 300 10 86
213 957 213 823 823
214 160 576 160 47
215 301 321 397 381
216 269 434 533 115
217 812 990 5 57
218 94 167 95 232
219 232 707 957 12
220 177 533 44 820
221 480 66 215 434
222 86 263 438 29
223 64 914 116 655
224 560 295 320 60
225 148 402 377 776
226 114 464 280 277
227 227 215 366 63
228 121 115 114 171
229 560 518 58 59
230 160 205 847 48
231 176 501 176 178
232 204 95 776 199
233 63 420 116 116
234 256 133 367 424
235 242 62 818 549
236 121 99 404 353
237 234 241 498 293
238 239 158 210 45
239 234 86 444 96
240 234 58 431 70
241 244 301 581 139
242 236 154 155 147
243 240 210 174 971
244 963 612 71 431
245 329 13 342 681
246 608 565 804 266
247 7 498 421 856
248 142 160 730 301
249 431 105 492 83
250 174 269 269 63
251 136 438 436 437
252 114 115 18 160
253 237 252 254 340
254 74 745 745 979
255 106 519 228 495
256 471 607 42 309
257 543 401 362 956
258 27 40 113 133
259 106 549 800 409
260 173 538 538 498
261 93 261 40 32
262 62 41 581 308
263 113 133 42 243
264 359 525 19 247
265 500 499 608 7
266 0 177 331 615
267 247 506 441 473
268 537 460 607 548
269 428 15 420 430
270 426 426 275 434
271 5 0 221 405
272 592 124 82 454
273 886 665 174 405
274 428 651 121 160
275 479 177 656 352
276 295 396 393 421
277 167 172 813 585
278 789 419 252 252
279 5 455 89 412
280 170 318 361 32
281 59 698 305 285
282 209 56 209 5
283 256 105 203 62
284 749 167 197 51
285 209 301 23 953
286 408 586 63 209
287 298 507 243 5
288 283 82 17 225
289 280 419 62 44
290 282 209 963 234
291 346 157 174 520
292 206 202 820 593
293 525 8 213 358
294 342 156 342 345
295 215 64 222 160
296 103 150 378 61
297 74 231 347 215
298 287 92 72 524
299 190 13 98 98
300 371 3 3 599
301 245 338 932 282
302 455 455 338 160
303 924 612 212 172
304 809 971 113 950
305 481 252 412 615
306 511 215 20 695
307 206 232 840 64
308 6 611 211 807
309 495 419 113 473
310 105 366 187 1
311 72 524 72 92
312 177 562 177 232
313 295 394 321 391
314 420 402 258 90
315 519 228 218 218
316 6 137 2 412
317 310 160 184 311
318 981 527 444 981
319 107 329 480 356
320 166 393 950 303
321 392 377 316 6
322 592 216 509 969
323 768 434 441 529
324 666 666 951 525
325 64 65 133 333
326 389 326 543 294
327 733 825 733 327
328 357 121 183 215
329 480 143 474 546
330 438 28 23 23
331 215 220 223 222
332 608 359 360 169
333 546 187 473 537
334 274 273 139 209
335 140 735 592 160
336 338 107 896 375
337 13 579 46 933
338 339 26 953 40
339 14 64 506 293
340 303 96 114 44
341 17 269 303 89
342 296 296 397 122
343 160 820 133 201
344 191 179 149 148
345 160 83 152 393
346 291 203 129 296
347 160 776 167 936
348 349 644 644 349
349 907 342 495 105
350 350 345 262 656
351 364 211 365 81
352 345 351 179 203
353 708 353 106 828
354 354 404 269 301
355 300 226 227 87
356 549 371 828 64
357 112 373 197 593
358 466 720 529 498
359 498 62 201 198
360 371 226 440 129
361 115 493 133 206
362 496 141 265 500
363 256 534 256 221
364 211 286 58 305
365 28 877 137 252
366 662 124 173 212
367 170 282 218 82
368 61 19 83 84
369 630 630 630 369
370 339 14 403 14
371 105 165 13 238
372 115 411 102 517
373 411 89 859 886
374 441 166 506 64
375 411 263 76 333
376 393 181 377 352
377 577 249 211 469
378 128 362 533 94
379 376 179 60 388
380 53 61 95 203
381 397 296 405 129
382 295 296 434 283
383 377 157 179 82
384 388 249 473 434
385 157 719 64 91
386 393 386 17 532
387 390 380 157 150
388 296 405 161 300
389 341 17 226 300
390 390 104 295 391
391 380 178 0 215
392 376 387 387 523
393 389 211 58 153
394 387 388 296 932
395 164 16 489 106
396 379 398 157 381
397 389 157 880 6
398 295 308 21 647
399 401 533 822 292
400 215 411 646 646
401 107 162 427 339
402 148 191 857 191
403 14 205 196 128
404 82 154 495 673
405 300 142 424 393
406 500 9 452 608
407 44 951 213 529
408 625 408 990 194
409 140 461 140 819
410 183 705 425 513
411 438 26 170 875
412 884 412 211 932
413 515 381 393 321
414 697 645 645 191
415 86 936 86 165
416 327 11 498 700
417 136 251 136 339
418 299 551 434 495
419 172 142 283 393
420 355 282 372 115
421 333 474 340 554
422 493 419 828 64
423 361 434 434 236
424 308 169 340 115
425 870 65 324 11
426 401 600 813 450
427 23 249 132 411
428 273 429 335 760
429 269 5 430 246
430 4 430 4 63
431 288 199 377 163
432 217 654 121 215
433 433 71 50 50
434 211 212 340 179
435 127 259 74 424
436 115 135 409 207
437 437 290 198 64
438 482 48 643 269
439 96 80 671 80
440 515 177 0 221
441 105 288 433 217
442 423 442 35 107
443 847 423 245 455
444 47 409 169 486
445 133 181 280 196
446 269 64 950 74
447 498 608 608 141
448 272 710 747 509
449 414 916 414 605
450 280 342 149 347
451 161 161 419 106
452 506 293 530 533
453 166 233 424 758
454 189 533 518 173
455 438 30 62 371
456 456 456 64 223
457 562 202 623 458
458 440 368 320 296
459 42 221 312 160
460 249 179 122 130
461 461 735 140 929
462 506 374 500 264
463 462 272 546 441
464 611 419 789 458
465 809 302 252 932
466 53 82 550 107
467 107 420 285 59
468 419 131 271 86
469 477 108 478 13
470 986 470 116 245
471 473 32 26 25
472 355 282 233 159
473 421 258 476 258
474 615 83 474 932
475 300 114 531 366
476 478 113 13 361
477 469 211 142 184
478 108 109 108 478
479 275 160 621 518
480 69 190 296 83
481 373 552 89 412
482 89 515 593 350
483 94 294 94 486
484 292 83 465 549
485 976 245 263 151
486 493 820 443 171
487 84 75 75 76
488 922 141 360 19
489 87 154 282 405
490 249 506 503 374
491 548 337 367 980
492 254 211 809 89
493 82 50 82 747
494 84 727 83 318
495 329 355 333 333
496 506 2 252 282
497 548 121 544 212
498 407 525 358 506
499 649 729 971 343
500 332 487 421 38
501 176 178 180 433
502 374 5 528 392
503 406 264 570 247
504 502 8 569 358
505 249 607 421 141
506 506 9 213 951
507 513 627 809 738
508 62 87 161 12
509 259 253 107 493
510 86 518 209 518
511 301 963 473 495
512 155 518 21 107
513 92 259 73 316
514 66 611 168 129
515 177 734 156 166
516 192 102 405 174
517 6 527 318 40
518 426 391 60 320
519 607 419 91 143
520 685 58 145 145
521 295 486 664 65
522 563 822 953 997
523 64 859 812 877
524 72 20 306 366
525 602 61 368 182
526 515 167 201 128
527 48 229 513 211
528 6 552 54 107
529 487 466 555 720
530 92 287 298 507
531 434 221 160 343
532 308 129 249 474
533 146 160 877 137
534 256 256 172 401
535 164 429 273 140
536 601 84 84 492
537 20 87 81 145
538 173 612 83 160
539 79 482 339 39
540 952 710 896 892
541 15 175 63 87
542 256 366 114 210
543 813 585 84 254
544 6 284 5 64
545 442 370 333 318
546 206 65 714 419
547 114 44 441 82
548 365 765 9 265
549 288 434 231 60
550 21 13 15 404
551 21 306 28 371
552 57 5 279 118
553 134 84 107 589
554 340 438 437 39
555 141 430 956 11
556 464 424 589 155
557 83 278 377 120
558 529 525 602 498
559 769 107 665 272
560 229 560 75 437
561 462 20 271 55
562 493 62 404 932
563 6 751 6 845
564 242 105 199 820
565 324 121 215 64
566 451 7 19 430
567 82 21 282 559
568 425 870 401 835
569 43 324 754 360
570 265 555 720 804
571 252 233 142 571
572 377 278 63 355
573 8 510 674 565
574 280 18 223 223
575 232 41 152 433
576 932 576 93 813
577 283 114 405 288
578 577 142 405 160
579 38 590 30 28
580 580 580 580 580
581 581 51 232 160
582 84 252 404 124
583 521 295 86 113
584 563 82 187 107
585 168 276 401 870
586 4 434 677 199
587 587 194 859 87
588 26 30 546 211
589 160 393 83 434
590 545 29 37 23
591 142 165 107 314
592 15 211 211 45
593 196 199 918 201
594 372 366 254 121
595 52 232 133 401
596 366 521 615 714
597 932 255 363 420
598 521 86 98 98
599 481 208 481 552
600 458 600 813 714
601 191 156 321 296
602 182 385 182 104
603 414 370 113 417
604 96 64 482 497
605 797 18 419 121
606 495 218 201 593
607 243 236 82 63
608 332 406 7 365
609 30 44 300 45
610 142 467 160 10
611 211 21 274 15
612 434 46 271 86
613 613 747 550 480
614 613 747 971 59
615 453 83 81 301
616 320 389 160 509
617 618 662 62 133
618 523 829 523 522
619 59 619 89 88
620 86 131 832 4
621 425 129 403 526
622 238 440 813 543
623 623 313 218 0
624 461 139 334 448
625 412 809 738 738
626 87 820 95 207
627 707 913 956 913
628 394 283 329 80
629 440 321 389 296
630 630 303 145 249
631 209 601 333 983
632 719 121 489 13
633 633 633 633 633
634 635 285 252 88
635 520 137 194 194
636 211 513 21 434
637 234 654 24 64
638 356 81 283 63
639 639 158 2 238
640 99 101 233 474
641 163 333 393 421
642 42 212 68 68
643 269 173 513 372
644 950 651 506 498
645 697 697 414 479
646 131 282 726 62
647 256 366 134 6
648 648 648 648 648
649 729 649 44 506
650 215 105 226 128
651 950 77 581 409
652 163 121 1 495
653 653 653 653 653
654 234 158 241 252
655 655 438 302 302
656 231 434 253 316
657 269 303 424 422
658 658 658 658 658
659 659 659 659 659
660 660 660 660 660
661 441 602 238 498
662 107 206 86 19
663 679 81 419 79
664 664 515 494 170
665 886 273 83 368
666 420 172 420 64
667 42 169 252 494
668 157 180 381 391
669 420 337 548 753
670 670 670 670 670
671 329 371 81 409
672 506 406 7 161
673 673 495 254 174
674 12 7 674 754
675 675 675 675 675
676 428 46 283 132
677 199 258 107 207
678 311 309 495 434
679 80 183 426 206
680 380 377 526 257
681 350 345 262 122
682 511 191 122 342
683 412 738 56 845
684 684 684 684 684
685 55 552 132 118
686 22 301 641 163
687 100 687 107 550
688 543 168 284 191
689 198 329 480 166
690 301 446 216 461
691 691 691 691 691
692 231 871 231 277
693 121 432 217 433
694 484 160 818 339
695 183 183 714 425
696 18 223 0 120
697 697 156 157 397
698 4 107 441 506
699 9 707 331 340
700 299 80 747 509
701 462 462 545 27
702 107 361 48 485
703 703 703 703 703
704 107 70 288 175
705 401 289 425 294
706 836 706 14 86
707 465 473 141 951
708 98 98 13 350
709 353 770 353 404
710 272 513 271 333
711 711 711 711 711
712 995 712 4 54
713 509 667 42 143
714 419 199 13 199
715 21 327 107 100
716 716 5 135 438
717 131 949 132 411
718 55 194 208 599
719 64 133 232 201
720 7 358 823 8
721 229 143 160 45
722 27 953 822 280
723 551 160 401 362
724 160 81 365 18
725 96 261 29 21
726 107 131 87 363
727 464 136 438 129
728 92 326 245 116
729 358 65 425 257
730 468 221 282 166
731 731 731 731 731
732 732 732 732 732
733 306 329 365 607
734 156 179 340 96
735 269 300 329 333
736 333 211 698 2
737 271 64 527 443
738 738 63 826 809
739 12 267 700 956
740 971 859 859 105
741 103 181 162 63
742 166 380 562 177
743 743 102 100 820
744 744 744 744 744
745 745 979 745 282
746 746 746 746 746
747 549 661 8 86
748 164 535 554 62
749 62 153 83 340
750 88 303 571 211
751 41 199 850 546
752 82 41 776 41
753 151 263 367 80
754 804 754 510 525
755 211 208 2 271
756 268 248 215 905
757 757 980 980 470
758 424 249 765 504
759 459 548 365 141
760 546 137 88 304
761 393 83 405 227
762 516 6 426 401
763 5 481 599 211
764 74 82 4 282
765 912 466 441 324
766 766 521 823 971
767 803 54 126 55
768 99 768 708 124
769 559 769 559 283
770 353 185 687 282
771 105 506 365 589
772 772 772 772 772
773 405 160 236 236
774 285 4 880 56
775 560 222 249 431
776 409 169 24 609
777 498 267 267 247
778 971 114 486 270
779 146 549 118 409
780 84 373 404 654
781 537 613 127 92
782 82 345 681 350
783 420 211 48 485
784 411 809 412 685
785 13 698 738 303
786 189 726 212 252
787 21 486 285 254
788 788 717 131 283
789 458 714 129 116
790 544 129 198 128
791 612 309 312 62
792 121 179 133 27
793 435 435 435 65
794 335 164 63 481
795 417 437 96 209
796 828 796 121 168
797 14 493 543 113
798 798 798 798 798
799 166 662 494 506
800 549 934 268 295
801 41 280 221 314
802 256 557 445 45
803 59 59 586 59
804 720 324 466 720
805 971 430 498 205
806 806 806 809 859
807 211 450 568 65
808 808 808 808 808
809 519 227 82 219
810 597 282 83 269
811 79 107 340 325
812 635 137 665 87
813 623 611 129 211
814 347 61 519 228
815 137 520 685 826
816 914 113 263 426
817 515 458 13 423
818 86 166 18 696
819 139 76 417 62
820 100 96 411 89
821 160 212 726 283
822 183 236 269 859
823 15 592 38 915
824 191 166 301 138
825 723 733 327 486
826 826 194 832 63
827 506 674 19 264
828 142 932 153 856
829 523 292 543 291
830 452 823 558 84
831 258 424 758 238
832 63 5 215 434
833 856 956 7 525
834 107 137 169 28
835 425 86 499 359
836 813 434 421 359
837 107 89 619 96
838 45 272 447 164
839 191 231 936 290
840 840 13 137 434
841 376 397 377 851
842 211 364 211 424
843 567 425 568 65
844 165 486 63 518
845 58 42 427 212
846 846 846 846 605
847 981 547 361 34
848 340 342 206 199
849 252 63 175 685
850 546 859 612 233
851 851 483 533 950
852 206 346 291 232
853 82 338 183 13
854 183 183 278 908
855 155 58 56 880
856 765 525 699 953
857 191 857 166 340
858 306 69 105 310
859 89 62 410 82
860 978 860 816 151
861 350 94 167 122
862 777 538 530 249
863 57 924 612 356
864 411 243 236 160
865 865 845 412 625
866 80 114 51 82
867 411 987 816 165
868 5 255 107 295
869 179 150 60 396
870 65 107 170 491
871 231 820 301 428
872 707 265 500 506
873 401 160 68 212
874 425 426 493 474
875 170 169 129 399
876 564 10 434 183
877 549 799 971 971
878 33 28 338 82
879 242 5 902 5
880 59 303 924 88
881 96 57 924 211
882 166 159 820 546
883 39 480 282 234
884 884 412 256 41
885 20 87 856 186
886 59 685 412 211
887 20 189 453 83
888 412 826 1001 194
889 405 355 405 28
890 121 820 280 42
891 405 169 28 282
892 226 14 918 232
893 971 113 84 510
894 327 327 400 271
895 333 280 922 14
896 710 952 81 405
897 263 564 876 564
898 481 55 126 211
899 2 323 192 192
900 978 860 914 531
901 137 355 212 405
902 5 351 352 60
903 907 377 381 380
904 321 104 288 571
905 316 424 367 212
906 533 105 420 60
907 180 422 513 121
908 395 368 112 368
909 183 281 54 438
910 65 291 493 62
911 222 227 537 7
912 504 912 526 655
913 950 17 312 300
914 115 437 5 306
915 38 579 83 96
916 414 370 92 818
917 40 31 367 142
918 167 218 17 189
919 919 455 29 25
920 435 147 473 163
921 56 845 481 285
922 7 406 407 266
923 723 538 326 160
924 89 411 283 86
925 443 455 442 417
926 963 87 132 210
927 927 210 810 222
928 211 807 54 249
929 322 448 164 334
930 238 194 865 305
931 238 86 177 381
932 81 473 551 671
933 592 428 812 461
934 549 371 99 371
935 768 97 100 51
936 284 14 368 375
937 353 98 99 64
938 611 211 611 270
939 572 936 546 723
940 93 121 74 905
941 189 17 312 74
942 435 316 793 613
943 295 382 157 52
944 748 121 375 301
945 409 800 287 80
946 641 541 215 58
947 377 851 377 494
948 381 321 947 321
949 59 990 193 832
950 913 972 913 183
951 957 951 666 161
952 540 549 248 260
953 23 480 86 223
954 615 115 318 455
955 936 965 936 706
956 11 720 555 466
957 141 729 358 510
958 509 87 211 128
959 377 450 329 300
960 377 189 460 215
961 377 103 394 157
962 958 962 958 69
963 107 441 649 44
964 373 552 532 131
965 936 206 342 342
966 189 187 366 537
967 504 674 141 81
968 184 355 365 765
969 509 184 551 160
970 440 497 79 165
971 133 160 314 106
972 913 141 569 570
973 971 332 529 362
974 128 751 167 292
975 971 9 529 359
976 113 318 176 333
977 977 977 977 242
978 860 116 883 32
979 170 135 443 251
980 655 13 483 41
981 48 417 176 501
982 137 46 473 17
983 113 417 251 172
984 153 173 400 400
985 376 61 602 616
986 261 37 545 34
987 123 411 123 820
988 24 30 336 27
989 329 476 13 900
990 859 137 283 394
991 859 147 42 215
992 129 46 424 100
993 408 826 812 428
994 6 552 121 169
995 712 255 169 364
996 12 293 360 451
997 953 23 82 228
998 65 358 105 667
999 145 142 405 495
1000 232 264 823 558
1001 4 812 57 252
1002 560 40 48 423
1003 258 256 492 115
1004 55 3 174 405
