0 215 159 209 63 137 305 5 128 970 917 128
1 232 232 206 575 232 562 568 256 748 708 353
2 132 242 166 513 124 371 641 424 68 494 234
3 932 70 83 223 313 268 496 451 365 18 146
4 271 301 189 434 419 356 69 710 189 418 6
5 833 62 303 107 249 671 189 189 818 301 368
6 667 747 106 747 494 458 254 77 546 856 573
7 324 43 498 856 62 186 433 364 351 342 820
8 499 533 180 681 133 308 376 395 182 872 85
9 359 558 823 8 358 503 358 805 358 332 500
10 327 259 519 809 806 806 285 252 63 355 896
11 22 301 262 342 820 533 194 586 2 809 5
12 681 681 278 363 278 179 365 338 860 816 437
13 588 35 339 75 372 58 586 194 865 2 571
14 556 113 220 377 214 434 214 13 440 231 655
15 272 429 155 137 87 484 572 280 61 707 19
16 367 105 155 520 412 137 114 976 547 87 607
17 312 377 397 122 191 130 130 692 231 537 14
18 219 82 282 588 27 438 123 172 342 201 160
19 12 82 106 62 212 165 420 509 287 536 601
20 424 188 679 137 175 252 494 165 183 655 223
21 787 21 87 132 82 68 329 210 269 448 494
22 686 22 137 63 57 849 252 121 15 334 933
23 83 173 223 330 74 537 53 157 181 296 61
24 28 896 355 137 139 269 5 24 38 26 40
25 133 844 971 93 399 129 992 129 563 93 261
26 588 600 588 206 346 352 789 419 280 388 321
27 917 205 204 93 95 128 211 571 63 81 667
28 26 442 442 115 17 253 671 106 212 165 171
29 5 516 192 516 333 577 166 411 683 211 183
30 160 880 6 362 560 29 533 230 375 258 22
31 29 13 21 6 170 543 401 874 401 493 93
32 31 115 256 83 223 309 312 301 168 128 365
33 878 27 48 976 114 486 493 419 169 249 23
34 545 25 29 28 35 86 777 340 445 128 5
35 170 105 129 546 163 249 765 9 765 365 401
36 36 333 282 212 329 473 190 299 299 418 69
37 29 23 964 29 39 116 136 417 93 29 24
38 113 442 318 420 138 880 80 92 887 887 20
39 37 229 366 19 422 474 366 163 612 58 286
40 753 860 330 455 361 981 485 114 983 113 419
41 166 376 103 295 288 19 525 498 421 180 178
42 87 45 210 533 105 77 142 271 46 254 137
43 505 374 5 430 14 523 14 141 365 833 5
44 913 499 500 374 293 420 624 491 378 296 388
45 640 99 82 58 166 340 848 445 5 619 56
46 434 215 411 976 919 443 93 204 581 473 422
47 455 437 170 753 119 96 259 695 491 497 424
48 211 208 208 698 552 137 809 826 809 301 113
49 71 83 17 366 306 86 480 509 667 387 41
50 84 49 19 452 359 7 956 362 434 19 324
51 167 377 458 647 21 486 5 486 51 113 442
52 781 52 377 365 672 543 813 623 458 413 13
53 128 52 368 301 281 64 937 100 262 376 395
54 63 880 685 175 63 564 356 405 290 184 314
55 57 195 162 404 353 371 129 695 405 748 160
56 4 408 211 464 847 333 422 163 641 333 269
57 55 285 174 237 174 175 63 625 252 132 158
58 424 83 173 153 49 612 4 685 252 236 159
59 194 56 286 6 284 621 342 231 129 333 355
60 214 681 5 157 719 157 278 280 494 310 221
61 250 295 179 376 869 179 157 398 377 65 135
62 371 82 401 835 275 450 14 562 438 482 438
63 586 738 55 166 132 131 738 552 281 160 69
64 376 61 519 809 55 809 859 412 55 211 654
65 371 106 300 128 424 405 796 353 770 353 121
66 215 227 495 371 549 84 453 453 472 355 211
67 533 55 949 685 64 445 62 747 509 13 340
68 549 818 259 173 68 424 114 166 42 473 473
69 777 86 197 918 167 483 128 363 280 228 495
70 217 521 598 598 84 471 472 471 256 290 16
71 393 180 433 364 169 914 28 128 955 94 593
72 524 72 106 242 241 232 263 16 64 197 373
73 950 166 577 377 621 377 745 453 654 453 170
74 215 114 424 212 210 87 105 86 203 776 342
75 165 725 165 79 445 917 197 198 204 172 207
76 96 318 423 426 426 232 918 51 35 28 93
77 87 249 169 89 165 123 302 438 107 96 21
78 405 519 316 695 164 447 498 501 504 86 306
79 79 290 567 290 495 424 340 280 450 172 249
80 106 210 106 210 271 281 303 212 642 21 92
81 87 128 378 295 576 533 168 129 346 352 352
82 365 7 466 9 332 529 699 971 505 43 499
83 355 329 473 188 69 10 509 551 549 274 448
84 115 105 366 44 967 525 699 9 573 86 353
85 14 103 64 113 339 32 654 252 82 168 47
86 441 264 661 9 499 44 672 543 291 403 221
87 615 17 248 301 930 243 244 810 88 137 57
88 88 806 304 285 481 271 738 6 281 698 55
89 408 408 271 145 462 424 880 58 685 194 305
90 91 989 989 329 42 169 121 363 215 74 480
91 96 10 36 183 137 107 154 252 411 683 285
92 96 438 74 495 154 963 82 107 296 199 197
93 543 523 464 41 115 914 28 81 121 493 413
94 198 329 300 106 329 210 363 518 106 16 210
95 377 262 191 180 422 153 612 211 333 233 11
96 437 48 27 33 33 23 494 86 152 256 552
97 371 87 642 300 87 81 215 60 391 376 283
98 100 62 206 1000 918 232 178 656 149 157 284
99 121 28 93 647 93 165 251 455 131 932 252
100 185 709 353 100 107 417 417 417 370 48 245
101 125 768 323 102 3 286 63 355 932 227 377
102 323 102 6 489 644 296 249 236 235 242 977
103 61 396 308 376 295 387 115 438 531 482 339
104 283 308 405 63 184 366 256 172 64 496 213
105 434 275 176 200 199 51 593 95 918 94 351
106 314 189 690 189 146 549 268 316 905 74 42
107 702 107 429 929 489 771 518 492 84 442 170
108 405 355 638 638 480 375 671 249 932 153 58
109 51 362 666 666 11 525 232 280 450 340 86
110 474 143 42 490 410 160 394 250 250 526 413
111 375 356 405 173 86 256 4 170 914 170 133
112 91 258 329 20 87 21 301 453 472 471 256
113 106 560 42 106 106 1 377 351 278 365 602
114 47 339 251 32 40 409 81 357 615 281 195
115 533 434 296 473 121 230 20 420 607 222 142
116 121 432 433 71 83 186 272 409 457 533 86
117 252 2 238 302 455 5 215 756 390 104 392
118 409 128 557 79 482 74 309 177 905 311 612
119 40 13 349 191 142 338 31 229 48 212 303
120 146 52 146 615 121 16 828 546 803 193 412
121 365 293 506 661 362 5 333 160 8 160 158
122 468 160 308 157 155 512 366 18 82 199 399
123 180 107 124 592 272 584 290 108 190 296 395
124 125 100 300 405 255 316 465 155 22 127 92
125 371 58 498 61 266 804 754 555 44 114 137
126 58 183 36 333 361 96 599 3 271 80 395
127 377 383 295 215 81 467 434 255 82 563 484
128 377 495 208 552 809 809 685 160 80 473 3
129 208 210 237 927 931 243 58 422 212 210 45
130 191 231 377 464 420 474 143 166 226 128 152
131 419 450 64 157 385 231 278 160 413 813 526
132 285 371 63 271 252 389 160 96 369 160 430
133 333 981 417 795 417 333 62 170 115 366 474
134 777 723 923 825 733 440 534 256 107 2 880
135 251 23 41 546 86 12 681 350 320 308 74
136 41 167 296 215 155 223 117 491 753 548 170
137 183 154 153 212 180 129 137 138 2 59 56
138 252 389 157 321 560 1 155 367 333 261 121
139 137 208 54 211 283 365 278 301 113 329 64
140 617 448 269 164 15 272 334 448 160 389 6
141 14 141 473 296 107 31 28 367 82 296 105
142 932 494 210 160 592 140 209 210 244 64 828
143 419 789 835 425 621 130 692 130 122 347 105
144 166 303 411 114 129 343 342 352 346 214 21
145 950 820 94 494 474 859 59 63 481 949 285
146 0 268 390 250 0 101 404 83 252 880 2
147 146 13 126 211 462 513 66 160 283 388 377
148 180 122 168 900 5 430 441 249 159 927 234
149 420 490 371 283 393 162 90 328 357 21 121
150 368 301 100 98 100 125 185 708 708 86 129
151 30 263 160 132 131 64 113 232 515 458 82
152 255 363 174 16 405 173 10 325 327 400 106
153 105 589 638 638 340 450 228 253 166 82 87
154 495 932 21 932 355 329 212 641 212 509 972
155 87 243 166 747 971 3 208 210 489 256 308
156 734 280 820 205 196 593 95 205 498 529 720
157 174 424 401 543 401 365 183 90 328 86 427
158 210 244 236 241 499 238 302 57 174 2 665
159 236 238 0 178 231 176 318 411 54 160 201
160 799 166 351 575 351 280 167 292 232 204 176
161 661 87 74 366 58 175 15 15 209 84 142
162 190 121 51 13 15 160 223 311 106 490 365
163 411 338 860 978 115 31 155 105 431 71 71
164 140 64 243 950 427 115 900 169 375 243 235
165 186 186 345 256 105 190 533 67 146 85 226
166 434 768 99 640 124 513 462 211 333 492 83
167 526 257 65 874 401 526 813 168 900 455 171
168 544 6 520 174 164 140 409 667 105 69 663
169 336 438 169 255 62 45 447 690 494 395 201
170 979 316 495 105 21 513 66 329 434 677 434
171 361 13 302 252 408 89 260 259 72 21 253
172 207 214 177 166 42 187 418 190 160 47 820
173 538 498 738 252 153 16 128 211 63 184 166
174 424 230 160 379 382 393 607 87 304 271 55
175 137 63 194 698 138 921 412 63 718 305 89
176 611 270 419 655 167 420 143 91 375 318 47
177 215 105 473 326 389 296 393 87 353 353 69
178 14 128 179 191 347 307 537 52 128 157 376
179 262 278 486 232 939 350 352 377 95 205 847
180 932 281 211 101 124 51 112 80 395 103 342
181 351 350 351 181 6 563 572 282 62 107 17
182 385 377 148 344 262 511 337 339 987 900 753
183 464 340 405 411 163 17 254 142 427 162 212
184 480 667 161 363 161 504 856 19 267 61 250
185 371 323 101 371 269 424 28 20 121 425 493
186 272 309 268 222 341 560 73 330 455 29 34
187 166 137 210 84 649 44 51 283 601 82 419
188 21 221 21 145 81 80 114 105 367 151 748
189 215 812 46 16 771 518 166 168 493 425 791
190 189 671 329 486 29 331 459 549 679 663 549
191 851 191 160 474 366 248 341 248 330 248 142
192 58 845 812 877 184 190 16 434 99 420 105
193 408 194 252 434 233 601 191 180 421 430 421
194 859 121 426 166 331 19 573 213 525 86 706
195 533 458 397 632 397 390 296 21 22 21 253
196 14 419 84 174 932 748 107 19 506 366 163
197 64 405 493 280 1 368 275 511 191 345 214
198 689 198 198 290 424 46 303 909 493 694 290
199 526 401 160 501 500 141 11 502 141 246 530
200 196 198 207 377 376 985 376 182 387 150 150
201 5 859 107 230 366 142 404 709 353 708 599
202 562 654 233 241 244 234 121 661 265 570 264
203 183 411 163 5 469 474 404 98 353 142 283
204 172 107 859 212 21 282 121 253 607 490 212
205 908 196 918 917 167 197 86 840 840 426 486
206 291 542 413 450 183 129 286 2 96 131 101
207 409 409 13 458 6 89 610 420 373 372 70
208 210 105 127 227 932 474 301 511 5 520 420
209 11 240 158 238 931 926 237 160 428 592 335
210 245 76 423 417 32 473 188 363 283 201 917
211 243 211 131 209 599 3 249 672 543 129 42
212 211 138 286 408 57 863 57 532 4 532 211
213 452 661 19 49 71 162 63 211 15 139 124
214 413 160 748 62 292 295 379 157 390 268 390
215 20 183 493 183 504 466 466 649 649 121 520
216 160 113 13 126 812 63 832 520 4 880 166
217 49 87 954 518 282 33 86 518 226 160 747
218 85 14 562 533 165 47 47 427 470 96 439
219 280 133 403 971 307 18 249 44 212 166 84
220 215 227 377 782 82 233 17 314 215 440 526
221 282 28 166 74 485 166 107 4 56 809 465
222 166 480 638 640 185 533 127 160 799 971 747
223 221 116 367 366 596 366 82 17 147 329 107
224 309 612 71 209 64 318 443 251 340 16 282
225 221 177 515 813 714 62 505 407 856 246 499
226 227 537 74 282 252 6 685 685 520 412 193
227 127 533 114 426 276 568 450 526 121 719 182
228 121 368 393 386 295 382 377 182 396 321 61
229 29 455 411 717 271 2 305 489 64 124 838
230 333 983 114 424 308 83 591 160 441 466 53
231 178 231 841 869 841 231 344 200 198 129 430
232 214 278 130 426 413 413 177 297 248 73 317
233 637 234 237 927 963 237 926 158 137 365 351
234 637 233 532 520 59 5 29 420 155 593 200
235 360 570 566 666 19 19 666 12 266 555 161
236 234 494 128 30 31 261 24 31 165 26 27
237 209 71 433 50 612 434 62 41 206 231 457
238 457 62 125 86 55 211 2 971 26 113 971
239 158 174 411 866 411 469 90 143 758 120 333
240 160 352 214 413 840 457 129 568 276 426 413
241 243 373 180 149 621 149 440 320 394 385 377
242 236 930 236 533 822 53 380 295 106 671 375
243 271 408 520 195 803 1001 3 46 933 334 448
244 13 90 258 66 66 328 331 358 213 320 65
245 301 4 665 63 57 211 194 57 96 151 251
246 504 19 49 19 324 466 494 226 405 480 86
247 566 707 872 707 332 700 267 498 411 408 126
248 260 21 519 61 602 569 12 638 124 139 273
249 518 771 106 145 106 259 260 248 282 404 640
250 376 104 393 180 257 544 105 314 872 314 18
251 336 30 136 96 116 338 338 114 455 113 232
252 183 399 166 173 126 208 208 481 738 195 193
253 316 537 537 315 253 419 82 422 82 367 417
254 121 30 86 627 184 486 82 681 157 394 320
255 212 91 328 357 13 349 122 377 82 283 426
256 184 509 513 153 424 44 473 531 482 531 556
257 342 483 128 36 24 261 160 550 19 405 158
258 108 474 110 258 90 64 354 100 96 251 169
259 89 610 59 2 586 58 13 444 361 25 93
260 92 685 481 5 833 856 922 487 529 332 506
261 427 252 235 234 236 13 278 13 244 422 248
262 376 320 368 375 474 612 474 301 93 291 464
263 160 166 492 186 144 434 153 62 362 5 420
264 700 707 213 957 19 293 365 63 921 845 845
265 141 358 459 328 91 474 409 108 971 232 129
266 565 12 666 7 546 30 26 28 420 174 59
267 264 570 700 498 602 238 211 842 96 367 28
268 106 298 473 190 62 20 366 758 120 333 471
269 83 23 40 590 27 51 113 171 93 135 339
270 160 308 880 252 105 856 282 115 612 340 339
271 412 211 121 693 283 758 366 183 473 418 549
272 448 274 46 216 428 651 427 47 76 5 63
273 273 13 168 263 16 45 892 300 444 443 443
274 549 799 971 59 286 486 128 249 163 459 519
275 160 67 549 299 546 187 183 133 52 368 160
276 401 129 183 108 66 478 183 520 810 269 448
277 203 206 918 776 342 381 149 621 11 12 293
278 183 129 123 115 135 13 165 438 249 209 96
279 106 828 356 81 371 105 5 271 809 13 165
280 291 280 14 47 483 820 856 922 822 908 908
281 718 281 58 533 562 714 458 493 568 1 616
282 288 758 120 101 120 120 333 211 48 486 5
283 308 166 373 563 936 593 936 706 936 232 232
284 278 292 64 434 434 441 17 615 963 131 612
285 142 859 153 256 304 86 840 440 498 197 593
286 56 809 137 169 6 665 886 3 194 208 685
287 20 971 504 358 7 213 608 358 247 11 506
288 282 170 31 96 88 533 194 63 412 243 412
289 280 280 289 482 679 482 483 727 483 533 582
290 114 655 167 453 83 368 537 53 18 104 288
291 65 486 303 242 159 166 163 518 173 166 353
292 484 563 6 137 520 408 58 856 407 505 358
293 365 371 353 106 147 342 348 180 278 292 133
294 401 714 413 450 211 66 984 66 338 32 35
295 378 17 434 189 301 8 466 498 51 740 51
296 390 13 980 119 816 151 409 450 93 39 437
297 311 309 310 1 85 314 18 295 628 320 296
298 473 667 160 21 489 210 932 187 16 107 184
299 184 549 550 667 189 301 35 86 706 124 124
300 209 84 82 372 84 432 217 84 399 168 820
301 4 698 13 32 34 151 753 169 80 395 719
302 96 361 533 562 493 154 86 353 640 185 618
303 105 80 286 183 464 424 17 225 283 411 64
304 809 132 59 58 215 58 411 438 169 303 411
305 4 859 153 254 433 49 71 49 217 431 105
306 858 306 478 282 280 47 423 114 169 932 420
307 74 116 39 28 160 389 104 18 232 804 565
308 411 728 411 57 285 126 173 282 480 223 756
309 268 222 249 2 1001 4 195 2 971 809 57
310 366 218 17 224 309 17 115 486 353 770 353
311 282 318 263 455 136 820 581 872 307 74 105
312 14 403 813 515 526 168 301 273 140 45 282
313 313 623 202 201 202 623 129 340 371 107 23
314 223 20 137 281 738 4 685 3 138 2 832
315 222 365 531 340 128 82 105 375 514 91 143
316 519 222 219 342 203 284 149 150 393 103 60
317 295 386 17 252 117 86 55 193 252 96 327
318 375 329 652 513 87 453 745 221 310 218 201
319 237 236 238 499 498 421 246 421 7 451 161
320 94 86 143 128 327 5 405 145 147 121 531
321 157 345 186 283 594 83 393 377 377 384 157
322 428 269 211 62 17 226 42 143 108 290 107
323 708 599 304 424 166 48 654 153 62 292 611
324 11 90 258 375 81 169 301 168 47 96 4
325 327 6 194 300 64 62 3 194 193 832 3
326 538 306 400 589 638 495 314 106 298 536 298
327 327 328 474 81 183 399 199 399 51 165 114
328 86 553 482 74 121 131 54 949 685 54 63
329 355 121 458 458 64 102 4 285 571 288 84
330 330 248 259 260 69 183 909 303 88 211 375
331 19 674 19 166 61 434 411 866 96 481 286
332 44 573 86 326 549 80 549 356 112 66 338
333 113 338 16 222 341 215 316 519 20 87 427
334 140 139 420 296 288 212 77 78 539 494 311
335 760 592 461 447 140 216 301 157 296 434 170
336 883 339 26 47 427 460 537 189 17 307 872
337 883 39 93 143 419 337 135 26 251 135 40
338 35 878 27 32 27 251 96 427 160 321 385
339 28 811 28 96 842 96 10 971 307 17 342
340 62 541 140 139 209 631 159 244 244 615 146
341 248 282 218 300 263 444 455 48 50 82 495
342 820 143 10 777 862 777 535 728 21 87 81
343 342 621 401 568 526 403 133 11 8 265 500
344 178 232 380 120 146 549 661 518 183 655 114
345 178 345 262 347 61 178 200 776 95 60 181
346 181 157 321 379 181 6 299 184 299 551 671
347 191 434 828 615 249 460 462 513 269 155 377
348 342 130 14 537 106 363 165 490 932 20 106
349 149 148 262 191 5 466 488 922 53 82 82
350 320 389 317 17 120 758 405 16 748 121 340
351 321 483 128 593 167 284 280 179 351 280 232
352 377 94 494 83 506 466 11 956 856 246 44
353 160 159 237 963 121 137 305 138 809 411 434
354 97 618 523 464 611 166 431 141 69 777 173
355 473 419 44 332 523 332 505 358 805 487 805
356 112 91 328 328 460 167 133 160 162 180 179
357 615 615 243 411 252 56 685 55 950 754 555
358 266 232 113 115 153 474 87 160 306 373 528
359 213 213 9 699 720 11 804 266 533 800 533
360 265 265 8 265 11 496 506 362 51 232 178
361 31 143 329 290 166 296 342 377 383 383 379
362 293 374 466 406 504 141 7 754 19 183 209
363 17 121 363 296 393 643 217 71 70 107 837
364 211 859 162 50 612 162 417 151 655 116 753
365 255 145 326 173 651 651 254 303 423 442 485
366 19 265 500 141 166 153 82 179 397 52 1
367 420 230 82 454 107 68 357 478 329 375 66
368 379 191 82 326 105 41 167 280 47 86 132
369 304 256 221 16 63 815 208 434 100 937 125
370 85 313 17 23 41 21 533 63 87 187 932
371 405 226 513 462 411 261 655 35 129 256 186
372 82 77 142 615 465 61 498 506 674 267 700
373 812 62 521 823 666 12 247 246 649 466 720
374 499 440 413 413 93 443 165 486 537 74 312
375 230 21 728 327 400 10 89 845 183 695 365
376 387 150 295 84 83 186 62 151 263 151 31
377 486 664 401 285 211 269 173 142 180 434 531
378 60 388 283 376 122 130 425 791 623 611 486
379 387 61 872 218 204 172 523 332 358 569 12
380 181 61 394 628 389 628 320 296 392 387 667
381 380 61 519 61 378 379 381 182 391 776 14
382 295 308 396 377 745 453 62 493 460 249 16
383 181 390 308 880 174 269 365 212 494 539 160
384 295 628 394 537 232 115 439 96 121 747 424
385 296 280 373 812 83 180 421 409 448 429 155
386 17 0 88 54 59 880 4 273 301 444 847
387 283 394 537 232 133 600 588 494 509 952 710
388 128 908 278 363 105 329 419 129 166 377 961
389 103 215 128 367 121 355 932 296 397 179 191
390 295 378 296 283 366 596 301 428 461 447 812
391 60 60 157 387 104 179 128 280 494 417 361
392 376 82 708 99 371 662 404 687 86 546 820
393 142 68 679 533 285 420 296 82 20 253 419
394 377 384 321 380 656 377 572 776 199 377 128
395 86 936 167 434 551 106 16 642 419 12 681
396 380 376 380 387 395 157 389 14 290 533 458
397 389 385 393 162 2 102 517 743 743 516 517
398 379 60 391 390 526 257 544 183 362 498 160
399 93 36 128 41 474 424 497 581 445 86 132
400 589 564 10 11 327 327 325 508 550 106 82
401 430 308 74 18 146 67 86 8 141 504 407
402 211 807 303 62 340 405 133 25 133 168 813
403 221 177 309 226 17 696 218 560 211 106 129
404 687 86 458 440 241 592 274 678 678 48 27
405 371 210 931 243 930 669 420 531 340 766 521
406 160 717 411 212 82 245 42 221 225 148 0
407 406 406 525 359 359 9 506 661 362 518 283
408 520 63 128 226 227 253 249 401 533 435 519
409 165 128 105 288 434 198 198 198 51 29 62
410 82 422 393 87 493 160 478 478 476 474 256
411 261 367 21 728 259 86 427 169 438 308 160
412 971 188 363 115 900 169 464 129 353 796 121
413 143 31 256 3 1001 3 57 96 263 531 116
414 370 442 245 686 21 249 137 812 298 184 366
415 414 443 443 370 547 114 105 173 223 309 0
416 327 326 326 92 498 738 56 619 56 2 411
417 443 133 62 457 238 931 158 236 159 434 169
418 187 145 856 765 856 956 913 699 499 504 86
419 482 79 820 83 211 430 971 332 505 971 251
420 511 5 99 139 541 160 685 58 256 211 932
421 332 44 81 141 232 232 178 681 347 352 103
422 269 174 282 140 166 222 316 223 459 0 226
423 48 361 151 361 981 47 847 981 113 976 455
424 151 48 976 114 211 375 108 476 478 111 375
425 403 542 403 537 53 52 397 377 907 180 178
426 133 41 160 405 142 83 308 74 225 221 215
427 615 518 166 218 183 365 169 486 44 932 597
428 107 280 419 351 320 351 214 60 321 60 394
429 448 269 212 212 162 17 21 114 371 100 301
430 65 870 425 425 574 280 128 86 128 209 11
431 166 601 105 48 423 438 135 409 280 116 74
432 162 160 856 612 832 412 888 412 238 159 210
433 70 372 84 555 466 608 358 504 504 160 162
434 411 517 195 552 481 211 489 132 411 986 411
435 533 127 613 127 22 520 195 516 5 572 434
436 115 411 671 17 173 300 102 5 458 129 292
437 27 953 845 2 114 547 133 402 258 66 611
438 87 256 495 169 170 301 429 140 164 272 584
439 338 245 370 547 444 84 715 21 106 314 363
440 168 346 128 917 970 917 40 31 123 411 286
441 434 231 277 149 167 53 85 142 19 288 571
442 263 897 263 30 82 114 981 417 86 445 424
443 41 169 5 379 104 82 191 262 402 258 478
444 300 739 82 356 362 430 956 430 411 988 411
445 133 51 306 13 483 178 0 297 905 311 218
446 164 395 182 376 103 526 168 284 180 468 258
447 46 96 136 437 482 228 253 80 340 74 223
448 322 45 16 311 373 239 243 243 241 498 533
449 414 370 151 748 13 445 62 531 114 533 114
450 544 168 434 200 167 776 65 457 457 426 403
451 265 608 61 381 391 321 150 166 142 233 17
452 666 161 496 496 560 341 17 533 266 565 12
453 121 35 367 375 340 535 10 409 23 249 131
454 258 474 111 108 66 96 165 483 345 61 396
455 444 263 485 976 47 172 167 168 494 25 533
456 456 405 796 828 615 21 127 166 376 654 211
457 840 413 526 221 310 309 400 259 248 311 215
458 6 195 738 809 211 132 54 305 698 57 89
459 222 21 80 183 87 74 331 225 756 390 295
460 167 453 166 174 520 2 517 305 528 373 528
461 735 164 748 129 107 375 476 329 371 211 730
462 212 58 412 59 174 473 17 269 216 579 15
463 463 463 463 463 462 411 114 338 136 93 473
464 611 211 89 302 809 174 208 211 87 665 2
465 519 809 481 286 738 305 412 738 281 305 516
466 498 178 350 345 254 252 84 62 152 147 62
467 971 251 914 470 470 986 261 151 263 274 335
468 221 223 313 74 227 932 393 368 86 105 508
469 474 615 459 496 141 452 502 11 518 252 832
470 655 280 284 107 418 314 85 313 226 301 262
471 671 357 478 486 106 255 434 28 371 768 353
472 610 250 60 391 376 103 321 378 377 177 413
473 189 287 189 106 211 308 379 150 321 156 381
474 110 91 469 258 22 258 38 165 223 155 130
475 300 312 377 382 393 166 165 249 401 183 338
476 258 282 223 173 859 826 54 58 462 173 68
477 329 434 551 298 536 184 314 105 375 424 196
478 176 292 409 184 509 325 509 160 342 495 87
479 479 479 414 443 85 221 647 458 434 269 147
480 166 513 218 696 218 36 10 256 282 142 17
481 950 820 581 51 820 30 133 291 294 129 563
482 64 482 576 494 226 225 148 262 344 177 232
483 214 345 214 460 549 68 212 115 812 812 83
484 13 333 133 443 116 165 483 345 343 231 426
485 423 160 856 331 464 331 464 455 375 455 245
486 35 282 641 163 17 316 160 12 249 489 107
487 529 608 359 529 494 234 244 233 17 386 379
488 141 9 141 602 358 602 700 299 299 69 187
489 932 70 180 130 129 172 168 458 291 65 525
490 87 546 508 212 129 346 160 2 166 353 937
491 453 654 58 81 166 54 88 233 239 63 738
492 83 601 536 20 86 283 86 196 128 129 187
493 440 275 368 397 60 214 211 646 411 64 216
494 296 203 128 13 242 5 34 29 93 361 115
495 170 900 753 261 48 76 333 393 385 295 283
496 64 730 231 280 181 150 61 378 295 947 947
497 13 361 547 444 971 679 137 46 334 429 448
498 246 504 525 765 430 183 300 255 694 290 16
499 922 79 78 539 531 133 545 23 422 7 430
500 466 555 265 498 405 541 155 157 390 283 390
501 500 9 565 754 7 754 441 699 953 35 30
502 406 501 498 710 952 952 28 877 160 482 483
503 406 9 332 44 81 169 136 27 39 24 31
504 504 967 504 7 720 804 498 205 160 799 715
505 971 8 672 359 754 466 358 73 73 0 297
506 462 419 607 106 377 52 786 64 87 812 812
507 507 513 83 601 163 162 17 459 717 215 283
508 550 667 549 465 786 407 498 293 12 13 33
509 10 82 154 87 212 642 82 548 21 581 13
510 19 510 19 19 430 65 178 232 284 621 401
511 5 21 303 62 238 176 344 344 157 380 381
512 160 506 672 543 542 543 526 399 542 458 83
513 166 0 377 464 340 482 554 340 546 129 95
514 329 21 787 21 11 496 213 466 498 238 506
515 484 448 15 929 933 45 812 58 546 282 154
516 516 762 516 192 411 5 840 413 232 562 232
517 192 59 826 192 132 411 338 48 50 643 393
518 58 155 546 208 812 107 31 107 404 372 248
519 85 519 228 309 18 18 14 390 61 181 390
520 412 271 552 809 138 408 194 803 1001 826 685
521 615 412 859 286 411 864 411 867 340 464 847
522 563 129 139 581 101 211 258 469 143 201 169
523 706 563 129 557 83 536 189 67 66 478 113
524 72 524 72 259 89 302 302 455 211 301 651
525 529 9 265 266 565 804 11 602 362 6 376
526 121 217 84 243 507 243 238 930 921 412 81
527 263 426 526 167 181 231 871 231 60 283 160
528 64 11 661 856 83 727 83 41 28 62 856
529 922 488 499 498 856 922 205 204 65 581 78
530 246 765 525 700 525 213 141 6 389 14 440
531 183 854 252 159 158 158 239 238 931 159 237
532 532 54 738 63 533 252 244 409 28 533 269
533 562 65 526 103 122 262 376 869 181 231 466
534 813 440 515 434 236 209 64 815 305 366 856
535 10 339 340 766 521 134 777 10 69 68 366
536 184 107 99 101 323 102 6 140 409 800 549
537 53 129 115 163 87 137 329 69 715 21 22
538 498 707 627 707 332 523 14 563 14 280 424
539 77 82 550 68 106 154 269 173 723 723 126
540 971 809 160 395 83 118 183 215 211 582 189
541 405 493 422 153 115 494 90 258 932 748 16
542 291 203 201 64 357 480 671 551 671 549 268
543 526 231 377 155 739 155 22 173 17 654 562
544 105 859 195 59 408 285 252 611 232 321 393
545 590 438 251 116 896 114 245 165 183 93 494
546 453 546 87 974 94 64 68 550 288 288 71
547 333 340 554 29 473 581 497 13 145 303 271
548 129 278 493 835 789 278 121 375 143 482 554
549 162 333 87 106 11 128 751 6 486 430 12
550 473 108 301 357 480 80 142 283 366 312 160
551 733 306 612 49 19 506 502 506 141 451 566
552 424 196 94 918 974 128 249 87 513 268 160
553 482 482 820 412 211 304 256 405 367 367 133
554 62 80 81 87 490 258 38 437 89 437 27
555 324 565 804 466 5 681 278 363 434 489 644
556 113 86 283 181 397 546 2 194 1001 193 859
557 129 748 182 351 419 143 95 128 215 188 129
558 359 452 213 7 525 510 9 499 602 499 141
559 283 426 450 413 129 438 340 46 169 932 44
560 336 485 198 41 612 162 249 252 288 613 537
561 462 430 86 686 245 171 172 167 206 198 95
562 714 425 90 329 4 283 748 151 136 251 339
563 6 486 263 981 114 339 725 486 106 259 96
564 164 64 142 295 314 226 301 108 91 91 478
565 44 28 172 523 14 41 474 546 80 21 5
566 499 359 9 141 246 266 265 19 525 293 44
567 82 104 377 182 181 376 321 387 395 157 284
568 276 426 113 177 546 208 249 83 453 87 166
569 971 196 128 13 346 157 191 166 283 234 474
570 8 466 487 84 549 582 211 924 303 145 163
571 63 826 826 58 455 39 33 29 38 421 607
572 593 51 165 86 274 86 93 482 78 482 78
573 498 238 457 526 82 142 107 327 400 222 64
574 65 133 557 133 493 256 356 405 367 44 956
575 178 344 191 262 402 211 450 494 506 856 666
576 543 249 155 589 105 42 671 188 533 172 486
577 333 983 114 51 64 42 296 190 533 530 533
578 577 518 283 160 83 186 531 340 331 73 17
579 428 140 334 139 424 316 495 342 167 491 453
580 580 580 580 580 580 580 580 580 580 580 580
581 820 160 114 533 582 160 150 381 295 560 295
582 418 467 418 129 275 368 283 83 141 525 700
583 521 62 747 550 747 106 105 427 169 333 473
584 86 818 62 493 14 61 267 570 12 213 360
585 295 395 86 714 183 426 440 129 184 473 69
586 195 192 58 81 713 69 260 69 216 46 137
587 194 586 826 1001 803 546 828 434 320 397 393
588 438 113 306 612 434 303 63 57 812 991 859
589 107 80 395 104 393 145 155 337 424 337 169
590 171 114 121 173 518 87 333 441 249 405 161
591 145 427 367 142 283 83 290 14 283 560 29
592 617 272 137 164 429 100 100 404 662 100 494
593 498 466 649 441 161 530 293 293 754 211 730
594 121 78 310 445 557 256 165 249 661 9 502
595 52 52 595 52 719 52 103 53 128 168 424
596 282 64 2 6 375 356 106 28 38 165 932
597 597 62 662 166 121 432 288 371 183 155 333
598 340 766 340 301 655 980 119 455 58 142 258
599 481 252 434 322 269 859 990 3 4 208 552
600 458 604 211 338 439 115 421 481 4 323 323
601 480 671 471 810 420 189 911 81 249 301 108
602 213 421 333 82 641 669 420 222 187 473 249
603 414 916 414 697 697 645 645 414 605 851 575
604 96 438 136 115 113 41 165 258 143 474 23
605 414 370 245 725 114 47 14 168 291 464 611
606 495 218 308 183 460 434 533 29 38 245 443
607 421 607 533 61 283 181 95 128 283 215 66
608 608 264 533 422 212 282 248 259 327 733 733
609 609 114 366 180 468 419 482 79 205 167 149
610 89 437 48 361 361 976 114 365 338 27 883
611 486 417 547 263 301 482 228 342 277 280 409
612 152 726 314 219 172 183 913 183 215 114 329
613 756 614 106 358 560 218 228 253 228 519 222
614 613 163 249 19 499 7 555 856 932 114 609
615 669 615 142 458 515 817 493 425 4 425 714
616 320 380 377 748 106 44 21 282 183 207 160
617 140 15 334 429 933 139 164 13 771 106 820
618 185 371 641 106 549 509 184 188 671 356 356
619 89 423 176 231 575 149 167 53 13 278 128
620 620 620 620 620 86 366 169 183 509 434 365
621 160 148 225 189 459 188 418 189 225 301 211
622 238 238 2 586 738 5 74 86 154 87 434
623 623 129 232 840 64 440 168 600 813 275 835
624 84 50 153 434 420 520 63 2 102 4 102
625 408 462 701 462 308 183 544 6 466 141 5
626 87 282 255 405 371 495 371 283 82 362 518
627 86 23 135 437 417 925 455 442 113 129 65
628 320 377 782 82 367 28 36 35 24 988 411
629 178 214 483 113 338 420 180 601 57 271 86
630 369 303 137 208 54 6 308 494 371 549 288
631 159 159 210 405 183 281 615 147 121 107 342
632 376 103 123 860 438 455 271 737 271 20 127
633 633 633 633 633 633 633 633 633 633 633 633
634 635 2 809 859 87 58 283 263 925 443 423
635 285 89 107 115 129 303 242 160 453 83 163
636 636 636 211 11 430 246 504 912 765 430 141
637 209 285 562 438 64 232 556 483 820 424 113
638 640 937 640 564 356 108 356 474 115 96 101
639 158 107 747 166 141 555 82 555 11 602 141
640 114 76 333 160 832 160 832 3 408 89 259
641 420 474 477 69 141 358 266 565 12 8 498
642 212 114 895 114 896 12 264 359 7 525 265
643 217 288 58 62 571 303 244 159 210 174 80
644 489 121 324 19 7 374 501 504 141 913 183
645 156 345 350 345 160 601 121 219 60 352 342
646 411 405 308 182 380 387 283 44 569 501 500
647 154 163 459 190 459 74 106 377 95 155 593
648 648 648 648 648 648 648 648 648 648 648 648
649 729 525 8 498 525 86 143 325 325 508 480
650 215 114 249 393 180 41 282 129 457 457 409
651 254 859 64 349 148 160 188 495 46 128 918
652 478 329 21 422 493 464 282 121 759 459 661
653 653 653 653 653 653 653 653 653 653 653 653
654 48 261 48 50 612 162 195 252 57 4 698
655 438 444 171 48 245 367 62 390 283 225 74
656 231 280 284 167 377 381 379 386 17 42 143
657 269 371 254 1 232 1000 14 232 562 160 562
658 658 658 658 658 658 658 658 658 658 658 658
659 659 659 659 659 377 181 103 392 377 61 64
660 660 660 660 660 660 660 660 660 660 660 660
661 7 754 293 12 510 7 222 256 21 367 256
662 107 256 280 572 939 232 263 419 79 120 74
663 460 117 100 262 62 283 290 568 107 31 30
664 58 215 812 215 227 405 314 74 225 18 307
665 54 138 408 211 129 342 157 174 303 128 63
666 566 707 264 804 608 266 141 496 268 537 20
667 37 667 37 39 40 48 423 455 76 455 442
668 157 284 278 280 280 14 426 87 448 971 799
669 641 541 533 87 17 160 666 160 20 459 19
670 670 670 670 670 670 670 670 670 670 670 670
671 471 607 253 227 82 277 232 321 177 223 758
672 406 500 501 374 503 44 503 498 496 496 268
673 673 673 495 300 209 977 209 924 209 639 158
674 661 459 249 434 420 312 225 282 173 68 183
675 675 675 675 675 675 675 675 675 675 675 675
676 322 140 819 461 812 58 244 58 131 208 546
677 434 572 426 423 442 35 27 251 165 27 722
678 492 5 157 178 629 178 381 393 105 199 677
679 13 30 135 65 53 420 647 82 304 87 23
680 380 101 581 101 419 542 440 661 252 89 305
681 284 214 129 165 47 971 452 573 11 956 700
682 191 5 163 435 942 95 155 541 533 515 13
683 281 3 812 635 208 115 42 492 105 258 90
684 684 684 684 684 684 684 684 684 684 684 684
685 137 169 450 86 201 95 918 196 282 106 210
686 22 155 95 123 103 296 203 201 103 211 513
687 404 107 430 211 455 333 279 279 160 371 708
688 543 458 129 546 249 64 466 441 569 362 362
689 543 405 263 981 919 333 171 655 13 156 232
690 282 253 333 434 113 950 260 509 467 549 627
691 691 691 691 691 691 691 691 691 691 691 691
692 231 797 342 94 908 917 918 128 420 351 160
693 82 186 129 493 820 114 3 46 429 335 933
694 610 694 706 14 280 82 509 299 509 418 81
695 405 83 63 305 481 552 281 408 126 54 520
696 226 42 188 418 409 785 13 87 828 353 82
697 645 414 479 414 603 414 605 851 483 94 128
698 2 612 50 50 87 21 519 405 891 892 314
699 953 822 563 464 523 522 493 142 46 828 896
700 267 19 421 481 411 55 3 880 815 286 137
701 462 249 258 112 7 222 690 21 459 212 518
702 932 233 404 154 155 495 60 387 321 394 321
703 703 703 703 703 703 703 703 703 703 703 703
704 107 375 114 547 47 427 254 651 506 2 635
705 425 562 14 226 892 114 39 151 427 107 531
706 523 601 3 57 137 6 486 417 29 113 333
707 602 61 390 368 150 179 378 179 156 320 377
708 323 64 685 520 183 356 671 589 564 158 242
709 353 106 16 210 21 520 4 803 195 305 132
710 189 80 367 980 261 169 170 4 803 767 803
711 711 711 711 711 711 711 711 711 711 711 711
712 255 471 434 820 443 333 87 161 419 82 540
713 69 958 509 62 106 87 258 469 478 84 715
714 373 243 237 240 209 249 421 487 487 421 393
715 20 121 86 38 474 493 172 93 205 908 95
716 716 5 716 5 690 160 149 167 257 167 453
717 131 83 329 303 369 88 271 4 273 592 100
718 281 685 826 803 803 859 212 404 963 131 738
719 393 104 320 394 14 141 602 11 358 141 957
720 720 525 266 232 6 141 264 510 8 441 87
721 28 249 17 643 290 694 290 563 484 515 232
722 27 37 30 263 303 159 160 468 162 4 142
723 92 326 326 326 533 87 626 87 405 489 157
724 338 256 115 411 430 44 550 44 729 358 498
725 318 113 981 981 423 114 173 612 492 510 494
726 107 589 434 42 453 142 248 301 393 103 14
727 483 214 277 203 105 158 244 158 166 333 474
728 21 690 20 86 714 450 581 872 17 283 377
729 525 19 823 213 246 44 283 81 42 5 351
730 13 281 683 285 6 323 640 371 65 324 441
731 731 731 731 731 731 731 731 731 731 731 731
732 732 732 732 732 732 732 732 732 732 732 732
733 306 326 733 551 106 184 546 80 329 190 106
734 177 656 122 156 342 107 820 159 926 930 963
735 322 735 269 929 15 128 115 363 16 395 321
736 333 405 518 223 212 576 526 542 544 6 305
737 737 737 271 305 949 281 305 809 160 96 302
738 411 102 832 408 420 280 95 129 294 301 420
739 300 489 419 642 300 45 271 86 152 726 107
740 971 488 141 430 62 541 160 20 80 114 249
741 150 179 150 150 61 265 12 996 12 498 359
742 614 106 253 106 256 802 172 51 280 62 209
743 517 408 96 211 450 212 129 121 230 21 301
744 744 744 744 744 744 744 744 744 744 744 744
745 453 459 495 154 363 28 81 490 63 63 532
746 746 746 746 746 746 746 746 746 746 746 746
747 184 627 678 274 263 48 372 373 93 205 201
748 495 160 375 66 389 104 376 385 296 810 222
749 167 231 179 378 283 283 2 160 562 497 548
750 88 750 88 302 533 371 125 98 102 412 271
751 128 409 225 283 256 169 63 233 460 663 68
752 121 117 117 409 23 820 169 301 36 301 953
753 816 40 160 262 160 51 41 136 151 35 168
754 211 464 136 455 464 172 346 51 199 41 165
755 211 411 96 417 133 361 339 151 367 121 368
756 375 679 188 160 207 200 201 169 914 105 242
757 980 655 155 87 64 389 295 313 74 460 490
758 61 390 250 526 493 168 403 172 61 380 101
759 459 107 400 222 513 92 373 964 40 48 443
760 15 303 252 162 195 63 971 416 971 695 607
761 393 376 60 391 381 394 628 320 389 320 368
762 516 408 212 411 131 271 64 282 560 362 12
763 763 763 763 5 230 62 163 282 225 189 255
764 331 328 329 514 375 114 82 230 366 249 353
765 498 573 12 560 361 29 37 84 624 420 167
766 134 366 424 188 366 367 121 223 758 288 83
767 82 86 714 615 453 170 62 597 810 560 518
768 353 98 404 45 448 216 461 812 208 363 577
769 107 954 154 163 20 118 279 107 269 859 520
770 353 828 892 892 45 447 322 46 272 612 963
771 105 333 176 177 94 294 294 65 371 518 577
772 772 772 772 772 772 772 772 772 772 772 772
773 773 773 405 212 462 463 462 408 286 57 880
774 285 304 271 4 142 249 42 405 245 981 417
775 560 386 379 380 385 157 278 231 820 30 36
776 204 218 167 290 99 420 355 256 340 325 945
777 971 174 15 174 812 217 84 336 437 482 553
778 569 566 451 558 324 266 525 573 452 700 566
779 549 1 224 218 85 313 309 341 295 317 313
780 84 598 598 521 615 460 419 128 363 371 300
781 621 284 206 232 457 562 568 183 183 714 615
782 82 277 289 277 191 150 166 747 549 296 342
783 669 615 84 134 553 482 41 5 306 68 86
784 411 646 646 211 48 654 233 828 300 367 96
785 545 255 83 494 312 189 671 471 256 121 160
786 465 155 615 253 228 253 142 80 106 462 212
787 21 137 272 164 15 461 447 447 473 115 28
788 717 271 3 481 586 481 208 495 5 41 95
789 5 346 129 585 544 813 413 440 380 53 182
790 544 817 493 275 60 167 460 679 80 671 188
791 623 129 116 455 304 806 304 13 263 151 136
792 121 494 747 513 121 74 42 5 237 927 234
793 316 435 440 542 168 121 221 223 73 316 793
794 335 448 322 533 170 81 363 236 87 161 661
795 417 23 480 638 44 30 115 123 302 252 302
796 353 98 404 422 21 174 158 234 114 767 121
797 14 394 321 349 13 481 3 845 865 2 587
798 798 798 798 798 798 798 798 798 798 798 798
799 166 818 65 434 16 169 80 340 114 283 601
800 549 276 560 1002 560 607 695 211 208 236 3
801 820 114 547 333 280 294 346 511 262 345 160
802 129 576 128 593 94 176 178 681 178 65 206
803 58 87 422 493 160 559 142 434 427 115 336
804 232 284 280 219 74 82 96 329 187 129 802
805 44 332 141 699 332 500 498 247 506 288 175
806 285 137 859 254 216 592 448 15 760 15 428
807 211 604 411 131 82 105 314 309 219 60 352
808 808 808 808 808 808 808 808 808 808 808 808
809 208 599 242 13 339 27 339 339 30 136 133
810 597 301 170 860 860 900 900 860 165 978 753
811 62 295 341 218 224 148 377 483 113 423 485
812 54 89 252 389 611 166 184 419 114 417 847
813 714 526 280 333 736 86 551 533 4 271 45
814 344 349 644 528 392 86 498 359 11 502 503
815 80 169 438 588 23 474 476 329 474 356 183
816 914 531 256 254 329 21 367 64 232 1000 166
817 493 543 93 14 390 395 494 544 303 486 81
818 440 159 89 302 252 282 132 258 27 25 370
819 140 160 551 723 723 971 108 329 671 471 255
820 593 198 820 203 284 280 62 245 165 337 337
821 160 283 367 93 820 779 820 41 199 280 168
822 53 157 130 388 128 79 13 95 342 228 226
823 452 506 452 360 430 246 44 529 504 525 293
824 191 351 419 45 216 254 290 563 484 86 932
825 723 825 723 92 530 358 503 265 213 533 562
826 1001 803 194 685 859 286 13 98 86 818 65
827 506 430 183 308 379 103 201 166 73 498 804
828 107 357 329 469 96 20 96 21 106 756 106
829 168 486 537 222 282 745 282 62 548 62 15
830 452 529 213 573 213 266 754 19 293 293 8
831 258 831 258 1003 258 357 474 143 90 494 932
832 63 859 520 571 286 286 58 107 23 27 35
833 5 284 292 426 92 137 329 560 386 295 283
834 107 63 379 377 659 377 398 295 283 355 256
835 275 840 129 114 564 164 322 334 429 269 657
836 523 829 290 515 381 149 440 366 253 121 99
837 837 107 35 23 460 679 482 133 557 133 340
838 124 233 333 105 60 368 375 474 90 258 108
839 191 682 681 12 681 352 180 422 82 256 412
840 562 285 840 457 401 664 425 430 11 213 182
841 376 390 491 390 385 387 250 157 130 172 419
842 96 527 976 76 47 333 281 412 102 323 4
843 567 82 543 458 623 611 64 80 671 690 366
844 133 367 133 136 135 23 107 258 282 441 8
845 865 63 329 329 480 92 173 651 597 58 305
846 846 846 605 414 449 414 916 414 697 321 368
847 263 367 405 308 21 82 147 13 343 180 86
848 445 256 362 51 197 197 494 588 438 169 114
849 155 31 932 427 651 301 171 455 816 169 201
850 199 278 201 820 86 189 911 189 1 189 255
851 180 256 318 82 292 292 278 486 113 444 114
852 852 206 62 306 10 325 340 333 133 417 38
853 82 128 180 601 57 194 3 1001 3 473 42
854 183 410 490 186 474 269 810 301 245 113 171
855 299 710 409 504 699 525 573 498 804 266 804
856 212 665 6 252 244 58 814 52 786 52 368
857 166 459 331 225 314 21 173 728 733 326 84
858 306 733 326 143 142 217 50 433 71 288 71
859 63 55 59 303 255 434 467 152 223 74 20
860 251 443 261 427 980 757 367 21 420 13 483
861 350 343 278 908 167 182 396 380 321 546 58
862 777 538 538 326 64 405 480 678 627 420 63
863 57 107 226 443 133 106 20 400 306 51 118
864 411 282 560 29 25 28 405 106 607 170 437
865 2 571 2 285 13 458 714 419 12 452 573
866 411 263 424 269 322 15 125 142 256 133 464
867 134 535 728 92 21 20 166 128 420 373 306
868 5 74 42 405 362 249 367 82 41 249 462
869 376 377 103 157 182 395 60 495 60 381 515
870 65 426 292 160 236 158 4 685 949 880 56
871 231 292 232 939 232 141 213 407 526 93 78
872 74 106 282 80 473 121 649 729 525 19 184
873 401 133 373 240 211 338 211 46 139 269 164
874 425 621 426 129 585 600 168 820 420 15 461
875 170 419 473 412 303 5 42 474 62 216 274
876 564 183 362 62 98 708 86 372 83 283 254
877 549 663 460 518 209 587 4 89 285 921 63
878 23 27 917 970 820 908 95 351 284 936 907
879 242 237 5 132 6 195 63 13 199 280 113
880 174 157 130 257 183 285 63 3 128 445 128
881 96 56 211 243 64 212 44 401 160 641 669
882 160 237 236 158 237 209 494 212 856 922 487
883 339 136 89 54 412 832 59 738 63 379 378
884 412 271 301 931 210 169 364 21 728 535 10
885 887 20 142 375 230 21 81 107 417 107 81
886 2 517 2 880 252 252 236 46 16 249 169
887 887 885 106 242 166 380 321 103 389 321 379
888 412 105 393 145 21 230 420 733 728 21 214
889 300 329 137 371 254 290 493 166 18 376 985
890 890 890 890 890 121 114 80 188 155 326 155
891 405 106 486 188 80 747 663 679 482 129 292
892 124 323 6 458 714 486 394 379 60 947 181
893 971 805 971 823 452 499 503 44 21 303 571
894 327 945 327 105 771 13 420 211 153 17 17
895 114 87 41 474 41 107 121 438 107 252 281
896 375 494 296 473 115 82 41 167 450 932 128
897 263 290 65 204 917 207 908 51 206 149 277
898 898 898 230 366 333 318 114 87 371 97 335
899 2 174 211 281 718 56 54 208 126 586 195
900 170 256 314 226 146 549 459 473 483 340 128
901 137 211 286 412 211 419 848 419 351 81 473
902 5 495 170 494 24 411 263 115 280 169 283
903 907 377 0 560 459 187 87 509 189 747 663
904 321 396 379 103 60 947 377 103 179 365 141
905 316 0 65 357 65 231 201 143 484 563 129
906 160 663 533 249 695 106 64 484 232 113 483
907 179 296 397 458 655 470 438 38 339 464 847
908 124 424 124 424 338 860 978 860 169 434 83
909 546 340 438 35 33 37 36 588 588 35 533
910 65 200 128 28 86 480 142 404 709 404 185
911 189 667 533 362 518 212 114 895 333 442 26
912 526 458 377 918 206 197 172 166 140 273 216
913 183 64 6 515 14 168 122 191 180 149 284
914 116 29 438 28 170 170 533 401 600 585 172
915 38 321 250 250 61 396 393 254 44 160 83
916 414 645 645 191 283 295 157 351 483 165 135
917 196 200 160 207 207 191 645 231 692 231 344
918 204 280 515 526 546 963 237 252 195 803 2
919 89 845 63 803 812 685 647 256 121 828 169
920 230 121 550 82 567 843 567 82 474 424 183
921 930 243 242 879 242 166 333 155 249 541 541
922 14 593 350 851 483 94 13 281 16 337 511
923 825 733 306 51 918 167 205 41 212 173 301
924 89 411 537 307 74 482 339 35 455 976 442
925 847 171 113 115 336 165 844 971 488 499 182
926 234 252 611 160 877 160 190 564 338 37 34
927 241 252 859 132 54 520 303 252 518 533 285
928 211 469 469 329 10 160 121 208 54 807 192
929 929 140 166 152 433 49 87 83 145 17 189
930 669 5 527 444 443 527 981 847 847 464 450
931 301 245 38 438 135 160 329 87 74 498 64
932 748 105 87 333 119 427 431 756 614 742 742
933 929 335 592 335 334 446 166 129 457 92 538
934 340 419 611 419 482 79 445 82 50 84 454
935 936 204 199 280 199 13 79 62 426 86 223
936 284 231 249 121 58 254 254 441 566 407 786
937 937 937 404 532 308 880 408 408 489 644 644
938 611 6 377 166 296 342 157 347 307 307 74
939 350 822 183 145 13 375 411 131 4 411 208
940 93 40 13 12 661 161 87 173 115 128 41
941 189 671 357 478 113 232 167 53 221 73 297
942 95 196 231 262 533 280 289 401 533 663 474
943 295 181 156 321 393 87 227 268 295 283 142
944 748 129 542 413 93 337 437 47 455 113 976
945 409 292 493 422 333 981 919 847 976 443 455
946 641 641 669 641 333 180 421 23 33 28 170
947 377 393 301 314 307 310 74 419 28 36 93
948 381 295 378 393 393 342 262 533 546 533 546
949 305 489 473 531 173 327 82 495 155 420 15
950 812 950 23 31 254 63 365 820 16 355 283
951 913 141 7 666 62 188 679 187 316 793 435
952 509 480 550 160 589 105 282 357 184 282 84
953 590 165 79 128 419 45 62 300 158 114 256
954 546 84 71 71 612 212 411 131 612 356 366
955 205 199 280 458 397 393 379 389 389 521 217
956 506 506 494 23 950 80 82 371 63 115 28
957 569 501 500 141 555 265 555 82 333 47 444
958 962 958 509 325 173 121 419 789 5 302 89
959 377 764 314 165 41 160 601 84 441 754 359
960 377 214 172 275 813 275 515 290 64 733 326
961 377 403 526 399 129 296 6 563 563 706 290
962 958 962 958 509 10 339 427 121 426 82 214
963 930 301 27 135 443 48 105 412 194 5 405
964 23 35 533 457 294 526 912 499 505 499 86
965 936 935 353 69 362 441 473 298 287 20 560
966 189 222 215 89 375 671 480 671 480 667 582
967 504 301 115 283 169 486 261 980 64 103 296
968 184 42 163 62 128 970 51 917 445 301 273
969 184 173 92 137 6 426 423 455 304 252 949
970 128 105 142 559 769 107 665 63 552 121 253
971 403 473 42 199 399 129 128 209 155 495 459
972 509 81 3 845 3 175 63 211 408 826 809
973 971 729 358 161 666 441 142 184 667 69 86
974 593 822 572 350 94 218 218 282 268 301 356
975 971 710 299 287 494 108 971 216 301 301 263
976 47 339 151 27 29 36 409 945 945 325 478
977 242 106 353 796 405 280 342 219 172 228 314
978 753 978 900 115 64 389 211 661 570 566 700
979 745 189 550 549 549 465 786 160 58 96 263
980 427 121 665 272 513 462 561 462 460 434 184
981 455 900 900 183 21 42 129 232 121 316 465
982 137 54 438 30 31 612 424 18 103 18 18
983 333 269 933 929 334 592 269 929 322 461 447
984 153 211 305 815 138 126 173 306 400 309 219
985 376 389 394 385 157 104 387 104 288 233 212
986 411 303 283 355 254 174 126 54 411 987 115
987 438 93 464 420 21 115 163 373 964 373 404
988 24 25 13 15 139 129 329 286 286 252 404
989 329 198 206 201 232 368 537 222 495 606 495
990 285 5 405 548 46 3 128 226 483 352 346
991 520 685 4 859 64 417 263 564 365 249 654
992 129 430 462 586 285 812 57 815 685 665 685
993 408 880 160 529 359 707 332 358 105 269 859
994 6 21 966 189 69 477 477 66 661 247 246
995 712 401 712 4 826 809 57 137 3 408 212
996 12 141 431 105 360 7 451 365 531 142 303
997 24 169 638 169 828 896 169 531 173 462 58
998 65 320 213 44 16 128 197 51 85 370 414
999 145 106 279 106 28 32 367 261 411 717 271
1000 166 492 612 828 434 404 152 86 310 17 163
1001 3 971 809 137 88 183 418 62 748 222 256
1002 560 282 478 325 420 99 124 592 448 216 15
1003 258 559 142 812 63 366 255 13 38 23 151
1004 55 411 209 139 209 543 168 426 276 568 256
0 215 159 209 63
1 146 189 663 679
2 160 892 896 81
3 252 195 192 412
4 286 5 291 129
5 611 938 611 278
6 141 431 84 558
7 247 570 359 529
8 213 44 546 255
9 957 12 19 293
10 329 107 63 2
11 324 121 19 247
12 358 504 359 499
13 444 423 5 337
14 181 172 231 60
15 823 358 502 44
16 258 282 16 15
17 495 673 673 673
18 420 810 210 810
19 452 264 452 359
20 83 484 822 822
21 145 114 318 925
22 20 230 333 253
23 37 261 367 892
24 169 427 151 655
25 29 590 30 251
26 28 165 932 153
27 40 442 485 73
28 142 248 549 418
29 5 170 165 220
30 251 169 437 900
31 361 560 48 211
32 367 36 129 820
33 27 545 87 269
34 590 28 41 47
35 464 23 533 28
36 409 581 308 396
37 96 100 124 107
38 443 847 847 423
39 455 263 442 114
40 370 85 778 85
41 87 820 5 466
42 492 84 270 515
43 406 374 505 43
44 374 503 358 700
45 273 322 272 186
46 129 256 46 63
47 107 58 886 2
48 455 119 96 470
49 217 121 405 304
50 153 493 107 601
51 204 820 366 107
52 232 321 376 376
53 128 494 480 23
54 249 170 301 651
55 59 408 845 481
56 252 286 174 158
57 5 102 5 53
58 211 252 138 520
59 55 166 506 971
60 385 296 610 96
61 296 121 201 143
62 142 216 579 321
63 880 2 107 121
64 94 176 200 51
65 358 505 502 504
66 661 44 401 160
67 74 248 268 496
68 509 13 318 981
69 188 170 251 370
70 86 153 160 423
71 70 86 259 21
72 21 777 538 306
73 221 215 301 81
74 212 180 86 210
75 261 986 470 116
76 333 518 252 369
77 107 589 160 303
78 539 531 473 411
79 417 434 333 516
80 271 272 461 446
81 896 300 263 76
82 132 210 129 840
83 506 238 92 723
84 39 367 340 217
85 1 450 13 242
86 117 117 117 121
87 17 431 83 481
88 211 57 619 57
89 271 481 58 162
90 220 434 62 292
91 478 543 688 543
92 86 499 488 141
93 30 23 24 5
94 196 198 258 211
95 41 160 352 60
96 88 209 236 83
97 300 121 86 215
98 124 139 124 513
99 937 125 101 768
100 97 768 935 125
101 353 129 270 11
102 812 54 88 88
103 61 283 351 179
104 155 351 180 41
105 357 81 121 531
106 169 860 375 860
107 201 593 205 557
108 111 474 249 210
109 108 90 329 128
110 478 183 281 56
111 84 48 981 442
112 91 143 340 547
113 981 245 47 26
114 220 218 224 256
115 142 405 44 407
116 171 981 847 48
117 117 223 330 64
118 387 392 376 103
119 84 555 19 421
120 377 526 257 450
121 340 152 271 20
122 122 656 177 331
123 165 362 28 183
124 173 404 518 155
125 101 155 108 143
126 57 6 191 682
127 37 545 442 35
128 340 83 252 145
129 544 183 5 430
130 122 515 275 232
131 121 245 981 47
132 809 131 285 183
133 106 105 190 106
134 521 389 317 310
135 438 74 67 66
136 135 914 914 113
137 56 3 665 58
138 520 166 459 717
139 461 624 13 244
140 15 448 461 447
141 569 558 451 569
142 129 188 459 74
143 41 474 404 333
144 186 165 171 590
145 462 106 212 576
146 66 477 329 83
147 121 129 13 418
148 344 656 149 490
149 621 426 292 14
150 166 28 27 336
151 85 1 84 134
152 223 311 17 233
153 212 371 365 589
154 5 346 168 133
155 150 122 167 450
156 697 5 423 370
157 681 5 405 249
158 931 301 269 16
159 183 80 329 258
160 319 235 243 963
161 264 358 510 525
162 90 494 480 184
163 131 86 205 128
164 139 334 272 409
165 82 214 176 423
166 253 373 194 54
167 53 397 719 296
168 35 169 170 438
169 900 860 170 62
170 165 547 339 151
171 38 245 301 263
172 133 681 345 351
173 612 211 129 186
174 366 86 170 164
175 3 599 63 89
176 593 320 333 211
177 218 94 294 129
178 232 120 0 223
179 103 60 342 296
180 162 820 16 164
181 628 295 255 712
182 387 395 296 284
183 169 251 86 526
184 968 184 301 444
185 709 353 82 106
186 420 78 420 647
187 152 115 252 615
188 508 418 509 480
189 663 663 80 188
190 105 282 87 859
191 180 342 191 86
192 408 5 726 726
193 6 515 94 120
194 6 55 211 654
195 281 64 280 172
196 424 527 113 23
197 820 749 776 167
198 199 204 350 593
199 820 153 50 84
200 344 377 377 312
201 473 44 892 828
202 198 205 917 483
203 376 387 42 296
204 776 918 207 196
205 79 77 254 445
206 198 41 482 521
207 918 94 204 918
208 132 305 685 859
209 160 352 214 460
210 252 533 515 562
211 57 137 80 80
212 58 158 237 6
213 558 324 666 441
214 191 365 362 256
215 218 696 18 365
216 971 799 189 253
217 431 756 459 225
218 18 18 160 413
219 483 178 539 380
220 223 215 5 283
221 225 460 597 411
222 215 114 424 212
223 215 411 126 131
224 365 223 612 282
225 221 537 222 86
226 390 181 162 433
227 227 377 204 200
228 218 282 405 303
229 366 62 74 950
230 282 64 95 129
231 179 231 203 105
232 231 624 491 377
233 434 163 105 44
234 252 654 234 654
235 209 303 169 816
236 240 424 74 282
237 160 366 518 187
238 506 2 3 128
239 373 508 188 282
240 160 195 59 160
241 244 810 420 152
242 5 833 5 120
243 84 115 436 437
244 615 129 367 116
245 48 367 486 357
246 499 7 466 9
247 213 320 104 179
248 317 307 17 333
249 367 337 437 135
250 61 707 213 213
251 62 426 232 575
252 115 105 366 44
253 932 165 245 326
254 458 526 250 321
255 13 93 41 95
256 312 228 482 228
257 450 93 133 28
258 410 183 526 53
259 248 73 316 316
260 21 214 351 180
261 486 5 272 322
262 907 349 5 807
263 86 30 51 44
264 86 623 458 413
265 533 322 46 164
266 498 358 700 238
267 570 360 359 421
268 459 225 459 212
269 107 591 142 295
270 129 840 526 424
271 13 581 820 776
272 290 280 87 513
273 83 21 42 387
274 140 166 125 86
275 176 423 527 333
276 276 549 173 546
277 191 342 147 115
278 301 284 174 174
279 279 160 337 13
280 130 776 167 340
281 412 102 516 333
282 170 471 434 137
283 288 70 152 364
284 472 284 5 232
285 586 131 107 164
286 486 232 156 13
287 20 260 173 10
288 434 113 13 84
289 231 14 493 129
290 165 128 218 549
291 291 129 600 585
292 133 30 473 213
293 44 573 141 306
294 232 51 141 957
295 459 187 184 21
296 83 82 130 172
297 86 30 44 805
298 137 20 160 296
299 80 137 859 243
300 161 661 363 121
301 170 497 13 25
302 115 373 134 340
303 236 434 275 200
304 54 305 408 571
305 683 683 285 371
306 366 173 92 513
307 696 307 376 841
308 532 211 303 932
309 73 331 222 312
310 170 254 186 932
311 366 596 596 366
312 225 283 376 103
313 218 223 655 458
314 219 60 390 283
315 537 307 133 120
316 253 315 253 21
317 74 872 61 387
318 333 166 520 155
319 160 320 533 290
320 179 907 179 82
321 592 46 424 758
322 446 448 429 273
323 323 64 379 295
324 555 324 754 720
325 420 269 929 429
326 143 820 142 62
327 6 486 611 464
328 86 936 965 936
329 363 384 363 105
330 556 280 60 392
331 362 133 165 753
332 506 374 529 496
333 434 314 309 221
334 139 46 46 21
335 533 822 494 152
336 136 169 301 21
337 82 74 231 841
338 31 256 490 165
339 39 437 47 86
340 114 371 434 495
341 295 378 385 394
342 103 342 345 130
343 183 113 483 94
344 377 907 349 180
345 351 342 340 554
346 129 367 438 531
347 307 696 74 152
348 191 379 394 104
349 148 191 347 157
350 350 822 908 124
351 346 5 249 367
352 656 178 231 206
353 69 473 68 550
354 323 101 404 107
355 420 311 494 169
356 366 950 424 527
357 21 6 411 303
358 105 41 51 908
359 452 161 264 441
360 441 121 163 654
361 47 76 245 367
362 107 597 301 321
363 303 271 323 618
364 211 764 541 249
365 62 3 160 158
366 693 83 278 168
367 75 437 251 165
368 301 61 266 533
369 252 66 111 375
370 96 116 443 29
371 212 210 241 440
372 82 143 197 494
373 243 234 145 21
374 374 7 422 131
375 411 57 601 79
376 262 511 949 211
377 257 183 113 115
378 150 181 95 377
379 378 397 53 129
380 656 262 180 373
381 397 379 295 215
382 157 5 177 229
383 181 133 483 321
384 387 393 250 390
385 395 121 169 438
386 560 27 438 5
387 296 280 232 820
388 388 104 389 341
389 317 226 225 17
390 321 351 320 394
391 381 390 391 391
392 61 321 182 296
393 387 389 60 214
394 388 377 1 187
395 283 366 747 473
396 379 380 61 345
397 321 697 415 852
398 295 390 377 398
399 450 813 450 581
400 306 113 444 96
401 542 256 338 438
402 420 458 604 411
403 426 167 483 167
404 615 121 1 616
405 329 10 96 481
406 44 502 7 498
407 505 358 374 166
408 56 209 252 175
409 118 51 409 118
410 490 490 419 226
411 285 132 131 249
412 243 58 865 845
413 13 15 82 86
414 449 414 415 414
415 852 206 207 377
416 173 340 280 228
417 93 204 51 196
418 189 146 147 366
419 351 129 333 81
420 531 405 145 147
421 13 23 249 12
422 950 131 419 14
423 48 105 347 215
424 82 304 564 164
425 4 126 211 66
426 956 913 525 266
427 612 82 170 13
428 448 421 19 754
429 446 933 956 700
430 504 441 533 361
431 105 86 421 11
432 121 318 442 48
433 121 405 537 20
434 340 339 261 23
435 942 435 147 434
436 438 249 183 543
437 89 434 651 434
438 23 367 340 152
439 96 75 494 283
440 168 291 543 65
441 213 12 161 358
442 442 417 160 302
443 847 417 443 423
444 245 82 189 941
445 5 132 131 481
446 335 164 695 211
447 579 447 446 335
448 579 216 69 141
449 414 603 414 415
450 399 401 148 150
451 265 533 562 426
452 141 661 19 161
453 84 444 171 93
454 84 73 756 42
455 115 438 405 45
456 405 367 129 42
457 526 912 466 856
458 86 366 387 283
459 106 690 690 549
460 419 848 419 554
461 819 140 64 91
462 506 971 8 971
463 463 462 145 163
464 455 169 494 918
465 61 296 179 820
466 971 174 809 285
467 21 560 316 409
468 419 333 976 423
469 112 474 107 132
470 470 494 466 856
471 255 424 401 543
472 355 210 62 544
473 187 329 38 339
474 166 285 183 375
475 375 411 462 106
476 474 142 1 459
477 258 365 7 407
478 143 133 167 918
479 381 149 206 201
480 671 106 372 594
481 421 23 220 113
482 228 253 162 163
483 727 83 82 441
484 64 171 444 847
485 318 171 48 113
486 183 165 34 5
487 9 452 573 9
488 487 332 608 452
489 256 296 607 695
490 87 820 243 240
491 892 438 74 106
492 115 86 259 818
493 464 136 417 32
494 84 487 466 362
495 223 177 309 272
496 83 513 655 171
497 424 237 210 237
498 529 913 183 543
499 407 494 375 230
500 264 440 498 64
501 500 332 9 957
502 407 7 672 365
503 498 956 506 332
504 569 7 608 359
505 358 106 518 188
506 332 359 44 569
507 314 365 255 255
508 69 508 68 473
509 108 476 375 230
510 754 555 409 39
511 5 464 291 542
512 160 494 714 425
513 355 16 282 256
514 474 269 365 114
515 593 95 64 222
516 305 520 89 107
517 2 238 525 498
518 371 160 47 820
519 519 228 495 228
520 89 6 57 138
521 217 71 121 168
522 563 464 337 336
523 522 523 706 373
524 72 163 282 77
525 359 213 332 699
526 290 16 308 405
527 423 547 527 96
528 644 296 380 562
529 421 856 8 498
530 293 525 499 19
531 249 152 404 323
532 286 6 430 441
533 473 403 425 4
534 256 128 179 191
535 482 598 553 554
536 189 127 107 338
537 243 237 424 240
538 777 498 266 266
539 178 53 380 397
540 971 466 421 141
541 160 339 171 533
542 291 403 133 307
543 425 621 284 191
544 6 281 845 193
545 183 42 87 21
546 397 377 148 344
547 370 135 914 115
548 46 933 929 579
549 663 460 427 434
550 81 564 638 124
551 303 371 183 236
552 481 845 252 272
553 134 554 482 820
554 340 251 30 62
555 265 503 265 608
556 464 133 42 671
557 205 160 445 256
558 487 466 466 324
559 518 363 280 168
560 19 549 44 129
561 462 145 249 80
562 654 820 751 6
563 563 936 167 434
564 2 249 62 151
565 12 121 16 379
566 608 498 267 700
567 290 892 44 10
568 562 401 130 129
569 161 451 466 720
570 359 672 359 700
571 3 845 685 520
572 515 552 571 303
573 573 11 141 533
574 401 457 401 121
575 231 385 376 122
576 128 892 491 753
577 375 368 1 548
578 577 249 462 106
579 334 272 322 461
580 580 580 580 580
581 301 474 269 371
582 671 106 480 107
583 521 583 521 766
584 290 426 113 919
585 600 585 389 521
586 195 517 743 102
587 832 3 62 233
588 13 356 106 187
589 671 68 508 184
590 37 151 113 129
591 83 405 493 280
592 15 334 140 5
593 95 93 361 171
594 372 58 208 520
595 52 537 315 253
596 596 597 810 222
597 756 268 106 537
598 553 521 823 264
599 481 63 164 447
600 168 276 426 458
601 191 348 191 191
602 707 570 19 129
603 414 916 414 449
604 411 434 17 222
605 851 352 546 546
606 495 641 371 285
607 460 74 282 690
608 498 358 569 249
609 30 339 39 13
610 420 278 365 490
611 129 425 294 342
612 121 107 859 212
613 117 100 86 708
614 614 756 431 141
615 669 420 661 666
616 320 333 128 280
617 269 929 489 473
618 404 896 300 303
619 57 949 481 138
620 620 86 184 115
621 426 413 13 458
622 238 412 243 132
623 611 389 379 157
624 231 176 177 380
625 412 57 809 4
626 87 20 495 360
627 62 179 103 320
628 628 394 388 394
629 440 457 562 425
630 369 88 303 283
631 159 58 282 217
632 719 393 254 859
633 633 633 633 633
634 635 520 533 342
635 812 803 58 55
636 211 138 286 408
637 209 118 116 914
638 10 13 421 452
639 234 639 65 101
640 99 937 353 937
641 212 41 93 82
642 473 87 810 88
643 217 84 71 152
644 64 466 265 529
645 156 232 562 202
646 646 131 58 63
647 93 515 167 572
648 648 648 648 648
649 729 84 513 183
650 215 18 696 222
651 2 283 758 288
652 333 493 14 64
653 653 653 653 653
654 48 37 588 438
655 151 136 133 64
656 377 526 82 493
657 269 155 429 929
658 658 658 658 658
659 659 377 231 172
660 660 660 660 660
661 211 142 85 160
662 366 166 480 549
663 474 38 115 79
664 664 664 486 160
665 87 58 664 486
666 160 501 504 912
667 188 82 4 195
668 157 681 851 851
669 641 166 376 388
670 670 670 670 670
671 589 155 326 96
672 506 827 506 452
673 495 208 211 56
674 267 608 7 466
675 675 675 675 675
676 447 429 301 184
677 434 828 142 357
678 311 420 106 351
679 375 51 44 7
680 380 385 380 181
681 123 900 128 405
682 511 651 651 950
683 411 96 728 96
684 684 684 684 684
685 194 412 105 544
686 301 597 460 57
687 86 526 426 493
688 543 168 543 294
689 543 121 129 714
690 316 979 170 455
691 691 691 691 691
692 231 440 426 93
693 83 210 927 963
694 664 363 105 358
695 228 223 121 404
696 218 268 160 541
697 415 86 499 529
698 59 408 56 520
699 953 301 222 695
700 971 467 84 250
701 462 173 416 327
702 932 115 531 548
703 703 703 703 703
704 107 160 685 160
705 450 581 409 457
706 86 623 450 623
707 700 358 602 441
708 185 662 100 86
709 185 708 353 166
710 272 446 13 79
711 711 711 711 711
712 995 712 401 129
713 81 365 258 424
714 458 5 140 45
715 20 189 253 166
716 716 5 285 854
717 271 152 404 709
718 305 54 211 258
719 121 820 129 542
720 266 441 324 666
721 721 30 545 588
722 27 136 336 409
723 723 733 440 176
724 338 32 29 473
725 417 438 361 261
726 189 818 92 728
727 483 377 483 473
728 20 74 560 316
729 441 546 513 268
730 468 224 560 496
731 731 731 731 731
732 732 732 732 732
733 306 549 671 42
734 351 157 250 1
735 269 5 581 77
736 62 312 218 596
737 271 86 197 206
738 411 58 63 3
739 155 101 581 301
740 82 490 460 159
741 377 656 380 680
742 546 154 5 249
743 102 192 271 80
744 744 744 744 744
745 979 106 518 17
746 746 746 746 746
747 615 954 249 152
748 106 106 495 17
749 62 237 244 422
750 88 88 806 89
751 128 36 160 173
752 283 752 121 16
753 491 127 160 133
754 211 489 473 327
755 211 571 62 233
756 215 331 177 215
757 577 166 353 486
758 366 596 301 184
759 459 498 738 285
760 335 45 446 933
761 393 121 363 367
762 516 5 218 482
763 5 833 5 423
764 30 40 560 222
765 365 128 278 292
766 134 554 521 482
767 13 27 165 531
768 124 640 371 121
769 559 282 612 924
770 353 687 353 770
771 105 474 87 64
772 772 772 772 772
773 405 17 297 86
774 285 562 202 562
775 560 106 355 63
776 94 95 200 206
777 173 612 50 48
778 569 558 213 452
779 549 325 5 272
780 84 601 252 56
781 621 342 167 94
782 82 474 108 356
783 654 217 282 174
784 411 303 46 428
785 13 244 422 248
786 407 466 466 498
787 21 5 105 419
788 717 131 283 495
789 168 172 482 419
790 544 542 399 440
791 425 562 6 426
792 121 474 90 494
793 316 222 424 147
794 335 933 447 592
795 417 165 212 288
796 121 363 518 212
797 18 852 206 160
798 798 798 798 798
799 549 190 184 287
800 549 663 187 80
801 41 464 523 457
802 802 365 62 12
803 193 57 520 4
804 264 359 502 358
805 44 161 666 661
806 89 96 439 338
807 5 21 107 531
808 808 808 808 808
809 707 232 204 533
810 269 288 758 283
811 62 230 121 526
812 932 597 597 546
813 585 295 181 541
814 344 177 200 51
815 286 486 327 733
816 548 203 86 206
817 813 543 87 172
818 301 113 26 25
819 273 13 168 263
820 15 121 441 430
821 160 504 504 525
822 922 922 908 95
823 558 529 504 246
824 191 178 380 393
825 306 28 896 169
826 685 194 826 63
827 506 64 326 118
828 356 81 170 107
829 168 64 914 338
830 452 666 161 496
831 258 282 747 550
832 195 211 46 142
833 856 12 13 238
834 107 131 96 89
835 84 1 450 128
836 813 450 212 91
837 107 859 366 68
838 124 282 160 676
839 191 857 160 181
840 413 275 6 55
841 841 231 262 148
842 96 417 486 478
843 567 567 82 464
844 971 93 29 26
845 305 698 2 886
846 846 846 605 797
847 205 172 62 114
848 445 45 448 15
849 387 283 356 564
850 546 518 173 531
851 157 681 178 214
852 415 697 5 464
853 82 169 734 156
854 252 932 98 404
855 155 849 155 223
856 434 148 148 377
857 160 484 129 544
858 306 538 326 145
859 3 137 859 271
860 816 170 254 490
861 350 939 350 342
862 777 86 8 569
863 57 131 58 494
864 411 194 6 275
865 58 88 924 699
866 96 340 251 370
867 340 331 328 514
868 320 156 349 321
869 376 397 537 526
870 65 776 199 342
871 231 177 74 67
872 74 64 108 290
873 401 562 440 265
874 65 357 424 69
875 170 160 236 238
876 564 564 2 114
877 549 288 121 161
878 27 165 434 173
879 242 241 252 121
880 63 236 963 131
881 96 245 365 106
882 166 573 160 400
883 115 436 437 115
884 412 412 55 131
885 106 17 434 189
886 217 431 17 474
887 885 20 690 20
888 412 2 1001 6
889 828 353 183 300
890 121 81 80 508
891 892 405 333 2
892 114 215 155 150
893 971 844 165 160
894 327 894 327 6
895 417 162 107 954
896 12 8 62 187
897 263 531 438 590
898 481 271 859 162
899 2 865 56 63
900 411 114 76 417
901 137 679 549 356
902 5 337 123 860
903 191 601 57 54
904 321 393 810 244
905 297 49 297 905
906 160 410 486 458
907 851 350 681 160
908 204 377 365 377
909 129 64 300 161
910 65 53 85 820
911 222 310 366 68
912 765 293 12 86
913 529 487 421 11
914 816 411 400 336
915 38 722 28 229
916 414 697 645 697
917 95 218 300 158
918 1000 232 501 430
919 443 26 32 33
920 230 107 932 420
921 56 59 54 55
922 488 487 213 525
923 723 733 825 733
924 612 726 314 62
925 333 5 198 94
926 64 458 413 840
927 242 160 284 1
928 211 408 126 56
929 933 956 922 79
930 930 243 57 208
931 926 242 158 242
932 282 401 835 401
933 429 322 335 579
934 268 313 268 212
935 768 323 64 102
936 86 425 835 401
937 640 564 365 419
938 611 160 80 249
939 572 939 232 219
940 128 206 751 167
941 189 465 83 41
942 95 51 113 367
943 295 288 431 141
944 748 121 4 809
945 327 328 494 290
946 641 160 690 86
947 295 486 94 201
948 381 180 191 645
949 211 129 932 932
950 113 547 48 40
951 525 510 7 422
952 69 663 375 514
953 900 411 121 340
954 518 355 896 896
955 94 206 284 203
956 856 506 366 169
957 569 365 363 365
958 509 400 69 952
959 377 6 305 64
960 377 104 160 193
961 377 65 53 232
962 325 87 153 513
963 107 279 106 340
964 373 571 3 56
965 936 546 393 142
966 189 215 189 81
967 44 249 366 387
968 184 142 248 142
969 509 551 663 549
970 440 64 445 77
971 723 126 271 552
972 509 107 340 420
973 971 232 473 490
974 128 23 40 13
975 971 9 421 434
976 113 976 423 361
977 209 174 473 25
978 900 168 484 694
979 979 745 979 1
980 367 249 459 498
981 455 437 443 47
982 137 271 57 604
983 113 29 121 145
984 66 513 222 64
985 376 387 523 172
986 470 816 115 115
987 411 131 604 411
988 24 151 170 310
989 989 989 989 91
990 285 211 194 300
991 412 105 128 105
992 129 106 300 269
993 408 832 59 137
994 6 571 62 269
995 712 255 472 453
996 12 666 166 296
997 953 301 159 238
998 65 178 157 368
999 145 271 3 195
1000 292 83 546 177
1001 3 3 107 417
1002 560 66 389 341
1003 258 18 797 231
1004 55 738 520 285
