0 64 87 422 115 336 170 494 23 590 86 404
1 1 85 17 83 58 4 13 748 151 48 48
2 886 2 59 57 107 702 932 490 186 129 139
3 601 41 128 206 852 852 851 352 41 128 419
4 57 89 252 408 5 235 243 375 318 338 121
5 74 313 313 317 313 85 537 316 309 310 86
6 408 212 333 820 165 113 318 40 953 900 170
7 666 566 569 707 12 896 896 710 508 373 812
8 823 566 8 7 8 441 546 83 424 211 734
9 510 674 267 267 265 266 324 63 564 209 411
10 366 233 87 493 278 262 122 411 123 860 455
11 211 495 290 107 47 263 424 355 856 452 573
12 13 94 350 157 734 280 62 856 153 83 424
13 506 494 312 225 148 262 903 262 342 346 820
14 440 177 0 64 918 128 169 367 303 105 357
15 273 819 139 541 405 169 137 174 210 533 408
16 80 329 143 290 437 361 93 36 588 34 434
17 105 493 457 425 574 280 340 28 33 23 30
18 222 81 20 282 65 493 42 249 363 351 166
19 452 502 44 107 55 638 589 249 355 932 233
20 188 189 314 295 471 810 87 489 256 87 233
21 690 447 447 461 273 592 164 63 408 533 457
22 21 36 37 86 170 86 82 353 796 405 371
23 333 142 258 328 91 143 51 113 47 86 74
24 96 326 538 530 11 661 66 48 229 170 136
25 27 170 360 169 263 142 576 494 229 48 925
26 34 361 62 714 65 282 160 340 152 333 166
27 588 35 5 183 286 59 520 305 880 138 815
28 105 518 426 714 183 543 399 183 165 336 92
29 151 85 312 228 695 597 651 950 17 153 820
30 28 914 169 409 10 405 187 405 211 249 351
31 155 189 188 189 667 13 79 922 129 542 413
32 24 34 590 28 28 121 480 494 160 498 569
33 30 590 38 23 113 367 427 96 816 816 548
34 590 38 34 5 34 361 263 290 128 127 259
35 282 373 134 340 217 433 144 492 212 932 963
36 13 576 543 458 813 714 413 214 21 400 68
37 96 302 238 241 240 158 235 159 58 58 366
38 26 23 24 964 24 654 48 492 212 404 950
39 35 62 115 251 30 82 453 546 508 69 87
40 25 473 14 292 409 278 342 60 179 107 357
41 133 120 309 95 6 21 282 16 64 102 412
42 64 411 166 333 654 58 142 145 393 394 393
43 358 73 560 329 306 538 326 114 80 82 87
44 128 52 814 347 612 17 105 533 180 149 88
45 45 933 89 302 438 29 24 151 121 492 256
46 533 230 420 107 357 62 253 184 877 549 296
47 976 113 455 89 809 271 282 258 132 236 160
48 165 932 212 474 87 81 371 132 285 420 212
49 643 163 154 107 210 132 809 57 460 549 325
50 152 333 473 418 160 113 36 36 29 34 116
51 280 129 14 168 83 180 70 152 345 342 907
52 157 392 393 107 216 461 139 334 592 335 447
53 280 129 35 953 845 4 170 497 491 497 78
54 552 132 424 164 64 412 58 304 369 630 369
55 481 305 604 96 101 353 770 353 796 405 367
56 59 408 473 393 384 387 389 53 183 170 164
57 949 59 2 211 16 405 126 564 4 58 55
58 129 526 296 387 523 618 124 166 485 333 17
59 803 59 586 126 208 133 208 132 859 89 482
60 390 526 183 399 51 14 465 809 54 137 355
61 267 265 503 502 529 488 922 141 420 167 340
62 190 366 63 921 56 56 211 46 142 366 68
63 58 654 32 438 114 158 114 89 252 281 685
64 733 306 93 166 430 129 44 212 493 294 94
65 515 450 232 232 115 612 393 295 82 333 83
66 560 19 13 318 176 181 389 64 389 252 481
67 108 109 62 474 476 474 859 62 423 62 627
68 64 395 424 483 61 347 231 206 197 86 8
69 141 362 86 368 391 390 526 493 278 231 841
70 212 210 931 599 158 234 366 10 508 533 185
71 50 50 162 2 195 174 15 209 240 237 927
72 106 932 932 115 128 486 263 486 172 129 367
73 313 223 64 98 102 517 5 419 607 460 169
74 177 380 14 936 204 350 350 180 421 471 810
75 655 171 38 590 29 30 251 27 39 48 443
76 333 28 183 184 747 615 87 243 242 927 241
77 539 494 268 295 471 295 104 295 377 122 468
78 310 1 537 178 656 149 381 390 250 526 424
79 86 180 214 107 89 933 334 269 252 302 13
80 395 250 395 181 394 283 379 157 296 387 380
81 420 191 511 275 789 129 294 206 201 342 167
82 18 852 851 851 342 178 157 393 104 60 250
83 430 462 545 30 820 123 900 123 900 5 437
84 433 434 221 403 813 403 537 613 537 243 84
85 820 114 30 424 820 123 170 424 82 287 509
86 586 932 963 404 421 23 135 30 367 165 47
87 155 154 932 165 26 438 136 361 434 417 183
88 149 277 14 498 44 374 44 360 265 265 359
89 469 469 211 402 402 420 141 856 265 19 823
90 66 67 189 663 747 667 128 377 204 200 201
91 758 85 726 283 103 376 182 181 182 18 167
92 728 5 105 145 121 219 314 82 23 86 210
93 28 25 588 545 24 545 438 151 24 23 166
94 177 309 297 86 42 427 145 462 254 296 160
95 61 379 16 157 382 377 402 258 18 62 811
96 211 364 212 303 533 185 354 125 5 681 191
97 768 124 51 557 256 424 237 6 544 105 121
98 124 100 371 283 16 221 53 394 321 392 157
99 768 323 101 380 232 263 263 114 564 589 212
100 124 100 101 124 233 441 529 558 451 265 19
101 131 83 355 546 820 85 778 160 106 473 115
102 3 1001 193 194 587 209 13 506 374 466 267
103 182 388 157 178 166 178 65 232 358 141 83
104 393 121 520 138 815 520 991 520 57 57 949
105 748 460 129 290 426 425 289 277 515 232 397
106 771 16 258 198 258 183 291 93 135 65 257
107 281 121 306 51 14 434 283 329 375 340 13
108 477 66 91 64 859 281 131 373 112 108 329
109 62 340 342 294 457 533 541 162 4 612 309
110 258 152 223 330 860 900 251 971 448 16 68
111 375 121 748 748 118 549 747 189 533 18 309
112 478 476 375 469 469 96 285 457 92 373 166
113 370 171 133 401 130 280 292 523 706 836 813
114 278 128 41 482 228 342 180 284 255 46 121
115 427 615 820 53 103 546 106 184 62 445 5
116 361 976 423 370 427 950 303 88 142 226 300
117 223 0 380 0 266 246 7 213 360 11 129
118 84 118 301 28 39 29 28 39 165 492 612
119 333 154 163 932 371 155 115 153 254 283 169
120 232 206 294 425 289 280 655 116 136 455 442
121 288 550 480 564 81 222 314 221 73 116 655
122 411 604 131 131 132 6 346 51 109 51 399
123 302 419 211 114 166 664 58 234 243 235 360
124 353 121 30 37 35 128 211 571 3 272 546
125 121 489 5 492 510 492 932 107 296 385 231
126 138 285 301 596 597 651 254 651 254 226 223
127 82 647 685 252 271 55 63 405 142 121 77
128 53 14 430 62 554 553 598 598 553 340 331
129 450 82 427 950 913 7 707 358 374 441 566
130 82 179 122 191 148 160 336 13 69 287 549
131 83 131 305 285 82 572 563 272 447 447 933
132 89 469 143 83 233 637 233 288 175 174 282
133 29 37 38 23 41 14 129 28 165 860 914
134 372 84 49 87 812 428 45 124 124 166 114
135 361 261 31 27 361 423 892 300 209 273 209
136 170 355 210 271 411 282 217 142 820 95 198
137 21 96 56 4 121 201 202 820 105 281 137
138 59 812 217 433 144 212 364 169 753 116 753
139 322 448 335 97 101 768 323 271 5 157 284
140 541 162 236 107 665 3 160 83 41 142 282
141 359 264 7 44 699 525 967 525 729 971 740
142 615 281 131 58 601 177 215 756 73 485 221
143 51 199 908 41 207 409 23 151 23 950 492
144 283 201 420 269 446 216 64 405 642 82 287
145 4 2 55 285 164 16 68 220 220 23 27
146 177 74 228 74 221 116 434 421 61 178 575
147 533 44 856 246 246 530 246 608 566 43 358
148 148 148 191 349 348 342 95 181 394 103 0
149 377 379 388 179 160 67 533 310 313 623 458
150 393 393 180 122 515 664 664 363 303 533 188
151 165 455 919 847 547 113 494 197 95 94 207
152 395 295 61 390 394 947 393 321 947 377 376
153 434 856 956 506 238 252 59 96 10 96 245
154 422 546 513 211 506 86 201 94 167 450 212
155 115 411 6 299 145 405 173 282 588 600 401
156 381 948 381 387 118 118 756 288 371 169 121
157 368 146 1 726 17 177 562 497 424 21 467
158 599 208 121 367 64 376 719 64 665 63 56
159 183 3 371 533 165 443 725 370 171 470 971
160 326 13 655 367 337 339 336 860 338 62 180
161 451 566 7 499 374 499 699 499 699 504 358
162 181 219 172 493 107 340 766 766 134 5 100
163 72 311 905 311 189 146 316 231 841 376 380
164 272 409 225 314 105 81 46 812 373 93 166
165 362 401 434 612 41 593 142 665 107 531 62
166 233 235 244 244 237 210 638 210 107 544 121
167 749 776 14 14 168 198 201 51 64 417 107
168 166 139 15 353 662 166 141 6 571 2 612
169 533 86 83 615 153 16 495 363 256 534 440
170 442 423 527 423 426 401 276 301 596 596 596
171 533 441 699 332 525 510 661 7 504 502 503
172 167 515 176 93 82 183 44 28 270 486 63
173 950 856 331 166 124 892 367 113 442 245 925
174 4 431 80 28 35 22 92 685 520 22 155
175 58 601 3 236 46 748 748 405 166 404 107
176 381 295 103 380 166 84 249 932 20 86 121
177 94 440 159 244 84 233 494 484 694 290 340
178 191 824 191 86 129 203 41 180 257 426 92
179 278 83 114 367 245 444 423 370 41 206 94
180 422 87 974 917 205 483 305 63 41 908 822
181 368 368 121 27 170 494 151 96 64 134 133
182 53 397 157 347 231 176 515 413 168 292 168
183 114 44 401 294 572 86 444 76 5 327 141
184 187 550 105 153 154 654 84 444 464 291 133
185 371 490 295 276 401 82 80 68 549 549 69
186 856 405 367 303 304 420 624 409 38 40 171
187 105 362 434 183 714 419 434 97 371 353 106
188 80 287 69 13 301 89 5 980 367 932 506
189 127 1 215 221 310 309 64 91 96 867 411
190 549 316 268 221 222 315 17 233 932 211 495
191 682 511 301 624 301 423 370 226 254 458 280
192 5 201 86 756 597 932 212 303 89 925 89
193 3 880 408 587 2 114 366 17 162 58 856
194 58 244 235 234 58 685 298 184 107 44 16
195 516 192 807 211 54 481 3 665 812 859 434
196 167 172 65 430 19 160 493 585 295 450 129
197 373 133 493 791 425 791 425 574 65 568 568
198 183 107 410 356 375 477 66 329 258 87 187
199 206 284 377 494 113 33 615 954 249 362 856
200 820 443 263 333 419 5 102 100 592 908 820
201 18 115 160 314 872 17 42 21 375 301 113
202 623 450 211 258 211 419 180 212 612 248 260
203 495 154 17 189 146 533 679 549 306 511 64
204 198 229 28 96 408 137 481 898 481 411 430
205 204 283 160 826 832 195 59 285 107 249 541
206 86 132 552 13 40 917 908 593 198 200 178
207 409 667 105 159 235 930 236 46 273 13 65
208 305 809 465 549 855 549 778 569 43 358 502
209 631 631 159 434 828 405 158 3 59 408 587
210 434 515 381 379 296 21 249 430 425 4 192
211 66 91 258 22 20 10 324 441 729 141 360
212 589 459 17 107 303 362 12 264 441 754 141
213 8 570 265 823 7 510 7 332 498 12 430
214 851 191 352 60 384 105 607 589 83 372 58
215 296 107 78 539 160 611 270 493 694 664 363
216 160 23 249 489 121 160 270 611 623 611 270
217 71 50 612 859 183 371 641 669 420 430 7
218 310 74 310 18 166 107 31 142 828 405 263
219 280 458 655 28 34 23 165 133 450 542 440
220 47 107 506 674 565 12 498 73 297 13 126
221 106 222 341 560 386 17 163 107 430 506 64
222 310 218 82 82 368 537 366 153 513 218 36
223 655 231 257 401 870 425 401 568 357 21 81
224 160 832 59 832 612 145 474 375 66 514 329
225 74 116 73 498 7 672 406 504 7 212 152
226 17 393 60 378 378 179 340 274 140 269 334
227 537 52 368 394 14 79 557 77 445 820 365
228 342 346 180 284 472 471 170 35 301 45 272
229 28 116 896 112 474 356 16 295 585 706 124
230 62 80 880 880 252 434 506 503 506 13 661
231 53 231 936 129 371 548 152 271 408 59 285
232 450 413 813 450 62 133 5 411 646 411 215
233 82 641 166 300 100 592 124 708 371 45 322
234 158 210 363 115 48 38 847 47 129 542 440
235 971 63 129 214 172 256 191 348 180 345 191
236 5 990 3 158 319 243 83 856 87 296 284
237 926 237 233 601 523 292 62 159 244 209 909
238 237 927 931 210 424 371 641 212 212 431 50
239 145 160 237 587 4 533 269 121 160 320 390
240 242 166 601 812 46 283 387 60 420 20 728
241 210 295 157 851 483 280 494 17 405 424 340
242 977 242 926 64 367 170 251 32 113 107 434
243 963 930 234 319 160 45 812 971 59 174 158
244 84 444 971 216 273 45 404 709 353 709 185
245 455 48 84 585 168 62 17 295 576 142 216
246 266 11 566 707 213 9 487 466 504 421 466
247 264 700 707 627 809 627 549 460 159 160 166
248 74 424 337 93 417 485 444 301 115 64 640
249 2 489 229 434 856 145 188 366 368 321 697
250 387 295 521 482 14 450 420 404 640 640 97
251 86 840 65 0 734 211 249 405 278 284 257
252 685 81 146 67 549 276 275 60 275 813 129
253 932 252 195 4 665 3 812 990 3 195 738
254 58 880 408 993 408 533 530 249 105 420 210
255 189 460 549 215 255 170 338 115 128 81 952
256 419 44 569 558 569 43 502 43 502 332 44
257 377 960 377 219 60 385 321 320 389 317 366
258 22 686 86 18 120 133 113 250 393 301 809
259 74 21 254 256 106 489 5 619 56 54 532
260 508 299 551 549 326 143 42 166 177 275 458
261 486 65 169 339 987 115 338 211 730 5 194
262 656 377 0 498 738 412 81 478 90 409 151
263 686 263 486 537 486 188 418 183 210 290 357
264 441 324 720 555 19 510 12 681 82 292 377
265 804 265 466 9 720 498 488 487 421 9 498
266 555 409 515 6 549 326 733 728 173 404 84
267 466 141 957 569 141 83 820 162 482 64 93
268 0 283 283 548 459 495 671 411 333 42 190
269 46 461 15 322 461 13 809 627 420 60 296
270 160 41 202 206 168 122 130 388 60 389 182
271 281 845 812 447 446 446 429 166 506 374 358
272 563 493 909 303 544 820 86 172 51 198 196
273 819 140 448 334 46 932 186 654 376 368 275
274 272 513 642 42 81 424 240 57 685 412 252
275 178 176 486 725 339 47 135 361 136 30 546
276 301 155 223 655 116 28 914 753 116 437 251
277 971 514 329 211 54 252 121 23 151 151 367
278 201 86 444 263 411 728 733 733 551 86 114
279 62 254 932 128 970 546 615 474 269 300 268
280 822 593 206 918 776 409 2 323 97 640 97
281 174 233 84 317 17 459 189 540 184 5 42
282 87 615 954 615 309 549 747 509 105 173 340
283 103 296 296 388 60 215 331 459 421 457 533
284 203 62 427 434 69 184 365 820 95 450 62
285 303 520 281 520 420 139 139 342 349 6 285
286 59 54 34 25 34 39 37 30 367 62 423
287 184 183 53 199 918 199 278 249 280 142 353
288 212 87 828 300 118 756 756 390 388 157 53
289 231 231 214 495 17 493 526 498 922 908 205
290 405 106 365 355 355 371 226 17 145 405 263
291 458 714 486 417 795 417 133 41 171 93 306
292 168 203 231 730 730 82 234 58 411 174 212
293 8 358 569 501 500 498 503 61 123 338 932
294 493 14 284 6 96 28 338 116 170 339 32
295 459 434 820 162 287 68 366 105 363 155 213
296 249 159 233 158 434 296 62 159 233 86 107
297 248 282 589 256 489 211 64 318 318 114 261
298 287 509 418 69 550 480 21 695 734 157 389
299 549 671 589 459 90 409 338 338 160 310 340
300 269 82 160 321 283 320 157 384 390 395 390
301 36 545 27 37 370 442 485 73 560 42 17
302 123 115 417 455 170 170 914 531 932 153 856
303 88 88 121 296 283 128 114 405 126 638 126
304 411 5 419 84 70 431 4 434 450 168 198
305 174 62 494 509 508 189 453 212 424 17 341
306 723 825 733 64 290 167 655 155 269 461 216
307 314 52 301 45 828 5 833 44 212 296 129
308 5 285 571 373 243 859 269 16 164 334 65
309 316 379 385 376 181 395 376 262 345 152 84
310 366 424 210 252 389 296 256 351 129 572 290
311 106 62 201 352 789 93 367 114 329 514 478
312 225 86 584 272 164 695 405 255 152 70 86
313 215 316 377 316 695 405 283 5 82 739 300
314 74 400 173 416 327 301 690 21 695 365 329
315 537 232 1000 292 953 28 169 249 602 496 421
316 73 17 422 363 128 82 438 86 686 381 394
317 18 309 183 113 547 133 261 119 333 162 323
318 326 533 25 26 47 455 123 820 215 366 234
319 243 84 582 667 473 667 6 486 356 355 355
320 333 527 64 134 74 254 23 29 261 438 89
321 395 379 164 62 82 859 194 698 57 160 676
322 273 886 812 126 300 638 124 353 708 185 354
323 354 97 434 677 434 607 460 300 45 335 269
324 971 332 44 166 351 321 394 53 5 133 820
325 549 69 184 355 183 21 87 236 62 333 82
326 87 422 131 282 311 268 248 215 20 715 69
327 486 201 203 82 544 820 424 303 486 318 981
328 474 17 932 129 440 460 549 276 401 791 493
329 68 494 544 542 401 425 425 873 401 65 493
330 556 483 178 440 13 350 13 87 412 412 665
331 74 460 549 678 747 249 44 142 131 58 254
332 720 324 63 586 126 208 305 809 285 15 121
333 249 153 615 153 23 215 262 62 459 42 820
334 592 446 461 461 461 335 579 429 429 301 138
335 428 651 118 420 163 83 105 142 493 183 756
336 438 444 245 210 932 597 596 301 28 333 23
337 96 76 119 753 151 816 169 360 971 184 540
338 424 125 166 296 320 628 394 393 378 387 60
339 338 439 115 129 562 497 170 337 93 136 361
340 290 493 292 450 160 216 509 253 106 690 671
341 311 16 375 367 748 256 552 6 6 59 305
342 593 955 128 14 515 409 497 811 531 482 655
343 129 291 232 486 333 443 547 547 133 181 393
344 349 180 254 420 149 191 348 349 344 178 65
345 191 178 166 137 434 365 672 971 627 189 80
346 5 859 249 950 260 331 29 339 27 36 170
347 814 262 215 23 24 34 32 361 361 116 470
348 349 262 160 418 13 135 133 128 81 306 509
349 6 826 56 520 252 107 3 971 406 264 267
350 593 196 282 183 114 318 245 361 333 133 155
351 518 362 602 441 661 87 473 642 419 419 221
352 851 483 493 399 199 42 255 62 833 5 242
353 15 335 429 429 164 16 340 133 183 42 226
354 125 5 24 964 29 34 39 84 419 642 21
355 128 278 280 373 311 424 318 482 48 84 121
356 91 477 375 169 409 47 165 254 233 932 393
357 474 107 932 453 491 624 21 280 62 99 101
358 8 510 12 565 608 359 707 627 707 627 549
359 951 44 51 206 852 415 414 415 414 449 414
360 754 441 573 566 8 11 661 362 529 11 327
361 48 50 162 31 82 28 105 340 535 728 92
362 365 165 820 83 812 447 428 140 334 929 929
363 186 83 373 239 63 283 932 115 87 513 422
364 433 71 432 217 643 87 493 333 546 367 419
365 106 1 560 218 133 377 295 283 296 182 320
366 367 129 493 546 105 404 15 405 221 256 462
367 82 27 93 171 115 87 189 473 46 932 163
368 376 295 128 155 393 160 252 183 188 184 105
369 96 47 26 971 457 425 874 65 176 450 544
370 339 245 62 44 86 593 907 936 130 280 263
371 185 687 107 932 295 317 226 160 191 511 342
372 513 615 87 393 533 616 435 793 316 231 176
373 93 169 290 254 165 40 370 318 444 971 174
374 500 501 499 913 560 276 426 62 82 441 506
375 455 339 30 434 367 245 361 13 40 25 473
376 60 219 342 342 62 714 143 62 754 569 7
377 350 352 191 86 129 802 365 152 160 549 306
378 385 296 296 393 384 60 376 395 104 395 107
379 379 719 296 83 233 532 56 281 683 211 88
380 295 142 216 140 274 140 541 533 461 140 448
381 179 157 179 342 681 160 498 602 529 608 406
382 377 156 344 191 511 541 764 314 405 46 269
383 295 717 106 494 305 2 812 45 429 45 838
384 393 103 395 393 155 154 647 434 226 483 133
385 182 602 141 569 754 7 332 213 608 61 465
386 17 120 133 64 133 445 419 133 169 460 440
387 384 157 851 342 345 345 121 242 240 160 255
388 378 397 458 285 774 285 683 281 286 286 329
389 320 308 133 208 820 47 14 93 513 355 518
390 368 434 434 245 367 165 89 301 100 97 354
391 295 392 296 377 147 145 326 87 222 107 357
392 588 27 301 68 550 667 409 667 42 81 351
393 83 46 340 459 519 85 51 141 498 738 63
394 103 582 582 62 269 322 335 760 592 428 273
395 60 391 182 719 296 321 396 60 385 385 379
396 395 494 234 64 411 132 2 832 408 586 86
397 53 221 222 424 366 747 663 533 170 419 340
398 295 628 394 320 232 264 499 602 249 550 434
399 543 401 425 705 211 2 826 192 3 62 20
400 11 270 486 430 569 707 465 83 253 671 106
401 148 149 160 81 638 355 82 180 351 256 460
402 349 191 824 191 64 223 480 74 310 317 695
403 133 405 278 249 353 708 107 300 662 100 404
404 518 661 362 81 569 661 452 421 434 168 399
405 758 91 64 528 528 392 393 947 181 250 181
406 533 163 42 642 87 405 519 518 132 160 435
407 358 12 86 8 499 332 529 44 486 63 355
408 826 160 352 214 377 95 86 226 892 340 301
409 36 28 229 64 140 2 271 283 377 227 222
410 107 318 547 171 333 36 128 378 283 377 207
411 252 254 453 84 411 132 121 425 256 255 212
412 137 121 367 473 69 260 74 21 550 508 188
413 426 425 285 301 307 133 402 349 262 262 349
414 414 414 603 414 605 851 483 47 220 128 183
415 86 765 421 9 699 971 520 174 157 342 156
416 327 473 536 214 232 177 5 41 612 115 173
417 165 409 305 2 434 16 115 302 302 302 123
418 509 62 582 103 211 137 272 446 335 45 210
419 268 756 215 268 218 872 314 222 20 715 799
420 209 128 155 147 82 329 147 424 256 234 132
421 23 333 340 116 38 37 721 28 165 226 314
422 493 450 257 401 434 473 299 549 362 62 333
423 370 37 40 39 28 282 318 976 76 485 114
424 245 171 409 474 427 75 84 86 326 82 127
425 574 280 18 53 822 86 191 191 365 351 280
426 292 515 64 456 64 482 228 312 222 268 227
427 166 742 742 166 73 215 114 892 160 413 176
428 216 216 269 301 269 152 434 515 64 820 615
429 579 447 933 45 271 448 409 20 537 259 21
430 362 19 550 44 300 475 375 367 666 441 44
431 166 880 4 803 59 252 105 489 13 730 460
432 217 70 107 55 552 195 195 57 4 3 102
433 434 533 326 543 689 543 526 526 440 434 64
434 4 195 194 826 4 625 412 845 481 63 41
435 647 685 408 587 236 319 243 166 158 242 533
436 115 31 165 86 295 391 379 181 869 182 391
437 170 473 32 251 116 151 32 29 24 261 411
438 440 562 714 86 142 77 497 482 482 437 25
439 96 6 149 490 419 371 288 121 518 424 256
440 435 65 401 971 391 380 562 498 441 430 504
441 87 223 366 306 20 259 536 229 366 311 72
442 114 255 712 4 2 194 3 166 242 234 121
443 444 48 171 333 340 553 598 482 497 13 278
444 485 84 127 184 418 129 329 160 573 566 407
445 581 473 150 182 53 18 53 178 342 17 313
446 498 264 232 263 455 411 88 89 412 738 481
447 140 282 115 5 169 932 856 707 264 358 573
448 15 121 489 256 212 44 211 5 318 981 411
449 414 370 333 976 333 492 283 394 179 321 385
450 183 413 450 409 128 557 201 199 258 91 110
451 7 956 922 280 204 918 196 918 14 284 351
452 649 466 487 466 374 7 566 407 502 500 506
453 160 464 337 30 417 160 193 193 6 139 107
454 258 802 129 214 495 1 85 222 301 375 679
455 411 131 271 366 188 420 106 163 282 424 738
456 405 129 115 367 44 213 608 754 266 498 358
457 409 420 180 351 167 460 159 301 307 218 310
458 493 256 434 166 520 520 155 213 573 498 487
459 759 121 490 473 367 129 87 187 129 172 212
460 74 107 589 271 64 730 13 520 408 520 303
461 272 269 371 28 333 82 255 314 312 17 212
462 20 400 215 341 248 341 248 372 366 886 601
463 462 106 17 311 612 41 232 525 500 7 11
464 160 68 68 62 329 21 96 96 339 417 434
465 189 160 748 564 164 388 164 269 322 533 163
466 8 569 11 956 700 332 971 336 135 336 438
467 21 145 405 489 13 483 226 892 124 424 166
468 730 160 501 406 505 62 68 306 13 183 28
469 89 302 419 211 194 6 337 464 847 847 263
470 438 251 172 204 533 461 428 579 13 214 434
471 810 87 74 106 230 80 424 210 87 448 139
472 255 107 64 281 615 106 642 405 288 212 404
473 68 473 427 169 128 87 256 263 405 891 892
474 258 490 186 856 506 452 570 971 430 11 555
475 375 5 469 96 318 245 434 128 211 481 96
476 474 154 173 518 21 518 17 283 379 64 173
477 258 454 160 197 86 467 166 105 303 21 615
478 652 513 183 249 954 615 404 420 434 859 166
479 479 479 275 172 167 167 182 872 309 0 368
480 20 187 146 21 489 129 802 258 110 258 16
481 586 738 57 520 21 489 129 922 141 674 674
482 165 170 424 210 208 208 820 269 5 557 83
483 377 907 851 157 296 387 60 397 232 608 566
484 168 486 63 738 809 56 865 59 610 459 453
485 113 417 444 847 38 165 363 371 549 480 21
486 21 519 607 42 427 460 189 222 222 495 87
487 84 229 169 300 460 518 424 109 51 918 206
488 499 529 525 359 499 9 9 569 569 739 155
489 408 208 55 520 160 216 15 62 494 142 17
490 420 149 64 157 388 181 351 575 149 278 114
491 695 734 284 296 295 394 295 386 181 380 160
492 165 223 165 847 48 442 113 40 448 428 428
493 142 366 856 12 62 430 971 336 169 4 166
494 372 431 58 233 474 105 42 309 312 222 543
495 118 118 301 23 588 26 971 133 42 128 166
496 161 121 544 62 99 97 125 142 356 142 211
497 79 13 32 116 548 115 129 80 28 371 129
498 496 451 452 487 9 141 9 213 913 529 141
499 466 856 249 642 21 581 420 222 227 932 495
500 265 570 7 666 166 474 183 458 450 413 542
501 500 699 700 707 823 856 246 7 765 44 42
502 359 9 506 83 140 46 16 295 384 105 80
503 213 7 365 141 451 466 602 498 446 301 28
504 430 4 586 86 138 880 58 209 271 2 114
505 374 407 266 265 503 374 505 374 406 525 213
506 9 957 141 64 115 86 223 365 28 34 38
507 314 418 62 366 74 460 495 290 493 42 188
508 188 80 64 290 493 562 200 206 86 115 79
509 667 387 157 384 157 346 294 425 835 275 542
510 510 492 105 358 699 922 847 443 361 115 367
511 309 215 189 255 170 86 450 5 11 21 333
512 512 160 490 491 491 892 114 725 318 96 442
513 425 289 14 339 337 96 470 914 105 183 326
514 478 424 240 931 5 362 546 427 932 295 397
515 168 263 160 342 350 180 932 671 329 340 564
516 102 6 168 133 170 256 493 168 6 486 14
517 411 211 363 422 533 127 20 137 82 303 114
518 21 145 166 128 64 458 82 183 198 593 907
519 20 11 434 161 81 508 299 81 82 152 440
520 810 210 169 355 255 303 252 494 296 320 250
521 295 103 389 387 394 385 296 390 396 393 385
522 563 93 576 329 66 67 160 877 155 133 64
523 522 563 373 283 288 175 665 411 986 261 361
524 72 106 355 212 131 63 932 107 671 471 810
525 504 406 608 720 7 222 7 700 956 498 0
526 257 65 291 181 283 376 985 376 397 157 483
527 527 423 96 234 236 533 541 215 58 115 41
528 191 365 531 419 611 419 497 424 589 271 145
529 466 441 666 441 649 441 602 213 957 12 266
530 249 932 296 199 258 111 478 306 141 473 68
531 86 822 572 282 65 752 84 411 183 356 301
532 286 481 59 305 55 285 302 809 137 211 340
533 269 404 371 82 281 494 170 86 30 115 116
534 544 434 365 12 247 12 510 494 261 170 471
535 134 521 295 182 397 537 537 537 7 86 55
536 546 233 252 661 267 19 49 83 255 303 3
537 189 253 459 223 518 173 99 124 662 404 125
538 173 342 203 495 250 393 301 28 367 80 92
539 380 14 390 397 179 351 321 393 321 904 321
540 509 82 123 455 165 89 57 59 610 96 329
541 533 195 281 64 305 4 96 725 370 37 32
542 544 133 44 160 29 301 281 424 58 81 460
543 430 6 102 6 195 6 426 391 390 14 133
544 168 493 399 457 92 434 495 160 20 259 260
545 24 411 516 2 859 520 738 132 405 210 242
546 367 666 666 362 107 329 424 222 309 5 249
547 976 318 107 269 615 121 543 249 129 208 495
548 256 820 333 105 329 469 112 84 513 518 424
549 212 411 96 160 228 695 695 85 695 316 221
550 21 820 154 83 115 363 278 180 262 345 278
551 663 137 481 57 812 215 201 41 820 208 329
552 132 63 63 285 562 183 168 129 270 611 11
553 598 521 482 331 362 256 412 285 160 464 377
554 535 13 184 473 17 154 269 447 429 107 284
555 466 608 971 554 340 116 114 208 194 55 5
556 232 576 932 45 274 405 456 405 10 260 74
557 201 283 210 169 136 251 900 165 420 143 484
558 213 182 602 183 430 498 738 698 58 210 212
559 283 282 747 162 412 683 281 56 865 412 271
560 73 116 113 165 338 900 411 6 157 320 94
561 462 211 89 933 446 447 45 892 45 533 461
562 377 214 851 852 852 206 128 51 200 200 178
563 494 82 739 495 170 26 442 442 443 38 86
564 63 826 195 552 121 110 375 91 64 397 379
565 9 265 7 213 359 452 823 452 451 466 64
566 573 498 11 20 87 974 94 440 813 534 440
567 425 835 401 430 672 141 19 754 565 12 62
568 425 621 180 180 214 160 3 138 160 410 107
569 19 504 406 608 441 434 544 450 932 211 252
570 247 498 447 273 447 139 445 256 184 114 96
571 552 271 455 816 548 129 340 160 69 747 189
572 167 776 14 85 74 498 65 818 65 129 107
573 11 92 96 842 211 408 208 195 58 431 249
574 401 664 425 873 425 562 562 498 440 542 129
575 206 346 51 486 327 105 569 566 707 264 804
576 212 490 419 405 2 252 244 13 306 51 199
577 757 367 420 654 186 363 314 340 494 747 282
578 577 375 6 571 408 286 408 625 412 192 194
579 335 461 272 137 126 723 777 69 86 736 160
580 580 580 580 580 580 580 580 580 580 580 580
581 581 409 197 917 206 198 434 550 508 533 562
582 62 856 105 569 441 699 971 29 51 13 423
583 521 583 521 62 571 137 272 309 314 726 283
584 272 3 323 185 353 249 258 132 258 132 242
585 813 714 426 206 280 1 351 130 180 601 405
586 932 531 434 92 160 610 472 284 160 880 63
587 2 517 6 149 347 278 180 381 397 64 115
588 545 442 455 919 443 33 33 40 38 321 579
589 671 189 287 800 549 356 301 420 283 320 181
590 13 95 207 5 357 16 404 708 708 599 304
591 107 453 170 497 78 405 490 107 820 464 82
592 429 46 812 812 880 949 809 698 59 96 86
593 94 342 129 11 466 64 222 227 87 434 161
594 372 70 152 41 282 356 303 564 365 114 363
595 52 820 30 26 170 303 5 726 160 237 240
596 301 321 156 232 397 179 191 645 191 178 178
597 597 596 366 367 438 141 674 12 183 15 929
598 340 654 48 361 547 47 318 40 438 23 38
599 3 208 685 54 126 58 305 520 303 169 82
600 129 544 534 256 129 275 86 598 84 454 357
601 146 368 52 53 61 182 388 376 150 181 368
602 499 7 833 856 546 41 171 981 318 263 424
603 414 414 605 851 157 53 232 525 213 266 267
604 546 17 341 17 311 260 10 256 83 589 155
605 414 697 156 160 892 226 223 173 859 932 153
606 495 316 409 474 186 144 212 69 508 582 106
607 42 145 300 108 67 160 200 178 656 231 426
608 266 13 535 134 535 554 777 419 489 157 385
609 333 152 211 990 803 54 174 859 932 81 533
610 472 284 174 408 59 520 166 2 162 90 258
611 160 12 430 533 320 157 301 155 269 142 285
612 612 147 142 132 258 111 84 326 21 72 21
613 243 83 458 420 651 427 151 27 62 405 375
614 106 979 745 453 86 444 547 263 115 405 489
615 521 389 103 385 378 103 250 393 282 357 64
616 459 222 17 341 311 678 48 115 96 842 211
617 272 429 592 446 428 164 174 420 651 624 21
618 617 592 335 334 447 933 139 45 139 129 562
619 57 286 183 212 355 420 163 107 96 337 301
620 86 115 252 105 518 771 145 856 249 187 105
621 518 560 341 311 260 400 327 128 226 222 256
622 238 252 193 55 411 412 285 552 809 58 83
623 623 813 585 84 373 253 615 21 647 458 494
624 301 155 18 115 422 19 141 232 291 464 291
625 412 89 169 419 482 679 533 21 287 509 13
626 87 543 493 835 789 419 121 453 932 371 98
627 667 42 243 5 489 106 155 81 419 652 333
628 379 295 397 157 388 150 390 181 394 103 380
629 316 409 29 263 367 473 166 742 166 351 105
630 303 280 93 14 141 566 451 558 324 971 859
631 631 631 159 927 234 238 302 183 291 280 922
632 376 150 166 820 654 340 217 162 492 518 17
633 633 633 633 633 633 633 633 633 633 633 633
634 635 126 564 876 564 242 105 42 372 513 173
635 2 13 730 13 655 655 980 5 0 5 41
636 211 16 105 358 65 178 53 280 181 95 917
637 209 11 441 573 11 498 407 566 971 505 502
638 81 494 234 404 217 282 427 166 756 311 282
639 65 714 426 423 455 333 609 30 29 51 283
640 64 719 379 164 174 157 668 157 150 179 104
641 420 932 113 976 442 113 424 329 183 695 189
642 42 309 268 459 189 465 465 61 266 324 63
643 269 269 210 329 495 671 188 42 226 222 107
644 166 115 442 114 405 892 891 892 367 16 375
645 156 157 61 250 157 719 121 367 165 336 260
646 131 62 211 705 256 187 166 187 329 249 420
647 21 329 560 496 5 5 466 856 153 820 83
648 648 648 648 648 648 648 648 648 648 648 648
649 44 833 365 820 533 115 422 518 183 133 114
650 215 297 260 248 17 74 215 87 820 749 167
651 121 649 649 466 893 466 160 375 357 474 112
652 329 333 441 17 255 87 163 115 421 498 200
653 653 653 653 653 653 653 653 653 653 653 653
654 217 162 389 150 368 434 172 280 283 5 128
655 526 425 401 424 245 444 84 288 433 432 217
656 231 168 276 295 397 393 422 115 212 252 269
657 269 83 273 4 96 131 55 55 412 412 154
658 658 658 658 658 658 658 658 658 658 658 658
659 377 130 426 423 370 92 887 92 480 550 69
660 660 660 660 660 660 660 660 660 660 660 660
661 8 11 666 86 131 373 106 221 468 342 345
662 662 662 404 97 618 618 323 4 329 459 340
663 474 258 474 96 303 355 142 610 235 238 440
664 694 549 19 107 16 64 166 303 121 254 256
665 137 20 68 366 58 856 504 161 661 249 371
666 86 87 74 314 107 318 121 20 537 170 136
667 37 24 169 29 554 535 340 226 307 310 105
668 157 150 301 180 41 464 23 494 470 261 170
669 669 5 177 381 344 148 224 309 177 223 0
670 670 670 670 670 670 670 670 670 670 670 670
671 509 713 81 460 189 255 249 115 62 251 47
672 7 500 44 51 141 407 406 374 505 43 498
673 495 228 301 686 564 356 114 426 160 180 468
674 754 7 833 365 169 113 361 339 437 116 470
675 675 675 675 675 675 675 675 675 675 675 675
676 322 46 748 118 756 166 132 2 56 865 59
677 199 206 793 206 291 5 697 415 852 851 377
678 92 238 931 926 64 172 458 604 546 963 107
679 188 183 6 79 165 121 263 16 63 371 434
680 380 0 18 310 272 409 581 204 206 198 203
681 681 214 377 104 104 389 252 117 491 170 133
682 681 345 121 80 188 189 312 494 280 93 62
683 411 285 13 461 335 15 760 592 908 206 1000
684 684 684 684 684 684 684 684 684 684 684 684
685 54 271 192 102 405 173 160 224 256 546 86
686 531 366 443 547 361 976 318 113 76 443 165
687 100 117 100 124 896 404 99 98 768 935 100
688 543 688 543 401 971 566 707 627 513 372 372
689 689 689 689 689 689 543 257 284 472 255 329
690 671 932 187 533 518 256 401 129 714 373 197
691 691 691 691 691 691 691 691 691 691 691 691
692 231 177 307 74 254 651 434 129 290 263 76
693 121 180 130 160 314 310 1 146 779 820 493
694 664 166 168 13 13 339 860 169 121 478 282
695 228 450 160 484 694 290 166 536 229 513 184
696 218 341 248 459 187 418 160 153 282 10 434
697 415 86 236 5 789 93 168 413 176 177 297
698 194 56 56 6 377 296 380 537 526 840 86
699 971 695 228 495 459 86 236 243 209 319 160
700 247 7 537 315 537 20 11 466 488 421 249
701 462 411 64 950 481 950 243 613 163 249 54
702 107 541 209 128 30 34 36 25 494 113 370
703 703 703 703 703 703 703 703 703 703 703 703
704 107 254 210 434 168 440 13 771 518 954 249
705 232 484 484 515 533 667 184 420 138 58 159
706 280 21 325 945 327 733 306 326 160 61 388
707 332 720 7 765 249 505 661 7 422 513 153
708 97 354 404 125 98 618 353 371 329 258 91
709 404 601 166 209 518 552 698 57 4 63 174
710 498 200 581 101 99 5 517 411 285 211 480
711 711 711 711 711 711 711 711 711 711 711 711
712 401 874 401 249 183 278 106 1 254 282 427
713 69 667 189 550 19 324 65 835 425 574 65
714 172 251 136 96 261 986 411 511 191 511 682
715 69 306 113 543 326 145 252 2 59 96 252
716 5 55 520 520 92 530 358 729 84 404 125
717 106 145 950 393 105 60 179 160 57 59 886
718 281 16 783 154 412 971 569 558 529 166 132
719 52 52 719 395 368 103 283 356 256 318 107
720 608 11 44 555 19 555 466 525 700 707 602
721 28 333 601 163 459 87 45 282 812 45 371
722 27 37 86 131 646 411 212 83 333 370 116
723 825 923 326 327 141 672 971 403 526 65 526
724 160 290 106 373 563 563 86 69 166 214 278
725 114 375 230 366 441 249 23 115 62 129 371
726 5 305 489 211 66 111 375 301 301 511 511
727 84 444 263 424 281 564 158 564 263 444 86
728 885 20 259 96 28 35 121 492 678 69 86
729 84 233 160 413 143 357 249 856 160 258 490
730 231 203 377 379 150 122 130 351 321 810 210
731 731 731 731 731 731 731 731 731 731 731 731
732 732 732 732 732 732 732 732 732 732 732 732
733 723 551 663 663 460 462 408 271 210 21 114
734 211 408 285 254 28 113 26 34 29 27 121
735 592 461 118 301 20 301 118 301 312 314 160
736 86 173 777 482 331 260 248 309 905 74 218
737 271 301 211 355 160 454 189 82 424 69 68
738 552 195 520 57 949 949 55 520 160 150 390
739 82 226 221 537 397 390 459 328 478 13 351
740 971 823 15 128 160 261 151 427 107 372 433
741 741 741 250 174 371 45 448 484 572 290 484
742 614 742 166 150 377 167 204 6 408 2 405
743 516 195 803 812 601 107 550 212 642 16 222
744 744 744 744 744 744 744 744 744 744 744 744
745 979 1 84 425 873 401 65 204 533 180 351
746 746 746 746 746 746 746 746 746 746 746 746
747 107 303 281 63 365 695 183 544 494 142 23
748 748 367 107 492 166 201 215 128 278 199 917
749 820 162 287 20 173 166 347 180 62 63 208
750 88 88 271 408 56 58 738 520 56 921 63
751 167 290 16 81 877 812 3 2 114 252 57
752 121 131 4 481 6 520 812 461 118 118 511
753 978 753 978 900 338 252 412 137 54 304 82
754 293 661 510 7 62 137 665 54 281 990 211
755 211 932 63 635 520 845 303 564 480 357 328
756 390 157 320 379 380 182 295 82 739 300 312
757 577 518 366 424 93 883 337 165 314 215 341
758 223 20 166 269 17 424 81 301 215 189 62
759 121 10 105 170 26 588 34 35 151 151 170
760 546 233 404 654 252 832 4 412 285 168 484
761 393 381 344 178 344 381 179 249 424 222 227
762 516 743 102 5 76 318 40 27 51 306 858
763 763 763 763 763 5 302 438 40 33 370 37
764 314 21 518 518 615 155 518 405 124 166 114
765 9 499 707 232 5 789 168 789 5 437 27
766 134 523 134 523 387 376 985 376 157 103 377
767 114 249 329 169 914 116 35 32 438 390 409
768 371 303 301 100 354 353 937 64 828 169 133
769 559 142 81 169 41 51 820 593 776 200 200
770 353 124 323 6 134 554 553 340 445 86 42
771 106 20 301 214 346 409 69 549 326 306 28
772 772 772 772 772 772 772 772 772 772 772 772
773 405 184 314 256 115 249 506 64 482 47 427
774 285 55 2 4 685 298 299 855 299 80 671
775 560 358 374 5 35 36 28 166 434 300 226
776 377 851 851 377 575 232 562 202 201 202 41
777 21 777 134 366 74 226 434 421 246 856 12
778 549 104 388 164 335 592 269 859 990 65 377
779 820 533 189 911 222 494 70 372 282 82 377
780 84 715 84 333 129 169 263 76 263 847 423
781 52 719 719 393 433 186 82 137 183 280 181
782 526 840 526 424 196 95 60 95 13 145 303
783 654 162 129 430 5 53 380 562 275 835 789
784 411 430 183 280 14 515 373 134 366 356 490
785 409 39 370 333 984 153 984 153 654 83 49
786 52 232 557 83 594 83 199 526 128 200 128
787 21 308 218 167 204 280 351 105 453 62 249
788 717 160 450 295 331 260 89 107 131 305 132
789 129 922 7 213 264 500 265 267 12 420 363
790 544 450 813 526 782 377 352 206 200 275 232
791 612 791 612 173 535 777 134 10 327 160 401
792 121 278 262 262 100 687 100 640 937 353 353
793 748 151 48 96 75 96 211 754 19 365 11
794 322 933 448 16 105 269 810 180 289 401 791
795 417 443 171 318 547 133 403 129 936 776 14
796 828 46 592 241 592 447 473 105 288 431 58
797 797 605 846 605 414 916 414 916 414 415 852
798 798 798 798 798 798 798 798 798 798 798 798
799 549 189 377 748 13 552 532 286 183 245 434
800 185 100 102 2 599 132 62 64 181 947 393
801 820 13 339 370 85 317 310 533 498 593 94
802 129 490 121 116 533 590 30 27 29 486 106
803 990 685 175 137 679 533 906 513 615 331 29
804 565 608 804 265 141 506 430 543 87 107 280
805 487 529 166 12 452 971 10 134 133 581 450
806 88 233 612 828 419 655 470 271 89 333 367
807 211 57 2 192 807 54 305 281 481 481 211
808 808 808 808 808 808 808 808 808 808 808 808
809 211 363 422 153 282 68 420 404 166 23 113
810 520 552 13 286 195 162 58 87 160 877 28
811 77 107 255 212 174 408 587 3 859 809 519
812 520 738 131 163 131 87 227 215 187 16 642
813 93 513 210 926 931 931 210 420 854 285 138
814 344 231 203 294 342 130 278 201 203 168 35
815 63 57 880 408 826 59 803 54 132 599 242
816 753 151 85 226 440 498 441 266 498 332 213
817 493 835 275 6 563 129 748 748 129 362 560
818 160 429 322 794 322 139 274 405 145 393 422
819 461 140 6 527 48 338 160 321 381 157 178
820 204 41 254 46 446 579 273 271 57 738 412
821 160 397 321 349 13 169 486 357 143 42 427
822 494 280 196 204 199 278 495 208 155 115 816
823 570 360 105 283 0 166 218 199 526 121 77
824 191 343 342 621 277 214 460 421 333 62 131
825 733 326 533 46 272 563 563 936 572 533 473
826 412 192 516 6 4 612 424 543 523 464 41
827 506 661 700 661 11 10 777 69 473 183 480
828 892 226 223 309 228 301 285 105 347 166 159
829 290 620 620 86 328 327 400 133 377 397 181
830 452 421 365 187 459 717 459 74 5 211 308
831 258 249 2 886 59 56 408 993 408 4 665
832 2 409 420 222 253 80 96 91 64 367 495
833 856 666 452 608 264 161 496 487 488 529 11
834 107 314 365 152 87 810 393 157 395 103 537
835 401 430 856 264 61 280 41 197 13 146 18
836 836 706 694 493 483 493 450 329 69 216 15
837 837 837 837 107 237 252 494 283 752 84 295
838 45 335 448 335 97 404 518 351 350 377 392
839 377 295 182 381 479 479 275 160 423 981 417
840 86 551 86 822 494 75 427 169 128 13 69
841 312 232 264 358 374 503 213 525 529 160 541
842 211 84 372 431 249 366 690 366 856 362 51
843 567 843 290 829 203 82 183 405 490 63 59
844 971 108 409 10 173 99 323 3 685 56 865
845 924 612 424 462 546 856 823 566 11 555 161
846 846 846 846 605 797 18 366 215 189 551 184
847 922 7 500 498 738 131 163 145 404 166 55
848 445 310 932 474 932 81 412 162 405 10 339
849 859 64 937 640 185 97 662 366 187 549 190
850 546 209 249 462 408 59 738 6 252 121 726
851 377 347 215 541 641 106 20 400 81 169 333
852 851 681 347 191 180 212 427 431 166 69 107
853 82 281 845 305 481 698 698 55 638 10 160
854 252 333 89 260 173 166 141 502 11 661 267
855 86 963 82 333 438 34 31 35 160 149 656
856 166 234 237 160 153 23 62 86 177 479 414
857 301 45 828 169 816 411 671 189 519 259 92
858 306 5 115 84 560 223 73 311 16 196 203
859 89 369 96 21 42 422 819 273 216 971 412
860 336 438 261 151 424 81 412 195 192 832 145
861 350 593 377 764 74 366 387 390 320 103 52
862 777 10 306 306 550 187 494 70 180 129 362
863 57 532 532 57 924 252 286 859 286 252 88
864 411 271 412 738 131 305 208 2 174 158 233
865 58 252 234 404 937 125 5 305 132 242 5
866 80 253 62 748 367 96 114 820 820 820 30
867 411 58 950 754 211 738 59 803 195 160 445
868 5 125 935 768 185 709 404 709 353 770 353
869 376 388 157 53 389 6 826 192 516 6 102
870 401 399 813 836 813 600 493 600 813 440 94
871 231 343 160 245 485 198 129 58 244 252 571
872 307 226 222 690 316 187 20 42 129 65 135
873 401 874 425 426 270 183 154 513 340 215 64
874 65 425 791 612 356 419 143 328 560 211 705
875 170 513 183 362 160 405 256 355 333 455 165
876 564 748 641 163 411 738 738 809 55 949 281
877 184 365 490 490 491 453 167 149 180 231 342
878 23 31 34 165 340 254 493 153 107 281 56
879 242 121 263 303 13 281 57 160 255 694 290
880 137 254 170 473 550 106 282 31 28 33 29
881 96 116 32 93 482 482 497 440 241 440 6
882 160 318 981 411 552 408 126 4 121 748 46
883 883 115 256 278 284 5 236 86 362 16 68
884 884 412 845 209 494 822 563 373 515 64 484
885 887 885 106 372 42 495 249 430 211 285 371
886 665 685 160 201 201 169 160 221 14 918 14
887 885 728 400 74 366 662 100 97 101 0 313
888 412 305 845 685 63 285 96 442 114 371 209
889 375 66 514 328 91 11 266 754 293 365 28
890 121 17 404 115 212 531 173 282 371 106 183
891 892 290 206 95 351 280 362 430 421 448 409
892 128 152 355 283 204 200 65 840 64 354 101
893 971 430 421 255 405 329 333 160 589 212 364
894 327 820 142 285 160 562 714 714 413 168 301
895 417 251 26 545 26 32 40 135 47 820 86
896 303 304 57 738 281 58 408 192 271 481 13
897 263 423 361 13 130 278 257 425 426 306 325
898 481 96 234 243 241 252 845 252 419 482 89
899 2 411 460 244 422 513 272 334 139 335 794
900 168 278 28 121 228 253 84 162 253 222 1
901 137 155 153 252 803 767 803 546 173 223 225
902 5 789 129 600 585 295 317 695 424 258 38
903 191 342 575 351 249 218 86 662 323 768 97
904 321 697 156 179 62 418 480 480 223 468 162
905 311 106 81 82 165 883 339 123 116 165 844
906 160 56 698 552 532 4 193 803 195 211 481
907 180 123 681 5 486 611 176 423 423 443 47
908 917 204 196 593 320 947 377 249 280 419 101
909 303 564 640 185 800 185 618 820 202 41 21
910 65 600 450 581 533 28 160 137 62 169 115
911 222 218 120 0 218 166 41 128 200 178 352
912 499 504 86 353 770 353 770 353 124 618 97
913 525 856 121 393 282 68 92 887 20 82 438
914 900 987 123 122 150 741 103 122 411 373 552
915 38 48 96 13 263 29 459 17 654 288 175
916 414 645 645 191 180 851 350 939 572 776 342
917 207 343 278 249 405 169 21 83 481 950 333
918 41 14 35 13 301 482 318 5 481 83 106
919 113 51 109 51 206 160 214 207 13 286 3
920 230 74 480 549 106 242 121 550 13 207 917
921 138 408 520 155 183 249 518 954 518 424 147
922 7 407 526 407 502 43 569 451 452 502 332
923 923 723 733 825 723 733 326 107 319 107 450
924 57 243 235 971 740 82 854 285 57 208 249
925 48 211 419 143 93 32 473 447 46 16 311
926 64 455 816 987 123 411 430 141 856 7 86
927 926 243 105 163 601 480 142 303 302 183 184
928 211 131 209 166 424 211 142 84 48 115 405
929 929 164 428 45 46 428 592 269 87 441 84
930 921 859 107 80 474 81 490 932 495 371 212
931 927 241 209 240 209 126 13 78 497 562 183
932 31 34 116 725 443 171 23 26 442 40 816
933 447 46 434 154 153 932 46 132 89 925 89
934 340 473 170 371 210 21 17 121 152 114 158
935 100 125 99 434 62 203 829 290 584 272 322
936 822 168 936 86 180 162 169 82 261 160 506
937 125 125 125 283 356 478 143 41 336 820 197
938 611 389 64 840 13 272 462 546 154 236 155
939 350 352 347 681 214 177 229 489 211 117 100
940 128 87 50 49 87 533 440 399 401 664 664
941 189 710 549 509 713 69 409 800 615 828 405
942 435 533 226 212 147 85 218 128 486 21 777
943 295 179 156 191 142 357 106 188 62 269 643
944 748 708 371 641 495 342 511 301 314 256 450
945 409 35 129 343 820 243 244 241 498 956 11
946 641 495 218 73 17 333 119 165 142 88 149
947 947 394 181 133 165 40 725 113 981 976 361
948 381 515 526 168 206 205 197 601 238 89 10
949 411 405 543 129 95 167 196 16 282 612 2
950 333 983 333 355 638 55 193 192 4 809 174
951 913 44 129 909 280 86 563 584 290 86 18
952 509 259 536 287 298 549 418 81 932 249 142
953 292 206 197 86 129 64 165 41 801 41 129
954 87 20 537 316 377 157 392 283 333 253 333
955 128 204 917 970 51 970 820 618 125 618 617
956 506 62 184 81 306 21 105 771 489 419 473
957 9 765 358 264 441 161 570 566 8 301 68
958 509 958 962 958 962 958 69 68 418 467 166
959 377 764 211 210 234 235 238 758 61 503 506
960 377 148 344 191 178 157 681 123 339 135 338
961 377 296 395 494 305 57 685 412 845 865 865
962 325 400 327 105 41 51 205 581 872 314 189
963 930 235 236 434 154 363 422 427 86 747 418
964 373 82 371 708 124 300 748 173 142 226 146
965 936 284 214 294 931 599 2 54 58 654 83
966 189 117 491 163 934 340 167 231 344 177 94
967 504 501 498 92 11 64 489 929 322 592 353
968 968 299 171 423 438 440 733 777 538 173 69
969 184 107 207 377 182 392 86 115 812 102 412
970 820 123 820 196 593 498 593 176 611 86 87
971 452 566 358 43 324 441 504 501 430 420 137
972 913 525 573 7 213 264 570 267 266 754 950
973 971 232 608 566 823 9 141 64 141 327 328
974 820 95 199 280 221 42 17 228 226 186 82
975 971 406 533 15 447 498 293 765 912 466 407
976 527 114 170 145 612 791 623 791 623 313 309
977 977 977 977 977 209 139 424 820 133 420 235
978 860 455 251 370 40 560 283 5 242 96 121
979 106 287 298 812 971 184 183 278 168 93 373
980 261 133 25 28 363 371 269 256 128 79 419
981 485 74 480 601 141 19 434 518 121 518 355
982 137 166 882 166 69 473 42 143 93 576 176
983 113 318 443 245 417 981 318 547 114 113 176
984 66 477 66 91 64 0 148 0 377 52 133
985 376 379 392 104 393 180 160 103 392 528 305
986 261 339 443 361 47 79 128 249 165 23 37
987 169 531 686 301 473 150 166 209 240 243 615
988 411 64 515 493 563 584 290 198 31 40 34
989 329 129 11 300 118 21 41 94 13 242 158
990 1001 3 880 286 305 949 949 685 990 1001 4
991 412 256 450 493 342 533 264 161 351 365 7
992 129 343 343 343 207 5 738 132 107 74 313
993 408 96 881 96 369 304 58 865 59 886 3
994 6 3 46 334 448 933 139 129 490 513 153
995 712 995 712 255 145 142 577 166 73 485 318
996 12 452 265 555 266 358 452 264 161 667 42
997 27 151 37 27 301 100 640 564 304 256 31
998 65 282 234 121 355 256 419 18 82 419 542
999 145 170 470 151 427 142 121 373 282 106 21
1000 14 133 167 280 822 572 936 284 971 235 252
1001 3 371 185 99 640 323 404 15 929 164 139
1002 560 40 900 464 172 275 160 8 950 249 460
1003 258 468 223 87 545 24 609 609 24 29 165
1004 55 4 809 806 285 552 520 812 252 195 160
0 64 87 422 115
1 254 252 56 126
2 516 743 517 408
3 3 63 41 51
4 56 13 474 212
5 128 157 191 121
6 845 3 58 87
7 265 11 400 64
8 504 359 265 232
9 699 9 406 499
10 564 164 334 447
11 661 9 406 525
12 14 130 257 426
13 26 442 478 143
14 368 320 376 181
15 82 367 424 509
16 367 473 299 590
17 146 147 366 147
18 232 263 367 655
19 264 358 707 264
20 971 971 812 193
21 518 492 212 531
22 11 270 14 61
23 25 339 171 976
24 953 590 23 17
25 10 329 128 16
26 165 366 215 589
27 197 908 197 196
28 114 686 114 133
29 486 389 295 394
30 366 233 87 493
31 84 373 706 585
32 883 39 494 438
33 33 339 171 48
34 24 96 400 74
35 165 883 165 438
36 23 37 112 51
37 667 509 551 299
38 115 123 95 218
39 409 346 206 214
40 37 30 545 87
41 206 277 280 813
42 372 82 12 62
43 569 602 466 12
44 114 338 107 356
45 274 678 69 679
46 355 472 355 106
47 482 289 482 482
48 40 361 116 317
49 297 86 117 211
50 431 756 223 495
51 51 486 327 306
52 537 103 393 250
53 14 64 21 44
54 271 56 3 281
55 6 134 598 598
56 281 305 516 192
57 411 430 83 121
58 58 612 105 258
59 138 305 990 211
60 283 221 225 282
61 498 64 216 139
62 417 333 87 233
63 845 809 411 481
64 198 203 198 329
65 86 427 434 419
66 108 67 86 326
67 108 301 216 272
68 69 713 509 513
69 467 84 333 329
70 84 533 458 397
71 209 64 113 51
72 163 420 581 308
73 17 221 83 292
74 560 221 256 172
75 75 339 251 96
76 245 82 84 1
77 62 226 121 759
78 114 464 133 557
79 14 523 829 523
80 112 84 441 213
81 569 365 7 266
82 287 509 259 127
83 186 856 282 589
84 180 533 422 819
85 151 261 24 39
86 141 246 499 86
87 280 172 333 283
88 924 612 152 160
89 3 4 131 859
90 62 769 107 454
91 11 44 129 278
92 887 92 238 244
93 337 155 145 187
94 533 430 462 256
95 86 84 555 266
96 24 34 590 28
97 97 102 516 408
98 708 99 424 462
99 99 768 185 52
100 124 892 340 892
101 155 655 458 515
102 832 193 58 3
103 18 420 138 990
104 387 182 283 388
105 371 340 166 210
106 222 467 189 67
107 454 160 896 896
108 64 601 536 287
109 424 820 53 13
110 121 18 295 107
111 258 329 245 337
112 258 183 545 442
113 950 23 28 283
114 46 21 13 698
115 173 86 93 169
116 118 409 390 756
117 106 249 141 360
118 51 593 86 206
119 40 442 36 25
120 0 368 1 250
121 355 546 518 519
122 150 155 87 371
123 123 116 434 115
124 45 933 933 322
125 166 28 41 352
126 54 412 138 408
127 491 390 393 71
128 205 557 395 390
129 142 82 594 121
130 290 366 107 21
131 809 57 58 86
132 107 78 581 581
133 531 254 371 409
134 482 172 128 35
135 13 980 64 292
136 438 116 23 28
137 298 299 590 299
138 809 211 532 56
139 342 352 656 352
140 272 710 896 160
141 922 53 434 92
142 615 333 23 82
143 820 133 218 218
144 166 882 160 496
145 87 856 546 249
146 183 375 375 211
147 859 243 233 101
148 191 122 103 157
149 342 349 349 191
150 215 311 366 311
151 62 258 22 35
152 49 50 82 404
153 404 142 10 105
154 86 113 114 137
155 157 382 379 719
156 181 388 390 150
157 308 133 167 181
158 239 243 242 240
159 241 233 62 820
160 551 298 551 184
161 87 424 356 91
162 433 152 404 162
163 87 543 526 93
164 446 428 812 428
165 363 283 392 104
166 145 145 180 493
167 292 822 563 563
168 129 340 445 310
169 333 107 230 230
170 453 166 159 233
171 981 245 38 48
172 30 339 443 485
173 96 20 62 27
174 121 492 160 406
175 685 949 252 611
176 238 587 236 5
177 413 172 351 172
178 342 41 751 820
179 122 656 176 486
180 422 820 129 425
181 14 12 14 389
182 392 61 266 500
183 203 168 458 647
184 678 274 140 541
185 618 353 129 367
186 226 309 42 756
187 62 434 550 306
188 215 155 351 94
189 81 549 81 550
190 121 495 473 747
191 857 166 296 434
192 826 6 183 188
193 812 63 55 638
194 58 615 269 45
195 520 412 252 195
196 94 908 167 181
197 65 65 413 129
198 485 73 17 307
199 198 205 167 133
200 344 262 262 402
201 196 128 86 531
202 623 813 458 568
203 284 301 52 786
204 65 450 568 493
205 51 172 249 258
206 202 201 103 0
207 107 237 162 295
208 546 963 615 331
209 494 209 210 931
210 242 233 654 288
211 236 82 854 285
212 144 492 333 180
213 11 91 328 66
214 191 344 180 107
215 218 228 309 549
216 254 932 932 115
217 121 518 621 160
218 82 209 128 290
219 222 253 62 89
220 113 28 249 353
221 309 549 509 184
222 166 422 19 856
223 142 81 685 647
224 256 434 401 874
225 494 215 42 560
226 121 172 62 405
227 82 154 249 430
228 314 21 280 172
229 560 40 135 370
230 230 230 898 481
231 440 497 424 233
232 576 232 872 377
233 83 282 68 667
234 237 5 581 101
235 971 403 493 153
236 587 58 832 408
237 160 216 164 62
238 158 63 532 162
239 234 237 242 13
240 242 235 930 243
241 499 466 506 249
242 599 158 244 243
243 373 194 698 126
244 615 513 170 543
245 96 121 453 107
246 7 956 856 765
247 246 608 441 12
248 301 63 28 121
249 431 288 549 189
250 741 179 347 160
251 417 971 4 431
252 305 990 211 506
253 607 434 572 5
254 173 249 253 84
255 610 96 20 519
256 748 62 859 59
257 291 129 303 423
258 477 478 652 419
259 327 107 427 166
260 21 459 226 86
261 75 135 860 251
262 62 184 480 106
263 82 474 422 212
264 265 407 7 666
265 11 324 666 367
266 720 441 213 359
267 661 661 363 283
268 459 222 309 177
269 274 263 82 782
270 28 30 263 455
271 859 212 70 431
272 272 186 226 225
273 819 139 541 405
274 46 446 160 140
275 813 413 13 239
276 568 1 106 132
277 180 932 86 714
278 106 21 152 183
279 5 21 787 21
280 47 361 438 436
281 571 2 4 282
282 140 334 429 166
283 60 157 278 365
284 351 182 385 181
285 62 310 17 154
286 408 571 62 258
287 509 13 35 878
288 269 333 393 380
289 425 403 473 642
290 128 5 681 191
291 543 280 14 556
292 450 420 5 327
293 765 707 213 182
294 294 203 277 280
295 61 321 533 616
296 526 296 387 182
297 905 309 215 494
298 287 82 747 215
299 145 571 373 134
300 142 85 86 201
301 226 307 317 695
302 252 237 162 71
303 252 88 271 589
304 599 242 159 160
305 5 100 494 128
306 20 971 403 377
307 376 377 394 103
308 83 236 210 160
309 221 312 160 143
310 78 482 598 134
311 612 282 115 105
312 377 148 401 289
313 560 336 135 169
314 165 93 40 964
315 695 424 87 269
316 465 786 465 809
317 223 560 215 301
318 925 113 245 301
319 237 238 412 412
320 397 182 283 166
321 379 182 381 156
322 13 349 179 149
323 4 552 305 2
324 666 7 161 12
325 962 325 400 309
326 160 121 203 277
327 82 353 365 310
328 474 469 5 763
329 62 15 448 428
330 438 113 280 419
331 764 74 62 474
332 499 498 8 11
333 422 153 859 880
334 164 16 132 481
335 760 546 17 422
336 860 860 438 423
337 420 83 368 283
338 121 79 282 174
339 251 170 151 370
340 83 118 20 166
341 311 459 610 303
342 280 93 36 367
343 183 53 232 265
344 149 284 107 99
345 343 681 682 191
346 128 377 378 388
347 377 103 385 60
348 342 820 205 201
349 349 160 381 394
350 180 180 262 345
351 345 61 503 44
352 350 342 103 157
353 768 125 62 114
354 100 100 323 4
355 107 57 193 990
356 256 356 490 490
357 249 161 161 707
358 525 265 265 674
359 558 487 488 466
360 495 170 367 366
361 114 184 747 613
362 160 216 579 446
363 255 471 607 544
364 152 433 49 297
365 377 149 157 483
366 577 518 155 137
367 116 79 115 337
368 379 181 61 434
369 252 533 194 59
370 92 336 165 533
371 100 353 160 474
372 121 144 84 115
373 166 12 121 236
374 5 42 245 443
375 112 469 5 492
376 392 528 305 516
377 280 282 375 112
378 283 252 269 579
379 393 385 379 378
380 0 88 210 212
381 176 593 936 350
382 377 156 321 381
383 377 207 116 40
384 105 48 437 48
385 393 105 393 150
386 393 421 332 504
387 388 104 387 849
388 394 250 377 6
389 379 285 211 506
390 62 164 64 224
391 182 385 379 390
392 321 160 252 740
393 142 124 371 226
394 104 60 394 250
395 16 355 329 989
396 182 393 301 93
397 320 734 320 393
398 157 182 376 376
399 84 162 195 3
400 86 586 412 137
401 542 401 873 425
402 262 231 65 325
403 813 515 13 197
404 254 115 165 79
405 433 233 87 42
406 505 406 374 499
407 141 421 457 238
408 411 408 252 333
409 428 429 447 62
410 258 831 258 253
411 55 58 84 37
412 89 933 322 434
413 143 91 258 160
414 415 852 415 697
415 414 370 547 40
416 971 812 102 812
417 263 423 361 31
418 107 333 438 31
419 473 25 30 86
420 490 249 253 107
421 566 421 115 254
422 404 58 174 281
423 303 89 3 56
424 518 211 705 256
425 86 662 618 618
426 568 290 167 60
427 470 155 420 133
428 272 6 549 276
429 46 272 665 2
430 420 337 337 6
431 756 42 756 431
432 217 162 468 180
433 372 366 311 268
434 612 828 64 282
435 65 0 6 375
436 437 860 437 443
437 169 455 58 57
438 308 74 228 74
439 115 123 160 150
440 172 86 114 686
441 649 84 664 93
442 113 48 338 27
443 84 546 84 119
444 76 48 171 409
445 531 531 405 160
446 166 559 160 10
447 473 367 417 133
448 269 282 641 301
449 414 605 851 575
450 544 568 168 113
451 569 7 674 7
452 499 504 569 360
453 254 441 720 699
454 189 312 14 61
455 444 114 89 259
456 456 405 16 355
457 526 103 379 5
458 291 543 424 281
459 495 932 963 244
460 183 90 328 474
461 812 4 142 253
462 430 569 569 360
463 463 463 462 211
464 822 280 405 174
465 155 363 21 260
466 141 555 11 21
467 84 601 886 217
468 342 820 136 337
469 90 162 820 918
470 494 371 169 121
471 434 154 58 886
472 255 17 42 212
473 147 189 20 462
474 476 258 110 258
475 300 444 527 444
476 13 624 223 74
477 91 11 452 700
478 112 368 52 232
479 479 381 394 486
480 282 20 690 316
481 373 133 419 356
482 64 243 83 186
483 377 776 14 312
484 168 129 270 280
485 86 623 450 183
486 169 165 169 495
487 213 452 213 558
488 487 332 7 212
489 13 450 813 543
490 149 206 231 180
491 753 978 753 491
492 160 333 271 412
493 129 187 82 419
494 190 311 74 219
495 342 296 351 495
496 11 233 234 252
497 440 232 562 6
498 406 499 502 452
499 466 53 85 151
500 406 160 550 81
501 504 502 7 7
502 141 64 238 622
503 265 61 392 157
504 246 246 7 504
505 525 232 705 401
506 956 913 7 573
507 513 115 87 665
508 184 290 166 283
509 82 314 495 188
510 506 496 506 452
511 342 352 214 172
512 366 512 512 366
513 513 462 561 462
514 474 950 651 118
515 65 413 450 482
516 192 516 192 3
517 6 56 718 305
518 577 366 424 83
519 809 859 193 57
520 56 271 13 481
521 62 423 303 859
522 493 460 170 16
523 134 6 168 813
524 72 259 73 313
525 232 556 14 280
526 65 324 971 467
527 113 165 366 115
528 373 197 52 537
529 359 141 365 530
530 161 11 128 114
531 116 370 40 370
532 54 211 215 589
533 146 533 116 337
534 440 629 440 64
535 134 10 25 29
536 287 162 412 58
537 268 73 116 405
538 498 710 498 241
539 178 177 309 64
540 952 69 958 962
541 181 377 0 297
542 401 107 820 546
543 425 543 183 19
544 434 245 725 318
545 442 48 114 154
546 17 342 160 314
547 340 165 533 172
548 170 105 280 121
549 162 45 322 322
550 667 42 671 187
551 69 10 306 141
552 160 592 241 233
553 134 173 518 209
554 134 553 482 89
555 265 674 510 86
556 330 73 17 224
557 445 557 256 58
558 856 405 367 303
559 283 142 508 212
560 276 275 200 207
561 462 424 329 147
562 714 373 134 366
563 493 457 457 197
564 81 357 65 13
565 459 495 473 81
566 7 422 950 651
567 290 13 207 196
568 420 526 232 51
569 358 141 951 951
570 823 558 451 265
571 145 21 486 36
572 563 936 290 494
573 566 499 407 526
574 401 712 401 543
575 206 231 621 277
576 128 143 62 749
577 518 254 255 694
578 577 249 859 63
579 15 820 421 498
580 580 580 580 580
581 79 116 38 722
582 106 283 209 160
583 521 340 82 184
584 86 95 51 29
585 585 295 472 471
586 58 286 249 249
587 832 832 826 685
588 29 34 26 251
589 107 954 546 211
590 438 114 486 94
591 160 160 601 812
592 321 579 429 929
593 201 103 392 588
594 83 118 461 461
595 52 133 346 346
596 597 546 83 173
597 460 411 552 518
598 86 223 177 275
599 209 233 242 977
600 600 588 36 127
601 238 930 927 927
602 499 533 616 533
603 414 415 414 479
604 546 145 462 460
605 851 605 846 605
606 495 250 174 212
607 296 42 23 254
608 566 823 565 324
609 609 30 23 87
610 89 252 304 88
611 129 280 440 64
612 162 404 58 155
613 619 59 160 343
614 106 377 394 381
615 333 438 107 828
616 602 529 498 488
617 448 140 273 579
618 98 100 708 82
619 5 527 64 42
620 86 143 196 167
621 426 621 180 157
622 238 64 918 128
623 450 340 74 85
624 409 555 324 555
625 412 845 305 6
626 87 87 160 342
627 809 627 62 448
628 628 181 280 419
629 316 121 301 596
630 630 630 369 252
631 209 963 160 302
632 397 380 0 148
633 633 633 633 633
634 634 635 4 303
635 126 723 538 498
636 636 636 211 83
637 234 252 117 491
638 896 300 896 112
639 65 543 257 544
640 45 428 15 174
641 166 180 83 285
642 932 83 430 11
643 290 484 484 87
644 269 5 419 68
645 414 414 414 697
646 211 434 572 86
647 256 548 491 390
648 648 648 648 648
649 246 246 7 265
650 215 747 508 418
651 121 30 437 860
652 329 68 107 509
653 653 653 653 653
654 323 64 349 6
655 171 318 423 455
656 352 789 419 270
657 269 513 642 16
658 658 658 658 658
659 377 575 377 392
660 660 660 660 660
661 459 187 366 404
662 404 333 36 34
663 137 158 300 892
664 515 122 231 262
665 107 430 506 64
666 367 160 80 81
667 465 465 189 314
668 157 395 181 95
669 930 301 222 311
670 670 670 670 670
671 551 473 30 33
672 249 833 7 674
673 673 673 673 673
674 558 84 560 276
675 675 675 675 675
676 160 68 667 189
677 434 3 81 162
678 48 444 13 343
679 508 86 82 340
680 380 166 180 344
681 352 65 430 543
682 191 434 296 405
683 281 305 809 481
684 684 684 684 684
685 738 208 546 546
686 301 375 62 206
687 86 189 911 81
688 543 129 568 450
689 689 689 689 198
690 74 82 854 420
691 691 691 691 691
692 231 871 231 730
693 82 281 990 4
694 549 69 424 168
695 316 495 82 256
696 226 309 612 223
697 5 362 506 504
698 685 738 281 164
699 44 805 358 502
700 247 12 569 957
701 462 462 20 259
702 107 214 377 155
703 703 703 703 703
704 107 165 486 356
705 705 183 128 179
706 280 18 86 593
707 627 184 357 184
708 62 859 57 131
709 404 612 306 10
710 549 82 290 272
711 711 711 711 711
712 995 712 401 285
713 81 405 115 860
714 401 870 425 130
715 799 715 799 189
716 716 5 481 13
717 271 132 192 517
718 55 5 269 474
719 397 181 342 350
720 700 332 707 913
721 27 128 210 256
722 27 917 40 917
723 173 404 101 768
724 338 455 442 370
725 40 448 484 484
726 726 121 647 21
727 464 169 355 16
728 885 106 147 424
729 971 805 44 501
730 62 19 499 246
731 731 731 731 731
732 732 732 732 732
733 723 546 604 546
734 211 290 567 290
735 461 45 142 576
736 86 283 28 86
737 737 737 271 210
738 131 63 586 826
739 82 468 172 249
740 252 411 286 408
741 179 388 379 384
742 742 614 614 742
743 517 6 128 118
744 744 744 744 744
745 453 654 820 142
746 746 746 746 746
747 62 361 261 437
748 944 748 300 68
749 167 450 377 776
750 88 142 615 331
751 6 54 271 13
752 65 639 639 65
753 116 914 113 13
754 971 700 332 505
755 211 333 361 251
756 597 142 132 121
757 980 119 261 30
758 143 160 778 85
759 459 253 189 62
760 592 241 963 932
761 393 84 252 654
762 516 762 516 762
763 5 133 65 177
764 30 33 339 135
765 358 502 505 358
766 521 366 812 366
767 473 116 82 963
768 404 58 601 283
769 559 160 138 809
770 353 592 272 13
771 106 932 671 188
772 772 772 772 772
773 405 355 212 494
774 285 949 59 3
775 560 276 168 424
776 593 822 484 822
777 86 33 38 171
778 85 85 317 218
779 549 106 80 459
780 84 305 528 489
781 537 170 249 421
782 82 211 308 390
783 669 420 107 372
784 784 784 784 784
785 545 588 13 168
786 519 519 20 695
787 21 254 367 417
788 788 717 459 215
789 654 217 612 832
790 544 257 426 840
791 623 313 309 309
792 121 233 494 312
793 206 201 86 238
794 335 97 353 365
795 417 113 333 48
796 828 796 353 106
797 605 797 14 270
798 798 798 798 798
799 715 799 549 582
800 549 268 405 44
801 820 95 942 435
802 172 169 326 64
803 252 571 3 63
804 11 504 466 754
805 971 47 427 42
806 285 286 5 271
807 5 581 13 302
808 808 808 808 808
809 2 195 5 283
810 269 46 272 409
811 77 142 667 37
812 685 3 587 58
813 515 572 572 515
814 262 148 179 62
815 92 538 498 200
816 816 455 981 485
817 817 813 534 450
818 92 22 137 158
819 461 269 461 335
820 28 655 482 535
821 163 601 197 197
822 484 515 593 95
823 12 896 828 107
824 191 511 411 271
825 723 173 533 856
826 685 305 949 685
827 506 365 18 420
828 233 124 353 935
829 168 399 199 258
830 452 161 496 421
831 258 375 282 234
832 4 62 3 886
833 7 421 430 486
834 107 74 330 223
835 425 65 362 480
836 706 523 134 84
837 107 258 1003 258
838 124 892 367 160
839 377 368 301 301
840 840 426 270 611
841 841 841 368 182
842 211 103 394 61
843 290 263 82 277
844 133 114 93 464
845 520 138 2 54
846 605 851 907 907
847 417 113 914 36
848 340 107 163 434
849 63 281 281 481
850 199 105 914 338
851 377 389 377 548
852 206 51 346 342
853 82 15 125 121
854 252 105 493 62
855 299 590 86 494
856 546 163 145 115
857 301 356 69 299
858 306 28 27 30
859 137 301 169 486
860 753 816 116 417
861 350 342 103 211
862 777 134 133 971
863 57 271 126 286
864 411 116 883 116
865 59 174 126 698
866 96 338 113 32
867 134 173 147 615
868 5 0 166 172
869 179 907 907 349
870 401 172 342 345
871 231 249 142 249
872 17 145 405 263
873 425 873 425 705
874 425 870 425 568
875 170 251 86 318
876 564 183 291 493
877 812 366 290 184
878 23 301 157 342
879 242 233 424 329
880 815 520 13 272
881 96 56 520 971
882 166 2 285 15
883 32 261 470 914
884 412 256 312 62
885 887 885 887 92
886 366 440 206 6
887 887 885 21 274
888 412 154 173 142
889 828 106 695 971
890 121 183 80 114
891 892 300 638 210
892 828 353 106 222
893 466 451 265 451
894 327 416 327 13
895 417 76 263 531
896 329 576 129 484
897 263 486 458 542
898 230 898 230 375
899 2 195 281 564
900 438 31 39 114
901 137 809 58 174
902 5 716 716 716
903 191 839 191 157
904 321 560 386 393
905 311 494 106 11
906 160 146 189 667
907 262 160 233 239
908 922 956 213 951
909 129 88 121 296
910 65 525 44 7
911 189 160 610 142
912 526 14 403 133
913 141 306 426 280
914 169 438 89 136
915 38 29 459 548
916 414 449 414 370
917 974 917 27 337
918 918 908 205 51
919 443 29 29 590
920 230 282 478 111
921 412 55 252 59
922 913 7 707 465
923 326 118 326 86
924 57 271 481 685
925 333 169 588 37
926 234 160 321 156
927 930 669 669 641
928 211 87 152 183
929 429 301 81 87
930 930 927 241 243
931 599 208 115 18
932 283 105 533 172
933 89 10 160 482
934 549 667 509 518
935 936 563 822 900
936 350 191 601 121
937 100 99 98 185
938 611 160 54 88
939 232 473 329 210
940 128 115 337 5
941 189 82 739 300
942 95 280 228 342
943 295 486 377 133
944 748 793 613 613
945 945 327 945 945
946 641 163 17 532
947 377 741 250 295
948 381 61 396 377
949 57 408 126 13
950 856 833 833 833
951 44 529 359 265
952 710 971 740 971
953 28 256 172 351
954 249 533 25 26
955 205 95 207 5
956 7 499 529 488
957 707 86 586 738
958 962 958 509 325
959 377 396 321 392
960 377 546 115 136
961 377 296 420 29
962 958 509 667 118
963 612 393 155 87
964 23 25 30 545
965 936 204 196 908
966 21 932 544 129
967 525 720 754 19
968 184 540 509 356
969 509 87 438 860
970 820 424 153 58
971 504 44 407 266
972 913 506 19 184
973 971 26 30 721
974 593 14 129 922
975 971 29 36 128
976 361 133 30 41
977 242 62 333 82
978 165 363 161 358
979 316 758 288 333
980 757 367 666 362
981 847 333 302 13
982 137 194 2 160
983 333 517 408 993
984 333 5 931 234
985 376 160 856 612
986 411 373 571 285
987 116 443 725 339
988 24 40 32 30
989 329 28 24 440
990 826 809 132 371
991 412 59 174 54
992 992 992 992 992
993 408 571 408 587
994 6 95 450 128
995 712 255 46 256
996 12 166 158 564
997 27 32 33 27
998 65 366 44 62
999 145 142 591 96
1000 14 450 409 118
1001 194 685 54 949
1002 560 336 560 363
1003 258 22 92 538
1004 55 533 303 114
