0 368 1 280 303 896 287 494 222 223 313 317
1 52 157 387 157 391 379 308 16 249 546 252
2 285 683 683 131 422 248 549 326 145 283 560
3 886 812 520 55 552 809 137 174 140 273 886
4 286 486 51 283 230 920 435 127 533 541 511
5 100 99 64 66 108 300 263 96 443 41 115
6 389 377 280 93 183 170 163 107 820 171 423
7 264 608 529 533 572 64 271 10 64 980 980
8 301 209 139 342 681 352 342 60 61 53 232
9 765 249 82 123 180 145 87 304 302 57 195
10 409 23 215 5 990 2 300 444 301 307 872
11 300 642 642 82 362 65 130 621 301 747 513
12 267 498 487 529 498 232 5 423 48 245 47
13 171 116 93 128 106 128 280 340 106 189 695
14 65 440 65 486 664 401 562 840 285 635 137
15 362 529 529 525 504 569 441 608 498 573 441
16 280 130 388 130 692 130 180 41 546 828 233
17 932 106 363 188 69 64 323 160 423 5 184
18 104 18 314 405 355 254 107 173 10 327 328
19 49 217 612 83 395 174 473 355 212 115 261
20 327 486 430 5 349 156 181 182 394 53 215
21 314 189 311 373 411 717 788 788 717 459 560
22 173 155 377 347 166 351 122 349 149 64 164
23 964 373 166 58 271 3 601 166 473 667 37
24 455 24 114 171 301 747 494 590 299 968 184
25 339 482 340 934 268 316 121 153 393 283 60
26 437 169 427 86 540 121 411 308 6 520 738
27 370 25 459 106 329 476 258 282 572 86 203
28 365 128 209 15 139 269 644 950 644 489 16
29 339 437 338 121 74 260 336 400 271 137 877
30 434 28 114 361 318 527 113 329 367 93 40
31 337 424 114 820 52 52 820 159 235 319 209
32 438 113 96 251 169 366 512 162 654 376 295
33 28 545 462 173 166 146 601 886 366 230 74
34 24 609 24 609 333 47 971 506 462 173 233
35 301 168 542 544 303 533 473 767 82 464 494
36 86 92 152 494 121 215 188 184 667 128 6
37 338 113 950 422 19 420 15 334 446 301 747
38 23 878 33 32 654 48 245 318 981 333 367
39 883 883 336 41 434 333 23 422 21 41 443
40 590 23 151 361 48 485 981 443 925 981 417
41 601 107 96 92 260 173 129 544 820 64 515
42 160 3 571 142 593 320 368 841 368 60 122
43 44 649 246 504 504 499 232 820 464 41 612
44 430 166 431 84 152 187 21 173 728 885 20
45 405 183 400 92 530 538 777 134 10 69 306
46 548 337 245 485 48 925 113 556 464 35 339
47 47 116 135 133 401 282 546 850 199 207 172
48 38 438 136 135 914 816 336 820 79 205 847
49 153 856 142 100 185 125 121 145 233 238 601
50 49 612 309 18 167 181 320 283 372 372 87
51 362 128 917 918 41 908 206 918 207 196 200
52 185 708 404 185 709 404 86 932 77 282 665
53 922 499 525 238 244 235 930 921 845 63 175
54 211 730 211 430 421 213 155 486 357 68 220
55 271 145 188 215 105 546 362 405 183 493 291
56 685 64 165 115 336 96 816 115 417 38 35
57 863 57 949 13 497 78 77 212 422 87 183
58 162 71 612 309 311 301 420 783 154 495 107
59 193 859 249 114 107 169 36 128 83 140 322
60 283 453 212 431 84 18 182 388 130 13 305
61 388 376 395 86 203 62 357 356 282 820 445
62 77 531 548 1 560 75 75 655 280 333 370
63 520 815 80 20 420 188 549 671 551 21 184
64 914 914 36 170 417 423 318 442 26 113 478
65 910 65 257 526 250 0 218 166 133 11 452
66 215 306 306 373 180 105 87 172 47 79 282
67 86 553 521 823 19 405 356 638 12 957 265
68 64 183 300 475 300 531 340 424 483 464 282
69 189 509 434 163 420 222 537 61 379 628 379
70 84 272 271 88 271 5 362 7 430 65 371
71 433 186 31 84 115 82 234 234 114 96 455
72 524 72 163 106 253 607 87 147 13 130 426
73 106 495 739 82 131 160 83 63 283 44 107
74 64 458 254 285 82 161 496 466 374 406 498
75 427 31 31 367 31 84 432 162 45 16 282
76 263 16 405 15 211 87 509 13 69 329 476
77 105 424 304 13 329 63 209 282 280 219 181
78 531 79 539 380 387 523 172 847 976 981 442
79 820 820 243 434 458 377 562 183 474 82 419
80 747 615 244 210 83 62 186 654 186 62 708
81 155 546 83 259 89 211 252 832 160 340 547
82 325 21 820 269 303 160 495 121 121 174 164
83 249 460 81 225 494 287 160 269 282 427 48
84 471 472 453 105 187 663 187 160 83 115 170
85 313 623 813 585 129 585 813 534 440 608 267
86 480 143 480 166 180 148 149 420 152 615 84
87 77 557 83 71 431 431 756 225 148 149 349
88 89 423 13 785 23 142 125 166 139 461 322
89 107 282 82 372 372 75 372 115 615 83 329
90 162 404 323 160 127 128 183 424 738 271 3
91 328 327 259 519 809 2 107 107 589 589 271
92 513 507 513 652 513 183 81 424 308 218 74
93 301 61 380 387 523 168 285 254 74 259 695
94 94 351 283 392 86 38 37 28 142 173 728
95 64 918 206 62 427 252 271 56 281 59 880
96 336 165 48 84 513 459 29 301 169 137 2
97 125 404 474 107 809 55 166 320 616 435 65
98 98 107 809 809 4 6 96 527 527 263 318
99 708 124 768 97 98 124 125 124 323 6 379
100 142 366 312 177 409 81 533 154 533 518 83
101 768 371 641 641 282 300 892 491 167 41 28
102 192 59 949 949 949 281 412 154 474 186 226
103 201 166 55 55 126 13 588 37 39 409 504
104 157 388 387 296 296 160 83 290 424 434 3
105 166 201 395 182 104 320 182 157 52 133 65
106 424 230 898 898 481 54 281 564 263 318 925
107 83 533 616 459 42 190 105 544 105 450 813
108 509 972 913 699 845 63 849 155 145 114 212
109 108 329 459 225 226 494 506 249 141 529 265
110 258 142 23 128 667 13 30 37 32 24 38
111 478 258 198 205 95 64 411 116 860 169 64
112 37 545 442 333 355 518 615 309 224 64 157
113 455 136 339 75 427 434 651 173 41 196 231
114 169 46 461 446 498 441 121 31 24 997 27
115 5 97 5 285 921 880 308 17 249 462 58
116 411 121 191 157 149 180 420 107 154 492 212
117 460 244 460 411 126 209 494 484 448 272 584
118 549 74 215 717 106 46 334 448 461 448 579
119 84 269 216 274 140 592 38 47 443 135 914
120 232 121 478 91 108 420 509 667 187 16 132
121 13 285 285 635 4 564 340 86 69 480 418
122 397 379 378 182 381 321 380 390 104 103 352
123 820 243 963 859 303 303 571 4 971 26 590
124 82 376 82 5 357 375 329 63 366 255 712
125 121 432 288 218 221 73 268 218 85 142 560
126 405 187 215 306 107 180 172 169 46 46 255
127 36 129 292 389 162 107 82 325 509 958 509
128 283 559 258 434 226 227 405 81 365 695 695
129 62 106 495 671 249 187 546 963 209 118 21
130 345 121 168 458 280 61 499 358 700 264 569
131 683 211 754 161 504 533 58 145 145 142 427
132 89 56 845 63 408 211 654 153 249 363 87
133 307 65 543 87 114 256 492 612 82 550 667
134 482 162 190 87 856 246 213 573 358 44 424
135 26 35 35 367 23 153 107 114 48 370 38
136 170 6 528 6 377 172 23 417 925 925 443
137 880 305 174 395 83 594 83 214 483 219 280
138 160 906 546 2 494 152 70 180 256 121 161
139 448 15 823 521 615 152 395 182 250 526 257
140 322 461 273 579 446 933 322 592 429 429 301
141 5 106 222 7 452 466 64 108 66 66 469
142 74 307 74 85 726 342 17 532 233 11 525
143 482 133 256 412 991 859 243 411 375 143 91
144 212 82 295 313 0 313 317 1 0 459 80
145 144 166 576 494 372 513 74 745 979 745 979
146 18 366 521 340 152 82 353 323 300 62 281
147 612 963 932 495 671 42 17 17 363 278 121
148 160 269 474 249 367 932 296 249 163 435 160
149 6 3 411 166 18 314 105 80 28 655 167
150 149 420 138 54 132 63 2 57 604 131 83
151 27 878 35 107 282 509 190 329 116 883 336
152 434 490 129 107 283 601 238 302 419 79 47
153 49 50 71 432 217 160 285 411 375 663 80
154 236 303 129 142 107 253 75 437 135 170 460
155 236 209 131 82 739 495 249 81 667 550 473
156 13 526 568 493 290 526 419 356 896 710 187
157 5 306 327 20 326 10 143 93 940 128 892
158 300 367 419 468 377 203 296 182 397 368 0
159 11 699 953 816 115 932 367 48 370 414 414
160 135 165 482 655 75 470 986 470 170 411 866
161 530 365 169 339 33 35 367 21 327 13 820
162 427 615 163 435 942 435 65 86 573 452 264
163 821 163 62 152 49 433 372 106 355 212 68
164 448 322 272 271 54 88 149 440 365 833 5
165 86 690 366 183 159 252 174 54 249 28 301
166 184 81 252 333 320 391 321 560 48 486 292
167 483 362 430 360 754 11 434 42 133 208 63
168 35 953 590 299 6 211 355 137 982 137 252
169 405 892 28 721 28 892 491 892 128 371 28
170 434 401 542 401 835 275 813 403 426 283 321
171 93 664 84 422 272 183 87 222 87 441 254
172 457 285 126 285 105 450 413 275 276 275 176
173 96 164 424 304 16 107 361 133 256 345 179
174 157 231 177 220 47 96 329 69 713 81 87
175 3 1001 2 408 192 323 5 6 466 649 441
176 238 211 506 19 513 340 513 355 105 203 434
177 221 0 88 211 212 86 67 66 654 404 83
178 344 180 615 84 411 809 174 395 182 308 166
179 347 349 156 157 178 350 351 179 82 168 284
180 344 262 533 145 81 63 812 3 371 351 320
181 162 107 206 201 215 66 96 337 419 828 434
182 384 295 60 105 10 25 10 173 333 441 754
183 168 822 464 183 168 493 401 294 214 851 483
184 473 213 246 498 58 281 62 18 86 395 61
185 100 424 196 971 457 533 406 466 265 9 754
186 433 434 34 30 31 84 87 473 549 188 710
187 20 537 366 147 546 493 275 232 368 392 60
188 129 116 437 443 339 417 115 147 145 546 533
189 460 189 62 283 83 44 161 141 360 371 405
190 62 117 160 405 106 717 271 305 208 434 163
191 278 278 621 11 21 115 932 254 420 60 182
192 323 447 269 371 13 207 908 201 121 219 172
193 160 216 69 467 84 18 167 290 290 6 411
194 137 571 281 698 54 55 166 420 5 362 518
195 412 211 654 17 297 17 85 519 189 20 160
196 280 283 166 742 166 859 826 812 880 859 254
197 820 183 714 172 526 546 909 129 292 278 548
198 199 174 424 168 615 145 160 736 107 254 210
199 51 121 544 168 526 458 83 601 86 686 301
200 776 94 955 205 198 94 214 107 296 105 518
201 183 564 338 424 20 86 68 107 454 82 81
202 623 202 201 249 327 20 166 77 445 340 134
203 495 170 105 393 154 17 147 13 588 307 310
204 141 64 644 6 252 408 211 402 133 308 308
205 593 820 776 391 426 413 172 107 856 506 462
206 917 128 378 377 199 174 305 84 615 21 519
207 201 94 483 157 381 393 153 82 51 362 488
208 809 2 2 506 913 951 44 565 608 7 86
209 424 748 160 809 285 58 665 55 285 486 53
210 107 282 160 87 545 25 437 261 486 478 282
211 114 405 642 419 333 355 333 932 115 820 243
212 63 6 440 434 166 209 63 269 615 155 58
213 466 494 417 795 417 76 443 437 361 560 295
214 211 269 16 187 518 351 351 365 506 407 502
215 220 113 339 96 263 86 425 426 130 426 840
216 164 447 799 447 498 241 927 241 236 930 235
217 49 152 518 155 371 114 168 47 5 236 154
218 308 211 195 58 162 532 520 532 132 82 541
219 181 381 379 174 405 5 76 976 925 48 38
220 128 23 333 925 981 485 455 263 283 577 375
221 226 313 0 223 83 288 282 121 395 385 160
222 64 216 62 151 151 96 59 412 64 549 800
223 655 231 74 745 453 83 81 713 509 189 312
224 1 17 107 90 62 296 295 292 206 168 14
225 86 203 284 511 301 428 160 179 340 166 129
226 314 184 419 356 366 254 366 166 441 12 666
227 254 495 1 450 107 230 5 232 820 52 377
228 17 177 200 198 199 338 365 106 537 7 666
229 536 473 495 1 189 671 589 671 106 979 170
230 375 282 856 83 71 612 105 493 424 18 225
231 181 378 295 61 19 121 340 329 514 514 328
232 1 218 226 546 493 160 121 107 478 62 329
233 83 255 16 337 336 41 493 93 36 93 813
234 931 930 927 963 243 235 930 208 249 459 177
235 963 926 234 160 28 38 23 438 302 57 281
236 252 211 103 211 420 282 87 353 434 269 335
237 209 282 16 363 106 747 615 142 191 150 149
238 931 926 242 963 546 604 96 75 36 30 29
239 13 478 112 51 751 820 365 564 356 356 80
240 243 243 105 518 145 405 212 665 665 886 366
241 234 209 11 106 113 168 83 23 421 61 61
242 236 96 326 389 104 377 960 377 278 681 343
243 87 300 371 249 231 624 409 165 86 212 105
244 58 665 64 223 366 19 166 19 666 441 608
245 48 442 485 417 64 209 286 63 174 281 16
246 499 566 707 661 569 661 510 141 365 222 420
247 12 300 739 300 42 493 275 542 458 377 316
248 301 52 595 52 146 187 518 252 286 249 303
249 243 234 252 209 83 163 154 963 160 296 42
250 157 321 321 440 526 280 270 11 518 155 189
251 27 23 33 34 588 35 25 30 424 82 767
252 166 431 434 190 121 531 438 330 455 444 464
253 316 905 74 549 67 146 549 934 549 667 37
254 81 486 160 10 89 552 87 63 183 418 188
255 145 212 69 260 311 268 405 531 142 58 412
256 291 542 458 275 60 387 115 17 42 226 85
257 543 576 212 474 89 107 170 424 166 2 89
258 160 400 105 450 133 133 420 82 105 84 162
259 537 405 748 944 748 460 537 231 278 179 365
260 260 260 259 72 259 536 184 969 184 183 6
261 40 165 39 151 39 86 85 147 115 16 209
262 342 346 345 61 53 403 426 450 93 14 79
263 245 686 21 221 314 872 85 226 232 292 231
264 700 720 11 21 690 215 316 519 519 315 519
265 661 510 754 441 699 441 233 101 131 160 471
266 440 65 232 95 199 53 537 170 301 357 328
267 466 754 62 361 136 438 437 455 171 26 442
268 295 283 115 473 545 588 23 480 121 79 811
269 236 132 282 33 30 28 953 23 42 343 214
270 14 256 31 36 218 366 109 51 118 667 184
271 809 285 132 142 591 142 210 62 285 129 714
272 651 272 665 254 173 153 856 331 74 221 74
273 812 886 217 886 3 58 282 271 283 295 268
274 216 254 355 62 115 439 96 160 397 376 103
275 434 371 254 531 77 79 77 84 142 353 183
276 560 775 560 329 434 544 494 747 671 480 564
277 82 51 593 204 918 1000 206 440 368 392 376
278 183 329 10 25 30 160 663 460 23 87 81
279 279 118 300 434 450 256 303 114 105 169 114
280 822 563 93 201 204 205 955 94 205 206 277
281 333 133 377 312 314 160 454 107 506 62 226
282 880 252 137 663 69 184 968 184 311 282 880
283 133 29 21 72 92 887 885 106 80 243 236
284 5 134 84 229 64 96 31 23 588 26 35
285 209 237 238 506 494 311 459 340 179 869 182
286 13 69 418 129 922 499 213 320 349 321 971
287 184 129 283 86 256 283 372 248 422 820 95
288 506 699 44 932 46 129 36 10 366 820 365
289 482 64 271 303 571 62 29 25 13 281 63
290 263 925 925 976 361 560 224 560 459 106 314
291 280 277 180 348 349 179 181 390 296 392 296
292 409 65 574 65 264 498 421 213 12 247 7
293 362 44 366 18 249 152 153 107 78 82 612
294 280 270 28 39 229 494 282 10 339 28 420
295 18 307 696 17 282 493 280 41 464 93 336
296 121 17 431 217 71 217 132 256 173 64 820
297 259 777 10 96 59 57 2 564 10 971 569
298 549 274 216 15 272 446 140 273 272 21 6
299 80 80 271 137 286 880 174 812 601 105 508
300 102 743 516 516 516 517 516 6 994 6 515
301 108 478 91 306 20 11 525 765 44 500 264
302 252 17 233 237 6 170 86 153 82 355 856
303 121 163 115 114 211 469 96 165 483 473 403
304 971 582 508 533 525 498 487 805 971 505 62
305 865 59 5 132 118 209 131 552 126 131 62
306 20 10 400 589 365 278 114 229 64 199 278
307 971 343 681 133 464 249 351 377 365 179 340
308 393 160 290 169 308 393 397 719 376 296 342
309 872 182 869 181 379 384 295 276 295 292 168
310 249 106 373 420 337 6 563 484 563 373 163
311 309 221 468 495 468 122 103 150 150 157 182
312 232 499 498 922 699 499 505 525 19 160 573
313 218 167 751 167 340 483 178 380 14 776 572
314 255 46 322 735 322 794 335 274 15 273 139
315 495 169 438 64 197 820 434 401 276 401 426
316 341 311 295 276 426 425 493 403 425 294 94
317 221 312 62 237 587 2 271 304 58 83 107
318 486 113 47 40 165 107 769 62 283 748 424
319 963 154 419 253 83 153 115 492 160 342 206
320 533 210 371 405 108 290 291 181 368 397 393
321 377 122 377 60 133 18 115 18 696 218 268
322 46 211 738 412 738 55 412 615 453 86 251
323 5 261 339 547 444 13 624 13 130 290 484
324 121 373 404 366 78 482 93 36 30 84 112
325 509 467 85 221 537 537 52 221 116 337 23
326 173 535 134 521 615 404 185 662 494 576 232
327 733 923 733 733 538 777 554 134 366 445 366
328 143 478 477 91 474 84 366 310 581 409 409
329 328 328 328 560 142 296 277 149 148 149 160
330 455 919 919 443 263 925 245 686 86 480 221
331 29 417 151 48 442 26 23 37 28 655 438
332 7 19 360 11 754 466 64 212 371 340 497
333 128 13 281 571 137 285 89 474 233 212 253
334 139 209 128 133 134 521 134 867 134 867 96
335 794 335 269 84 513 365 82 337 367 546 105
336 84 471 256 471 295 311 260 92 80 20 106
337 23 62 586 2 990 2 271 5 59 137 249
338 914 169 900 753 753 860 753 470 170 188 671
339 725 245 48 333 340 331 707 570 707 872 182
340 46 300 97 371 533 460 215 218 314 418 549
341 215 262 402 258 329 434 170 494 93 261 367
342 130 776 41 152 271 412 56 271 809 971 403
343 342 149 284 278 278 681 352 206 168 484 290
344 200 200 434 231 656 380 166 142 340 331 615
345 191 191 262 301 290 419 367 62 189 473 44
346 351 183 155 223 365 530 11 700 11 141 494
347 231 537 222 219 18 424 46 252 685 859 932
348 349 349 644 140 164 140 335 322 273 447 579
349 64 455 47 339 26 590 13 242 303 96 54
350 851 605 414 443 165 443 925 847 448 15 533
351 249 441 504 494 210 810 210 241 963 158 210
352 41 136 251 62 28 590 13 535 173 518 252
353 937 937 404 366 121 230 107 468 730 82 368
354 353 708 404 546 290 437 337 5 35 36 409
355 114 107 828 896 169 116 23 480 601 82 129
356 549 268 282 132 217 404 212 411 4 552 211
357 108 357 105 493 474 476 329 306 434 53 82
358 501 358 407 249 258 365 351 518 187 121 203
359 359 569 249 393 810 296 107 518 209 244 241
360 11 518 771 106 249 286 285 166 399 129 232
361 160 820 171 547 339 437 860 336 13 199 280
362 331 215 549 160 310 272 584 563 584 86 480
363 155 31 162 820 106 494 438 450 526 221 223
364 152 92 92 92 887 20 259 173 22 21 64
365 114 485 338 113 114 184 540 189 460 411 282
366 109 51 196 95 309 226 186 932 83 601 79
367 113 114 473 35 533 303 300 45 424 17 166
368 283 283 46 447 140 819 139 447 799 549 550
369 96 439 96 604 57 286 57 604 96 619 613
370 116 123 96 337 16 362 466 64 918 974 918
371 129 86 283 601 180 278 908 196 51 371 490
372 48 976 455 464 129 543 170 816 336 27 437
373 115 340 497 340 143 172 197 498 573 856 820
374 44 729 141 421 13 56 6 438 114 640 937
375 679 482 47 847 443 442 976 48 96 361 160
376 308 376 342 483 482 79 922 129 418 508 299
377 562 533 249 672 141 504 7 466 525 44 546
378 157 346 172 143 328 474 153 105 473 340 218
379 387 41 932 531 116 116 725 165 280 822 936
380 0 218 872 61 177 218 596 597 756 459 226
381 342 41 28 28 424 340 459 548 160 54 412
382 379 377 130 388 376 179 394 104 387 393 86
383 157 381 379 382 157 343 107 179 376 395 376
384 363 296 190 184 282 64 108 90 90 91 478
385 160 880 56 610 57 137 208 495 46 164 533
386 560 221 166 380 539 380 60 384 181 388 384
387 42 163 83 465 549 661 823 823 856 504 529
388 377 294 377 383 383 379 157 320 213 573 86
389 292 493 483 113 338 115 82 365 258 211 705
390 14 419 64 309 18 17 120 758 91 306 121
391 381 381 321 397 181 378 397 160 880 157 16
392 104 390 250 376 181 95 61 421 249 404 371
393 382 377 167 917 94 176 478 476 375 577 578
394 104 393 160 601 886 366 758 143 329 434 226
395 385 379 157 278 280 363 367 249 355 210 241
396 61 368 83 259 519 85 778 160 856 160 292
397 321 381 479 414 645 156 345 351 250 150 473
398 157 345 156 345 278 789 419 367 64 354 125
399 813 623 202 201 95 820 581 473 767 13 340
400 690 20 188 518 362 362 107 65 0 248 221
401 712 401 542 129 430 674 661 252 389 295 385
402 402 349 160 79 116 171 133 445 160 279 160
403 377 0 103 14 181 388 376 82 747 282 77
404 371 353 249 17 225 86 504 699 11 720 608
405 124 424 748 106 582 84 235 238 499 332 500
406 407 526 44 699 332 971 723 723 546 158 236
407 526 160 12 681 342 776 199 201 283 63 195
408 138 2 564 164 579 46 428 335 929 429 592
409 90 106 355 472 295 943 295 255 453 301 140
410 183 155 363 186 490 128 16 357 589 638 480
411 516 762 516 743 102 812 685 880 286 859 87
412 3 971 113 486 417 47 423 417 795 417 455
413 176 93 16 304 271 271 183 353 662 300 218
414 370 37 127 82 184 546 269 735 140 166 191
415 697 321 560 1 199 204 593 94 486 188 81
416 173 62 505 406 43 44 956 700 499 649 246
417 725 417 725 113 13 290 291 181 321 301 730
418 129 557 133 545 26 35 23 333 393 342 621
419 183 271 470 470 261 115 96 113 914 455 847
420 15 592 15 579 272 137 408 462 5 455 318
421 213 332 359 533 483 764 377 295 378 379 63
422 153 422 180 153 612 50 50 162 532 404 518
423 171 245 48 261 30 133 179 231 179 820 215
424 128 199 42 405 355 115 48 114 171 64 458
425 574 401 568 256 333 129 403 129 342 130 936
426 318 283 51 109 424 128 409 504 529 502 374
427 119 165 186 474 493 568 290 419 79 128 93
428 216 301 147 249 23 333 133 142 571 373 134
429 124 838 124 282 493 464 523 332 700 661 362
430 674 19 267 265 141 431 141 83 420 209 587
431 58 738 57 832 3 303 280 291 206 94 351
432 288 431 160 181 390 268 496 161 530 358 43
433 405 221 468 107 400 69 260 311 248 459 21
434 212 115 155 150 250 182 869 841 841 312 366
435 533 269 254 367 666 141 856 19 754 565 459
436 438 129 438 860 914 169 427 950 533 530 365
437 847 464 282 58 126 635 2 4 160 158 950
438 545 255 300 269 142 210 245 426 526 221 218
439 96 59 89 520 281 3 81 189 225 81 252
440 840 413 178 65 483 556 232 53 397 378 60
441 699 406 499 19 459 225 283 226 42 5 581
442 976 113 434 92 887 20 287 494 563 572 426
443 33 24 32 30 32 261 27 38 26 38 245
444 455 485 338 251 86 152 333 153 615 333 441
445 581 5 34 434 163 518 254 106 298 507 314
446 579 83 115 79 282 212 23 13 197 593 515
447 676 322 45 46 322 13 242 160 193 859 434
448 16 771 145 828 300 108 300 892 173 124 214
449 414 370 33 878 33 38 26 165 725 318 127
450 623 313 215 221 106 90 258 152 74 222 311
451 466 160 856 8 11 666 441 649 729 141 19
452 566 7 700 525 9 971 114 212 459 1 222
453 115 121 303 107 362 486 113 318 245 48 84
454 82 80 142 165 443 527 114 303 329 129 186
455 423 892 124 124 107 46 533 84 270 515 409
456 405 81 87 223 316 0 0 0 459 565 44
457 409 371 828 546 147 513 340 217 886 601 107
458 486 44 498 525 19 268 309 228 309 5 411
459 163 821 163 20 287 800 185 533 422 147 422
460 473 421 268 419 121 432 162 81 212 726 107
461 216 46 828 356 486 353 142 163 62 453 82
462 430 4 57 194 54 738 303 329 473 411 281
463 462 424 263 531 133 181 351 210 269 333 233
464 493 282 142 212 434 329 165 314 365 83 820
465 83 693 121 651 173 212 153 424 196 776 14
466 358 452 12 452 421 333 361 25 93 526 53
467 84 268 106 147 342 377 167 340 474 105 333
468 224 148 160 369 96 610 255 366 65 600 493
469 96 136 170 254 651 420 254 233 546 30 34
470 980 64 2 300 100 102 300 45 461 624 491
471 671 329 190 62 143 18 232 133 116 434 44
472 471 472 355 424 222 365 133 362 303 423 892
473 581 310 105 569 7 833 5 990 59 520 20
474 434 471 434 65 352 160 218 73 317 1 127
475 375 356 896 142 480 494 86 191 83 292 377
476 375 478 652 108 81 211 333 28 62 283 495
477 469 5 269 420 474 108 258 410 258 105 166
478 474 477 469 108 110 108 13 84 544 494 233
479 177 546 367 106 68 220 114 172 275 160 163
480 223 17 427 153 366 86 106 17 62 256 278
481 57 160 116 434 35 588 392 61 345 262 100
482 777 173 723 723 538 723 173 405 126 173 777
483 321 38 48 417 437 75 372 431 105 747 678
484 448 429 334 140 174 62 453 87 333 154 375
485 221 218 311 494 229 114 326 173 83 96 427
486 28 32 29 21 581 301 63 162 129 936 822
487 9 573 7 12 7 19 62 4 273 4 990
488 141 602 499 500 44 729 971 332 407 505 332
489 211 420 78 121 424 16 121 41 85 314 726
490 460 419 296 607 393 103 368 61 395 719 393
491 491 753 86 177 629 440 265 11 247 213 503
492 160 294 457 285 683 57 520 58 738 5 63
493 486 82 647 21 68 16 375 6 272 584 86
494 68 419 296 434 828 612 217 521 366 372 248
495 351 250 741 150 215 366 424 340 329 114 83
496 141 510 506 699 953 24 151 427 427 87 154
497 562 401 424 139 420 568 130 65 562 413 526
498 459 222 560 316 215 103 18 133 362 486 486
499 608 358 699 953 24 494 377 386 17 932 128
500 7 500 264 570 707 12 700 332 498 407 566
501 452 9 720 608 406 332 498 238 499 7 8
502 407 526 840 526 65 533 86 470 986 470 438
503 358 500 406 502 661 856 82 199 82 4 286
504 183 473 411 333 155 44 21 282 311 373 552
505 249 672 141 362 529 160 237 210 932 163 613
506 661 661 9 573 166 373 481 845 924 211 355
507 298 551 160 352 681 278 28 24 31 261 96
508 189 311 74 537 21 1 459 434 256 145 81
509 969 184 62 190 189 508 80 169 367 249 209
510 499 141 473 855 155 236 371 124 708 124 404
511 651 511 306 366 30 151 438 96 135 443 590
512 162 81 121 63 286 412 820 464 211 2 58
513 218 282 393 392 390 103 52 53 215 82 226
514 474 233 240 237 174 371 114 145 147 460 169
515 494 12 419 714 426 562 183 81 46 548 203
516 2 665 212 333 211 842 211 128 495 218 1
517 517 333 615 21 272 216 274 216 461 140 46
518 661 700 823 707 809 465 14 86 79 51 306
519 61 519 435 533 194 300 68 16 280 106 282
520 57 285 59 619 56 738 685 298 42 333 736
521 295 472 355 472 453 189 117 160 446 498 473
522 563 93 172 342 199 258 559 258 559 142 187
523 292 484 160 201 533 342 122 397 376 392 588
524 72 92 728 92 105 252 55 665 63 174 971
525 602 496 451 466 86 163 107 372 62 82 318
526 440 264 61 379 250 113 370 423 971 232 103
527 976 48 48 442 981 48 261 5 309 311 424
528 644 269 236 5 74 310 78 107 46 46 933
529 466 267 608 266 440 365 820 333 252 333 62
530 246 504 8 107 54 304 285 174 815 859 271
531 438 330 73 259 89 158 114 847 417 485 48
532 211 82 245 434 191 142 216 142 615 404 249
533 187 107 201 203 83 557 201 420 53 380 160
534 813 413 176 292 83 128 932 44 424 509 253
535 134 64 170 133 292 62 164 388 280 160 224
536 229 64 511 275 178 681 160 160 36 183 223
537 227 254 329 254 58 131 126 286 195 63 211
538 733 825 306 329 82 83 747 671 21 548 160
539 78 424 497 424 100 100 301 147 342 277 180
540 509 216 428 274 46 129 113 86 117 189 966
541 107 65 450 526 250 295 82 105 147 424 154
542 458 183 89 260 21 624 491 497 531 106 820
543 494 252 89 271 411 96 119 753 978 165 409
544 6 134 366 217 431 70 71 432 217 121 74
545 183 159 238 525 505 43 498 332 523 457 294
546 163 170 27 29 27 588 29 183 211 54 166
547 443 981 318 183 249 170 261 82 249 115 427
548 278 405 493 142 577 518 81 121 747 249 642
549 508 142 131 532 4 54 107 820 232 121 612
550 13 481 599 96 369 89 412 412 256 172 820
551 189 188 42 190 162 427 950 820 94 533 458
552 208 57 137 155 19 86 215 221 107 216 461
553 482 228 226 892 828 45 164 273 13 474 366
554 29 27 33 165 170 471 295 376 104 395 377
555 856 358 499 246 141 473 419 154 105 92 127
556 483 305 211 285 105 820 212 212 268 74 222
557 129 290 426 206 440 152 249 41 143 357 5
558 359 360 569 739 495 250 495 222 80 107 142
559 166 506 366 184 667 582 184 546 7 332 358
560 20 885 21 10 400 21 152 71 393 249 58
561 462 249 371 132 252 241 233 254 142 151 409
562 202 623 129 562 177 60 379 16 375 66 211
563 563 290 62 7 365 245 434 187 184 115 173
564 114 115 41 143 357 80 80 69 173 86 593
565 430 246 499 649 246 266 7 856 58 494 190
566 823 8 566 569 19 49 217 643 290 121 256
567 82 160 130 280 813 168 600 401 543 672 44
568 133 557 205 196 282 745 282 249 155 133 62
569 360 430 211 256 308 494 282 222 310 533 44
570 661 161 19 267 161 661 505 332 506 462 506
571 2 886 812 447 323 98 102 300 124 107 450
572 167 450 813 458 280 655 438 113 367 183 81
573 166 559 160 82 82 12 264 500 7 504 430
574 401 835 789 275 515 494 12 7 555 324 558
575 149 6 132 2 114 564 2 195 252 338 66
576 329 410 62 833 62 747 189 187 546 87 459
577 166 376 380 397 537 486 51 124 353 662 404
578 577 518 63 193 408 194 587 237 253 237 5
579 929 164 285 301 504 86 69 184 62 518 518
580 580 580 580 580 580 580 580 580 580 580 580
581 409 118 21 314 307 310 160 550 13 624 420
582 508 679 508 663 68 68 679 69 173 892 896
583 521 86 736 736 86 68 121 105 83 434 30
584 86 222 189 314 52 197 918 908 592 140 83
585 813 129 133 41 160 963 121 211 455 914 169
586 932 212 183 318 443 437 89 303 304 971 251
587 234 654 249 441 608 61 181 166 303 300 642
588 600 401 285 366 506 913 950 113 13 266 13
589 671 69 409 169 914 455 370 26 171 38 24
590 35 35 878 33 23 545 588 34 28 306 549
591 83 642 121 160 418 62 133 155 512 155 209
592 272 272 710 509 306 434 367 420 211 646 131
593 974 87 474 154 422 393 390 182 872 74 226
594 283 107 258 564 263 48 96 304 88 149 575
595 52 61 537 781 621 149 191 86 573 525 293
596 301 211 340 445 820 533 290 79 539 494 417
597 107 333 925 318 82 681 682 681 133 280 419
598 553 554 134 766 340 217 162 283 107 124 64
599 708 62 582 184 314 418 509 299 551 723 546
600 133 41 932 187 80 950 260 10 11 129 162
601 146 316 629 440 526 714 401 160 405 489 528
602 699 922 499 19 324 441 473 549 679 69 287
603 414 443 547 443 135 169 13 33 37 588 392
604 131 532 107 367 757 757 367 106 190 533 461
605 851 350 861 350 178 575 167 342 493 160 351
606 495 154 209 587 408 285 5 990 211 128 64
607 42 255 160 663 679 533 756 73 74 330 223
608 7 720 804 266 498 430 533 264 359 332 498
609 30 135 370 33 113 367 62 377 450 214 13
610 296 495 932 371 282 74 905 309 312 189 537
611 938 611 168 275 177 344 148 179 104 389 521
612 612 856 366 747 166 506 358 213 707 950 913
613 613 537 486 417 423 121 568 65 172 365 489
614 756 756 86 206 167 95 196 86 67 160 877
615 309 17 297 260 311 295 18 232 557 395 80
616 435 519 519 106 221 283 594 82 163 420 165
617 269 422 615 427 370 333 283 234 963 930 234
618 523 332 707 913 951 359 44 805 358 7 666
619 303 405 695 607 421 409 420 165 336 30 62
620 290 108 300 323 99 424 404 84 533 362 7
621 425 294 493 817 817 544 129 422 58 281 211
622 238 194 832 587 234 637 234 6 515 275 562
623 791 612 49 87 493 280 419 114 87 45 371
624 301 61 150 397 53 380 396 320 94 198 41
625 252 304 285 57 286 2 665 812 137 169 21
626 87 45 404 372 83 142 593 51 79 557 83
627 667 160 601 41 581 77 166 19 362 401 44
628 628 389 14 368 103 122 349 262 179 60 150
629 177 13 361 113 485 114 158 160 224 1 222
630 630 303 300 101 371 211 990 859 665 282 333
631 631 631 631 631 631 631 209 303 145 155 19
632 376 385 390 378 385 182 296 42 490 160 413
633 633 633 633 633 633 633 633 633 633 633 633
634 634 635 126 55 56 865 59 2 107 438 437
635 126 13 113 370 725 165 816 470 96 261 86
636 636 211 807 132 283 378 393 394 103 368 150
637 234 494 24 35 151 113 473 581 65 450 340
638 210 305 990 305 285 412 193 193 990 4 424
639 158 160 826 252 193 252 552 208 698 481 950
640 45 424 83 191 64 329 108 160 150 397 150
641 669 5 252 81 550 105 243 132 424 263 171
642 284 749 820 86 38 245 113 220 128 215 311
643 50 217 643 17 269 254 63 129 280 142 560
644 140 334 269 473 483 340 142 856 506 956 213
645 645 414 443 370 38 592 428 274 678 678 627
646 131 63 174 21 169 211 285 412 193 803 195
647 21 560 75 96 604 57 832 160 107 467 69
648 648 648 648 648 648 648 648 648 648 648 648
649 729 971 973 971 251 62 245 442 40 40 753
650 215 81 607 256 351 191 346 5 286 411 5
651 118 387 60 378 295 296 215 690 5 183 211
652 163 411 976 455 165 438 562 380 177 656 177
653 653 653 653 653 653 653 653 653 653 653 653
654 211 949 285 107 736 86 707 19 560 328 327
655 183 913 856 555 720 9 487 9 499 525 505
656 262 814 347 191 824 191 180 122 130 401 362
657 269 63 158 300 323 4 3 281 183 93 32
658 658 658 658 658 658 658 658 658 658 658 658
659 659 377 150 390 157 387 384 181 347 166 290
660 660 660 660 660 660 660 660 660 660 660 660
661 459 498 459 537 259 259 106 280 263 116 129
662 166 172 486 820 128 94 196 218 311 215 306
663 474 107 153 984 153 23 254 46 283 518 405
664 58 372 594 372 58 5 211 211 990 305 285
665 812 59 880 80 20 74 537 227 537 394 53
666 86 377 219 17 615 144 166 17 17 233 586
667 128 128 36 36 23 128 160 641 282 373 93
668 157 734 320 380 157 489 157 483 483 533 25
669 783 82 228 482 450 534 440 176 501 430 6
670 670 670 670 670 670 670 670 670 670 670 670
671 549 274 46 16 340 612 82 168 840 13 168
672 365 179 60 381 180 148 224 17 312 377 294
673 673 495 459 329 80 282 280 483 142 427 169
674 9 529 487 487 496 362 362 473 441 608 608
675 675 675 675 675 675 675 675 675 675 675 675
676 160 133 83 70 217 432 217 70 186 152 166
677 199 593 974 593 197 52 301 150 148 344 180
678 480 74 134 372 86 129 187 183 562 200 207
679 189 314 107 489 419 172 28 256 80 866 411
680 380 396 380 103 0 74 340 892 828 45 838
681 851 157 350 180 83 180 301 314 256 263 48
682 681 682 191 256 552 515 373 481 4 405 356
683 57 208 564 164 448 140 174 665 303 252 55
684 684 684 684 684 684 684 684 684 684 684 684
685 285 2 62 357 184 62 141 466 466 266 720
686 114 423 971 188 282 252 114 208 131 83 405
687 185 124 142 589 83 288 295 250 61 707 569
688 543 493 180 284 342 280 172 251 336 400 105
689 543 113 263 426 62 21 254 256 802 365 602
690 671 589 564 10 564 356 282 115 900 914 170
691 691 691 691 691 691 691 691 691 691 691 691
692 130 426 82 853 82 371 45 45 447 429 929
693 83 820 63 971 3 272 310 222 513 183 756
694 493 473 3 3 272 428 461 15 183 58 845
695 315 495 107 375 258 152 365 114 3 55 54
696 226 256 492 256 3 571 281 520 286 252 212
697 414 479 479 177 13 302 438 31 27 370 27
698 211 932 233 11 324 466 466 499 332 971 480
699 359 700 7 44 161 569 430 543 399 450 458
700 359 452 661 707 674 265 266 498 487 332 523
701 462 513 271 589 607 243 615 714 93 373 280
702 932 31 143 133 83 820 412 211 764 168 426
703 703 703 703 703 703 703 703 703 703 703 703
704 704 704 107 453 167 198 64 140 273 216 46
705 256 474 42 86 10 96 121 80 62 4 63
706 14 283 105 152 115 367 366 184 513 92 685
707 358 11 324 10 728 10 271 737 271 281 301
708 353 354 404 640 99 121 495 377 94 320 394
709 185 618 124 214 294 425 84 180 82 295 255
710 189 184 5 357 357 65 409 318 925 847 925
711 711 711 711 711 711 711 711 711 711 711 711
712 401 294 457 533 15 121 169 533 249 489 5
713 509 540 509 325 5 5 6 379 368 14 936
714 172 169 136 251 27 37 588 26 443 455 900
715 21 364 363 155 208 54 412 859 886 273 13
716 5 346 21 137 87 484 292 129 909 129 114
717 215 309 495 155 351 352 41 280 42 41 82
718 63 194 57 460 490 607 255 424 210 46 46
719 121 58 89 845 89 455 48 318 925 318 96
720 441 121 282 533 266 11 92 887 20 971 457
721 721 27 338 170 303 183 271 210 16 362 820
722 28 811 84 70 217 84 582 971 778 85 1
723 777 173 129 123 170 485 198 197 955 94 95
724 160 160 548 371 371 114 113 556 330 556 113
725 443 76 423 438 339 35 23 160 681 178 629
726 62 131 950 58 86 79 77 445 557 205 917
727 84 57 305 271 408 59 520 303 362 362 128
728 733 551 509 105 226 212 408 215 313 310 494
729 441 249 420 139 541 764 74 221 309 316 379
730 5 57 5 53 526 167 377 748 160 103 162
731 731 731 731 731 731 731 731 731 731 731 731
732 732 732 732 732 732 732 732 732 732 732 732
733 728 173 92 137 271 13 333 261 27 13 474
734 0 0 88 271 46 255 255 284 472 610 57
735 592 592 446 461 735 322 929 579 335 446 216
736 736 86 170 16 308 411 864 411 949 481 5
737 271 589 357 375 142 303 520 208 552 13 79
738 281 333 366 44 114 438 31 427 655 513 272
739 569 754 266 246 421 466 452 666 661 161 434
740 51 908 204 581 133 362 820 169 338 455 169
741 377 378 60 215 283 83 856 956 183 159 240
742 166 320 350 157 381 342 277 149 148 434 62
743 743 743 517 195 809 949 809 271 513 372 62
744 744 744 744 744 744 744 744 744 744 744 744
745 189 287 81 249 222 106 756 106 589 400 133
746 746 746 746 746 746 746 746 746 746 746 746
747 615 333 165 38 165 280 65 352 60 167 453
748 424 28 952 710 971 466 160 681 345 343 207
749 820 171 655 116 121 373 280 214 342 130 13
750 88 89 438 390 388 157 320 734 280 113 950
751 51 113 423 442 485 981 485 86 687 100 353
752 82 96 437 75 84 752 121 143 108 328 86
753 86 494 268 295 585 544 817 543 168 301 22
754 565 44 332 836 836 813 585 544 820 424 125
755 211 84 48 50 49 71 84 444 442 485 114
756 223 468 342 156 734 128 220 113 220 74 400
757 980 757 367 361 160 730 231 426 92 20 21
758 424 375 577 283 355 472 255 13 301 166 143
759 121 86 7 573 856 956 213 332 836 706 836
760 592 617 448 16 295 381 381 61 52 128 35
761 393 154 647 420 53 13 357 21 671 509 260
762 516 305 718 281 738 6 272 710 184 418 253
763 5 481 599 481 59 286 520 552 424 31 82
764 377 839 377 203 14 515 413 413 168 764 74
765 499 608 466 466 500 569 264 358 106 531 254
766 340 331 215 81 509 710 952 81 137 137 129
767 473 69 107 55 5 132 82 355 329 254 404
768 97 618 618 100 5 189 82 422 21 365 7
769 559 282 222 365 353 99 353 142 74 120 218
770 353 434 161 569 81 490 356 329 116 28 26
771 16 44 526 86 234 963 243 434 187 546 597
772 772 772 772 772 772 772 772 772 772 772 772
773 773 405 106 11 270 426 14 593 434 340 474
774 285 408 473 44 133 165 28 329 989 329 290
775 560 29 160 85 151 655 167 450 257 284 284
776 199 41 85 467 17 254 531 107 81 679 663
777 498 8 504 86 366 311 341 218 128 303 235
778 85 507 85 86 372 283 589 249 615 243 5
779 146 147 83 101 768 708 97 618 98 640 99
780 84 623 623 813 600 813 172 542 291 464 280
781 52 53 822 53 13 581 872 309 183 160 427
782 82 326 107 222 365 129 346 409 117 86 366
783 420 68 64 389 521 295 268 295 290 366 577
784 411 646 211 121 340 107 139 209 158 638 169
785 545 24 23 878 27 337 96 54 89 925 981
786 64 528 191 342 147 189 311 189 799 549 371
787 21 13 506 452 452 452 506 374 358 502 301
788 788 788 717 411 784 784 411 4 412 162 295
789 278 486 168 936 130 157 398 295 378 179 180
790 544 257 568 329 300 662 62 531 256 154 62
791 493 342 278 342 376 719 841 376 64 170 979
792 121 1 726 342 103 296 284 681 343 13 590
793 316 549 296 388 387 118 121 208 87 160 389
794 322 428 107 896 892 290 706 563 272 137 54
795 417 547 437 337 338 252 233 236 252 138 408
796 353 99 404 115 644 296 321 378 393 385 182
797 342 95 351 256 106 147 17 307 18 221 249
798 798 798 798 798 798 798 798 798 798 798 798
799 447 799 189 287 92 11 293 360 235 930 930
800 287 92 105 518 223 64 302 5 189 550 44
801 820 249 589 564 480 357 62 480 39 494 173
802 802 802 129 169 80 379 377 127 259 127 36
803 767 82 218 166 115 318 409 336 13 280 483
804 466 649 466 912 765 707 602 499 566 8 62
805 487 496 922 847 455 417 895 114 106 367 142
806 89 301 22 11 452 506 466 231 157 393 160
807 192 192 3 57 285 425 430 498 956 700 913
808 808 808 808 808 808 808 808 808 808 808 808
809 88 806 806 88 96 169 212 128 116 455 123
810 244 234 209 303 412 54 138 211 269 16 340
811 531 282 174 284 284 511 651 434 296 87 351
812 298 42 343 13 655 151 251 361 114 46 21
813 600 600 401 714 450 544 257 65 320 283 115
814 58 412 665 55 718 305 528 373 528 6 859
815 137 571 6 685 252 159 931 158 2 333 366
816 411 183 89 408 271 412 211 371 236 269 84
817 817 543 688 543 401 600 450 211 469 478 476
818 440 515 664 65 325 325 962 325 409 108 301
819 140 446 428 428 107 356 282 311 218 340 654
820 201 196 776 167 377 181 167 172 93 971 520
821 160 601 812 2 164 45 87 128 36 82 278
822 533 408 2 685 665 55 2 990 211 290 82
823 7 362 549 84 180 615 58 194 533 83 434
824 191 64 99 82 18 85 85 519 20 173 96
825 733 538 538 173 777 200 200 167 181 60 95
826 252 174 473 298 246 213 320 947 377 283 559
827 506 107 255 254 84 243 57 194 193 832 160
828 121 166 601 105 282 190 62 285 15 269 282
829 203 167 526 401 172 292 206 290 356 107 18
830 452 573 566 666 362 401 183 410 486 29 24
831 258 198 201 201 352 157 851 377 122 262 342
832 102 100 99 99 82 152 365 695 21 420 820
833 365 531 811 79 445 86 19 264 499 499 407
834 107 99 97 371 105 159 183 401 362 301 327
835 789 168 47 847 919 976 114 307 177 229 165
836 332 707 358 498 0 581 310 494 212 41 17
837 107 662 100 429 447 272 584 86 499 506 529
838 124 618 98 640 638 44 9 213 720 7 529
839 377 182 391 321 394 368 275 177 221 312 309
840 64 222 268 459 106 747 162 63 195 208 481
841 869 182 60 177 221 83 296 719 397 389 150
842 96 20 480 107 300 329 258 831 258 365 506
843 290 437 290 86 459 187 316 495 249 404 121
844 971 235 5 325 10 25 30 40 547 38 86
845 303 423 121 963 237 240 159 183 113 220 68
846 605 846 846 605 851 575 167 908 207 191 207
847 981 417 38 30 424 527 981 847 172 434 280
848 340 129 188 21 22 35 168 83 42 58 434
849 252 303 242 240 233 637 209 273 269 152 615
850 546 17 223 282 401 600 458 93 133 365 513
851 681 86 154 654 233 166 377 397 632 397 389
852 851 575 206 203 820 232 498 856 430 166 226
853 82 310 78 13 56 281 121 121 115 113 114
854 252 209 140 282 249 252 54 56 845 408 138
855 155 221 225 18 160 366 758 238 602 238 412
856 105 199 377 95 206 440 366 440 458 64 309
857 160 343 820 13 118 549 221 459 107 81 42
858 306 373 283 296 249 81 299 190 494 233 494
859 147 377 199 64 515 572 515 493 457 840 562
860 123 338 245 547 443 444 444 547 245 485 318
861 350 936 706 124 354 354 185 708 125 98 371
862 777 10 142 100 494 190 564 10 366 693 283
863 57 815 880 859 520 3 128 116 338 318 48
864 411 163 162 412 586 59 285 86 328 258 564
865 865 865 845 183 207 5 309 120 758 143 197
866 411 976 76 485 423 113 51 82 203 434 340
867 340 333 114 423 847 455 135 336 115 612 424
868 320 104 150 295 376 719 719 379 388 60 495
869 397 376 397 389 389 393 308 462 211 243 243
870 65 275 6 611 938 611 252 236 3 281 880
871 231 231 262 278 191 907 907 156 349 5 411
872 707 700 499 86 62 426 172 419 114 486 176
873 401 714 143 82 752 65 870 425 873 401 285
874 425 664 84 510 499 19 293 374 856 362 293
875 170 28 46 28 270 11 7 374 499 499 466
876 564 209 42 86 285 174 281 4 431 83 81
877 81 106 351 363 87 243 859 243 83 340 179
878 23 460 214 21 22 258 468 223 142 932 129
879 242 303 571 62 172 434 393 422 601 233 932
880 80 256 460 537 221 166 172 207 5 840 440
881 96 302 304 88 302 115 318 47 444 76 417
882 160 724 160 319 209 286 209 131 249 203 294
883 39 114 113 86 593 51 375 860 170 301 596
884 412 473 63 812 137 408 286 63 815 305 412
885 728 21 367 280 21 87 50 48 27 26 29
886 3 107 87 453 301 35 169 172 820 434 44
887 20 537 189 519 315 17 17 224 468 258 111
888 412 2 64 815 63 88 211 153 612 105 771
889 405 211 81 911 189 312 189 663 160 484 694
890 890 890 121 278 345 352 483 556 280 278 343
891 892 828 889 375 474 663 533 129 363 495 351
892 128 483 113 950 644 166 374 44 374 7 420
893 466 407 566 358 11 12 7 407 494 170 116
894 327 96 327 327 486 820 150 379 389 391 368
895 333 419 495 155 367 129 802 129 600 493 611
896 405 19 422 84 254 129 493 294 457 285 286
897 263 361 47 455 455 338 932 282 546 290 272
898 481 132 131 963 950 260 173 223 74 696 17
899 2 812 991 812 272 274 263 151 142 85 226
900 953 301 290 515 290 484 232 576 93 336 437
901 137 412 586 195 305 285 57 243 236 13 207
902 5 55 271 809 54 34 29 29 40 442 36
903 191 256 145 404 366 230 375 96 135 165 914
904 321 349 347 307 74 215 128 3 665 665 87
905 74 18 301 262 180 262 215 0 178 65 835
906 546 474 340 405 106 756 533 483 142 593 142
907 179 278 365 430 365 249 154 375 183 113 306
908 167 167 776 749 62 63 59 809 89 515 494
909 129 36 86 37 25 654 333 601 252 254 23
910 65 94 974 918 167 198 593 14 486 820 751
911 189 710 710 508 80 106 314 228 309 309 0
912 499 241 592 334 46 812 285 57 193 55 665
913 7 421 481 809 131 54 34 34 545 165 725
914 470 271 54 194 208 812 461 140 166 747 82
915 38 438 165 844 165 79 160 27 338 82 279
916 414 916 414 605 851 342 107 137 139 46 45
917 776 572 5 279 160 820 100 107 183 464 280
918 207 128 526 457 971 10 971 416 173 306 549
919 976 444 464 420 402 133 128 44 332 359 529
920 435 616 459 90 328 460 597 301 809 552 89
921 138 252 63 738 586 462 506 64 234 931 930
922 496 496 268 313 73 358 530 249 142 226 419
923 723 173 62 143 51 486 44 672 543 424 170
924 612 747 613 117 613 243 240 237 174 420 494
925 455 547 165 409 140 819 140 428 164 335 448
926 210 252 2 308 438 26 28 212 58 252 160
927 242 132 131 101 65 200 918 918 167 820 918
928 211 990 826 58 282 333 493 932 41 83 128
929 579 46 132 62 3 174 932 63 301 228 82
930 234 209 131 366 230 333 981 333 48 115 486
931 931 926 210 233 174 269 644 64 234 269 422
932 154 269 174 269 810 511 7 466 12 11 359
933 592 579 334 322 461 448 971 3 971 406 11
934 163 5 102 101 419 714 143 10 971 627 809
935 353 142 217 366 153 513 269 105 518 513 92
936 14 526 103 385 395 393 379 377 278 130 157
937 125 166 818 65 562 177 515 167 751 820 79
938 611 450 14 18 143 133 155 223 73 950 424
939 572 484 83 210 810 511 810 269 644 528 191
940 128 226 221 107 74 316 223 18 167 204 204
941 189 190 533 457 440 608 264 247 661 19 107
942 435 163 145 234 121 20 409 450 183 655 438
943 295 16 395 494 312 420 404 217 431 105 169
944 748 62 417 976 76 139 76 443 251 336 135
945 325 509 747 663 188 62 811 531 419 542 526
946 641 541 405 498 441 266 720 213 141 8 525
947 321 592 124 300 896 404 15 446 46 3 89
948 381 176 292 168 413 214 377 464 136 337 548
949 56 63 63 366 226 390 384 80 183 351 495
950 58 282 340 166 210 244 84 474 477 108 405
951 525 700 452 501 500 332 141 332 498 205 93
952 69 69 362 430 441 608 566 608 266 7 499
953 35 409 21 80 96 599 63 305 528 644 6
954 107 236 236 96 423 113 367 340 420 12 573
955 128 6 362 560 229 229 198 205 820 114 420
956 922 499 452 649 729 358 358 505 43 406 533
957 141 44 419 114 419 183 146 316 309 219 377
958 962 325 945 945 409 35 590 470 96 75 367
959 377 277 342 206 852 852 415 697 645 697 697
960 377 220 215 589 107 306 173 64 980 757 577
961 377 122 397 157 395 83 280 179 133 113 26
962 958 962 958 69 356 106 671 411 498 533 483
963 142 62 230 106 420 669 615 142 667 184 486
964 23 83 19 293 44 956 933 139 140 735 269
965 936 130 130 351 129 840 5 184 969 184 105
966 189 540 86 100 935 768 708 107 41 387 104
967 44 424 142 253 316 121 83 160 214 107 494
968 968 184 81 256 173 932 282 209 319 158 564
969 184 419 45 274 273 886 366 249 460 663 474
970 546 526 655 149 160 230 898 230 424 168 203
971 93 39 560 1 250 181 397 320 283 329 190
972 509 260 173 69 299 287 494 690 160 812 685
973 971 3 272 428 322 676 322 139 15 447 140
974 87 163 121 256 170 165 847 165 34 32 24
975 971 307 218 177 344 381 320 321 157 64 528
976 245 82 292 389 394 394 53 61 872 61 378
977 977 209 241 237 253 405 333 162 90 494 27
978 115 548 531 173 62 174 285 286 880 63 243
979 316 793 316 537 231 14 291 290 130 65 543
980 64 223 87 160 549 473 355 283 693 283 221
981 442 545 588 29 24 455 443 29 417 86 44
982 137 121 99 323 411 6 56 56 138 481 211
983 333 320 389 394 61 61 232 103 215 248 422
984 153 58 6 272 563 129 450 5 279 279 279
985 376 283 28 340 848 340 438 339 151 27 301
986 411 4 281 131 366 271 46 273 579 448 87
987 438 330 438 93 16 495 254 492 165 41 460
988 411 183 11 420 249 550 667 68 549 508 68
989 91 112 91 469 411 89 10 20 533 607 106
990 281 59 194 208 211 586 408 63 115 860 123
991 859 105 357 357 409 278 347 231 231 426 292
992 129 203 167 296 142 896 405 828 121 179 340
993 408 520 571 288 199 526 294 401 160 226 106
994 6 563 464 160 156 179 397 179 397 179 381
995 712 995 712 401 256 366 424 166 54 107 662
996 12 264 707 332 608 566 8 441 11 358 566
997 953 590 470 271 552 195 286 408 4 635 4
998 65 358 331 223 222 695 20 106 28 952 540
999 145 333 423 482 74 5 154 422 493 835 493
1000 918 128 424 4 271 470 816 116 263 686 531
1001 832 1001 2 59 192 807 132 234 587 408 517
1002 560 283 145 591 62 666 566 451 141 951 666
1003 258 424 356 114 300 218 36 442 96 443 442
1004 55 86 485 442 245 725 113 426 956 426 270
0 368 1 280 303
1 641 946 641 541
2 612 173 366 531
3 56 137 408 96
4 587 194 685 665
5 284 206 786 189
6 305 718 305 57
7 529 506 406 406
8 525 359 504 856
9 823 823 661 66
10 400 96 2 102
11 699 406 498 956
12 420 453 84 467
13 255 712 995 712
14 922 922 908 820
15 125 98 62 62
16 132 807 192 194
17 434 459 44 141
18 225 301 222 82
19 293 661 19 823
20 173 892 226 365
21 121 495 377 490
22 520 285 254 114
23 142 82 932 702
24 37 36 35 170
25 545 23 121 242
26 545 23 25 160
27 722 28 35 30
28 229 23 545 442
29 116 263 62 201
30 417 29 183 11
31 932 597 695 734
32 438 141 473 581
33 38 590 590 27
34 54 138 880 138
35 25 165 753 753
36 86 395 376 391
37 96 57 5 134
38 258 38 113 33
39 38 37 30 41
40 38 48 39 165
41 249 84 209 587
42 64 379 64 417
43 569 161 105 21
44 283 295 471 295
45 405 498 529 525
46 300 748 944 748
47 165 362 518 405
48 318 115 436 115
49 643 290 62 263
50 87 547 847 333
51 918 95 205 196
52 53 420 278 82
53 420 363 17 173
54 88 0 316 560
55 481 6 157 181
56 138 2 494 420
57 56 520 685 58
58 422 163 86 215
59 832 193 58 249
60 379 392 393 61
61 379 61 388 283
62 811 497 13 255
63 305 174 211 506
64 419 542 440 152
65 65 282 494 529
66 474 153 424 258
67 86 720 720 707
68 142 131 57 137
69 958 962 325 13
70 212 172 434 30
71 431 427 932 45
72 259 20 259 106
73 309 317 389 295
74 560 336 883 93
75 372 433 233 932
76 114 820 16 15
77 78 420 201 64
78 424 222 467 69
79 497 482 339 169
80 866 80 460 549
81 473 14 515 167
82 295 486 184 81
83 492 612 58 195
84 485 86 274 21
85 85 820 483 94
86 297 316 495 62
87 424 462 419 143
88 63 301 121 372
89 59 520 121 748
90 469 66 146 187
91 328 460 225 226
92 538 723 306 51
93 515 526 172 585
94 86 506 105 412
95 206 204 350 320
96 470 171 113 301
97 335 334 140 819
98 64 820 483 226
99 97 640 564 164
100 142 291 183 209
101 102 323 185 100
102 3 685 3 685
103 389 389 393 145
104 179 320 232 277
105 404 153 474 859
106 287 299 190 108
107 591 96 423 485
108 183 95 167 776
109 62 159 160 395
110 84 649 246 7
111 474 105 654 288
112 37 23 932 31
113 220 215 222 690
114 13 767 473 150
115 883 116 883 93
116 420 854 174 283
117 613 793 613 127
118 511 7 374 441
119 165 31 29 443
120 377 82 230 366
121 99 323 411 183
122 411 976 976 417
123 820 133 82 152
124 300 314 52 157
125 125 935 100 662
126 131 2 612 152
127 435 533 252 389
128 204 167 60 122
129 65 600 401 543
130 351 172 13 199
131 283 390 61 533
132 256 221 405 160
133 128 166 142 4
134 74 690 671 17
135 170 188 473 129
136 417 171 5 218
137 160 63 87 253
138 815 208 305 698
139 6 184 173 126
140 64 375 13 440
141 64 168 231 277
142 450 123 170 229
143 142 20 259 106
144 84 544 212 165
145 950 303 114 640
146 183 69 353 708
147 329 560 48 76
148 224 17 342 17
149 191 262 344 377
150 104 393 382 157
151 113 339 38 37
152 160 429 429 269
153 427 121 752 283
154 58 963 209 273
155 393 378 295 317
156 191 528 489 129
157 489 249 351 105
158 137 58 285 809
159 963 243 411 163
160 342 180 284 5
161 371 351 157 250
162 249 607 421 466
163 422 424 283 46
164 139 429 107 221
165 280 179 214 207
166 133 365 419 542
167 130 180 434 215
168 533 129 172 133
169 300 329 64 201
170 145 366 65 200
171 847 38 915 38
172 482 64 134 5
173 254 393 150 179
174 166 81 877 184
175 288 756 118 756
176 318 245 444 96
177 215 690 222 85
178 177 321 381 344
179 376 157 179 295
180 254 490 258 434
181 181 64 183 113
182 150 148 0 223
183 357 328 478 91
184 189 188 663 663
185 124 214 681 347
186 82 395 396 60
187 663 80 68 418
188 62 310 309 272
189 551 723 306 10
190 420 249 671 189
191 82 540 82 190
192 832 832 3 412
193 412 56 209 812
194 815 5 286 481
195 859 845 193 832
196 197 13 356 256
197 197 95 13 349
198 199 280 277 284
199 197 207 201 86
200 201 62 100 354
201 166 506 434 677
202 198 129 557 445
203 495 21 896 173
204 65 282 280 483
205 167 515 176 214
206 793 748 460 244
207 167 351 280 165
208 363 215 177 60
209 639 234 931 243
210 107 237 233 124
211 371 932 187 283
212 7 430 65 371
213 951 360 4 192
214 157 5 29 331
215 58 84 112 474
216 592 274 335 140
217 282 372 404 518
218 120 0 101 404
219 74 424 783 142
220 68 62 21 17
221 215 262 122 130
222 21 480 160 352
223 87 448 484 160
224 560 221 160 282
225 309 17 87 642
226 74 73 297 86
227 695 85 14 291
228 309 0 368 14
229 115 256 340 282
230 283 87 280 493
231 181 384 377 0
232 380 157 308 256
233 58 285 209 235
234 639 65 664 425
235 319 235 234 637
236 96 728 885 106
237 963 931 301 445
238 587 587 2 408
239 238 587 4 481
240 931 930 238 209
241 209 71 432 71
242 237 237 6 751
243 209 601 64 249
244 210 159 160 963
245 165 167 292 523
246 498 58 886 366
247 498 533 265 11
248 549 160 197 143
249 253 373 92 238
250 526 232 232 939
251 23 170 453 83
252 411 498 447 164
253 184 68 173 155
254 859 62 106 221
255 312 841 869 397
256 63 849 155 593
257 284 179 397 232
258 424 154 546 212
259 127 613 117 211
260 325 87 909 87
261 30 424 115 62
262 402 349 262 511
263 86 121 77 531
264 141 504 8 950
265 440 206 918 908
266 265 213 707 465
267 264 406 44 499
268 419 300 323 97
269 446 579 15 353
270 278 351 249 222
271 58 552 373 508
272 274 592 334 15
273 274 263 318 443
274 678 492 42 560
275 562 562 562 401
276 549 663 747 678
277 621 425 285 481
278 722 38 115 63
279 107 69 418 467
280 572 533 756 223
281 411 102 192 807
282 68 418 287 509
283 62 419 221 419
284 130 191 212 550
285 63 921 412 55
286 411 170 163 121
287 92 326 86 690
288 371 169 65 176
289 425 835 84 121
290 166 147 152 21
291 183 418 467 84
292 953 590 409 555
293 525 765 421 9
294 206 205 925 976
295 18 310 107 284
296 280 434 198 202
297 696 222 690 5
298 106 20 400 690
299 509 400 64 326
300 161 441 504 301
301 429 335 140 448
302 238 602 602 182
303 924 303 845 859
304 211 661 452 498
305 59 58 42 21
306 325 69 747 971
307 971 554 521 217
308 880 408 252 210
309 222 188 69 105
310 107 187 155 429
311 494 229 489 489
312 160 464 556 280
313 226 483 94 167
314 420 340 513 19
315 222 225 331 225
316 74 86 180 249
317 307 18 115 96
318 420 212 642 473
319 235 303 212 129
320 320 368 301 926
321 162 512 512 162
322 46 446 164 735
323 192 58 586 932
324 754 971 467 160
325 508 679 460 117
326 245 171 93 176
327 306 327 473 232
328 331 166 141 500
329 473 114 424 113
330 438 93 25 38
331 707 872 314 420
332 502 141 11 266
333 976 417 162 321
334 164 564 4 832
335 274 592 164 63
336 30 437 438 302
337 245 318 96 37
338 434 214 128 127
339 361 114 420 141
340 445 310 18 120
341 560 19 360 452
342 199 64 511 346
343 681 284 277 231
344 180 62 833 62
345 61 150 61 321
346 820 249 142 217
347 258 253 373 86
348 342 149 191 157
349 64 93 399 93
350 572 282 441 466
351 419 214 460 411
352 160 139 420 30
353 249 356 256 490
354 353 87 183 756
355 63 419 642 405
356 301 423 444 527
357 80 222 219 232
358 247 358 560 775
359 11 529 374 856
360 495 106 531 115
361 107 954 546 820
362 12 365 12 141
363 16 280 263 531
364 152 82 81 569
365 133 52 537 394
366 494 312 255 211
367 283 3 211 153
368 150 122 122 342
369 630 369 630 630
370 245 326 21 346
371 99 937 64 685
372 48 427 48 27
373 306 533 213 720
374 293 504 466 971
375 114 423 527 263
376 307 588 29 588
377 468 107 131 698
378 379 296 288 333
379 182 748 256 542
380 680 380 60 296
381 160 356 329 303
382 295 107 401 401
383 383 383 383 377
384 377 748 160 464
385 321 296 320 308
386 377 383 383 383
387 104 150 388 393
388 182 602 238 700
389 326 114 105 60
390 387 61 232 450
391 368 379 164 335
392 103 395 107 474
393 433 121 661 161
394 390 396 320 160
395 395 152 114 420
396 182 103 395 107
397 381 181 346 345
398 157 344 231 129
399 440 64 484 64
400 74 134 6 438
401 107 90 474 663
402 349 156 232 141
403 971 406 533 950
404 254 329 64 318
405 44 211 137 412
406 7 44 358 530
407 856 82 327 20
408 305 4 612 50
409 325 69 184 301
410 82 740 971 569
411 981 455 136 339
412 63 58 304 57
413 200 820 167 434
414 449 414 697 5
415 697 697 321 579
416 971 412 87 161
417 486 6 859 249
418 509 667 465 83
419 172 133 557 129
420 291 403 291 458
421 487 332 504 533
422 333 405 405 282
423 5 106 222 7
424 256 46 96 170
425 664 58 55 412
426 92 373 106 87
427 612 427 261 986
428 446 335 15 446
429 579 164 334 447
430 971 174 665 412
431 84 373 184 107
432 162 79 219 172
433 49 153 83 83
434 245 38 590 27
435 163 131 738 481
436 437 547 455 169
437 47 925 455 847
438 34 434 493 270
439 96 23 337 511
440 215 297 17 295
441 666 951 957 707
442 976 263 274 272
443 423 443 366 84
444 114 229 434 245
445 340 554 554 419
446 579 216 301 137
447 15 13 409 90
448 16 283 5 163
449 414 370 442 170
450 123 438 87 63
451 360 235 234 239
452 11 525 238 158
453 62 730 468 172
454 107 127 128 95
455 136 133 581 450
456 456 456 64 99
457 409 420 186 283
458 440 515 93 29
459 20 81 121 531
460 460 473 28 63
461 273 274 549 84
462 256 473 129 142
463 462 212 166 74
464 424 166 331 464
465 473 296 179 121
466 856 293 11 611
467 152 492 615 513
468 74 485 455 485
469 112 373 240 160
470 590 953 900 123
471 84 326 306 64
472 453 615 21 513
473 447 933 956 933
474 404 518 492 333
475 375 477 477 108
476 478 477 329 4
477 66 654 783 424
478 84 83 13 785
479 177 309 314 105
480 86 306 533 663
481 54 281 281 54
482 339 79 339 725
483 482 535 134 521
484 86 855 155 104
485 74 310 74 872
486 367 546 184 409
487 922 14 450 14
488 496 529 525 247
489 929 429 45 210
490 63 62 375 301
491 624 409 225 74
492 510 358 266 265
493 107 87 180 344
494 226 256 820 21
495 107 702 932 186
496 213 720 529 498
497 482 339 25 339
498 293 19 293 504
499 499 374 44 166
500 264 141 573 358
501 499 506 466 451
502 506 827 506 827
503 265 264 359 141
504 11 956 506 498
505 43 452 700 570
506 13 949 271 273
507 507 513 19 666
508 81 549 540 952
509 480 92 498 9
510 504 506 499 452
511 682 191 645 414
512 160 361 251 338
513 124 838 45 405
514 375 329 333 211
515 280 113 443 165
516 516 195 160 349
517 6 458 420 99
518 954 249 128 116
519 106 253 315 495
520 4 587 238 241
521 553 482 438 116
522 493 232 120 101
523 134 10 326 118
524 72 524 72 21
525 9 971 3 281
526 231 344 178 53
527 424 375 494 268
528 271 131 586 58
529 525 602 249 163
530 533 65 285 683
531 256 4 138 286
532 131 64 397 320
533 473 582 667 37
534 450 228 495 60
535 340 513 372 121
536 259 173 153 154
537 397 393 180 107
538 306 51 362 293
539 77 79 120 101
540 509 473 531 165
541 82 10 69 418
542 450 420 355 333
543 170 116 160 206
544 534 544 121 1
545 29 438 892 438
546 367 142 20 42
547 38 31 932 147
548 365 362 473 855
549 215 717 215 188
550 105 441 573 566
551 160 162 859 286
552 424 209 126 271
553 86 820 333 516
554 482 89 369 88
555 19 473 211 990
556 330 74 905 177
557 79 116 32 473
558 569 971 26 32
559 160 27 409 165
560 48 643 50 654
561 462 545 165 115
562 568 107 83 586
563 464 409 457 62
564 158 114 424 434
565 459 565 430 365
566 441 161 569 602
567 425 289 14 292
568 107 137 129 62
569 12 358 500 504
570 8 107 279 160
571 62 80 169 30
572 282 210 283 160
573 160 310 533 4
574 65 160 676 447
575 206 546 80 129
576 295 396 182 387
577 142 184 21 560
578 577 282 223 215
579 269 212 87 422
580 580 580 580 580
581 409 292 14 394
582 184 540 509 678
583 521 482 497 531
584 86 2 411 683
585 544 183 526 13
586 233 166 474 143
587 408 138 3 183
588 307 307 177 629
589 105 80 431 71
590 443 820 749 284
591 419 221 549 215
592 760 592 272 310
593 198 202 206 793
594 84 209 541 155
595 52 103 397 458
596 597 411 303 242
597 62 179 388 181
598 553 554 340 450
599 132 107 687 282
600 600 129 840 232
601 166 427 17 189
602 249 327 13 552
603 414 697 415 852
604 57 520 971 893
605 797 605 414 414
606 495 160 236 242
607 420 316 341 17
608 804 565 608 264
609 609 30 36 170
610 96 619 89 423
611 623 791 612 306
612 84 83 591 83
613 288 252 210 86
614 106 42 296 342
615 492 518 560 328
616 602 700 452 498
617 592 933 446 335
618 820 107 448 428
619 57 604 546 158
620 86 666 7 666
621 342 139 429 139
622 238 457 129 557
623 450 65 515 494
624 651 2 2 506
625 412 865 58 880
626 87 353 15 82
627 678 747 184 877
628 379 103 379 392
629 177 307 376 104
630 303 269 160 87
631 631 159 234 269
632 719 719 719 379
633 633 633 633 633
634 635 286 520 166
635 208 129 789 352
636 211 11 502 452
637 233 239 238 242
638 124 708 100 92
639 234 256 366 662
640 114 375 183 114
641 160 401 870 401
642 212 226 14 181
643 393 155 420 651
644 180 434 243 305
645 231 249 355 160
646 411 116 113 33
647 420 118 607 695
648 648 648 648 648
649 499 9 525 466
650 215 177 656 176
651 2 300 739 82
652 419 168 419 128
653 653 653 653 653
654 288 233 159 159
655 155 249 222 0
656 344 180 123 455
657 269 434 306 91
658 658 658 658 658
659 659 659 377 65
660 660 660 660 660
661 823 8 441 366
662 494 233 601 238
663 375 367 24 114
664 65 358 213 573
665 886 601 333 119
666 12 300 64 149
667 189 62 74 495
668 157 150 393 761
669 930 301 25 545
670 670 670 670 670
671 582 971 251 165
672 7 11 90 86
673 495 526 53 397
674 569 358 232 6
675 675 675 675 675
676 322 676 428 447
677 434 362 121 128
678 492 121 395 376
679 482 162 45 828
680 380 391 60 391
681 191 682 191 434
682 191 343 820 41
683 131 832 4 430
684 684 684 684 684
685 194 54 4 803
686 564 564 2 665
687 404 586 481 2
688 543 478 107 481
689 689 198 820 169
690 400 215 820 64
691 691 691 691 691
692 130 290 14 380
693 83 372 106 28
694 129 486 53 221
695 183 602 699 500
696 17 226 256 647
697 645 697 645 697
698 131 612 17 312
699 44 362 12 498
700 570 971 844 165
701 462 58 212 642
702 932 544 585 813
703 703 703 703 703
704 704 704 704 107
705 705 450 183 128
706 14 203 284 936
707 264 440 61 345
708 404 233 105 236
709 353 249 401 621
710 896 355 255 303
711 711 711 711 711
712 4 826 58 137
713 509 287 80 105
714 813 543 326 733
715 84 244 238 302
716 5 2 107 64
717 131 612 147 83
718 305 409 776 572
719 121 424 274 45
720 707 499 182 397
721 28 588 588 29
722 27 588 600 458
723 306 107 16 128
724 160 681 178 166
725 114 419 79 47
726 160 128 283 373
727 83 173 21 303
728 96 160 776 409
729 84 338 424 258
730 107 55 698 738
731 731 731 731 731
732 732 732 732 732
733 777 259 519 786
734 320 593 482 554
735 140 446 498 506
736 86 708 353 185
737 737 271 281 16
738 305 552 552 424
739 495 46 155 520
740 51 167 204 377
741 103 215 690 282
742 166 742 614 742
743 102 516 305 271
744 744 744 744 744
745 221 493 422 105
746 746 746 746 746
747 249 187 316 255
748 105 252 546 936
749 167 196 203 41
750 88 209 166 473
751 206 908 197 198
752 65 515 172 212
753 75 36 27 82
754 950 180 351 105
755 211 582 103 582
756 183 426 714 373
757 577 757 577 518
758 366 404 533 473
759 459 717 106 642
760 15 461 15 579
761 393 932 492 48
762 516 516 192 2
763 5 859 269 429
764 331 222 420 209
765 249 236 82 211
766 521 482 78 482
767 121 132 54 411
768 323 708 599 158
769 62 170 282 494
770 353 82 285 63
771 489 528 305 604
772 772 772 772 772
773 405 162 2 89
774 285 412 192 516
775 560 39 151 48
776 409 38 28 93
777 777 723 971 975
778 549 460 462 211
779 549 298 184 486
780 84 318 282 69
781 621 277 284 342
782 82 129 186 31
783 82 261 30 251
784 411 438 450 83
785 409 81 4 192
786 189 508 546 2
787 21 642 107 74
788 717 131 2 64
789 275 789 5 252
790 544 129 493 562
791 425 430 360 265
792 121 492 64 68
793 748 164 272 137
794 335 592 334 446
795 417 434 859 269
796 828 45 933 592
797 231 284 180 419
798 798 798 798 798
799 447 139 282 300
800 185 371 340 420
801 820 749 62 361
802 256 80 357 106
803 546 211 46 446
804 466 324 43 505
805 971 251 361 443
806 806 89 58 859
807 132 131 419 45
808 808 808 808 808
809 107 132 301 284
810 88 209 16 153
811 340 483 61 503
812 635 126 698 194
813 836 706 280 168
814 347 122 150 60
815 174 269 155 615
816 953 35 590 171
817 543 425 835 493
818 440 149 191 148
819 461 735 269 932
820 79 417 434 89
821 160 346 191 179
822 292 284 296 61
823 19 293 141 922
824 191 349 262 148
825 733 728 260 728
826 2 58 654 233
827 506 166 355 210
828 615 747 301 321
829 523 332 506 62
830 452 823 661 674
831 258 62 571 145
832 859 990 1001 194
833 856 421 496 459
834 107 340 13 35
835 84 444 976 455
836 523 14 196 64
837 837 837 107 490
838 124 638 169 306
839 191 150 166 137
840 840 285 89 252
841 397 394 53 380
842 211 252 286 252
843 567 290 484 232
844 971 700 7 856
845 183 493 105 243
846 846 846 605 851
847 47 114 420 520
848 445 256 291 543
849 63 44 11 64
850 199 301 856 374
851 907 179 249 212
852 18 104 160 209
853 82 44 129 292
854 285 738 57 160
855 299 299 418 480
856 504 500 504 856
857 191 180 820 199
858 306 62 329 105
859 990 305 281 63
860 337 165 339 987
861 350 204 203 86
862 777 419 495 309
863 57 698 949 56
864 411 809 55 950
865 56 89 159 244
866 411 517 743 517
867 411 64 271 303
868 320 320 394 179
869 376 60 320 179
870 401 874 425 870
871 231 621 284 133
872 218 317 84 336
873 425 457 197 215
874 425 873 425 426
875 170 164 446 272
876 564 126 564 4
877 155 351 1 537
878 35 24 34 23
879 242 105 282 16
880 286 252 174 252
881 96 56 57 832
882 160 302 88 88
883 336 133 581 497
884 884 884 412 738
885 20 424 526 86
886 273 46 548 371
887 885 887 20 271
888 412 4 587 237
889 300 128 179 122
890 121 165 33 615
891 892 892 28 82
892 114 464 822 290
893 466 9 971 569
894 327 141 246 7
895 333 366 249 44
896 160 294 129 14
897 263 76 263 171
898 481 131 212 144
899 2 571 63 718
900 128 593 197 457
901 137 272 422 19
902 5 931 294 457
903 191 645 191 284
904 321 368 112 474
905 222 74 317 84
906 513 66 215 255
907 156 160 165 492
908 206 95 206 917
909 129 169 115 114
910 65 998 65 280
911 81 518 492 212
912 765 506 452 569
913 951 141 699 924
914 165 844 165 40
915 38 47 26 29
916 414 603 414 645
917 95 128 143 51
918 51 13 446 579
919 455 245 40 160
920 230 80 188 418
921 930 238 700 247
922 908 205 955 936
923 923 733 420 337
924 303 137 209 159
925 417 437 27 35
926 234 238 237 240
927 963 234 931 234
928 211 183 11 159
929 929 322 322 164
930 669 420 325 420
931 599 2 283 201
932 296 395 182 296
933 447 323 618 662
934 549 298 184 64
935 100 100 102 97
936 546 509 420 810
937 404 420 218 85
938 611 11 159 631
939 350 204 908 592
940 128 420 165 336
941 189 20 715 84
942 435 127 169 533
943 295 383 379 250
944 748 13 266 141
945 409 128 445 77
946 641 212 531 914
947 295 255 282 256
948 381 391 380 178
949 481 599 304 96
950 644 269 174 15
951 360 452 43 452
952 710 409 51 196
953 822 183 69 141
954 546 145 82 77
955 205 908 207 183
956 44 405 856 555
957 951 213 499 452
958 69 282 249 530
959 377 295 380 200
960 377 294 493 526
961 377 380 14 12
962 958 509 678 549
963 238 86 531 77
964 23 165 39 339
965 936 965 936 563
966 21 211 738 412
967 525 967 498 500
968 968 299 81 283
969 184 253 316 726
970 820 106 531 115
971 710 189 467 418
972 509 508 509 424
973 971 63 718 5
974 94 167 201 103
975 971 488 466 406
976 925 114 220 128
977 977 209 271 46
978 753 860 170 417
979 979 106 282 424
980 470 914 900 411
981 925 981 411 597
982 137 877 549 81
983 333 271 455 417
984 66 514 514 91
985 376 150 379 61
986 411 900 455 423
987 411 281 183 913
988 24 953 28 34
989 989 91 90 91
990 803 990 803 412
991 520 552 55 54
992 129 161 452 452
993 408 520 138 86
994 6 168 64 357
995 712 4 809 627
996 12 13 278 83
997 953 301 453 167
998 65 440 440 497
999 145 17 254 441
1000 206 917 167 181
1001 2 281 195 252
1002 560 218 160 189
1003 258 62 362 856
1004 55 86 936 167
