0 498 487 213 602 496 459 473 393 160 245 434
1 85 14 47 26 37 84 31 38 329 143 172
2 571 137 434 159 235 234 926 210 45 300 124
3 137 663 747 249 377 365 495 254 129 221 419
4 3 46 211 128 900 128 249 362 661 700 707
5 177 166 3 812 859 64 209 236 587 194 859
6 140 15 174 54 438 121 142 143 326 84 282
7 222 314 18 121 166 1000 14 221 493 256 489
8 971 672 672 160 342 495 495 363 155 114 114
9 266 266 950 333 847 47 318 547 847 922 560
10 256 490 121 316 409 417 971 844 971 973 971
11 129 440 168 6 544 121 518 282 69 105 400
12 638 81 129 249 671 189 184 80 256 357 424
13 445 301 362 7 537 526 426 129 86 681 82
14 277 203 377 199 288 269 434 288 758 143 91
15 128 36 160 56 826 59 3 59 281 211 506
16 434 269 105 303 932 147 115 84 134 173 950
17 533 84 235 158 89 610 57 126 55 718 63
18 177 309 226 128 36 333 443 925 976 442 170
19 166 611 232 368 181 61 213 956 430 62 290
20 137 59 812 448 45 301 511 511 215 268 421
21 106 211 281 194 990 4 138 301 655 172 403
22 127 227 405 116 263 426 283 61 53 103 378
23 27 590 29 361 976 547 87 422 184 422 424
24 33 31 361 62 365 18 420 430 44 501 569
25 35 33 878 33 13 65 169 333 21 115 301
26 29 21 160 395 86 81 160 316 231 344 814
27 301 244 235 319 158 931 294 280 14 473 129
28 133 143 714 458 714 425 457 294 493 909 303
29 30 26 443 547 443 442 263 981 76 455 925
30 151 48 76 443 84 601 197 93 424 45 45
31 37 36 75 753 170 337 367 183 82 533 81
32 23 151 370 47 482 89 160 30 39 35 38
33 33 39 84 30 133 30 172 143 172 169 96
34 33 169 460 421 487 9 502 9 506 358 503
35 28 107 209 303 340 211 285 131 419 255 106
36 31 261 23 42 820 64 309 297 177 312 177
37 721 27 62 417 27 62 410 107 184 62 747
38 13 244 233 233 254 170 164 62 128 5 271
39 455 925 48 486 353 124 353 249 256 107 474
40 953 822 822 563 86 553 554 554 62 453 255
41 93 30 82 158 926 931 927 930 158 132 107
42 495 377 562 413 458 291 450 568 276 275 168
43 498 738 131 481 421 180 621 180 284 214 593
44 360 170 470 119 165 443 318 375 671 356 486
45 15 446 335 428 429 45 419 87 546 272 592
46 533 326 306 366 83 133 170 4 434 434 478
47 455 116 169 169 28 932 820 167 918 377 385
48 485 114 226 228 74 316 905 222 189 222 309
49 612 41 460 730 160 84 111 375 340 251 116
50 643 963 121 423 303 174 366 662 185 371 662
51 204 93 108 64 926 159 237 253 106 454 160
52 781 621 284 191 13 302 285 304 424 105 654
53 14 498 14 776 593 572 167 351 160 401 401
54 481 160 431 249 353 353 86 261 82 44 501
55 252 55 58 845 59 160 496 161 141 672 971
56 698 56 6 55 252 117 106 820 201 183 913
57 812 412 137 20 20 68 357 478 474 357 121
58 58 208 552 481 738 195 162 133 167 206 128
59 685 81 490 546 906 156 381 295 390 62 509
60 377 839 377 656 177 546 115 387 321 381 177
61 396 308 283 559 282 107 96 82 462 506 238
62 203 95 93 563 82 337 511 810 180 278 160
63 718 305 685 949 511 651 254 474 476 478 469
64 115 38 437 26 251 361 13 238 587 832 58
65 425 86 708 62 292 486 430 12 183 542 399
66 48 372 58 56 520 137 285 63 812 285 168
67 74 222 226 419 198 434 572 776 342 214 172
68 420 254 433 405 796 405 537 222 249 54 59
69 81 183 411 981 442 35 116 96 236 243 507
70 433 288 296 277 621 160 310 74 311 297 259
71 288 654 234 210 106 434 115 615 747 366 84
72 311 184 82 468 258 932 41 198 205 196 95
73 498 200 128 172 121 96 10 13 147 533 525
74 696 18 107 201 196 14 390 296 250 160 582
75 339 170 471 160 156 320 308 157 231 122 376
76 318 48 372 82 124 142 283 387 198 207 13
77 212 70 431 70 433 162 58 597 756 268 0
78 77 445 160 557 128 970 917 557 256 340 521
79 166 859 601 233 237 158 160 128 667 409 29
80 546 333 366 145 187 160 736 333 176 440 435
81 249 184 129 544 107 237 963 210 931 931 301
82 36 13 552 58 56 619 96 46 169 123 37
83 492 160 42 560 607 249 252 601 209 83 46
84 235 84 119 165 290 184 329 107 932 98 97
85 14 86 173 404 412 971 174 209 96 375 671
86 450 275 178 351 734 320 250 104 179 121 169
87 547 113 176 515 177 656 377 656 344 200 177
88 137 138 286 3 571 281 990 138 420 12 358
89 260 74 173 300 489 105 44 114 495 371 353
90 64 74 17 431 249 19 823 566 11 129 450
91 469 258 434 97 371 46 83 180 149 160 498
92 173 107 166 492 160 90 469 96 326 533 483
93 714 413 143 108 183 20 183 568 562 275 123
94 820 93 545 785 545 37 123 122 180 352 351
95 942 95 593 51 143 197 64 484 86 206 51
96 136 96 361 135 62 7 500 7 422 404 166
97 708 323 411 208 546 850 199 908 822 292 168
98 13 214 180 107 209 637 209 211 698 13 53
99 64 430 569 957 265 8 661 570 161 405 282
100 185 52 146 533 582 211 214 95 918 95 183
101 404 586 462 21 671 81 82 168 64 665 2
102 101 371 708 125 708 371 329 190 296 190 434
103 741 103 53 394 14 64 937 404 420 367 318
104 320 321 38 409 474 615 84 84 249 434 340
105 303 665 412 164 395 387 394 379 388 379 16
106 531 333 41 21 690 5 120 758 405 255 121
107 366 10 325 945 945 409 2 102 300 642 42
108 409 47 220 223 212 153 173 549 187 663 69
109 51 498 500 498 293 19 44 932 70 372 82
110 108 66 984 66 338 987 338 82 128 201 918
111 66 477 329 286 285 252 138 305 211 389 486
112 469 375 469 258 454 82 395 387 390 104 104
113 41 152 420 932 44 141 666 86 484 484 494
114 172 60 182 104 61 368 320 376 157 880 157
115 417 485 113 116 263 423 426 621 518 132 63
116 96 37 37 721 30 229 560 328 478 328 331
117 252 552 160 140 812 63 880 286 685 949 305
118 84 295 384 157 156 734 211 405 758 288 296
119 96 82 163 106 717 459 467 85 218 341 74
120 377 214 301 118 387 182 748 182 18 84 209
121 116 35 107 662 494 448 424 290 14 426 458
122 262 377 483 424 783 16 209 154 17 85 147
123 172 180 349 344 180 352 342 122 130 401 121
124 139 107 459 464 82 137 169 82 366 693 82
125 166 430 501 44 419 290 128 180 83 133 291
126 57 412 56 209 242 121 12 494 515 6 430
127 20 223 212 153 493 523 332 523 829 168 276
128 3 46 145 271 283 320 181 541 139 99 404
129 133 155 363 174 665 272 462 586 404 404 115
130 408 271 455 816 470 816 860 338 336 560 222
131 373 552 518 121 116 113 232 562 129 105 210
132 59 886 273 139 461 322 448 140 274 263 171
133 547 423 527 48 76 318 333 23 494 509 306
134 340 892 367 405 21 183 399 133 162 63 59
135 40 93 473 404 373 373 92 287 80 424 880
136 27 32 35 953 27 560 29 361 29 165 883
137 164 160 234 828 371 105 60 95 232 241 238
138 990 65 568 183 301 474 66 112 258 410 356
139 446 448 617 269 644 296 385 103 232 280 1
140 272 186 531 497 531 290 82 285 303 351 284
141 661 362 420 296 393 612 393 250 395 295 396
142 191 166 399 133 18 852 415 697 414 697 645
143 128 388 157 343 13 177 214 536 298 549 778
144 433 144 145 142 31 39 116 114 21 518 166
145 546 954 249 550 187 74 173 105 166 393 533
146 0 283 376 307 301 597 460 537 315 695 183
147 121 318 107 173 22 21 400 336 96 211 210
148 262 160 506 466 407 856 107 74 330 438 38
149 655 75 372 282 249 327 13 409 776 918 128
150 295 386 157 392 60 394 368 376 388 164 140
151 27 34 38 47 443 13 266 141 957 569 161
152 420 367 303 211 734 377 207 409 33 86 525
153 212 152 340 282 79 120 74 134 777 21 259
154 173 306 728 260 400 133 25 36 13 590 13
155 157 149 191 5 306 825 723 971 729 141 661
156 179 203 294 280 464 35 464 409 165 96 423
157 378 397 377 0 250 61 150 160 116 128 183
158 434 308 393 212 364 165 490 160 282 41 196
159 434 401 424 113 116 417 40 448 812 63 55
160 667 509 299 69 400 64 89 369 89 375 476
161 249 393 377 177 166 474 160 80 230 107 35
162 83 154 121 520 412 81 280 303 210 927 963
163 87 208 132 366 255 13 56 63 137 6 0
164 592 273 164 107 834 107 490 128 303 423 361
165 820 593 820 64 528 489 132 217 70 84 544
166 756 223 160 427 434 64 466 506 247 498 503
167 133 65 324 441 11 452 856 932 180 148 280
168 291 464 424 93 128 346 214 214 177 214 95
169 828 87 459 86 36 165 47 40 442 455 76
170 40 13 96 131 101 233 124 638 638 638 44
171 13 32 590 34 29 169 251 339 40 24 169
172 228 314 314 420 69 160 490 258 152 83 273
173 325 173 256 82 458 789 5 29 21 129 342
174 208 54 698 126 6 57 532 17 226 218 18
175 685 208 305 305 409 93 114 152 340 74 142
176 656 177 562 413 143 714 419 64 142 597 597
177 64 376 394 53 65 533 756 73 74 309 223
178 275 542 440 533 4 845 412 552 208 54 520
179 349 907 377 61 182 320 434 214 176 181 231
180 180 153 105 543 401 705 401 65 257 544 212
181 157 851 605 414 449 414 645 697 321 395 395
182 389 61 347 258 256 258 112 469 478 442 478
183 211 683 683 211 87 405 424 128 607 460 533
184 68 418 509 69 260 509 513 425 457 399 133
185 124 233 441 430 19 513 147 1 225 301 269
186 144 186 83 20 86 963 86 87 21 105 453
187 550 288 571 520 845 3 283 495 526 275 129
188 679 549 44 121 217 288 152 518 460 518 509
189 582 184 311 215 121 17 316 222 282 222 218
190 87 642 121 201 62 531 366 78 82 233 209
191 839 377 214 166 233 84 49 83 273 301 180
192 192 408 281 183 12 121 767 82 150 149 655
193 412 59 5 572 282 80 28 424 326 473 29
194 194 533 473 441 566 666 161 530 246 649 466
195 305 4 208 552 518 145 82 740 82 27 39
196 918 232 611 252 160 180 122 95 908 197 41
197 86 285 254 165 367 30 764 30 40 533 360
198 204 94 201 420 314 726 282 268 19 160 189
199 288 613 163 546 422 212 726 17 872 61 387
200 200 820 28 38 437 261 361 263 113 417 116
201 160 234 319 209 411 6 426 172 115 142 80
202 562 65 101 131 283 0 222 225 221 546 44
203 183 249 209 303 356 356 107 326 538 723 546
204 232 426 425 257 450 167 284 107 591 83 496
205 820 544 257 167 575 351 166 221 82 427 145
206 86 421 529 699 499 264 141 922 487 487 421
207 196 197 51 200 200 51 82 252 81 20 92
208 133 28 33 23 41 82 282 300 209 371 185
209 158 210 236 963 859 4 571 552 520 971 569
210 63 815 286 571 373 133 18 74 116 35 655
211 106 226 165 115 115 370 547 339 30 367 169
212 174 174 140 735 269 107 509 87 405 46 447
213 11 265 266 440 152 249 114 255 114 30 367
214 284 160 549 274 448 269 121 78 482 129 46
215 5 133 30 437 135 135 169 820 136 165 198
216 160 21 83 433 186 492 165 314 226 142 31
217 288 19 549 460 490 63 128 557 160 302 809
218 204 201 206 284 681 178 381 686 22 20 326
219 17 73 311 190 409 171 261 455 135 337 165
220 113 76 423 5 232 263 318 375 5 528 6
221 314 418 142 31 34 590 409 447 269 274 405
222 301 22 520 412 4 174 233 86 426 426 183
223 226 228 17 532 57 211 121 329 671 188 20
224 221 21 62 303 46 15 16 290 434 170 40
225 225 311 301 621 180 160 828 234 160 306 21
226 106 68 424 269 216 272 46 140 83 484 129
227 495 129 495 283 62 238 210 420 133 18 0
228 312 5 11 441 533 234 963 107 454 357 480
229 366 18 18 177 656 122 150 368 275 562 457
230 283 363 174 815 174 140 335 933 447 140 164
231 347 181 60 495 296 42 249 283 186 932 748
232 292 167 203 249 23 337 245 725 165 220 377
233 83 280 116 405 183 518 363 128 486 493 399
234 235 610 610 694 549 104 288 288 613 619 56
235 234 927 926 931 294 294 931 301 298 160 132
236 183 114 442 485 76 417 485 387 379 5 405
237 587 209 235 240 424 269 210 21 118 51 167
238 176 381 391 60 393 166 105 60 177 231 537
239 238 237 210 238 700 19 160 464 424 164 269
240 373 180 179 13 730 460 189 911 189 121 153
241 242 927 237 159 11 21 932 671 480 252 5
242 132 142 165 33 40 964 40 31 438 114 220
243 235 252 281 160 139 216 446 13 484 448 335
244 159 62 434 306 366 132 217 643 269 84 253
245 486 114 423 171 245 444 13 130 172 212 427
246 298 299 171 318 83 203 198 689 198 128 200
247 246 649 499 501 452 7 833 44 833 833 7
248 317 226 14 556 280 13 278 157 53 128 167
249 132 58 812 142 10 256 63 412 615 115 79
250 182 395 908 592 241 237 932 283 748 405 129
251 151 28 31 35 24 411 900 165 820 63 272
252 845 89 4 738 211 389 321 560 224 148 179
253 283 191 283 131 532 17 252 269 420 81 107
254 58 283 577 366 859 160 892 405 367 417 442
255 210 283 221 560 29 121 518 371 549 667 128
256 269 210 249 137 208 546 803 193 194 685 59
257 425 705 256 607 255 16 169 301 157 368 61
258 357 474 375 28 39 39 339 26 654 17 177
259 92 105 203 204 776 203 41 474 234 240 243
260 93 114 173 400 10 64 198 95 309 215 309
261 986 411 192 58 615 412 243 64 222 316 690
262 342 199 301 818 166 506 494 470 980 655 261
263 30 136 27 133 10 340 74 690 447 440 533
264 661 265 213 264 510 499 141 7 500 498 503
265 141 64 400 133 399 93 940 93 108 301 511
266 265 11 211 2 64 89 845 2 412 6 63
267 61 321 250 0 218 341 309 248 221 485 443
268 1 222 543 291 256 705 183 198 229 84 62
269 82 114 155 495 434 412 137 21 777 554 419
270 84 49 612 42 19 506 529 44 699 602 362
271 210 82 210 300 114 531 405 828 234 319 235
272 252 56 252 625 252 615 412 162 84 57 174
273 447 592 15 164 107 478 112 356 355 518 283
274 429 322 322 533 88 304 405 365 602 141 141
275 789 352 201 18 219 18 14 221 218 872 309
276 560 283 378 376 378 150 390 394 283 157 128
277 167 292 183 209 210 245 301 311 106 154 533
278 256 357 478 329 121 217 142 212 83 20 424
279 107 295 320 308 434 62 188 74 330 860 753
280 526 425 289 425 568 276 549 549 465 786 465
281 271 273 140 166 144 144 186 70 288 296 296
282 80 287 184 551 86 295 393 254 227 695 85
283 376 342 94 593 342 907 180 254 355 513 507
284 971 391 295 379 283 752 82 80 747 613 163
285 88 303 128 201 342 107 55 3 405 89 259
286 63 13 900 128 53 183 169 495 16 771 145
287 184 86 129 278 493 333 984 333 281 57 3
288 550 508 68 494 25 40 30 136 437 531 165
289 482 483 352 191 262 100 142 375 80 137 107
290 424 183 568 457 457 197 143 41 14 312 14
291 257 180 262 100 708 371 363 384 495 371 282
292 484 448 40 427 62 453 82 546 83 203 296
293 362 441 504 421 466 452 359 265 232 312 300
294 401 835 789 654 163 166 86 747 80 112 108
295 378 393 154 107 329 68 494 197 167 655 223
296 388 393 612 434 163 934 163 411 54 211 303
297 309 64 24 997 27 197 206 515 206 205 41
298 184 355 115 41 205 593 51 256 474 469 89
299 508 418 187 710 272 274 46 114 173 651 173
300 45 335 446 139 335 461 812 461 269 164 62
301 25 473 183 20 533 508 325 325 409 184 127
302 238 963 58 373 563 290 65 639 639 638 329
303 174 15 216 69 212 223 311 295 103 537 178
304 256 51 124 101 233 58 63 254 355 420 669
305 738 59 619 56 610 160 222 21 253 315 695
306 13 286 138 252 5 815 64 506 529 488 362
307 307 376 157 250 174 408 252 210 13 266 407
308 438 367 363 256 142 166 178 681 214 681 352
309 313 218 309 549 627 189 533 582 184 13 371
310 340 167 277 296 179 342 231 14 41 206 160
311 215 58 685 56 303 283 107 478 434 269 461
312 74 230 230 282 690 447 62 179 280 115 163
313 218 311 309 0 0 73 316 459 187 107 147
314 105 384 495 218 366 249 533 320 440 380 377
315 695 259 72 524 72 92 260 325 420 15 447
316 17 166 377 174 366 109 108 111 110 91 212
317 226 223 495 155 46 3 195 286 5 302 123
318 107 214 129 115 145 87 405 83 365 377 526
319 160 326 409 326 86 203 495 278 908 205 206
320 947 295 296 342 172 86 521 217 340 371 46
321 387 42 74 513 355 121 423 5 189 377 177
322 533 236 234 256 170 117 121 179 133 160 127
323 162 81 420 256 557 51 64 528 373 194 59
324 266 213 11 506 238 239 145 300 303 281 5
325 508 189 17 153 180 344 180 393 434 353 640
326 318 160 270 426 486 493 275 526 167 149 621
327 21 82 228 309 297 215 495 250 320 296 932
328 560 0 103 741 250 0 250 320 376 296 397
329 62 184 546 509 969 184 667 550 69 353 99
330 64 201 918 232 705 211 355 518 546 41 207
331 340 547 340 129 789 93 576 533 607 296 107
332 9 19 570 264 61 213 155 655 172 486 165
333 163 546 173 154 820 776 200 51 917 41 205
334 448 446 335 15 62 113 86 38 258 424 209
335 139 445 419 489 107 21 187 671 188 160 190
336 96 924 57 194 411 24 964 373 115 363 329
337 155 183 116 123 450 128 205 94 94 199 258
338 455 318 370 115 370 442 981 318 84 662 662
339 151 34 35 51 283 226 225 459 0 88 285
340 251 160 35 62 115 427 474 81 58 183 526
341 309 400 92 11 266 13 371 371 208 285 86
342 231 53 178 537 366 812 366 115 172 523 172
343 13 351 363 87 812 142 210 932 856 932 236
344 656 352 157 398 377 149 148 262 191 346 133
345 179 13 327 160 67 160 90 478 543 113 443
346 409 47 48 151 39 114 44 407 374 358 510
347 377 572 5 374 406 374 506 409 346 511 337
348 342 278 351 155 333 171 40 30 116 93 143
349 347 157 346 409 590 533 97 371 106 46 139
350 352 160 336 883 27 29 301 340 152 41 165
351 363 121 4 405 143 229 23 480 549 855 473
352 342 228 495 290 263 283 393 145 114 363 16
353 82 221 549 694 610 472 453 86 218 183 88
354 404 420 188 518 132 82 326 733 306 160 381
355 256 234 269 288 756 311 420 669 420 166 150
356 410 160 621 11 133 333 615 281 408 473 747
357 589 271 737 737 271 142 812 58 880 157 379
358 358 498 956 430 462 463 462 211 142 856 932
359 754 84 118 128 11 569 971 332 500 569 602
360 4 283 256 180 907 191 284 179 13 302 304
361 339 38 258 468 160 818 259 509 184 540 509
362 356 434 220 220 165 914 115 340 211 582 508
363 577 377 160 85 74 187 549 540 952 28 952
364 211 129 183 303 82 256 256 21 615 249 106
365 258 110 91 110 110 108 110 474 560 363 212
366 249 187 129 285 138 815 305 4 183 282 106
367 546 77 82 245 339 251 23 83 373 83 273
368 250 174 809 2 859 932 186 490 546 462 408
369 88 252 661 510 506 86 525 505 407 358 65
370 333 531 365 513 372 372 282 258 198 593 200
371 494 153 493 115 107 319 158 121 263 82 46
372 121 432 121 66 211 546 352 13 290 822 900
373 131 252 812 412 587 58 285 625 285 164 174
374 501 406 502 407 141 9 466 53 232 115 82
375 477 66 478 121 282 333 5 234 241 236 13
376 394 486 168 568 290 263 160 820 950 8 672
377 572 515 6 563 484 290 572 426 290 13 84
378 283 329 434 233 121 234 269 820 159 926 242
379 719 296 61 347 349 402 258 1003 258 16 93
380 157 150 150 377 156 180 434 320 349 347 61
381 344 344 814 262 814 262 180 289 425 562 160
382 379 191 278 493 42 245 113 168 611 211 290
383 295 383 379 104 390 60 395 152 105 142 226
384 182 394 379 396 60 105 127 189 81 303 160
385 321 349 348 342 231 537 7 510 264 161 451
386 17 115 753 169 338 367 115 339 79 340 16
387 380 157 150 397 458 142 44 293 141 500 466
388 296 121 203 14 168 600 129 232 64 300 124
389 295 385 157 345 160 478 329 108 357 81 212
390 60 395 157 64 466 720 11 10 326 169 63
391 321 61 280 289 482 47 26 26 27 251 23
392 103 392 376 296 190 86 686 245 114 115 172
393 433 162 236 160 676 428 164 446 579 321 378
394 537 14 593 94 214 176 423 444 847 847 455
395 61 178 380 396 395 121 10 13 51 908 41
396 321 904 321 321 377 577 249 505 406 7 573
397 53 178 180 257 231 289 401 457 294 425 664
398 295 434 450 705 183 480 74 85 1 310 309
399 543 672 971 188 366 145 856 615 465 61 345
400 92 105 17 107 690 400 325 945 409 338 28
401 562 232 201 121 615 115 900 753 75 48 444
402 262 402 211 63 4 665 54 194 685 520 412
403 537 1 548 434 356 13 445 79 922 699 499
404 366 856 558 84 654 234 242 234 158 160 327
405 128 21 280 172 542 129 399 542 183 509 952
406 533 116 38 438 562 654 323 102 405 17 342
407 566 7 359 569 161 121 189 80 188 183 90
408 281 160 445 160 128 155 877 137 166 480 20
409 785 545 36 28 169 828 169 172 115 160 484
410 329 514 514 514 328 331 74 18 17 643 393
411 597 460 730 62 342 181 219 82 154 249 820
412 162 412 552 55 6 528 6 305 494 371 45
413 542 403 53 232 241 592 160 160 429 124 107
414 449 414 605 846 605 846 846 605 846 846 605
415 414 916 414 443 40 900 123 455 47 86 546
416 971 679 679 68 20 160 242 166 23 135 336
417 795 417 442 96 242 879 242 926 301 730 730
418 253 615 427 62 83 963 142 142 187 679 551
419 101 419 405 541 533 170 437 169 531 445 518
420 190 420 180 420 68 678 400 92 728 411 988
421 525 466 466 494 296 61 280 201 5 840 232
422 212 212 255 610 610 296 392 182 394 321 250
423 62 211 424 46 137 210 132 107 17 62 23
424 230 375 577 578 577 578 577 282 33 37 84
425 621 377 350 178 176 656 177 5 419 169 28
426 113 160 417 725 114 531 437 25 35 438 545
427 82 490 249 145 299 146 549 362 165 212 87
428 140 461 533 321 179 262 511 301 285 271 45
429 107 834 107 690 447 690 282 188 282 140 6
430 280 515 515 494 281 13 590 23 171 361 437
431 217 612 2 58 249 550 106 129 65 515 6
432 433 162 532 233 654 66 90 469 211 137 663
433 288 152 271 243 930 301 89 302 419 133 493
434 144 121 58 63 971 4 571 211 82 27 32
435 160 431 166 137 175 15 164 533 154 493 180
436 438 129 568 129 198 5 445 301 225 18 120
437 531 142 46 429 424 212 64 222 314 107 141
438 35 533 94 94 207 409 184 420 452 359 9
439 338 900 411 438 361 34 32 361 547 245 423
440 65 325 340 268 537 52 157 483 764 331 615
441 374 407 494 470 438 249 63 2 411 537 459
442 115 366 253 121 221 312 221 434 473 747 473
443 417 423 527 114 355 160 242 233 145 42 300
444 417 370 547 339 438 121 453 82 83 133 64
445 518 518 351 350 533 146 52 157 880 424 401
446 269 154 183 169 107 69 190 106 133 340 268
447 62 74 188 671 17 105 187 69 467 20 459
448 164 388 377 147 115 373 404 532 286 481 738
449 414 605 846 846 605 797 18 317 116 336 560
450 186 254 169 371 128 300 160 314 225 312 74
451 265 11 406 608 406 499 699 358 406 504 674
452 666 160 114 63 28 26 47 370 339 25 38
453 121 226 275 200 199 677 434 329 245 183 211
454 84 282 596 597 596 301 36 486 184 355 405
455 860 753 261 753 914 170 417 486 5 24 964
456 64 68 301 108 143 375 16 305 16 263 48
457 457 426 426 285 854 183 282 856 560 66 146
458 413 93 197 52 314 82 62 366 84 598 553
459 17 223 105 569 707 809 63 665 212 288 175
460 440 200 41 87 290 282 375 154 153 333 162
461 624 84 662 618 618 125 99 937 353 100 429
462 545 93 373 420 810 180 851 214 495 606 495
463 463 463 463 463 462 463 462 5 55 520 685
464 129 557 256 114 981 485 333 113 83 153 256
465 189 314 215 434 183 64 87 173 777 200 177
466 494 466 452 141 293 362 856 331 482 218 219
467 434 220 177 297 0 380 393 643 50 433 434
468 377 155 655 261 411 170 249 161 405 288 71
469 96 326 118 409 151 427 438 987 116 47 437
470 86 152 132 305 6 137 58 2 174 254 180
471 434 518 422 424 245 444 981 527 976 171 417
472 295 181 379 385 387 60 157 394 60 283 209
473 549 509 549 104 103 741 377 312 255 284 936
474 328 460 460 490 160 168 231 377 182 387 849
475 375 328 329 28 588 35 37 31 31 932 859
476 375 62 141 601 160 314 418 188 170 495 329
477 90 478 183 93 13 210 300 419 482 438 438
478 442 35 30 820 482 48 925 113 183 285 949
479 414 415 86 368 390 368 103 352 346 129 180
480 107 237 210 86 96 113 86 508 260 260 89
481 698 281 412 281 615 521 553 598 134 366 859
482 129 563 584 86 18 84 510 504 359 421 607
483 362 421 268 222 219 377 839 191 351 575 342
484 86 259 92 72 92 723 538 530 92 326 923
485 442 444 455 976 263 160 158 241 210 128 204
486 426 423 423 176 214 83 186 186 272 290 829
487 488 362 602 700 823 823 19 499 533 359 525
488 421 566 8 566 971 8 160 44 183 493 464
489 256 187 82 93 545 28 87 448 971 444 47
490 249 407 786 407 526 543 280 909 546 597 142
491 168 494 225 222 905 297 248 549 679 80 189
492 115 21 259 509 713 69 282 509 710 549 221
493 105 427 62 314 218 872 377 403 971 336 485
494 417 48 442 981 245 263 486 35 35 39 165
495 160 230 366 366 184 106 462 408 174 405 375
496 161 363 63 87 506 11 699 922 699 699 499
497 78 93 172 251 40 427 17 310 581 101 65
498 608 246 430 14 206 820 133 443 40 35 442
499 61 181 291 232 426 572 515 206 277 214 346
500 466 359 496 83 101 120 5 29 263 333 62
501 569 501 44 28 38 13 785 409 81 170 16
502 43 452 452 161 371 708 404 586 2 166 4
503 358 699 971 700 707 674 510 661 211 924 252
504 8 265 608 232 201 199 201 231 280 655 223
505 358 266 498 265 9 765 506 661 362 533 19
506 406 672 141 359 360 19 421 38 321 160 206
507 298 299 590 30 136 93 563 493 84 336 115
508 10 36 36 31 30 588 13 322 164 446 45
509 972 913 499 503 265 440 178 178 231 440 226
510 7 362 280 65 206 593 350 572 434 813 534
511 275 458 160 550 107 279 82 422 518 173 121
512 155 147 42 115 82 546 803 58 431 427 75
513 490 419 419 168 64 640 371 87 509 667 188
514 108 409 306 91 989 91 160 467 107 393 950
515 270 28 151 82 462 463 463 463 462 419 128
516 192 832 3 57 107 314 184 508 259 818 301
517 102 300 210 249 327 82 576 13 576 533 165
518 211 2 333 820 204 201 278 681 133 284 206
519 160 353 99 353 770 353 69 509 958 69 420
520 4 58 422 513 474 212 462 272 252 924 845
521 766 766 134 373 134 10 142 258 347 377 60
522 523 332 720 441 8 510 7 407 141 362 51
523 464 455 251 27 878 33 34 31 142 783 424
524 72 106 434 828 45 322 446 164 46 638 340
525 729 525 533 461 819 273 269 643 87 152 345
526 13 69 13 121 81 86 121 211 809 519 85
527 64 615 253 671 551 69 777 419 482 79 290
528 373 112 7 249 695 491 117 491 163 411 115
529 529 525 700 720 699 602 602 525 44 502 504
530 11 608 265 440 365 569 81 671 509 81 121
531 420 167 41 121 747 106 351 377 166 296 378
532 211 243 132 283 129 133 292 515 290 121 550
533 504 406 608 466 267 264 661 362 62 269 303
534 544 534 813 585 172 420 118 301 18 366 169
535 164 446 46 446 45 446 429 160 3 408 880
536 298 160 191 150 60 495 249 82 549 299 80
537 52 368 1 268 19 107 68 932 77 811 531
538 92 685 81 299 145 147 105 473 367 116 133
539 79 922 7 754 565 754 565 823 12 896 63
540 971 93 971 514 108 66 160 337 367 128 183
541 162 432 162 323 353 935 125 353 640 937 125
542 450 438 64 528 489 82 166 48 76 48 492
543 326 318 127 36 442 443 437 165 160 424 81
544 84 612 340 128 42 490 491 377 130 82 327
545 87 489 419 106 473 498 405 5 271 54 281
546 245 62 666 856 301 68 107 279 106 518 209
547 361 438 545 165 135 437 436 438 590 28 419
548 121 17 189 799 549 326 82 333 370 25 437
549 288 295 384 157 394 250 351 28 24 5 496
550 69 141 431 70 212 363 28 31 427 105 393
551 473 340 46 272 164 2 546 393 333 261 115
552 57 683 683 412 58 115 245 96 427 86 65
553 86 68 107 142 132 282 424 170 31 282 401
554 419 74 218 128 199 206 14 390 250 1 549
555 82 422 819 273 13 10 82 116 533 800 615
556 14 280 221 312 62 63 635 4 405 356 357
557 77 811 28 25 24 64 157 734 172 450 932
558 9 699 406 699 922 956 7 466 12 565 608
559 559 559 166 243 926 237 209 158 174 137 88
560 223 256 226 440 280 51 201 215 64 329 434
561 462 21 434 231 621 160 106 255 16 337 367
562 840 426 167 18 314 418 710 188 495 227 495
563 290 584 563 936 572 280 426 318 976 455 547
564 242 240 160 153 422 819 461 592 592 335 794
565 9 765 720 441 333 166 253 419 642 16 340
566 421 141 141 494 234 121 187 363 211 21 434
567 290 256 160 856 83 612 4 360 441 233 932
568 493 270 419 170 438 89 62 249 441 213 499
569 661 452 160 347 160 138 305 55 411 131 160
570 19 19 957 141 166 320 181 283 86 441 707
571 552 518 188 155 58 601 57 809 302 183 133
572 426 130 13 272 309 341 218 366 19 161 87
573 7 674 506 62 820 365 355 254 63 665 412
574 65 562 440 450 581 65 371 62 338 434 153
575 232 537 243 926 926 301 248 459 268 215 366
576 13 118 132 285 271 142 303 82 468 160 896
577 283 559 559 282 356 564 338 165 116 96 160
578 577 366 20 20 28 339 245 318 424 139 428
579 334 448 448 494 296 129 106 28 249 83 71
580 580 580 580 580 580 580 580 580 580 580 580
581 204 533 106 537 403 172 169 434 220 434 142
582 473 141 19 499 374 358 44 21 495 222 310
583 521 554 535 728 400 271 64 64 21 214 160
584 290 254 255 211 4 698 285 302 304 58 54
585 544 133 120 120 17 315 222 424 404 82 189
586 211 129 256 531 82 450 280 426 285 586 233
587 209 71 162 492 212 641 82 277 82 104 150
588 30 609 114 338 135 336 400 21 966 189 551
589 671 17 310 317 314 223 624 651 546 129 425
590 34 5 466 487 529 502 504 494 170 485 423
591 142 86 690 5 697 414 916 414 916 414 449
592 579 448 40 38 13 327 107 129 840 440 152
593 340 371 211 754 11 518 621 301 171 165 165
594 83 458 413 168 64 549 509 710 189 67 533
595 52 197 409 10 327 733 923 923 923 326 82
596 597 301 147 155 137 254 152 160 255 282 17
597 596 282 218 311 190 299 508 710 509 473 362
598 84 560 215 0 238 238 238 210 363 314 189
599 2 6 429 6 528 392 60 368 390 14 291
600 133 10 44 661 44 932 41 123 115 79 79
601 886 273 45 322 272 447 676 322 794 335 274
602 699 700 441 282 58 138 54 132 405 253 83
603 414 697 414 603 414 605 797 342 201 41 165
604 305 89 303 88 302 64 445 917 94 955 593
605 846 605 797 231 841 841 376 6 949 949 411
606 495 249 172 172 486 53 215 434 4 425 426
607 460 411 194 57 174 269 252 282 288 288 252
608 804 971 740 252 138 685 4 137 286 6 411
609 30 263 564 63 665 142 483 352 201 207 116
610 472 284 255 363 434 173 87 859 3 281 281
611 389 104 368 393 301 690 107 371 404 662 323
612 42 115 513 21 326 118 132 142 576 543 121
613 756 142 82 283 58 96 75 253 282 333 87
614 106 268 496 602 362 365 211 126 698 949 56
615 954 249 114 183 362 86 274 334 335 592 735
616 459 223 64 511 191 283 424 172 166 4 411
617 618 124 125 618 124 708 100 86 222 0 146
618 404 100 86 142 145 106 467 20 20 282 393
619 59 305 131 86 20 480 80 508 325 971 108
620 620 620 620 290 568 133 44 359 504 246 421
621 278 365 114 423 114 234 637 233 209 155 137
622 238 239 238 931 963 107 671 69 434 768 434
623 84 270 278 621 518 424 695 164 272 3 685
624 13 576 482 437 438 470 494 226 62 238 622
625 412 803 859 63 16 295 172 14 473 767 473
626 87 325 96 48 115 87 145 283 411 506 19
627 473 362 569 451 161 87 23 135 338 115 301
628 181 162 323 185 618 523 522 493 413 458 434
629 177 307 872 581 51 908 196 200 178 65 430
630 630 630 630 630 303 62 329 478 81 952 509
631 209 166 160 495 17 1 82 249 81 877 184
632 719 52 52 221 129 88 54 126 286 520 252
633 633 633 633 633 633 633 633 633 633 633 633
634 635 286 13 481 412 408 252 520 63 16 115
635 4 845 193 252 115 283 4 635 63 46 63
636 211 932 427 153 49 50 82 20 87 58 129
637 233 17 932 419 367 30 151 748 793 613 163
638 210 132 192 412 803 58 856 145 13 21 550
639 209 235 233 932 420 291 142 340 251 23 474
640 353 323 3 166 1000 206 199 198 196 14 430
641 333 441 12 420 627 971 514 474 513 272 21
642 83 433 83 20 420 494 310 314 219 18 17
643 162 63 63 324 720 754 441 249 152 612 153
644 115 420 99 708 100 92 20 287 160 395 104
645 156 180 122 349 191 420 254 28 26 29 160
646 411 698 949 511 118 607 296 82 518 552 256
647 256 303 105 424 526 546 245 547 976 76 96
648 648 648 648 648 648 648 648 648 648 648 648
649 246 530 92 92 434 828 896 828 46 428 409
650 215 227 226 62 79 13 199 342 129 333 41
651 950 64 42 642 932 576 482 419 128 974 917
652 419 113 115 105 422 601 177 94 974 820 171
653 653 653 653 653 653 653 653 653 653 653 653
654 58 921 138 408 845 6 549 671 551 184 173
655 470 75 372 86 627 678 549 582 667 627 667
656 176 177 146 533 441 504 494 27 40 964 40
657 269 236 533 15 592 592 269 365 7 500 506
658 658 658 658 658 658 658 658 658 658 658 658
659 659 659 659 377 546 187 550 288 506 956 44
660 660 660 660 660 660 660 660 660 660 660 660
661 823 566 971 457 425 401 835 65 426 568 544
662 84 82 518 557 5 516 305 195 4 430 86
663 68 121 301 446 592 429 428 428 274 334 65
664 401 133 60 387 104 155 157 489 132 271 859
665 859 63 625 4 166 19 550 249 180 148 225
666 7 422 244 460 183 6 517 305 174 285 183
667 184 434 495 468 342 199 338 123 420 291 291
668 157 388 295 84 623 791 65 581 21 106 21
669 615 252 411 308 16 283 577 366 153 393 390
670 670 670 670 670 670 670 670 670 670 670 670
671 375 62 410 490 186 492 152 82 533 602 61
672 406 160 164 564 2 102 64 108 111 474 62
673 495 367 256 86 584 272 462 408 58 88 209
674 265 61 14 205 128 168 515 206 515 533 822
675 675 675 675 675 675 675 675 675 675 675 675
676 447 473 355 300 748 944 748 13 302 333 115
677 434 490 63 2 599 304 302 304 971 114 208
678 480 362 820 94 350 345 130 408 212 165 367
679 187 62 312 17 333 370 318 170 417 40 953
680 380 14 41 160 381 178 345 121 419 445 518
681 123 438 336 27 545 29 35 39 38 113 339
682 511 651 511 275 232 499 498 804 498 533 188
683 412 63 849 849 387 387 61 60 157 378 295
684 684 684 684 684 684 684 684 684 684 684 684
685 665 303 235 930 234 233 932 249 147 546 536
686 86 573 19 405 601 177 146 615 121 245 38
687 404 58 209 42 245 245 405 226 79 160 63
688 543 817 543 478 66 560 19 707 627 86 121
689 689 689 543 113 473 355 355 283 51 141 500
690 400 68 68 173 92 685 285 738 286 571 63
691 691 691 691 691 691 691 691 691 691 691 691
692 130 692 130 172 121 254 367 115 172 114 105
693 121 66 560 386 393 612 82 385 378 387 385
694 290 256 221 405 64 197 206 291 181 231 60
695 734 377 320 104 388 321 301 281 845 63 62
696 18 177 309 120 18 107 769 107 642 82 337
697 5 255 366 145 155 17 431 160 329 198 207
698 285 164 379 394 157 182 602 61 498 804 498
699 913 183 168 615 422 427 655 151 23 87 222
700 971 361 438 151 136 93 361 93 450 544 183
701 462 545 30 261 980 367 96 842 96 236 242
702 107 812 282 268 934 268 84 336 27 30 251
703 703 703 703 703 703 703 703 703 703 703 703
704 704 704 107 820 546 226 218 17 366 166 159
705 256 474 249 243 233 252 880 408 3 281 990
706 373 163 160 41 280 351 329 62 310 18 295
707 359 672 359 529 441 84 431 427 17 180 301
708 86 485 76 981 442 263 263 303 362 421 457
709 353 618 353 69 141 362 283 393 342 203 206
710 549 84 86 14 312 62 251 914 64 318 282
711 711 711 711 711 711 711 711 711 711 711 711
712 995 712 4 170 987 914 36 114 290 357 108
713 69 189 434 420 115 513 211 249 301 856 421
714 526 568 130 257 65 870 425 426 562 493 457
715 69 424 280 575 206 440 629 440 200 199 207
716 716 716 716 5 235 209 240 160 310 317 18
717 717 106 189 467 434 269 615 142 571 286 481
718 63 490 518 557 445 64 379 386 295 471 333
719 393 60 420 568 257 342 149 342 219 74 696
720 804 266 525 510 494 308 393 166 152 86 627
721 721 721 27 116 367 114 89 271 45 445 62
722 278 199 203 291 232 265 498 488 421 255 284
723 971 452 264 804 232 457 568 65 752 84 217
724 160 17 932 597 597 597 58 59 826 195 252
725 113 165 166 1000 918 197 128 343 207 116 151
726 282 142 467 222 495 83 420 351 283 371 106
727 83 654 323 271 192 4 738 56 412 971 4
728 535 482 423 114 116 116 336 116 420 312 317
729 525 247 506 105 84 249 54 57 252 174 15
730 468 74 307 85 86 114 362 405 498 232 65
731 731 731 731 731 731 731 731 731 731 731 731
732 732 732 732 732 732 732 732 732 732 732 732
733 923 723 777 10 508 325 260 331 29 964 23
734 0 283 0 88 411 537 537 53 178 275 276
735 592 46 210 234 242 209 587 4 57 305 5
736 86 36 25 437 115 548 129 576 295 576 932
737 737 271 126 300 114 63 481 949 685 815 92
738 685 13 326 107 222 0 166 641 420 312 255
739 300 218 495 250 741 150 741 103 385 82 963
740 971 740 51 172 714 121 316 147 269 474 427
741 741 250 393 283 209 977 209 977 209 126 564
742 742 614 613 613 614 613 756 74 220 114 105
743 102 300 739 495 495 460 116 135 13 576 232
744 744 744 744 744 744 744 744 744 744 744 744
745 745 745 282 252 57 412 832 832 194 211 153
746 746 746 746 746 746 746 746 746 746 746 746
747 667 13 272 563 522 493 282 217 49 87 856
748 106 363 63 271 243 411 434 300 45 533 498
749 776 342 533 607 42 169 464 494 484 86 765
750 88 129 160 484 64 93 458 458 543 121 187
751 128 388 379 181 628 628 628 394 393 295 376
752 65 197 160 107 343 971 859 832 252 238 241
753 40 34 26 29 40 25 36 86 189 519 106
754 360 452 487 451 360 549 81 367 300 739 300
755 211 764 74 764 377 129 46 933 15 447 812
756 268 756 106 690 301 45 322 46 81 69 508
757 980 655 261 171 318 48 318 36 27 30 114
758 758 143 469 478 13 27 438 333 847 205 93
759 459 86 328 328 478 356 80 137 552 285 172
760 592 929 15 162 405 304 16 132 132 2 411
761 393 612 924 57 2 89 438 251 165 362 107
762 516 195 516 2 685 665 174 285 425 90 143
763 763 763 5 235 5 234 240 236 243 80 473
764 331 19 267 12 265 804 265 9 358 12 452
765 293 498 533 321 971 391 390 390 60 378 103
766 766 340 268 212 144 121 30 44 155 81 911
767 114 464 563 464 340 445 45 640 323 100 117
768 371 28 46 428 812 57 89 515 292 183 460
769 107 252 949 56 520 22 127 130 14 103 321
770 353 249 310 340 226 275 65 0 297 218 313
771 105 215 717 271 46 106 356 13 336 280 340
772 772 772 772 772 772 772 772 772 772 772 772
773 773 773 773 405 108 93 143 201 395 181 133
774 285 4 360 359 502 504 409 278 157 214 352
775 560 218 133 493 458 623 202 201 206 575 351
776 572 493 526 129 367 62 371 285 949 949 211
777 554 340 483 424 393 105 92 72 524 72 106
778 569 778 85 151 27 37 48 370 38 474 473
779 146 601 252 625 4 170 82 767 121 493 533
780 84 510 141 602 213 913 922 913 967 525 510
781 537 315 495 256 366 166 747 301 20 10 509
782 526 399 457 65 352 546 44 401 621 180 277
783 654 217 162 321 397 296 495 129 992 992 129
784 411 282 58 856 355 424 106 314 17 86 283
785 545 442 96 121 137 88 369 160 336 560 341
786 407 786 407 504 912 499 649 84 152 363 106
787 21 513 906 160 168 301 686 245 42 249 141
788 717 271 3 89 515 129 371 210 245 121 462
789 168 424 21 409 207 200 581 581 409 93 129
790 544 183 820 15 424 357 568 183 303 114 767
791 65 334 322 929 933 89 5 132 54 481 96
792 121 329 121 249 419 270 183 480 971 251 115
793 206 284 174 62 169 363 508 69 663 137 20
794 335 446 428 160 96 327 10 508 82 422 145
795 417 114 896 107 509 82 489 210 88 271 209
796 828 896 405 268 309 248 696 18 103 352 342
797 18 17 340 554 29 40 34 25 533 280 278
798 798 798 798 798 798 798 798 798 798 798 798
799 715 20 28 129 13 165 545 87 509 540 82
800 185 709 404 101 120 758 758 758 758 424 166
801 820 53 231 344 176 275 434 859 56 880 80
802 256 173 69 434 509 747 549 298 160 136 251
803 812 282 747 249 518 424 405 116 531 142 285
804 264 160 821 160 161 504 502 500 7 555 265
805 487 451 566 441 8 971 488 971 540 121 544
806 285 366 531 300 828 889 375 91 469 211 137
807 192 193 57 849 155 269 533 201 473 473 434
808 808 808 808 808 808 808 808 808 808 808 808
809 304 599 208 281 564 81 351 106 405 304 252
810 471 84 510 674 661 707 265 267 264 570 452
811 340 638 338 245 442 84 249 856 405 748 564
812 54 107 544 542 168 275 129 557 128 3 166
813 817 813 543 183 411 4 174 126 271 285 166
814 344 349 160 179 122 191 839 191 166 818 166
815 286 481 373 243 926 963 243 84 431 105 405
816 119 427 165 105 333 533 84 594 82 81 564
817 515 232 263 925 925 245 114 356 142 450 257
818 86 105 170 338 211 434 83 163 83 546 77
819 273 301 216 269 615 83 579 929 929 140 174
820 166 377 104 283 128 6 458 486 36 13 550
821 160 520 63 921 138 58 129 21 560 362 82
822 464 169 170 303 329 66 66 117 460 597 695
823 565 823 674 823 700 720 86 121 261 411 195
824 191 156 180 145 160 818 62 495 62 333 370
825 923 733 326 145 422 493 154 783 424 337 93
826 54 6 89 304 88 121 212 114 154 419 114
827 506 856 466 441 266 804 754 510 525 247 213
828 46 495 460 333 627 627 627 333 438 86 82
829 290 198 593 776 820 917 557 133 113 478 107
830 452 830 452 499 43 406 358 805 358 608 332
831 258 142 333 370 547 455 245 116 438 308 396
832 4 145 163 612 115 30 93 493 249 107 474
833 44 366 859 142 80 169 280 169 419 170 27
834 107 45 419 113 23 37 23 29 93 82 188
835 275 458 543 113 847 113 485 442 170 136 361
836 706 936 706 836 813 168 413 275 86 521 598
837 107 84 107 296 473 19 265 608 264 141 466
838 45 107 303 411 986 470 96 80 379 164 140
839 377 278 199 917 445 254 170 151 34 165 31
840 168 585 129 162 432 121 242 238 89 933 429
841 397 841 719 393 145 17 378 182 379 385 181
842 211 301 169 338 318 263 274 269 62 365 303
843 290 291 129 426 562 232 556 232 705 401 493
844 971 47 107 342 17 248 422 166 143 820 970
845 921 58 812 45 273 592 322 533 950 404 518
846 846 846 605 414 916 414 479 479 414 605 851
847 423 245 245 263 301 222 225 756 166 857 301
848 340 811 79 86 20 188 663 189 519 106 80
849 63 921 930 926 64 197 206 203 86 196 95
850 546 137 87 974 593 974 94 199 199 526 93
851 851 852 415 414 443 251 370 38 329 165 339
852 206 202 201 473 269 810 180 346 291 133 256
853 82 30 30 256 132 160 310 314 166 411 537
854 285 412 211 489 473 427 119 229 23 107 285
855 155 19 268 19 13 458 121 131 131 86 714
856 249 159 242 963 209 13 514 328 329 69 141
857 301 140 335 461 273 447 334 334 448 971 844
858 306 215 220 23 333 533 186 254 665 303 89
859 142 129 623 129 422 333 48 417 367 757 757
860 914 28 953 40 370 725 114 971 416 971 179
861 350 533 362 7 246 7 537 607 695 405 143
862 777 498 720 765 720 699 11 240 159 215 363
863 57 460 597 301 273 429 6 305 409 38 443
864 411 864 411 784 784 411 63 718 281 932 310
865 63 803 252 654 404 612 121 540 549 459 328
866 96 165 166 4 6 562 568 183 152 494 593
867 134 173 538 733 551 549 309 5 437 437 531
868 320 250 174 371 419 356 13 698 13 476 258
869 841 312 314 310 82 31 932 340 521 553 554
870 425 562 232 936 593 822 936 232 266 407 266
871 231 871 231 168 275 368 395 557 232 556 330
872 232 61 872 85 14 167 94 955 128 450 543
873 425 90 106 820 917 199 338 115 338 263 367
874 65 426 86 290 211 128 114 252 153 211 546
875 170 548 337 339 29 28 106 190 106 87 484
876 564 183 356 424 375 411 88 233 233 828 371
877 137 301 428 301 23 301 21 254 144 615 17
878 23 494 39 133 547 263 564 242 234 166 209
879 242 121 356 366 306 81 363 114 183 419 652
880 815 63 434 137 301 474 477 91 356 69 325
881 96 64 271 301 249 54 803 546 82 93 14
882 166 12 666 452 360 141 494 506 166 0 309
883 93 205 160 298 106 187 667 118 495 160 490
884 412 812 126 126 131 282 129 283 201 557 395
885 887 885 21 107 490 377 960 377 95 123 411
886 3 174 209 140 164 164 269 212 173 20 183
887 887 887 92 538 92 160 471 607 544 820 776
888 412 238 930 243 411 282 254 147 316 468 730
889 405 162 79 226 494 296 321 295 311 190 105
890 121 462 5 357 16 642 107 401 621 180 84
891 405 424 274 405 107 954 107 255 13 461 46
892 405 108 409 151 261 171 847 455 170 136 339
893 971 403 14 284 157 347 179 157 398 295 397
894 327 327 820 128 87 249 3 194 59 89 76
895 333 23 785 545 27 997 953 699 924 845 859
896 375 476 329 10 300 81 434 320 391 377 321
897 263 168 515 176 200 177 297 316 255 472 610
898 481 5 135 135 336 400 64 68 21 44 300
899 2 271 518 211 258 357 112 108 112 7 555
900 464 420 581 420 254 820 205 167 420 152 116
901 137 46 448 87 405 115 153 393 615 146 17
902 5 42 309 42 17 254 642 16 222 222 107
903 191 82 12 266 7 360 754 466 266 498 421
904 321 351 342 13 361 32 26 28 892 828 145
905 311 248 17 41 204 776 342 157 343 129 377
906 160 349 907 907 156 320 947 181 219 222 911
907 342 206 94 908 922 913 707 9 264 161 569
908 94 207 207 214 681 5 249 340 169 65 282
909 280 270 419 405 249 493 399 450 714 65 291
910 65 366 886 59 138 54 160 42 21 114 981
911 222 537 1 641 333 421 362 496 487 452 213
912 466 754 608 7 765 498 804 971 321 250 104
913 922 699 971 805 44 699 504 499 213 247 570
914 36 545 40 261 486 365 106 473 460 81 129
915 38 437 417 133 11 441 546 17 333 279 118
916 414 449 414 645 645 156 180 851 483 113 76
917 557 79 14 339 443 339 437 170 417 795 417
918 377 199 908 593 214 60 391 776 200 908 278
919 113 485 387 950 707 86 143 42 387 378 385
920 230 74 5 195 194 5 840 275 840 413 176
921 285 96 842 96 481 96 164 448 428 429 933
922 205 197 52 157 344 149 180 87 20 253 21
923 825 733 551 299 81 280 294 160 180 333 172
924 303 896 116 361 160 356 549 82 249 106 979
925 981 114 234 239 243 158 159 183 695 129 62
926 234 235 236 587 234 474 340 325 65 177 275
927 931 931 210 82 150 82 318 114 82 226 228
928 211 705 232 705 256 291 206 133 547 38 47
929 15 334 272 46 283 363 16 153 49 643 50
930 235 244 244 13 108 477 329 82 740 82 740
931 240 234 533 435 160 857 160 129 95 196 203
932 31 254 252 234 242 240 424 151 39 480 142
933 956 922 141 498 956 700 441 249 672 543 257
934 340 280 61 707 872 74 317 116 411 373 121
935 768 97 125 62 17 87 105 242 303 630 303
936 965 936 206 86 720 213 12 12 293 362 165
937 125 142 81 400 160 342 172 23 23 142 418
938 611 6 237 424 69 713 81 362 480 166 181
939 232 284 14 380 393 612 393 421 393 386 393
940 93 183 290 280 130 278 201 167 181 179 342
941 189 82 438 339 245 426 458 533 323 4 82
942 95 123 275 450 600 168 434 35 183 493 600
943 295 387 296 256 221 282 217 812 412 195 252
944 748 377 62 314 363 384 80 473 93 201 486
945 945 945 409 450 167 196 167 196 820 203 376
946 641 212 58 192 807 5 697 5 362 62 169
947 394 61 213 452 608 332 836 836 836 706 585
948 381 393 612 84 441 161 107 209 909 493 817
949 55 412 81 474 13 624 409 244 233 70 932
950 180 421 471 333 340 482 655 427 169 249 493
951 359 754 674 823 12 11 90 459 560 328 478
952 509 480 92 434 226 79 557 201 207 409 135
953 35 86 18 120 17 180 130 284 292 167 290
954 546 427 252 520 183 105 184 13 169 252 854
955 593 41 207 820 215 86 79 14 284 377 391
956 213 720 7 537 537 232 575 280 284 621 278
957 213 332 505 971 844 133 135 160 589 671 187
958 69 108 90 106 187 671 249 132 89 10 64
959 377 103 397 537 394 393 379 60 342 214 95
960 377 147 301 166 493 464 35 261 133 291 14
961 377 382 379 182 390 268 106 249 44 401 401
962 325 508 679 971 566 700 525 510 264 608 264
963 240 424 311 218 219 74 282 28 33 409 197
964 40 160 183 272 428 322 461 15 446 301 18
965 936 86 154 363 161 496 268 419 18 18 86
966 189 537 20 495 17 473 163 613 747 549 287
967 504 44 441 466 359 11 700 602 602 249 533
968 299 549 667 37 29 229 39 48 443 925 847
969 509 509 513 747 160 355 472 255 249 2 211
970 917 201 133 400 133 42 453 212 422 87 459
971 26 47 847 333 89 5 236 46 533 529 374
972 509 518 546 615 64 243 64 61 104 295 393
973 971 859 815 57 56 685 59 685 13 679 137
974 94 593 917 128 483 172 197 494 474 340 215
975 971 506 503 407 266 407 506 332 608 267 666
976 171 655 458 426 232 575 149 148 344 180 365
977 977 977 977 209 639 65 291 542 450 256 106
978 900 411 434 203 249 154 114 212 77 142 105
979 316 73 73 84 83 747 473 256 183 464 169
980 261 30 13 177 734 169 588 36 113 306 366
981 171 417 547 981 171 116 152 70 212 420 733
982 137 286 880 685 92 434 144 84 582 211 126
983 114 564 258 107 258 410 258 831 258 87 810
984 66 480 667 161 249 505 407 406 506 249 132
985 376 985 376 387 61 321 483 205 204 128 83
986 261 133 256 474 80 473 767 13 655 301 173
987 339 482 160 467 222 85 218 220 17 160 173
988 411 96 91 356 490 82 325 82 543 576 533
989 329 478 121 152 255 222 188 549 218 74 485
990 826 160 381 397 368 375 405 184 747 62 410
991 812 193 2 193 160 216 140 64 611 419 161
992 992 992 992 129 308 283 249 105 427 96 474
993 408 130 180 301 504 19 331 223 64 730 231
994 6 549 6 308 880 685 252 235 252 832 826
995 712 995 712 255 121 20 971 403 133 367 263
996 12 896 173 82 468 107 62 238 498 441 360
997 27 170 360 4 434 14 776 95 201 18 215
998 65 840 562 413 178 157 6 949 211 355 932
999 145 326 923 923 825 923 326 105 114 686 22
1000 232 918 201 167 377 167 339 370 725 165 725
1001 3 371 82 63 419 199 95 820 201 160 18
1002 560 215 717 160 281 845 303 619 59 886 2
1003 258 108 375 424 46 15 139 428 107 318 183
1004 55 131 142 856 573 213 487 805 487 213 529
0 498 487 213 602
1 250 150 182 396
2 158 137 169 405
3 81 28 27 25
4 183 81 252 601
5 100 404 166 209
6 481 96 438 96
7 406 720 466 893
8 525 9 500 266
9 358 700 971 406
10 327 107 63 115
11 362 114 210 363
12 7 12 267 247
13 748 748 62 441
14 593 936 936 822
15 164 139 6 587
16 489 157 53 420
17 366 747 189 786
18 104 61 182 103
19 504 533 127 129
20 420 312 62 242
21 92 426 62 147
22 35 165 135 26
23 249 569 358 699
24 997 953 900 169
25 301 810 560 224
26 953 28 62 128
27 36 82 859 269
28 820 421 498 441
29 33 590 533 371
30 128 494 107 326
31 151 23 29 29
32 151 655 980 367
33 30 339 38 13
34 361 93 407 506
35 26 26 27 339
36 318 107 115 233
37 655 167 94 533
38 30 135 336 438
39 367 280 363 21
40 427 86 19 700
41 166 79 581 21
42 199 196 776 196
43 499 505 525 265
44 434 813 413 168
45 139 76 333 48
46 495 673 495 21
47 86 233 234 474
48 527 333 96 261
49 643 49 71 71
50 643 50 87 963
51 740 51 124 99
52 61 390 268 74
53 82 87 547 417
54 174 284 232 156
55 6 375 318 925
56 56 859 281 174
57 131 809 271 283
58 192 195 5 170
59 738 281 59 305
60 215 73 358 506
61 64 171 116 35
62 736 86 306 509
63 121 179 262 278
64 859 412 243 80
65 325 549 288 405
66 215 366 317 84
67 146 299 551 679
68 173 22 22 173
69 80 549 162 404
70 932 453 420 114
71 83 253 333 443
72 92 100 687 100
73 316 223 221 14
74 310 78 420 654
75 96 89 933 335
76 5 285 738 586
77 445 5 141 430
78 93 27 51 261
79 79 420 78 366
80 271 142 303 909
81 375 183 207 214
82 99 98 102 323
83 292 14 473 129
84 252 174 859 520
85 820 434 46 447
86 590 470 986 411
87 105 58 601 494
88 369 303 610 459
89 482 74 485 976
90 220 74 105 450
91 91 64 229 28
92 152 355 63 28
93 108 155 157 880
94 206 204 908 200
95 918 94 593 128
96 20 188 495 128
97 618 617 140 274
98 155 128 128 142
99 101 155 208 3
100 301 276 401 289
101 323 160 201 107
102 100 424 478 328
103 385 231 290 356
104 379 376 283 318
105 92 137 166 405
106 373 180 352 352
107 54 305 281 62
108 108 473 14 167
109 424 589 459 29
110 375 154 404 145
111 478 81 170 437
112 7 700 441 649
113 318 176 94 918
114 4 252 153 212
115 405 748 118 300
116 338 114 4 256
117 460 730 13 483
118 461 15 429 429
119 229 165 51 375
120 758 366 372 134
121 93 306 329 419
122 179 107 468 223
123 103 53 167 182
124 708 86 86 226
125 354 64 128 106
126 638 495 459 268
127 189 467 84 366
128 93 204 65 176
129 367 546 177 380
130 388 394 377 156
131 717 295 317 485
132 217 142 458 121
133 129 342 351 278
134 535 777 482 553
135 5 481 285 254
136 337 424 174 121
137 286 571 211 683
138 809 305 412 473
139 99 139 342 381
140 274 405 438 455
141 573 12 293 362
142 31 34 38 47
143 18 797 342 345
144 434 144 212 226
145 21 467 459 212
146 368 157 283 300
147 612 41 460 730
148 225 18 166 366
149 148 280 201 143
150 541 641 106 467
151 113 64 249 153
152 70 180 278 722
153 301 52 133 18
154 954 615 147 212
155 465 83 420 312
156 697 697 414 449
157 16 543 82 36
158 564 480 86 747
159 62 480 39 494
160 454 160 68 473
161 107 128 340 282
162 412 271 400 309
163 411 211 6 362
164 272 216 46 340
165 254 41 94 918
166 114 2 865 2
167 917 196 820 932
168 542 183 29 24
169 290 568 256 405
170 494 261 96 881
171 590 165 105 48
172 27 170 875 170
173 96 443 417 151
174 46 211 546 513
175 665 412 59 174
176 93 171 172 93
177 377 189 582 671
178 656 377 776 776
179 349 344 149 490
180 346 511 810 520
181 179 13 318 976
182 18 167 284 160
183 434 200 207 908
184 298 137 210 63
185 640 404 546 173
186 226 106 105 543
187 80 271 283 5
188 710 184 290 143
189 690 549 678 747
190 420 105 310 314
191 207 377 872 377
192 59 5 492 48
193 412 826 56 738
194 405 480 671 80
195 305 16 642 16
196 205 167 820 243
197 918 167 655 171
198 31 162 63 44
199 296 495 748 118
200 440 562 425 403
201 94 204 201 395
202 201 51 409 945
203 198 203 198 165
204 283 255 421 496
205 925 443 48 38
206 202 206 65 169
207 41 136 339 883
208 305 210 237 209
209 812 272 461 533
210 494 366 285 208
211 842 211 87 255
212 364 212 329 306
213 503 506 462 212
214 129 489 365 430
215 188 667 188 80
216 448 139 107 468
217 432 217 50 48
218 223 268 227 215
219 342 172 87 215
220 68 121 211 932
221 312 177 515 533
222 696 18 107 201
223 183 602 569 501
224 221 177 176 515
225 226 282 480 62
226 142 83 259 508
227 756 183 35 367
228 309 42 296 179
229 39 86 180 157
230 920 230 333 23
231 278 106 546 106
232 576 176 423 62
233 242 599 209 5
234 82 357 212 509
235 233 58 283 256
236 63 419 351 351
237 238 931 926 301
238 242 233 58 210
239 234 926 301 45
240 424 280 290 145
241 238 499 61 602
242 96 131 552 373
243 237 210 142 559
244 159 631 209 166
245 114 932 702 932
246 44 10 509 87
247 11 362 51 199
248 341 222 166 21
249 495 222 17 546
250 495 377 378 378
251 27 251 40 25
252 193 3 114 152
253 259 695 147 154
254 493 932 98 97
255 13 79 128 362
256 340 143 420 453
257 231 177 380 539
258 417 176 214 294
259 818 86 533 82
260 336 136 93 135
261 455 96 160 582
262 231 177 166 137
263 361 339 169 114
264 232 206 277 14
265 570 265 707 7
266 265 529 7 422
267 359 264 232 321
268 496 161 555 84
269 211 611 419 419
270 14 64 14 493
271 333 820 107 222
272 310 62 125 404
273 448 424 405 87
274 340 133 171 40
275 232 156 180 422
276 301 138 137 546
277 214 450 705 425
278 722 38 474 434
279 333 281 56 126
280 204 201 94 593
281 3 886 59 55
282 588 26 588 600
283 494 215 347 460
284 6 285 425 567
285 990 5 697 5
286 195 803 826 2
287 549 104 250 60
288 218 120 232 232
289 231 257 231 655
290 822 494 395 160
291 493 434 431 84
292 486 169 816 987
293 293 661 247 213
294 65 294 280 81
295 308 462 256 338
296 380 537 21 62
297 13 423 847 976
298 301 747 162 405
299 710 188 418 253
300 166 0 103 394
301 690 447 62 372
302 13 812 87 215
303 564 564 480 39
304 806 809 519 809
305 137 46 579 13
306 160 504 967 504
307 588 545 40 30
308 438 261 82 462
309 905 177 18 258
310 1 232 177 13
311 225 301 404 404
312 255 222 1 351
313 313 0 101 96
314 219 172 424 329
315 495 606 495 169
316 435 440 24 114
317 85 507 507 85
318 444 417 29 21
319 963 244 158 241
320 156 697 414 415
321 390 13 337 511
322 933 335 45 162
323 447 446 579 38
324 558 213 421 504
325 173 74 950 422
326 389 160 663 69
327 20 533 408 420
328 328 66 984 66
329 113 47 443 114
330 74 21 896 4
331 340 474 143 480
332 504 183 256 802
333 77 539 178 345
334 335 760 592 216
335 45 272 428 592
336 437 436 438 337
337 419 848 445 518
338 48 482 78 79
339 29 51 445 917
340 79 581 21 145
341 215 363 283 368
342 203 82 154 86
343 42 160 286 80
344 200 167 936 284
345 342 493 154 154
346 191 277 214 179
347 160 747 107 79
348 180 87 215 820
349 160 857 166 83
350 180 493 425 457
351 351 352 201 107
352 789 458 789 278
353 183 602 707 566
354 97 323 323 97
355 114 145 239 13
356 16 748 300 268
357 105 142 142 107
358 805 44 300 300
359 951 360 569 12
360 570 264 498 86
361 318 47 361 423
362 81 4 82 179
363 128 30 116 548
364 363 303 80 473
365 513 21 367 424
366 271 400 400 327
367 892 438 482 482
368 112 7 86 151
369 252 193 412 615
370 115 84 254 531
371 129 116 438 29
372 83 101 354 323
373 86 191 645 231
374 500 499 707 61
375 243 412 698 2
376 376 308 160 230
377 352 41 107 319
378 150 377 103 215
379 376 387 394 160
380 385 390 13 371
381 61 345 186 162
382 379 392 390 103
383 379 396 61 280
384 60 103 162 288
385 378 378 491 377
386 157 174 58 498
387 198 196 231 214
388 388 384 495 673
389 60 380 379 157
390 394 321 397 546
391 381 387 376 377
392 60 376 395 181
393 384 390 394 160
394 160 161 82 142
395 321 150 148 191
396 61 602 466 231
397 546 321 397 157
398 295 321 321 296
399 543 458 568 107
400 74 0 88 88
401 121 540 952 509
402 258 831 258 434
403 53 178 629 178
404 768 124 98 86
405 106 222 459 358
406 502 504 161 434
407 526 167 453 932
408 3 63 194 1001
409 47 135 339 75
410 183 21 287 896
411 252 159 235 930
412 481 2 517 102
413 840 426 232 266
414 916 414 645 231
415 697 415 852 851
416 173 254 355 420
417 444 464 556 232
418 582 418 69 477
419 333 269 272 3
420 201 143 480 549
421 487 332 7 374
422 518 351 303 304
423 847 417 339 179
424 405 124 424 212
425 425 791 493 522
426 245 160 417 107
427 31 51 82 58
428 15 272 617 592
429 160 458 129 280
430 4 145 121 283
431 83 474 474 546
432 217 142 128 114
433 50 153 173 269
434 154 17 441 166
435 793 748 256 495
436 437 115 114 307
437 116 123 339 464
438 5 455 438 165
439 115 900 464 822
440 818 259 777 173
441 160 346 128 160
442 35 168 167 936
443 76 76 139 166
444 417 48 492 212
445 160 193 55 1004
446 322 448 446 139
447 812 59 520 408
448 334 933 45 812
449 414 916 414 415
450 295 386 157 392
451 7 421 471 333
452 264 510 86 131
453 62 100 323 124
454 189 550 189 287
455 375 896 329 113
456 456 456 405 174
457 568 544 434 404
458 434 65 401 621
459 249 165 361 160
460 117 409 306 426
461 335 929 140 274
462 249 355 654 211
463 463 463 463 463
464 291 14 563 6
465 316 146 120 0
466 452 498 141 569
467 160 509 260 509
468 148 191 351 178
469 469 258 802 258
470 119 229 48 455
471 434 651 434 2
472 453 86 69 187
473 508 82 172 205
474 427 282 401 285
475 375 114 107 372
476 13 273 13 278
477 474 419 255 114
478 111 258 802 258
479 275 789 129 62
480 638 564 209 56
481 281 303 166 159
482 482 93 399 526
483 214 301 284 160
484 129 221 280 228
485 86 233 173 22
486 81 162 103 393
487 496 83 355 405
488 971 343 971 975
489 64 184 142 434
490 356 366 132 371
491 753 119 40 13
492 615 243 210 121
493 820 95 218 223
494 229 198 329 254
495 641 669 783 82
496 529 525 856 407
497 419 68 80 460
498 777 340 167 434
499 529 602 238 237
500 44 161 363 351
501 176 177 221 256
502 7 44 114 4
503 502 358 161 371
504 421 525 505 249
505 332 505 406 407
506 441 166 166 74
507 513 116 434 99
508 68 64 201 204
509 10 340 531 114
510 9 8 86 184
511 215 340 268 1
512 162 532 520 20
513 66 66 654 153
514 91 514 91 64
515 94 177 13 333
516 305 481 421 525
517 5 100 185 533
518 226 186 83 273
519 405 194 238 86
520 533 188 671 249
521 554 29 36 128
522 523 64 528 191
523 64 129 137 285
524 72 106 222 17
525 856 366 256 283
526 419 14 168 113
527 64 376 61 179
528 644 140 735 322
529 160 108 375 108
530 533 154 647 435
531 107 372 404 45
532 56 13 390 103
533 84 75 367 165
534 450 542 440 533
535 10 728 10 508
536 20 188 42 405
537 397 869 376 18
538 306 366 443 26
539 178 180 153 166
540 184 121 121 568
541 209 137 3 194
542 172 168 789 275
543 129 922 822 168
544 183 80 21 274
545 26 38 417 486
546 462 58 271 273
547 339 165 753 75
548 377 960 377 546
549 287 549 818 92
550 68 419 351 303
551 21 647 434 460
552 55 412 812 45
553 340 79 165 914
554 535 340 280 114
555 82 221 459 329
556 113 86 318 370
557 518 271 301 269
558 213 332 141 7
559 160 123 900 251
560 913 7 246 608
561 462 430 672 672
562 654 66 560 341
563 563 706 290 99
564 748 495 17 154
565 430 166 0 368
566 569 569 661 569
567 567 290 294 232
568 130 160 369 252
569 602 496 362 160
570 161 661 264 265
571 3 239 4 82
572 515 94 206 205
573 573 166 153 115
574 280 231 277 971
575 280 270 419 170
576 166 353 249 211
577 142 46 169 106
578 577 282 105 612
579 428 107 44 569
580 580 580 580 580
581 51 232 557 51
582 211 473 474 409
583 521 823 661 505
584 290 169 494 395
585 544 6 272 546
586 462 212 303 56
587 2 211 15 164
588 588 206 793 435
589 215 223 212 114
590 23 820 143 31
591 83 280 232 214
592 448 448 812 990
593 320 213 573 358
594 121 84 235 420
595 52 221 21 346
596 597 62 141 246
597 597 810 210 363
598 521 217 160 261
599 96 867 96 333
600 401 835 65 133
601 405 433 364 21
602 525 86 415 414
603 414 449 414 443
604 411 131 832 192
605 414 415 414 414
606 495 42 44 360
607 420 143 419 473
608 359 452 823 8
609 30 121 201 249
610 303 362 86 190
611 278 495 365 249
612 311 301 420 138
613 747 189 287 418
614 106 607 106 548
615 518 519 259 72
616 602 183 155 153
617 269 139 429 164
618 98 323 640 640
619 57 84 444 333
620 86 184 301 155
621 278 191 83 288
622 238 931 963 107
623 313 73 17 153
624 223 20 68 21
625 63 137 22 20
626 87 280 409 190
627 420 210 236 963
628 394 283 125 124
629 178 498 956 700
630 303 619 96 481
631 631 159 105 371
632 719 157 64 828
633 633 633 633 633
634 634 634 635 812
635 63 62 448 274
636 211 195 162 612
637 233 234 244 243
638 564 338 48 486
639 65 290 183 303
640 98 124 107 100
641 669 420 19 525
642 284 160 549 274
643 393 810 520 89
644 166 446 140 15
645 156 179 82 546
646 211 755 211 271
647 420 143 196 200
648 648 648 648 648
649 441 17 932 474
650 215 223 142 31
651 427 17 431 212
652 478 486 44 16
653 653 653 653 653
654 121 226 300 226
655 526 450 458 542
656 352 103 64 372
657 269 62 296 181
658 658 658 658 658
659 377 204 350 351
660 660 660 660 660
661 252 849 387 376
662 185 52 719 64
663 533 520 63 28
664 84 471 255 83
665 412 137 210 282
666 367 28 820 346
667 13 79 226 105
668 157 381 391 368
669 641 301 18 419
670 670 670 670 670
671 249 856 249 5
672 365 81 80 299
673 495 641 1 254
674 12 565 324 11
675 675 675 675 675
676 322 164 273 272
677 434 147 249 44
678 69 80 395 283
679 188 667 161 530
680 380 103 390 250
681 345 160 494 290
682 191 122 376 64
683 131 107 28 21
684 684 684 684 684
685 647 647 434 62
686 21 462 561 462
687 353 15 16 249
688 543 280 170 62
689 198 200 777 538
690 316 459 215 650
691 691 691 691 691
692 231 385 160 170
693 283 209 15 929
694 549 190 434 154
695 222 215 812 932
696 222 106 223 256
697 5 21 715 20
698 211 236 209 639
699 141 430 65 483
700 359 452 700 707
701 462 545 588 36
702 107 550 667 627
703 703 703 703 703
704 107 708 371 99
705 232 872 309 549
706 523 464 459 226
707 856 434 132 89
708 124 124 638 638
709 185 353 142 105
710 189 459 1 284
711 711 711 711 711
712 995 712 4 698
713 509 184 68 287
714 129 363 367 21
715 799 166 518 282
716 716 5 286 486
717 459 226 186 256
718 305 409 800 549
719 64 375 114 184
720 720 441 233 11
721 721 27 160 278
722 28 282 107 147
723 723 923 723 173
724 160 826 193 408
725 116 370 151 24
726 85 147 154 82
727 464 340 303 859
728 259 777 200 201
729 358 506 441 233
730 62 419 28 82
731 731 731 731 731
732 732 732 732 732
733 723 723 923 923
734 320 381 156 232
735 461 140 447 273
736 107 747 549 44
737 737 271 211 481
738 208 211 131 283
739 12 62 362 434
740 971 235 159 237
741 150 397 458 440
742 614 613 747 550
743 517 743 743 102
744 744 744 744 744
745 282 225 312 53
746 746 746 746 746
747 107 58 812 142
748 13 171 93 30
749 820 362 51 44
750 88 533 950 427
751 51 917 908 124
752 283 748 405 129
753 169 33 27 34
754 11 421 434 35
755 211 755 211 303
756 614 613 117 460
757 577 518 513 229
758 223 220 90 91
759 459 218 226 128
760 546 321 395 104
761 393 387 118 116
762 516 333 820 256
763 763 763 763 763
764 483 377 483 473
765 358 510 358 823
766 134 6 921 930
767 803 990 812 137
768 185 125 323 97
769 107 62 141 466
770 353 185 687 100
771 145 518 212 665
772 772 772 772 772
773 773 405 288 83
774 285 635 286 5
775 560 358 44 358
776 14 706 14 178
777 200 178 214 215
778 971 26 171 115
779 549 309 226 419
780 84 134 173 400
781 52 232 231 820
782 526 498 241 243
783 669 669 615 129
784 784 784 411 516
785 545 40 417 547
786 206 201 249 671
787 21 647 93 204
788 788 788 788 788
789 5 309 0 215
790 544 813 585 585
791 401 600 458 568
792 121 215 105 159
793 613 163 459 328
794 335 446 335 461
795 417 48 437 165
796 405 161 754 84
797 18 107 284 511
798 798 798 798 798
799 166 77 84 615
800 615 412 6 63
801 41 197 95 6
802 256 21 87 252
803 1001 4 738 520
804 11 327 728 173
805 358 266 441 8
806 806 806 89 54
807 5 106 188 533
808 808 808 808 808
809 88 810 471 295
810 210 46 548 62
811 28 168 183 562
812 208 698 281 164
813 440 64 196 280
814 58 153 820 166
815 92 287 418 253
816 169 33 39 437
817 543 450 212 453
818 259 83 58 174
819 422 513 19 161
820 100 429 592 447
821 160 316 695 259
822 900 438 123 420
823 15 139 819 140
824 191 839 191 156
825 923 733 440 6
826 408 462 249 859
827 506 365 833 365
828 615 333 471 434
829 290 533 155 173
830 452 360 213 61
831 258 329 129 212
832 192 807 54 4
833 249 115 135 437
834 107 395 396 377
835 275 434 63 28
836 332 213 8 566
837 837 837 107 206
838 124 354 354 125
839 377 395 719 397
840 526 425 289 425
841 719 157 52 820
842 96 333 736 333
843 567 425 257 231
844 133 107 430 421
845 481 411 408 286
846 605 846 846 846
847 48 417 976 925
848 419 256 495 42
849 849 252 55 685
850 546 651 624 461
851 852 851 851 681
852 852 415 86 326
853 82 154 107 290
854 82 739 495 106
855 155 371 114 234
856 612 173 269 429
857 160 397 122 191
858 306 10 971 188
859 64 466 213 473
860 437 25 588 307
861 350 180 157 342
862 777 419 44 293
863 57 271 56 2
864 411 809 54 532
865 2 283 387 667
866 80 480 564 164
867 411 481 373 180
868 5 140 429 335
869 182 157 191 160
870 425 403 813 585
871 231 385 231 284
872 309 0 223 18
873 425 130 277 82
874 425 65 818 62
875 170 987 438 333
876 564 303 46 355
877 81 170 339 116
878 27 29 62 430
879 242 241 244 237
880 305 2 162 253
881 96 100 323 353
882 166 662 494 509
883 115 233 173 173
884 412 54 88 149
885 106 671 106 107
886 366 229 28 41
887 92 160 592 334
888 412 888 412 685
889 375 143 548 115
890 890 121 255 282
891 892 45 45 933
892 290 567 567 843
893 971 332 498 9
894 327 306 69 69
895 333 895 417 160
896 355 472 471 160
897 263 405 183 845
898 481 131 373 106
899 2 195 803 58
900 40 261 165 47
901 137 92 68 678
902 5 195 174 58
903 191 601 141 11
904 321 391 157 60
905 309 311 225 148
906 513 906 156 345
907 907 262 278 82
908 922 913 950 292
909 183 19 267 161
910 65 275 450 494
911 81 69 747 162
912 504 19 264 141
913 707 872 85 222
914 64 397 394 628
915 38 34 116 64
916 414 605 851 377
917 201 199 296 526
918 41 199 196 200
919 40 339 860 753
920 435 793 435 127
921 285 520 56 137
922 340 892 45 211
923 825 306 173 300
924 699 700 661 440
925 114 211 132 807
926 926 243 950 707
927 927 237 244 615
928 211 932 812 971
929 269 166 12 560
930 927 234 241 440
931 234 233 210 105
932 492 42 280 113
933 269 82 550 68
934 340 766 521 62
935 768 404 353 662
936 167 232 312 255
937 937 100 429 272
938 611 232 141 249
939 350 593 482 14
940 93 176 450 482
941 189 184 115 147
942 95 218 560 222
943 295 393 386 379
944 748 641 371 285
945 945 409 33 878
946 641 282 20 173
947 377 450 14 486
948 381 179 342 167
949 481 132 481 898
950 492 154 86 256
951 360 293 754 161
952 28 301 953 40
953 699 44 366 174
954 107 214 129 115
955 197 172 440 413
956 44 473 422 513
957 19 420 409 326
958 69 473 166 424
959 377 960 377 381
960 377 204 199 218
961 377 392 379 174
962 325 325 327 10
963 244 58 86 623
964 40 27 33 339
965 936 206 231 181
966 189 314 283 318
967 498 62 300 106
968 299 146 85 74
969 184 86 445 254
970 917 201 232 499
971 304 304 252 115
972 509 189 62 426
973 971 10 409 244
974 820 336 280 42
975 971 332 7 249
976 411 506 529 506
977 242 599 242 303
978 860 251 165 365
979 745 189 420 854
980 367 82 115 812
981 171 48 245 339
982 137 3 239 13
983 113 318 176 656
984 333 5 177 905
985 376 393 390 320
986 470 455 245 443
987 116 151 427 431
988 411 243 236 238
989 329 87 290 107
990 3 195 859 366
991 859 269 105 283
992 992 992 129 362
993 408 587 234 158
994 6 411 987 339
995 712 995 712 4
996 12 13 550 106
997 24 34 26 32
998 65 294 526 232
999 145 434 158 166
1000 918 593 340 121
1001 826 990 3 281
1002 560 336 338 28
1003 258 90 220 128
1004 55 305 517 195
