0 498 64 62 141 451 487 452 451 141 362 114
1 155 31 37 370 135 133 600 450 600 458 83
2 481 898 481 411 193 57 532 107 362 486 410
3 208 812 886 366 84 107 281 4 586 63 184
4 194 587 587 832 193 412 412 803 859 269 300
5 496 560 84 113 26 165 256 356 896 828 615
6 337 338 900 40 251 338 31 107 83 458 142
7 502 332 720 699 924 209 118 651 301 690 400
8 499 503 61 872 232 498 608 246 141 573 573
9 466 5 327 10 564 114 184 747 249 602 358
10 173 518 188 420 244 615 163 106 473 25 27
11 573 856 166 529 141 529 374 502 44 83 203
12 573 525 332 836 523 829 523 387 390 378 103
13 550 747 106 5 581 101 185 800 185 618 662
14 339 75 437 75 427 31 121 83 450 515 381
15 121 261 29 35 38 34 434 363 256 425 129
16 263 318 370 339 32 23 337 245 426 232 241
17 363 422 615 714 494 24 5 496 506 107 371
18 258 365 513 271 323 533 430 430 430 14 482
19 12 661 549 299 190 87 304 13 170 145 404
20 306 373 163 333 76 318 82 5 419 14 86
21 303 269 448 971 179 231 129 495 254 152 364
22 20 253 434 172 121 411 900 183 351 364 169
23 337 136 251 136 338 27 25 36 165 115 142
24 494 68 287 549 326 183 28 486 129 19 9
25 301 18 218 225 311 309 17 333 517 6 128
26 339 336 27 370 423 892 438 27 38 258 402
27 560 607 695 147 644 140 428 274 216 69 108
28 183 152 115 18 696 17 147 233 932 107 506
29 21 777 554 482 165 121 31 254 355 212 431
30 86 459 759 459 490 295 576 533 404 162 181
31 438 96 329 254 147 160 263 263 897 263 897
32 165 160 284 280 426 275 479 275 440 320 397
33 282 248 311 282 230 333 423 527 547 113 176
34 28 424 17 282 69 409 47 339 339 32 116
35 40 160 163 87 227 377 872 314 301 321 385
36 160 778 569 430 543 817 813 403 537 170 38
37 28 82 422 333 21 41 482 423 48 442 35
38 24 151 23 33 27 151 96 135 93 789 419
39 28 278 168 829 523 14 203 167 206 62 859
40 37 590 299 287 80 137 371 87 87 81 434
41 14 312 228 450 212 86 820 974 94 342 343
42 434 612 492 212 163 212 121 828 892 314 301
43 406 11 700 441 12 823 452 570 707 525 232
44 649 649 121 99 98 125 768 124 51 206 793
45 15 405 601 141 12 161 161 81 911 222 227
46 812 285 138 252 304 54 59 610 250 296 167
47 116 171 370 171 339 10 325 260 89 455 171
48 66 477 478 652 333 153 58 654 32 590 533
49 49 612 311 260 336 96 5 6 544 544 133
50 87 333 128 215 589 107 280 170 164 748 164
51 486 286 174 56 698 809 58 81 357 81 564
52 595 52 781 52 719 719 379 384 363 115 318
53 232 206 86 415 414 479 275 511 346 181 176
54 738 211 924 612 84 121 263 171 171 263 925
55 63 46 3 208 137 815 137 809 208 3 859
56 949 481 56 738 63 57 305 210 513 518 83
57 243 158 243 412 285 168 28 81 189 188 80
58 587 209 16 424 196 776 917 196 86 484 83
59 408 305 286 738 685 81 105 607 560 329 42
60 280 294 425 426 183 29 121 249 405 367 280
61 181 103 0 120 101 125 935 936 706 14 526
62 390 397 232 413 93 82 544 212 411 460 490
63 363 154 107 820 203 199 199 918 197 373 121
64 549 118 607 249 371 81 549 855 86 627 189
65 562 129 544 107 736 333 211 434 283 131 64
66 64 201 203 284 511 651 597 651 950 260 260
67 108 69 434 367 473 498 51 133 544 107 481
68 667 747 667 81 300 121 533 460 74 282 217
69 81 713 81 952 540 121 462 463 463 463 462
70 288 549 69 69 509 667 42 5 437 5 242
71 84 254 285 301 189 627 549 1 128 62 306
72 311 297 13 440 149 149 490 256 10 256 28
73 309 85 310 314 74 74 764 377 177 60 394
74 219 314 222 16 190 420 63 486 280 168 493
75 135 31 612 211 290 128 36 28 254 233 107
76 48 443 48 417 176 576 232 320 321 810 222
77 84 419 405 268 19 823 700 499 500 504 409
78 531 78 548 816 40 38 31 151 165 363 371
79 51 371 419 81 478 478 176 450 133 5 141
80 866 96 437 438 251 417 367 531 438 141 473
81 114 280 53 465 519 465 707 9 266 0 316
82 269 64 42 166 48 75 135 339 338 367 655
83 96 119 76 263 171 172 285 809 211 114 62
84 113 950 73 309 133 168 484 13 514 66 560
85 221 745 74 64 820 445 419 68 62 188 82
86 100 185 533 194 4 6 528 6 458 168 172
87 105 223 220 113 338 160 127 82 550 44 12
88 89 845 305 949 481 286 410 486 725 96 261
89 437 251 172 214 21 489 305 494 169 105 82
90 66 64 665 665 55 107 531 437 115 116 513
91 989 91 356 375 21 189 1 726 17 424 21
92 100 429 592 322 929 140 64 142 160 345 681
93 166 641 641 1 616 459 21 5 5 303 105
94 908 917 51 498 11 421 466 555 44 699 359
95 206 51 232 178 629 178 537 21 137 665 685
96 847 333 165 531 133 42 133 5 207 191 149
97 708 86 2 599 208 63 921 58 234 963 121
98 101 300 255 471 421 504 506 856 560 21 495
99 424 337 170 417 795 417 76 75 36 170 419
100 262 62 109 51 197 65 457 86 196 203 204
101 768 125 98 708 371 82 474 41 143 820 908
102 6 89 56 2 546 77 531 186 531 114 28
103 232 294 457 523 457 523 601 252 481 586 462
104 150 388 128 211 552 532 63 815 57 126 300
105 190 509 480 166 160 877 533 171 655 167 172
106 546 145 87 128 667 187 418 13 280 168 494
107 544 568 544 494 529 141 510 8 499 505 62
108 301 356 183 424 758 366 747 509 160 736 736
109 366 445 79 165 258 112 108 420 184 314 405
110 478 107 495 227 74 950 474 329 258 66 146
111 474 366 18 317 310 74 224 365 183 95 122
112 896 404 301 857 301 249 215 511 275 168 121
113 168 346 13 423 48 84 485 48 485 442 333
114 220 377 86 81 952 28 27 258 328 328 478
115 245 301 262 402 262 301 298 287 494 714 65
116 338 35 588 25 654 50 433 121 419 82 180
117 491 453 115 62 86 7 11 159 238 238 89
118 756 311 373 282 559 559 166 347 157 16 46
119 753 860 336 133 581 21 129 105 236 160 82
120 133 547 361 171 165 914 113 981 361 62 367
121 345 352 13 785 545 473 166 144 144 166 21
122 397 53 380 103 123 337 338 37 588 169 455
123 123 165 490 107 216 15 125 371 405 129 813
124 429 45 892 423 976 48 560 66 96 64 96
125 640 185 353 354 185 354 124 107 162 295 82
126 723 777 971 695 491 390 60 380 157 16 771
127 613 756 390 60 379 157 278 106 303 896 28
128 303 564 340 121 424 527 64 103 741 741 150
129 434 154 17 405 44 63 832 57 610 56 209
130 65 483 340 934 268 106 462 411 84 558 569
131 281 2 57 809 552 412 195 160 726 1 155
132 166 242 243 80 375 474 115 23 417 96 411
133 60 275 840 526 403 813 129 282 196 128 15
134 133 581 21 327 249 286 2 481 59 303 114
135 13 461 428 139 139 160 139 129 576 482 318
136 133 445 133 402 148 179 284 160 367 81 663
137 283 16 337 115 494 601 177 459 717 106 105
138 685 305 949 305 58 283 157 347 347 149 179
139 581 204 918 207 167 483 214 128 205 917 196
140 335 45 139 429 461 272 446 45 404 83 727
141 494 121 489 434 367 106 282 586 86 81 329
142 121 83 856 62 447 164 2 832 192 411 481
143 86 55 57 252 121 15 162 389 537 61 519
144 144 433 364 433 186 256 160 78 79 420 282
145 591 107 113 547 455 470 261 470 494 494 169
146 187 160 25 27 27 883 32 338 113 976 114
147 435 65 14 65 200 918 494 515 813 543 16
148 224 64 170 183 155 236 932 490 546 856 362
149 621 284 130 277 377 95 450 64 249 161 7
150 388 394 61 52 814 58 859 195 195 4 360
151 39 29 183 357 68 663 474 256 105 121 767
152 340 766 134 521 615 828 160 143 413 168 160
153 366 84 112 258 111 375 62 377 120 758 288
154 412 256 340 10 340 553 521 553 521 295 386
155 495 211 5 611 166 115 333 107 16 543 65
156 320 333 58 115 170 251 971 391 157 398 377
157 377 390 60 167 277 296 288 295 396 377 179
158 82 540 509 958 962 325 549 356 301 180 468
159 160 108 478 110 474 950 249 932 269 160 148
160 736 107 107 184 129 232 133 25 38 47 13
161 107 141 51 740 252 859 252 210 88 121 183
162 160 389 296 83 180 342 851 681 352 160 736
163 641 371 518 256 115 546 233 828 300 367 155
164 281 105 450 5 833 5 302 123 681 133 291
165 339 337 115 256 542 183 271 513 268 459 549
166 124 404 618 618 618 97 662 107 46 283 0
167 340 438 405 333 282 932 249 327 82 546 154
168 133 60 95 206 107 269 429 6 211 532 54
169 828 356 671 411 400 560 362 293 293 525 421
170 136 133 64 375 356 612 42 343 342 231 575
171 417 96 21 560 142 333 165 883 339 261 333
172 434 433 364 212 253 142 58 832 412 3 408
173 87 404 366 63 44 246 608 7 407 249 434
174 379 80 112 258 564 686 263 256 290 210 169
175 58 2 158 405 480 480 69 69 287 184 5
176 440 450 420 118 121 63 13 461 533 321 250
177 214 107 106 255 83 372 107 601 180 349 64
178 61 434 199 42 459 537 380 177 232 133 39
179 133 547 165 135 23 86 263 338 142 166 493
180 493 458 377 60 219 218 314 256 87 106 242
181 394 157 350 861 350 94 351 250 394 160 242
182 869 397 157 178 656 122 342 393 17 366 282
183 956 913 950 387 394 385 385 395 390 459 316
184 434 474 249 431 756 215 262 191 121 963 242
185 800 549 508 582 418 6 562 6 517 192 807
186 83 506 529 213 503 499 506 9 661 700 499
187 160 161 363 115 152 333 627 513 21 92 336
188 473 412 826 194 59 63 820 801 41 751 6
189 69 189 695 424 318 256 366 248 330 860 336
190 16 68 300 2 738 5 82 740 51 409 151
191 851 681 352 41 180 950 131 211 129 623 813
192 807 211 82 173 340 491 340 934 549 694 493
193 408 286 126 173 155 337 115 163 643 217 654
194 238 587 4 612 131 271 366 440 608 566 7
195 859 612 612 162 252 209 365 224 560 40 443
196 218 459 253 106 424 82 158 132 252 162 15
197 197 172 464 820 420 143 328 108 971 114 333
198 198 387 380 178 352 345 350 377 494 576 494
199 399 526 542 458 121 543 458 542 183 63 63
200 562 6 134 535 134 598 86 584 272 252 494
201 200 178 191 824 191 601 177 479 479 381 342
202 41 160 610 694 255 284 621 278 21 146 533
203 231 645 231 203 204 283 104 390 756 613 127
204 65 358 44 401 249 434 424 16 375 91 112
205 79 133 568 129 106 90 425 714 615 518 552
206 205 908 820 280 130 127 184 184 536 259 248
207 160 171 423 301 294 457 533 800 549 296 42
208 812 160 397 53 199 850 199 196 231 526 199
209 303 121 425 493 562 65 13 211 611 493 543
210 209 285 132 807 132 807 211 142 212 546 121
211 365 405 3 601 405 411 84 494 417 76 139
212 83 513 372 82 86 163 142 106 582 84 780
213 608 441 529 529 488 421 249 286 57 131 57
214 343 160 201 473 3 102 102 3 174 3 114
215 128 152 70 233 254 651 950 707 265 525 213
216 107 828 300 45 140 617 269 211 103 377 350
217 132 434 64 440 818 533 546 103 321 388 104
218 513 87 552 252 154 393 381 61 377 166 601
219 181 155 101 233 145 86 450 186 363 495 673
220 434 81 107 142 597 695 183 353 434 115 474
221 316 726 612 747 249 18 201 62 548 115 443
222 695 491 490 254 458 600 129 166 641 669 783
223 282 196 41 206 346 291 14 196 218 549 747
224 1 549 215 297 260 21 10 306 86 546 115
225 218 366 229 229 513 355 256 87 41 107 236
226 434 64 232 121 308 74 17 177 94 955 205
227 222 86 85 218 872 707 9 500 332 44 503
228 301 214 215 296 182 308 581 41 115 18 219
229 177 734 351 352 13 114 106 210 365 137 194
230 366 285 168 493 546 404 217 612 856 833 62
231 232 167 13 168 203 280 574 401 705 425 457
232 177 562 425 289 401 257 278 343 820 932 812
233 107 98 13 748 151 96 209 543 291 450 168
234 269 140 819 139 139 282 140 301 444 464 450
235 319 209 5 337 883 339 437 261 655 655 114
236 243 105 856 466 893 971 699 529 494 84 727
237 162 186 129 802 129 93 820 615 152 254 433
238 209 107 183 285 137 62 453 255 215 23 427
239 145 404 434 46 932 211 949 252 235 252 114
240 209 234 235 159 301 211 290 206 167 182 61
241 237 587 3 286 6 285 562 714 129 563 14
242 233 637 234 244 963 142 404 62 242 236 87
243 233 212 296 283 492 152 355 82 856 430 411
244 233 83 145 303 356 107 172 346 820 87 50
245 121 367 36 218 82 345 278 191 511 511 118
246 499 699 506 502 358 505 332 499 912 526 167
247 525 699 913 213 498 967 913 922 956 430 486
248 696 222 255 87 189 663 508 69 311 225 756
249 163 115 337 115 169 914 860 914 135 135 40
250 387 118 651 2 489 365 44 501 499 529 496
251 23 494 310 86 14 167 149 655 183 3 473
252 84 250 250 150 301 118 118 117 86 366 305
253 315 495 214 345 152 548 278 351 371 490 405
254 81 105 282 16 748 405 300 662 185 125 768
255 314 314 340 16 46 82 280 277 971 324 666
256 345 346 129 142 41 820 42 756 225 459 589
257 377 577 578 577 757 577 283 46 45 932 210
258 454 160 78 548 116 531 82 219 172 403 172
259 74 314 226 225 756 42 280 572 593 955 197
260 69 107 702 107 932 310 1 459 90 478 84
261 116 339 818 259 537 307 18 280 167 207 820
262 191 5 763 5 833 44 856 555 324 65 525
263 423 527 263 925 47 41 434 458 515 232 608
264 440 215 411 303 209 236 162 287 299 146 779
265 957 141 754 266 555 266 265 466 971 400 96
266 608 566 573 856 12 166 146 166 21 28 82
267 661 252 408 252 4 698 126 408 2 64 349
268 934 340 169 136 337 82 132 258 356 290 13
269 546 536 473 141 498 573 7 608 11 5 511
270 84 835 84 235 252 89 809 698 208 63 880
271 4 3 990 812 58 162 195 832 160 495 107
272 612 115 113 301 597 107 17 314 312 255 114
273 269 121 367 121 282 217 404 152 115 820 486
274 405 212 115 914 105 546 493 568 130 692 130
275 542 129 162 612 963 615 142 353 404 62 295
276 168 413 450 86 425 874 425 526 515 494 58
277 280 204 205 199 207 95 6 237 587 832 586
278 278 292 543 430 565 754 804 266 266 533 422
279 82 747 282 31 254 174 305 990 1001 2 587
280 231 157 394 160 147 105 495 748 377 316 268
281 13 352 350 191 344 180 493 562 493 84 393
282 106 163 121 329 671 329 258 183 562 562 714
283 389 390 157 397 368 320 734 128 53 129 211
284 133 27 722 28 533 335 592 617 448 421 525
285 172 60 381 686 381 160 142 141 500 569 451
286 126 408 126 57 195 208 211 654 66 67 74
287 69 190 86 236 86 563 86 172 214 129 186
288 233 235 252 305 489 64 375 230 20 62 187
289 401 172 493 133 256 3 62 28 303 263 897
290 79 107 550 249 856 833 5 102 300 12 666
291 168 419 45 419 497 562 493 585 813 403 14
292 280 340 848 340 129 308 183 258 87 546 23
293 44 765 720 7 266 555 7 510 12 681 82
294 377 147 212 121 242 106 400 96 96 470 470
295 162 404 58 422 7 11 400 96 610 89 434
296 385 387 523 706 585 168 206 86 152 62 531
297 316 1 560 142 191 907 342 191 148 402 258
298 246 421 856 212 509 540 86 218 95 214 172
299 546 282 597 597 932 296 392 60 321 440 176
300 62 371 768 323 160 197 196 204 201 160 550
301 856 358 466 141 430 4 283 129 419 495 526
302 88 142 115 513 226 317 312 221 403 172 14
303 169 308 2 651 434 105 80 460 434 314 106
304 369 96 655 37 36 183 355 424 230 283 376
305 55 1004 55 86 114 116 96 339 165 36 128
306 21 169 914 251 361 444 485 444 263 564 174
307 310 365 210 249 28 270 493 41 197 160 21
308 166 243 83 152 132 552 211 89 260 173 462
309 73 950 181 377 204 201 205 86 92 457 523
310 365 7 537 21 371 640 98 768 353 404 601
311 420 188 160 91 91 89 91 89 5 42 329
312 74 331 295 560 48 40 953 590 165 171 93
313 268 313 223 624 409 108 64 128 41 460 57
314 226 221 313 17 314 166 506 249 329 560 313
315 695 491 170 249 172 121 93 14 440 498 92
316 297 218 95 61 376 397 379 164 735 269 105
317 310 222 495 169 42 143 258 417 160 47 333
318 615 820 269 274 448 424 15 164 139 446 428
319 236 242 159 926 237 963 87 820 171 981 976
320 380 61 265 9 754 293 856 141 204 820 15
321 397 64 93 51 557 256 278 13 576 232 167
322 139 420 318 925 417 113 107 84 598 340 612
323 100 142 153 493 41 206 128 365 489 419 64
324 558 529 506 430 360 451 365 209 5 209 365
325 143 95 181 133 79 601 58 58 698 685 57
326 549 68 420 269 474 409 27 409 448 216 273
327 173 533 29 31 142 211 15 274 340 331 358
328 459 86 822 86 81 306 550 480 62 233 210
329 254 462 249 64 164 139 581 204 218 513 627
330 223 758 283 125 283 271 210 166 331 225 1
331 177 479 479 414 449 414 697 645 191 681 284
332 498 602 700 699 332 720 332 487 213 8 430
333 253 75 372 366 63 175 63 233 209 301 169
334 592 274 139 216 269 333 263 151 263 16 495
335 274 334 446 164 388 60 296 283 372 373 82
336 251 123 251 115 166 282 856 19 107 207 198
337 169 455 302 57 174 174 212 269 62 508 509
338 263 96 442 443 251 40 75 84 441 699 141
339 438 169 21 642 106 424 240 242 210 142 45
340 811 79 78 340 531 366 254 165 256 338 339
341 297 248 459 295 182 499 241 159 235 5 269
342 60 397 232 61 368 379 61 483 41 546 226
343 350 350 572 563 290 356 69 80 184 678 747
344 178 381 180 129 114 87 173 777 173 326 155
345 156 697 414 443 226 256 280 115 113 23 249
346 157 64 244 233 494 113 165 116 280 183 531
347 612 82 20 271 285 812 215 311 297 215 495
348 349 6 738 59 195 520 13 785 13 685 6
349 122 349 349 907 191 903 262 62 106 372 283
350 822 350 572 533 17 173 166 405 695 164 748
351 575 351 129 21 212 172 231 292 231 342 343
352 851 352 206 6 290 13 209 243 241 232 918
353 106 489 132 738 55 63 208 698 2 826 63
354 125 62 419 172 172 342 13 685 481 285 304
355 170 979 745 282 74 73 316 377 182 182 869
356 108 155 31 338 183 108 111 478 375 16 222
357 486 6 517 6 59 481 586 481 281 164 748
358 525 967 504 421 409 497 811 497 531 142 493
359 529 720 9 529 421 332 407 498 501 176 238
360 570 19 264 823 452 421 249 932 68 329 81
361 135 336 883 339 464 611 183 137 877 549 779
362 441 254 531 340 165 590 443 414 916 414 370
363 174 166 424 106 230 424 20 80 474 66 469
364 169 35 27 151 370 725 114 464 93 515 270
365 401 148 344 656 344 656 149 381 150 179 741
366 317 74 438 82 544 6 438 562 457 86 206
367 169 136 115 367 16 489 157 398 157 368 1
368 112 91 478 176 232 113 925 981 423 426 160
369 89 919 976 547 976 114 365 82 137 685 698
370 116 133 377 207 917 820 169 30 129 623 313
371 99 101 99 101 125 283 187 82 211 55 57
372 134 173 728 92 530 533 242 926 243 84 83
373 131 373 243 236 363 129 142 393 249 7 913
374 358 232 499 505 502 301 511 215 220 128 329
375 91 66 329 255 694 290 572 936 572 280 294
376 390 379 384 105 914 165 23 301 244 460 167
377 546 23 62 405 601 494 23 820 183 417 23
378 60 320 61 396 295 172 333 58 54 174 971
379 64 65 910 65 870 401 257 450 176 576 232
380 60 389 252 46 3 832 195 174 395 395 424
381 344 656 377 277 206 1000 166 950 80 866 80
382 295 393 104 368 440 65 177 331 44 765 498
383 383 157 537 366 169 249 203 95 205 593 377
384 387 380 379 390 397 295 560 321 387 394 53
385 82 143 326 409 800 615 84 318 981 455 375
386 377 61 483 41 107 58 422 129 46 139 447
387 118 420 116 339 171 171 261 455 914 135 170
388 181 351 329 66 984 333 47 96 66 90 477
389 376 388 128 82 218 226 128 3 412 286 129
390 409 69 311 222 249 441 11 566 700 499 19
391 157 394 387 118 117 118 495 1 199 593 320
392 61 321 162 492 107 100 51 124 838 124 82
393 643 48 263 96 96 169 113 434 303 281 286
394 379 377 395 295 471 810 301 189 533 25 37
395 182 385 395 121 353 99 100 354 100 86 68
396 390 368 150 148 160 327 5 980 261 470 116
397 537 473 422 154 269 152 183 329 211 215 314
398 157 149 349 191 682 511 342 181 6 149 347
399 84 432 71 433 84 393 368 392 376 390 395
400 306 173 892 491 170 229 114 767 473 63 194
401 107 131 419 468 160 283 211 126 285 698 59
402 349 6 181 166 19 142 191 64 515 129 28
403 537 221 116 171 23 38 38 579 335 45 272
404 83 615 963 963 404 532 57 174 854 82 27
405 187 667 465 61 166 177 13 239 158 105 77
406 504 856 506 247 707 809 174 286 63 865 305
407 7 510 8 452 43 502 529 11 400 309 74
408 63 55 552 6 194 411 375 756 268 212 549
409 316 560 20 74 756 597 282 641 333 547 339
410 160 79 47 13 624 491 340 612 42 212 459
411 89 845 89 333 133 170 438 87 490 82 963
412 154 333 281 252 83 450 440 159 234 283 125
413 450 64 417 725 245 424 318 424 316 73 950
414 370 339 245 82 170 82 279 279 82 4 59
415 414 414 645 697 414 916 414 605 414 414 916
416 971 251 62 591 145 271 333 984 153 152 440
417 165 333 302 285 166 742 166 218 249 166 82
418 62 453 453 62 201 533 362 666 11 141 754
419 932 820 546 17 282 356 142 151 165 420 283
420 408 552 949 305 412 285 921 63 586 126 635
421 333 531 133 426 232 65 199 51 13 167 290
422 166 250 295 283 107 726 189 667 189 508 105
423 455 47 245 329 480 106 314 82 356 290 936
424 478 486 280 909 280 706 373 508 69 710 710
425 285 89 91 989 91 91 474 66 252 58 96
426 245 121 166 422 615 453 607 393 607 87 243
427 431 71 433 83 141 754 9 510 494 197 955
428 216 448 273 164 13 730 13 156 321 301 420
429 273 15 335 447 676 447 272 334 46 405 290
430 107 69 679 482 78 310 74 340 142 610 459
431 70 186 162 190 409 504 494 366 78 93 171
432 217 643 162 532 54 803 58 154 954 87 107
433 364 363 365 62 188 473 211 928 211 101 354
434 290 86 197 41 41 129 489 13 170 31 36
435 127 259 327 486 51 232 840 285 411 123 180
436 437 116 340 303 371 249 221 549 82 50 87
437 135 96 847 925 47 165 123 338 48 455 116
438 25 23 17 308 376 393 376 122 150 104 179
439 338 411 261 170 860 115 249 203 294 291 294
440 241 240 242 160 730 730 301 311 218 120 133
441 700 12 44 805 487 496 421 473 333 404 269
442 48 847 464 340 114 424 509 952 69 80 121
443 366 174 140 301 621 277 180 82 393 396 61
444 547 133 232 840 526 526 440 493 153 984 153
445 340 371 208 599 208 564 304 13 238 2 283
446 301 311 188 170 371 208 249 661 661 440 493
447 46 446 166 28 590 24 169 229 23 113 51
448 269 932 702 932 856 820 256 460 427 165 226
449 414 605 851 851 191 160 882 166 799 447 140
450 214 128 734 157 231 440 562 177 221 647 434
451 466 160 361 339 339 27 883 116 329 469 411
452 8 452 700 12 420 82 106 211 209 977 977
453 115 473 403 129 81 4 665 685 193 252 195
454 84 544 133 143 375 211 169 4 283 296 351
455 89 56 126 586 83 82 236 83 243 211 210
456 405 601 233 233 210 638 564 158 564 638 300
457 399 168 285 303 137 272 448 933 447 676 322
458 142 589 215 81 877 28 37 37 151 23 32
459 362 666 823 15 128 409 338 113 86 90 469
460 490 295 450 107 355 249 859 303 411 646 646
461 322 334 272 186 256 356 106 221 434 572 282
462 701 462 701 462 173 892 405 642 405 365 129
463 463 463 462 586 59 738 281 990 826 194 238
464 82 357 486 356 112 356 671 551 549 80 80
465 53 182 380 103 342 376 376 387 390 396 157
466 555 7 246 649 44 401 562 200 200 196 200
467 84 431 160 145 422 115 113 51 85 307 301
468 180 932 153 434 211 285 586 481 421 488 498
469 91 474 153 984 153 984 153 474 80 340 553
470 655 183 531 405 116 411 981 333 253 282 401
471 256 187 87 208 87 249 420 167 60 376 388
472 355 63 138 4 82 172 13 168 14 434 30
473 3 886 59 195 2 286 56 160 963 473 355
474 269 142 418 189 540 189 146 147 212 162 84
475 375 860 336 337 339 47 168 515 94 206 168
476 13 375 282 16 263 29 301 93 399 183 318
477 69 710 896 160 128 371 641 946 641 166 820
478 469 478 84 664 486 168 291 14 128 196 14
479 381 377 741 103 395 157 343 191 231 343 191
480 160 262 122 342 13 409 177 377 207 13 25
481 286 880 685 285 571 6 137 420 60 104 160
482 74 225 1 316 221 1 142 597 596 218 220
483 178 380 539 380 103 296 60 182 181 628 394
484 290 531 249 165 251 169 30 590 86 283 559
485 113 84 338 37 667 128 430 365 211 254 355
486 329 13 481 55 1004 55 412 434 165 333 230
487 922 79 205 198 5 327 249 602 496 213 602
488 466 7 498 500 506 529 452 359 466 525 466
489 64 644 489 300 42 329 82 188 311 218 696
490 42 756 142 812 3 520 57 949 305 809 57
491 624 651 427 151 417 160 529 374 529 160 183
492 615 393 145 271 56 305 13 590 32 93 95
493 572 350 320 160 591 419 554 521 766 766 134
494 68 418 509 678 678 627 971 695 228 253 932
495 160 56 174 208 434 856 452 19 504 499 86
496 459 661 823 19 166 127 1 221 480 160 106
497 13 244 64 430 86 184 166 132 87 131 62
498 62 262 191 681 86 256 492 115 533 86 165
499 241 242 159 58 803 859 408 489 932 474 115
500 466 510 7 374 499 503 44 81 81 169 46
501 499 182 250 387 384 181 346 168 83 107 489
502 332 608 406 506 499 699 506 249 950 249 41
503 358 407 504 529 506 409 555 44 699 700 602
504 494 690 86 681 191 262 903 907 180 493 526
505 374 374 7 246 213 956 700 213 503 265 359
506 500 502 9 506 211 16 783 420 641 541 150
507 85 18 201 94 351 129 107 837 107 474 256
508 189 17 23 261 443 442 114 21 486 664 166
509 424 290 231 122 411 263 168 285 586 832 160
510 264 65 94 128 908 206 515 381 181 385 393
511 949 305 420 81 367 24 37 721 721 30 133
512 512 160 143 121 249 105 569 566 7 529 362
513 93 301 157 380 391 295 210 245 171 23 25
514 328 459 362 488 141 498 7 8 265 498 459
515 13 84 13 26 251 437 26 171 847 263 318
516 102 97 102 98 768 185 371 300 114 171 113
517 5 163 86 627 667 533 458 142 576 212 121
518 577 363 518 422 163 377 174 408 126 131 411
519 315 695 316 223 83 107 544 121 187 82 438
520 832 63 4 58 814 344 377 782 82 169 113
521 554 777 69 420 326 306 327 20 462 430 7
522 523 601 141 466 494 371 98 768 97 185 97
523 543 168 600 133 136 820 206 793 316 0 74
524 72 20 20 520 305 483 345 160 147 254 493
525 213 602 11 128 183 822 822 183 291 542 129
526 413 493 543 543 129 346 291 168 231 621 278
527 976 318 107 290 165 64 549 184 105 159 434
528 271 283 367 361 31 38 547 165 30 160 404
529 359 267 466 720 525 266 246 856 265 161 160
530 249 462 173 301 314 309 341 218 219 309 400
531 365 371 256 314 418 409 28 30 136 361 443
532 54 411 516 333 434 859 546 723 126 55 131
533 188 145 249 569 570 569 161 351 734 211 355
534 450 420 222 607 42 209 96 4 13 129 789
535 777 69 958 509 546 453 62 15 353 937 353
536 287 549 799 166 55 305 517 6 562 562 200
537 61 19 422 473 166 492 518 223 142 269 269
538 733 420 21 105 80 460 419 371 249 83 365
539 160 200 65 998 65 714 813 168 523 64 80
540 184 127 121 115 422 427 40 113 263 290 434
541 533 393 150 155 157 681 681 5 192 517 6
542 172 450 568 81 685 208 126 300 169 336 820
543 280 87 353 249 602 569 44 546 212 70 152
544 450 813 403 537 368 52 314 225 215 218 120
545 40 75 135 160 381 344 377 1 128 28 588
546 103 392 296 87 253 227 254 81 710 418 509
547 48 113 23 151 35 409 417 96 259 92 326
548 405 642 21 364 212 212 405 796 353 353 323
549 190 366 187 405 44 699 11 183 820 283 212
550 19 44 765 86 65 366 107 36 127 613 537
551 160 234 283 559 160 45 210 926 927 242 927
552 208 137 82 681 278 121 531 914 753 261 24
553 482 165 119 84 288 212 364 152 615 121 168
554 554 419 81 363 63 56 303 362 19 362 303
555 720 441 213 141 141 951 666 362 301 810 321
556 330 248 549 362 459 537 526 813 836 836 523
557 5 47 444 847 423 5 177 231 347 612 42
558 569 249 106 160 136 464 444 114 81 184 253
559 559 518 83 252 271 2 2 211 88 142 453
560 321 368 14 53 312 222 467 81 184 969 509
561 462 212 83 107 222 81 473 362 81 28 438
562 177 18 107 506 466 500 44 502 529 720 498
563 86 36 25 40 590 13 302 115 171 847 847
564 303 544 62 99 125 97 708 599 3 6 430
565 674 565 9 466 971 430 672 8 265 264 9
566 573 166 160 223 495 377 450 212 253 83 579
567 290 256 223 468 122 377 312 494 918 917 918
568 568 450 256 542 275 440 438 655 513 19 823
569 778 549 19 420 338 116 121 345 180 87 253
570 971 47 455 64 644 950 55 194 803 194 859
571 2 612 83 615 828 896 287 160 430 501 499
572 282 494 438 588 494 509 713 509 972 913 7
573 19 533 266 266 498 44 672 249 505 525 44
574 401 870 401 133 346 160 375 469 469 329 480
575 232 292 129 162 15 183 215 82 77 333 423
576 543 494 169 115 338 455 339 79 445 340 226
577 757 367 375 577 142 46 434 81 710 971 505
578 577 375 143 86 47 113 417 258 112 896 116
579 579 579 15 424 527 547 171 847 38 592 15
580 580 580 580 580 580 580 580 580 580 580 580
581 445 64 131 373 239 3 236 303 114 82 41
582 533 171 444 438 338 437 136 115 58 211 62
583 521 482 679 189 786 189 726 212 367 183 365
584 86 932 44 63 41 14 18 852 851 180 493
585 706 124 371 87 326 160 526 403 493 249 80
586 2 286 305 408 408 5 440 149 377 284 231
587 194 132 16 222 696 222 249 84 127 184 184
588 29 554 554 340 474 107 704 704 704 704 107
589 424 255 434 550 106 531 811 62 21 74 62
590 33 39 133 361 47 14 390 387 250 394 537
591 160 189 69 409 169 336 251 32 27 997 27
592 164 13 483 172 342 345 82 96 56 56 126
593 51 64 840 275 413 200 176 656 262 179 122
594 283 44 7 833 7 86 55 949 511 651 546
595 52 786 407 266 9 506 462 249 460 549 778
596 301 63 252 238 236 240 233 366 183 113 981
597 695 316 495 83 586 738 281 131 419 221 493
598 482 289 401 183 118 597 142 560 856 546 272
599 481 138 59 619 59 137 121 326 306 256 14
600 133 362 506 496 498 452 487 466 266 407 566
601 105 366 74 745 189 941 189 679 375 169 93
602 525 44 28 82 222 81 128 209 319 160 441
603 414 443 442 444 547 370 116 27 23 62 627
604 57 3 193 193 63 252 338 84 272 448 424
605 846 846 605 797 342 280 494 450 14 232 358
606 495 278 345 179 345 483 113 129 526 296 254
607 434 612 58 803 252 283 106 340 114 160 401
608 440 159 242 236 252 854 174 195 305 64 197
609 30 44 424 641 166 242 927 242 599 211 281
610 255 405 10 11 240 211 355 137 305 408 462
611 292 484 143 160 194 412 820 615 422 19 707
612 217 612 217 288 654 211 54 2 285 89 271
613 747 366 226 121 255 1 225 309 495 638 210
614 756 42 495 203 776 917 196 280 464 455 444
615 21 96 54 807 132 258 91 108 476 329 365
616 320 320 157 376 203 280 142 404 640 98 100
617 272 271 54 166 83 83 579 13 515 64 91
618 618 100 96 58 62 457 285 138 880 859 252
619 89 63 408 587 194 300 114 434 290 405 121
620 86 274 45 142 132 121 163 86 170 914 914
621 425 562 65 160 190 42 86 206 6 346 352
622 238 242 132 949 809 54 55 4 57 411 261
623 129 377 394 389 387 321 392 377 128 367 93
624 301 356 480 601 3 210 810 210 249 147 154
625 63 249 353 687 282 641 163 20 86 328 108
626 87 210 210 128 44 501 500 504 407 786 407
627 184 373 83 118 279 118 209 371 124 51 261
628 389 295 320 350 94 198 689 198 168 121 548
629 177 232 413 426 290 167 340 218 133 362 121
630 303 363 154 363 249 430 486 820 342 851 157
631 159 89 919 263 925 925 443 84 112 7 537
632 397 232 820 129 14 593 206 197 955 820 327
633 633 633 633 633 633 633 633 633 633 633 633
634 634 634 634 634 634 634 635 520 305 683 131
635 812 282 255 121 187 546 269 16 448 216 509
636 211 807 132 121 78 420 114 210 211 16 153
637 637 234 654 154 87 255 215 340 310 494 494
638 338 485 170 256 338 252 107 355 424 290 121
639 234 58 411 4 360 971 332 699 529 488 362
640 640 371 160 142 1 224 256 489 13 327 416
641 946 641 371 490 546 58 698 698 271 152 71
642 473 667 387 42 215 53 486 29 26 25 38
643 162 747 513 509 958 509 549 747 549 800 615
644 6 685 138 698 698 58 105 493 166 221 485
645 231 434 243 211 16 642 932 163 20 480 356
646 211 303 329 480 23 590 409 418 13 290 283
647 154 963 241 232 576 329 424 738 498 360 359
648 648 648 648 648 648 648 648 648 648 648 648
649 452 830 452 466 451 487 452 498 573 19 661
650 215 377 380 539 78 114 981 113 417 409 357
651 950 131 126 405 375 514 478 514 13 333 518
652 329 190 296 378 387 395 160 474 513 642 106
653 653 653 653 653 653 653 653 653 653 653 653
654 404 115 366 404 937 937 937 937 640 404 532
655 37 37 23 116 93 361 47 971 361 13 375
656 176 231 172 249 607 106 373 283 60 275 789
657 269 87 372 86 936 232 18 218 0 5 21
658 658 658 658 658 658 658 658 658 658 658 658
659 377 764 74 222 537 232 275 450 450 464 35
660 660 660 660 660 660 660 660 660 660 660 660
661 707 566 823 8 9 19 452 360 495 283 186
662 107 453 170 914 28 409 428 429 273 269 579
663 68 550 508 80 480 508 679 80 287 418 69
664 65 176 515 14 290 892 340 96 325 549 248
665 142 375 476 474 68 366 443 47 370 245 183
666 666 166 86 106 280 515 458 83 405 278 130
667 187 106 187 87 546 256 338 170 165 64 269
668 157 174 286 58 59 865 56 880 174 210 963
669 615 820 346 820 133 361 116 405 4 170 490
670 670 670 670 670 670 670 670 670 670 670 670
671 411 211 375 860 914 28 26 170 136 115 453
672 430 569 358 498 765 525 7 420 666 161 661
673 673 495 228 172 413 168 900 115 18 115 486
674 661 19 9 44 501 504 502 359 359 529 502
675 675 675 675 675 675 675 675 675 675 675 675
676 447 140 166 882 166 529 141 573 498 922 53
677 199 199 105 154 105 106 690 282 80 160 281
678 92 65 874 401 172 457 238 930 238 234 494
679 508 62 292 167 149 440 152 340 922 908 593
680 380 177 218 120 120 101 97 5 374 466 804
681 180 289 425 664 166 23 590 470 427 546 377
682 511 511 420 367 106 747 86 421 434 647 647
683 683 211 611 270 278 183 353 142 4 424 748
684 684 684 684 684 684 684 684 684 684 684 684
685 647 221 218 872 218 196 143 758 283 132 301
686 22 127 227 405 329 28 339 96 361 25 23
687 100 97 100 99 98 618 98 768 708 353 640
688 543 168 822 936 706 290 107 704 704 107 70
689 543 424 174 284 232 804 11 7 608 406 498
690 215 377 104 157 489 929 335 447 273 140 83
691 691 691 691 691 691 691 691 691 691 691 691
692 130 568 81 225 460 244 963 209 286 520 13
693 82 263 444 263 455 375 28 28 420 53 65
694 290 231 730 62 128 405 145 144 283 16 210
695 183 21 400 92 80 282 577 249 589 365 187
696 218 314 295 215 218 219 121 210 209 211 128
697 5 323 101 323 185 404 166 644 950 292 543
698 738 5 455 442 114 208 126 698 58 963 58
699 141 266 498 856 141 913 183 89 215 366 445
700 913 956 933 45 300 118 51 306 10 728 260
701 462 5 57 286 329 20 887 887 887 20 282
702 107 165 256 489 473 408 408 880 137 114 655
703 703 703 703 703 703 703 703 703 703 703 703
704 704 704 704 107 371 828 87 166 194 208 329
705 450 329 576 128 15 448 274 140 46 446 334
706 836 332 9 8 7 499 241 159 159 236 162
707 570 452 452 213 407 505 407 498 602 529 9
708 748 62 365 672 160 2 886 3 323 323 64
709 353 828 434 64 51 118 21 128 143 329 638
710 189 20 173 325 400 96 285 411 193 408 859
711 711 711 711 711 711 711 711 711 711 711 711
712 4 131 963 209 62 99 100 662 62 245 442
713 69 10 327 105 282 586 285 562 493 457 440
714 183 21 10 89 405 143 405 28 151 82 420
715 69 329 405 892 300 329 306 86 765 430 672
716 5 237 234 166 17 219 74 419 365 223 459
717 717 788 788 788 788 788 788 717 295 103 14
718 5 312 232 277 231 820 443 245 113 950 427
719 841 869 376 385 103 378 128 5 57 131 160
720 856 87 300 108 971 412 87 115 474 409 40
721 27 36 333 531 811 79 290 143 328 460 533
722 28 51 93 133 482 497 419 133 172 483 113
723 126 411 6 102 405 518 83 536 473 447 461
724 338 32 473 483 556 113 556 531 173 535 13
725 96 408 252 236 3 57 56 921 63 586 2
726 152 440 366 310 272 21 533 4 845 412 54
727 84 134 173 513 474 420 249 218 300 355 329
728 535 777 723 825 306 509 259 327 326 107 35
729 141 246 649 84 715 69 678 92 326 533 249
730 231 385 182 385 160 116 169 816 96 151 251
731 731 731 731 731 731 731 731 731 731 731 731
732 732 732 732 732 732 732 732 732 732 732 732
733 728 733 825 306 306 215 314 892 160 690 671
734 280 228 172 420 367 367 155 114 63 254 367
735 461 13 579 929 334 933 929 322 429 933 139
736 160 207 116 860 338 914 987 339 39 409 51
737 737 271 63 518 163 249 252 305 243 613 756
738 208 408 252 5 309 85 820 197 196 971 729
739 12 823 856 293 754 62 582 533 65 818 259
740 51 118 300 121 792 121 23 301 108 64 549
741 250 104 60 232 1000 14 430 249 183 236 319
742 742 742 742 166 132 234 639 638 640 97 768
743 517 102 97 101 124 708 323 768 353 87 83
744 744 744 744 744 744 744 744 744 744 744 744
745 189 454 84 48 39 455 438 34 38 86 533
746 746 746 746 746 746 746 746 746 746 746 746
747 160 133 136 361 361 34 31 165 186 121 199
748 121 190 459 87 642 249 222 696 218 366 886
749 820 196 206 41 41 202 201 205 167 203 128
750 88 285 132 283 280 543 65 280 388 61 264
751 51 95 181 395 157 345 254 296 397 390 103
752 283 162 512 155 855 299 968 968 299 968 968
753 914 135 27 135 135 337 116 151 251 455 417
754 19 666 951 44 362 533 322 929 579 272 3
755 211 169 338 66 474 560 341 560 459 717 271
756 431 431 166 249 464 494 438 438 33 878 23
757 980 757 757 367 470 590 23 215 347 191 256
758 85 142 418 409 504 11 430 360 451 558 451
759 121 290 282 256 405 283 493 522 563 86 184
760 335 97 708 768 99 708 62 147 316 726 212
761 393 379 160 452 141 360 105 375 230 80 174
762 516 2 832 160 520 137 546 742 742 742 546
763 5 408 517 411 211 129 127 130 776 160 292
764 331 707 569 707 359 452 451 360 754 293 8
765 249 356 490 128 168 494 282 230 20 121 203
766 340 535 554 419 542 450 438 333 370 414 916
767 82 201 486 114 847 333 281 16 107 46 429
768 185 323 125 166 3 990 685 13 515 89 301
769 107 326 389 252 338 16 164 447 592 100 354
770 353 249 431 84 119 261 437 336 170 26 13
771 106 473 355 303 58 4 612 49 297 905 309
772 772 772 772 772 772 772 772 772 772 772 772
773 773 405 124 354 404 282 283 378 491 753 116
774 285 562 232 204 776 572 572 167 199 1 121
775 560 856 264 510 7 44 8 8 498 65 206
776 41 801 820 136 455 116 460 411 323 708 404
777 173 533 520 571 303 80 92 426 14 64 376
778 160 906 513 652 478 469 258 198 205 95 94
779 549 188 82 454 258 417 113 983 114 686 22
780 84 373 563 93 261 361 116 183 543 817 493
781 537 366 758 288 269 615 168 278 168 301 502
782 526 231 65 0 218 204 593 214 129 87 105
783 142 152 223 86 504 11 573 141 729 525 856
784 784 784 784 411 304 302 302 238 457 285 426
785 23 83 256 445 139 933 139 124 166 212 211
786 465 473 187 549 80 160 15 424 880 138 305
787 21 82 77 581 557 83 163 411 84 546 651
788 788 788 717 160 353 15 45 404 654 32 28
789 458 168 493 232 368 121 615 155 81 28 434
790 544 107 8 107 642 419 44 913 529 720 608
791 493 342 851 851 605 414 370 245 48 482 553
792 121 356 357 409 420 79 420 186 433 432 71
793 435 435 616 320 947 320 396 379 321 387 368
794 322 429 447 461 533 285 481 552 126 638 638
795 417 38 27 116 160 685 665 175 252 174 284
796 828 106 549 551 189 533 129 562 14 563 129
797 18 14 434 184 190 299 710 710 896 287 298
798 798 798 798 798 798 798 798 798 798 798 798
799 549 215 201 199 64 165 417 485 48 643 404
800 615 492 84 598 521 482 47 26 165 40 165
801 820 168 526 121 288 19 533 19 405 282 357
802 802 365 371 210 371 3 138 412 625 63 635
803 63 82 549 934 268 19 473 69 325 65 664
804 971 284 472 355 638 356 375 13 655 149 149
805 358 504 7 608 11 529 213 359 452 499 374
806 89 845 953 590 29 420 254 329 363 169 494
807 192 132 599 304 302 64 129 13 146 85 310
808 808 808 808 808 808 808 808 808 808 808 808
809 63 82 50 612 347 460 81 254 226 309 341
810 180 351 734 211 15 273 269 16 128 367 170
811 28 375 90 328 331 166 42 183 146 21 896
812 366 310 221 313 215 249 5 201 107 736 333
813 534 544 121 81 518 163 473 747 513 507 243
814 344 191 350 157 295 82 404 107 141 81 20
815 138 63 233 654 121 143 548 381 948 381 177
816 411 208 371 365 63 115 363 210 365 141 8
817 817 543 87 106 17 166 1000 166 799 715 21
818 339 179 104 160 562 840 65 92 426 391 368
819 139 274 21 137 81 409 346 172 820 115 21
820 932 233 212 160 286 685 698 281 160 446 301
821 163 377 156 321 38 438 54 57 126 271 2
822 908 95 198 820 327 326 118 118 461 15 285
823 7 212 427 145 81 549 509 671 495 214 214
824 191 528 373 714 425 835 493 401 129 430 486
825 723 733 420 211 303 859 252 183 326 424 543
826 586 285 65 450 93 41 47 318 455 361 444
827 506 913 529 488 362 256 420 338 183 909 183
828 796 353 185 768 404 124 354 64 528 191 494
829 290 531 811 77 950 166 331 44 699 504 358
830 452 7 324 466 608 804 608 266 466 7 672
831 258 474 81 114 426 403 426 263 318 486 493
832 102 4 859 160 526 515 167 168 543 401 430
833 7 833 44 331 615 412 81 108 375 475 300
834 107 183 95 129 19 155 44 805 358 12 11
835 65 401 365 7 661 440 629 177 344 180 351
836 836 836 813 172 542 450 543 168 523 836 332
837 107 98 125 354 125 98 62 226 371 641 160
838 45 274 334 579 13 305 281 615 244 13 84
839 377 182 395 160 467 85 1 548 497 78 82
840 168 523 522 563 93 545 183 160 156 179 149
841 841 397 6 346 346 133 333 443 26 40 23
842 96 2 158 639 65 818 166 786 407 525 510
843 567 82 453 167 53 820 269 335 274 549 215
844 165 226 533 371 137 355 169 165 531 367 165
845 865 63 849 849 849 859 121 752 65 264 266
846 846 605 846 846 846 846 846 846 605 797 14
847 547 981 263 48 114 82 154 249 46 434 107
848 340 46 216 254 493 249 209 140 15 174 59
849 849 252 17 233 244 64 172 533 499 407 494
850 546 209 5 516 517 305 683 211 62 508 82
851 180 166 177 74 950 249 363 155 133 25 301
852 851 907 262 231 180 166 132 121 531 282 209
853 82 263 232 312 377 397 53 13 137 58 803
854 252 272 63 278 214 83 115 494 466 506 971
855 155 420 820 100 262 347 258 91 64 166 181
856 44 160 201 166 194 408 58 137 249 172 295
857 160 137 552 211 513 229 560 39 339 417 115
858 306 169 340 491 127 166 434 296 387 377 294
859 254 493 232 575 851 350 851 342 231 290 168
860 753 548 753 151 136 115 932 597 118 461 322
861 350 851 214 294 232 129 450 14 922 141 264
862 777 862 777 482 89 845 211 928 211 174 208
863 57 54 552 408 2 63 896 356 486 160 448
864 411 195 174 57 412 683 411 96 96 47 263
865 412 411 864 411 516 6 571 520 305 64 482
866 80 69 329 459 215 331 362 62 135 40 448
867 340 424 183 236 158 240 240 57 604 57 408
868 320 160 106 211 21 405 283 121 420 210 13
869 397 368 61 61 213 61 320 103 283 28 170
870 425 294 301 52 781 52 103 385 387 198 329
871 231 232 608 529 525 529 466 160 3 57 160
872 314 255 169 932 420 11 129 187 87 490 356
873 401 664 93 32 33 37 30 721 229 84 115
874 401 714 813 129 473 404 708 107 954 87 280
875 170 133 44 367 405 15 121 154 256 21 329
876 564 164 447 579 164 170 914 914 914 116 411
877 812 46 252 241 158 599 96 303 434 572 5
878 35 160 747 710 189 941 189 146 81 473 188
879 242 242 303 365 506 452 9 529 506 19 166
880 2 281 615 474 950 393 533 105 114 44 83
881 96 115 337 339 336 41 201 249 63 278 270
882 166 333 577 578 577 333 162 747 612 233 210
883 93 426 231 351 172 333 471 255 303 630 369
884 412 587 209 88 411 646 411 866 411 57 54
885 887 20 142 357 16 771 106 828 87 49 152
886 3 128 295 392 283 308 424 240 160 90 162
887 885 887 885 20 971 216 461 461 812 803 54
888 412 54 174 250 160 284 971 9 452 9 558
889 300 97 640 125 124 45 216 69 663 460 170
890 890 890 890 890 890 890 121 71 121 420 19
891 892 45 428 216 64 329 303 424 478 469 66
892 367 254 121 548 753 261 116 128 424 142 145
893 971 505 249 28 142 333 609 609 609 30 160
894 327 728 20 10 777 777 173 434 353 935 125
895 333 113 40 448 424 356 419 129 457 172 377
896 2 211 365 820 63 160 281 2 305 494 128
897 263 116 116 74 221 17 105 115 434 306 215
898 230 74 248 341 222 253 162 389 486 430 543
899 2 506 500 504 332 500 7 674 141 502 407
900 437 361 151 29 39 40 919 114 137 2 599
901 137 252 615 422 269 166 422 163 86 593 51
902 5 481 58 597 695 21 20 187 663 474 87
903 907 851 352 851 214 160 551 473 767 473 767
904 321 181 869 179 191 86 87 363 560 224 468
905 316 341 295 560 316 495 384 379 103 377 393
906 156 179 203 548 531 256 412 193 859 243 242
907 851 342 377 577 282 290 706 836 332 529 7
908 917 167 340 482 497 419 161 451 558 359 754
909 493 791 623 791 493 399 440 321 232 41 581
910 65 568 329 82 345 179 249 249 833 44 699
911 189 799 447 409 357 143 42 560 810 471 160
912 499 912 466 421 115 387 377 734 128 95 918
913 856 615 427 23 438 365 329 165 494 918 128
914 900 338 229 165 121 219 79 107 405 489 157
915 38 590 24 34 29 39 28 183 201 218 17
916 414 414 414 449 414 443 527 444 96 591 142
917 557 83 118 209 11 420 362 16 424 166 21
918 128 114 318 338 860 116 245 114 318 83 131
919 976 423 62 447 335 124 51 114 419 419 221
920 230 5 333 233 404 371 63 520 3 114 640
921 6 665 2 516 2 826 193 845 4 208 481
922 529 498 61 61 179 321 396 390 182 308 379
923 733 733 64 166 399 493 399 133 107 494 312
924 96 655 37 38 321 60 283 295 82 183 168
925 47 981 443 261 980 427 119 40 33 113 329
926 242 564 190 184 188 667 142 233 240 160 592
927 210 241 210 255 694 549 188 74 482 143 326
928 211 58 107 221 116 40 438 455 64 209 240
929 933 15 174 405 263 438 34 5 327 894 327
930 963 235 96 619 59 619 89 57 849 155 377
931 931 243 211 88 57 604 305 366 166 518 366
932 237 159 244 13 322 334 334 139 76 455 263
933 322 735 269 174 363 114 83 142 458 254 490
934 549 106 642 212 355 356 91 160 224 256 254
935 768 97 124 335 579 428 140 5 141 166 856
936 206 820 336 560 74 311 218 420 283 392 60
937 937 937 640 97 371 208 285 921 845 3 194
938 611 86 96 599 96 101 101 419 493 562 202
939 572 493 115 644 269 533 186 420 282 588 392
940 128 343 157 179 262 180 493 180 351 256 106
941 189 222 494 226 82 508 259 20 163 821 163
942 435 147 533 15 62 74 20 301 393 386 377
943 295 932 269 365 371 114 278 28 278 548 152
944 748 151 494 395 389 157 398 379 376 368 182
945 325 306 511 949 949 411 988 411 116 655 155
946 641 495 114 363 371 249 209 13 413 275 232
947 393 282 427 546 536 298 549 74 560 84 105
948 381 179 157 284 277 130 568 458 515 122 167
949 54 132 166 212 411 208 738 285 6 195 2
950 8 107 55 194 3 174 54 665 2 252 427
951 525 86 28 113 48 36 333 230 74 764 314
952 69 356 301 214 343 13 53 183 286 59 685
953 816 470 438 169 35 588 307 65 290 291 142
954 107 494 197 199 205 197 143 86 82 62 427
955 128 143 18 420 409 65 413 450 1 225 222
956 430 430 249 577 249 163 170 4 256 3 886
957 569 249 642 405 102 100 101 233 404 357 301
958 509 508 260 297 215 268 340 367 24 151 85
959 377 181 166 856 355 518 105 492 5 170 35
960 377 199 198 776 41 352 160 428 322 45 210
961 377 219 222 121 158 639 158 963 963 927 210
962 325 327 173 92 160 379 394 103 52 61 389
963 319 209 371 106 979 316 218 228 17 459 717
964 23 27 128 734 377 207 343 180 393 376 985
965 936 936 776 918 593 198 207 95 942 435 316
966 189 287 21 489 489 212 453 160 395 385 82
967 44 211 87 28 114 145 17 87 509 356 256
968 299 700 299 69 260 311 73 311 309 248 696
969 184 540 509 299 190 971 277 971 452 43 569
970 128 295 86 14 206 232 95 183 480 971 2
971 804 608 720 804 266 246 421 11 400 160 404
972 913 856 533 163 422 950 427 980 261 494 268
973 971 975 971 10 728 259 695 129 180 86 936
974 87 243 132 46 424 395 16 290 108 356 81
975 971 754 555 7 529 529 332 499 500 264 406
976 547 527 424 274 429 107 173 416 327 96 847
977 977 242 236 5 325 962 958 69 166 28 434
978 753 816 470 470 494 474 183 531 78 405 490
979 106 298 812 845 6 473 184 5 234 930 301
980 5 455 455 89 919 89 303 520 89 369 304
981 485 170 86 404 45 445 254 1 979 316 74
982 137 408 192 58 87 173 115 437 547 333 654
983 333 601 191 343 191 166 114 105 106 290 526
984 66 389 379 61 537 170 133 493 426 172 377
985 376 320 232 426 160 200 176 423 113 301 153
986 261 82 450 493 65 998 65 172 813 526 86
987 338 31 142 269 446 447 440 264 266 232 473
988 411 4 896 142 291 290 283 748 151 361 93
989 91 514 514 108 494 197 143 413 515 13 489
990 59 281 718 305 865 63 160 249 187 663 747
991 812 366 820 62 518 271 283 377 347 349 321
992 992 129 438 31 86 67 66 111 474 81 569
993 408 571 285 625 63 174 395 107 285 13 661
994 6 134 173 777 173 153 87 518 519 61 440
995 712 255 421 765 246 7 246 213 602 569 44
996 12 300 101 101 419 253 316 377 782 377 95
997 953 997 953 590 533 128 165 151 24 31 86
998 65 275 479 381 397 377 483 47 172 333 263
999 145 83 106 188 311 678 480 39 37 721 27
1000 206 575 232 499 466 529 499 332 505 661 267
1001 4 685 815 305 990 281 564 12 44 362 183
1002 560 1002 560 29 51 201 94 86 261 171 470
1003 258 160 173 173 748 121 261 5 189 418 160
1004 55 533 493 133 82 563 373 184 107 121 110
0 498 64 62 141
1 254 114 340 249
2 126 54 194 132
3 160 51 95 351
4 281 63 371 208
5 408 845 305 56
6 411 949 211 430
7 332 407 265 823
8 525 510 506 651
9 498 765 856 452
10 64 496 487 498
11 666 566 141 265
12 266 533 607 695
13 272 137 271 56
14 389 397 377 365
15 447 690 107 106
16 45 162 103 122
17 434 859 932 531
18 219 280 655 37
19 420 651 506 362
20 271 56 685 59
21 314 215 650 215
22 520 183 256 255
23 153 154 654 333
24 151 261 32 883
25 160 121 747 612
26 437 38 443 919
27 93 13 325 13
28 721 28 283 351
29 33 38 590 33
30 116 455 170 360
31 121 493 543 424
32 116 420 19 83
33 438 987 169 486
34 25 40 25 27
35 655 116 79 133
36 301 596 301 926
37 30 165 245 38
38 116 438 249 87
39 455 976 171 5
40 560 913 183 5
41 201 93 407 566
42 249 162 412 105
43 502 11 602 365
44 142 434 450 342
45 124 323 6 169
46 155 128 483 232
47 483 340 497 78
48 261 151 251 361
49 50 50 48 443
50 152 364 169 172
51 283 411 866 411
52 537 74 67 533
53 52 719 157 380
54 305 420 526 407
55 481 845 809 252
56 303 362 51 375
57 4 625 408 271
58 162 186 856 560
59 619 57 137 365
60 377 388 179 278
61 95 122 342 173
62 263 419 14 86
63 286 252 480 678
64 103 201 197 820
65 818 189 190 420
66 90 183 509 259
67 86 271 10 340
68 400 271 513 183
69 467 106 358 358
70 288 212 210 13
71 49 217 132 121
72 311 72 106 614
73 297 74 513 340
74 212 147 13 12
75 367 23 170 280
76 423 303 209 118
77 531 482 129 107
78 420 326 13 440
79 531 249 310 85
80 256 153 301 356
81 550 508 747 107
82 739 12 166 77
83 154 155 105 114
84 323 100 101 0
85 820 336 339 417
86 31 932 107 506
87 41 820 366 217
88 142 64 141 362
89 54 411 303 411
90 108 409 945 409
91 375 896 12 957
92 538 538 326 121
93 813 403 426 280
94 198 204 65 172
95 41 776 196 917
96 285 166 223 268
97 533 18 107 702
98 404 404 282 494
99 371 211 364 211
100 262 122 262 179
101 124 706 124 214
102 64 492 5 305
103 61 389 66 514
104 103 379 103 295
105 199 203 129 106
106 255 472 355 405
107 69 418 314 295
108 357 589 434 233
109 424 183 424 355
110 91 474 112 51
111 84 142 405 303
112 7 62 251 172
113 114 41 282 33
114 30 165 25 27
115 58 158 599 304
116 411 208 812 461
117 66 338 116 860
118 597 651 651 301
119 84 254 31 932
120 74 690 316 268
121 110 474 514 514
122 376 122 122 351
123 31 143 197 498
124 185 124 139 541
125 5 157 376 378
126 552 738 520 286
127 105 226 165 338
128 495 641 333 405
129 187 42 667 184
130 14 797 18 225
131 683 683 305 64
132 489 473 113 76
133 79 62 357 375
134 62 15 362 549
135 5 420 624 223
136 41 87 28 722
137 371 768 371 210
138 921 285 138 252
139 342 343 129 576
140 216 269 282 132
141 249 243 305 305
142 295 268 494 438
143 133 107 467 106
144 144 434 589 671
145 252 2 506 365
146 0 17 643 404
147 82 642 284 232
148 349 342 483 305
149 6 544 544 133
150 181 351 157 350
151 494 261 753 86
152 440 232 936 284
153 513 303 210 83
154 495 314 215 121
155 855 299 145 546
156 381 156 697 156
157 394 321 393 104
158 926 243 87 300
159 241 236 63 366
160 188 155 285 457
161 451 466 452 265
162 532 132 809 685
163 106 73 317 366
164 139 209 236 930
165 113 36 10 173
166 156 381 390 392
167 199 201 18 424
168 936 593 142 531
169 123 251 340 342
170 303 619 303 63
171 261 40 409 428
172 228 482 74 142
173 301 199 167 130
174 420 191 64 511
175 137 552 809 809
176 486 53 420 63
177 307 307 301 747
178 575 342 277 231
179 122 515 440 53
180 249 363 364 211
181 182 380 396 377
182 61 389 387 379
183 142 62 2 164
184 189 17 155 187
185 323 404 45 533
186 433 431 84 422
187 21 272 6 379
188 508 533 371 371
189 473 141 86 765
190 282 464 493 399
191 346 157 383 181
192 517 6 587 58
193 412 305 528 528
194 832 57 815 80
195 552 55 698 57
196 917 205 14 486
197 409 306 86 67
198 31 96 252 338
199 526 231 181 385
200 581 820 197 199
201 167 94 377 393
202 820 820 64 549
203 168 789 129 493
204 908 922 913 213
205 199 42 245 976
206 231 74 282 217
207 94 918 377 961
208 481 950 74 248
209 209 303 434 83
210 283 420 30 26
211 495 468 342 13
212 63 412 3 195
213 266 266 440 366
214 180 644 269 139
215 297 73 84 399
216 446 335 45 445
217 71 209 107 230
218 696 17 249 17
219 222 85 310 314
220 23 83 58 612
221 0 88 58 738
222 218 341 248 17
223 166 424 142 166
224 218 249 172 420
225 215 81 896 160
226 254 165 531 420
227 756 268 300 101
228 82 426 113 370
229 165 39 30 86
230 121 223 624 84
231 177 312 301 278
232 51 200 200 128
233 17 309 316 297
234 639 65 840 840
235 5 809 301 747
236 155 236 241 498
237 107 467 459 62
238 506 499 502 359
239 145 121 1 128
240 963 319 243 507
241 241 241 252 571
242 236 244 237 242
243 105 310 18 365
244 244 460 730 13
245 443 85 14 493
246 421 23 26 37
247 11 804 265 266
248 301 368 377 764
249 87 180 87 283
250 166 882 160 136
251 361 165 93 39
252 114 896 28 254
253 107 147 612 356
254 233 460 81 638
255 215 905 74 64
256 589 271 131 366
257 401 107 187 105
258 110 111 258 199
259 21 253 366 443
260 336 409 118 121
261 32 37 39 39
262 345 352 377 398
263 114 547 48 38
264 141 729 441 729
265 529 452 9 720
266 141 951 141 431
267 608 406 501 406
268 0 166 536 473
269 254 147 107 68
270 28 26 590 494
271 57 520 285 562
272 665 64 113 547
273 886 58 373 311
274 21 671 471 473
275 813 172 450 14
276 276 426 568 276
277 971 540 549 106
278 345 179 296 810
279 106 642 473 6
280 575 851 180 84
281 718 5 303 105
282 596 597 107 532
283 17 441 324 971
284 734 157 397 157
285 401 107 366 153
286 815 138 56 286
287 299 184 582 667
288 756 225 215 495
289 180 932 210 13
290 168 206 205 94
291 542 172 13 461
292 284 734 320 947
293 11 327 945 325
294 280 351 278 493
295 379 389 181 95
296 181 384 80 473
297 316 435 519 435
298 685 298 551 69
299 287 20 400 309
300 173 20 86 42
301 273 139 160 245
302 252 195 252 243
303 924 211 96 619
304 411 981 263 82
305 54 137 982 137
306 68 69 81 4
307 347 105 10 508
308 379 392 103 18
309 225 226 405 434
310 222 537 52 197
311 215 377 490 459
312 85 507 85 309
313 313 313 309 612
314 420 20 118 420
315 222 543 450 214
316 231 249 155 285
317 313 560 215 105
318 455 116 74 116
319 319 234 96 31
320 734 177 178 413
321 546 509 713 81
322 735 164 735 164
323 125 323 354 97
324 441 504 332 529
325 971 520 208 812
326 733 327 820 950
327 326 424 121 242
328 357 301 244 963
329 474 153 282 531
330 860 169 455 263
331 19 422 153 121
332 359 499 44 213
333 547 423 13 497
334 446 13 263 171
335 164 160 130 130
336 971 710 418 710
337 420 325 82 385
338 136 135 47 48
339 115 282 62 424
340 78 79 539 78
341 222 467 434 282
342 231 692 130 122
343 971 108 652 329
344 180 301 244 422
345 186 226 232 525
346 191 278 13 242
347 157 388 394 60
348 342 95 908 95
349 907 156 381 60
350 94 483 113 151
351 420 256 160 68
352 103 179 60 395
353 708 125 142 81
354 404 420 453 254
355 473 17 317 84
356 69 108 64 21
357 454 258 211 138
358 823 661 267 666
359 141 358 374 44
360 371 640 323 185
361 133 256 647 435
362 303 211 106 400
363 283 560 1 641
364 363 664 515 167
365 211 84 217 50
366 494 27 261 32
367 96 263 96 83
368 52 786 206 593
369 96 165 490 107
370 115 249 166 301
371 208 552 126 723
372 283 51 908 593
373 812 298 536 189
374 406 160 116 74
375 480 252 233 239
376 379 5 644 528
377 156 181 368 52
378 491 548 816 753
379 390 295 179 340
380 182 182 53 822
381 948 381 390 60
382 379 385 378 321
383 377 352 789 93
384 379 393 390 181
385 385 181 155 541
386 560 1002 560 48
387 388 164 13 445
388 104 388 377 283
389 317 313 0 215
390 60 381 377 960
391 376 394 179 231
392 368 61 465 615
393 342 13 38 547
394 389 379 321 592
395 385 394 53 167
396 308 283 372 58
397 389 150 388 104
398 377 398 295 394
399 93 172 813 623
400 222 80 188 311
401 543 257 183 16
402 211 842 96 326
403 403 813 275 177
404 434 144 254 115
405 15 447 429 107
406 358 452 359 267
407 213 720 699 506
408 138 698 138 520
409 33 339 35 473
410 62 342 156 734
411 412 4 412 162
412 820 169 116 30
413 840 840 5 102
414 645 414 916 414
415 86 20 459 188
416 173 405 63 174
417 795 417 971 466
418 160 495 739 300
419 489 211 705 232
420 312 14 86 470
421 529 362 141 913
422 473 403 53 822
423 438 82 494 480
424 356 114 417 895
425 870 65 133 256
426 130 122 656 149
427 438 438 411 63
428 592 274 424 367
429 107 65 172 219
430 65 526 403 53
431 50 643 49 612
432 84 453 420 810
433 186 83 612 31
434 813 172 426 283
435 920 230 80 508
436 438 82 127 21
437 361 339 437 116
438 340 249 17 107
439 96 438 86 197
440 813 280 820 87
441 569 7 7 112
442 113 176 232 160
443 409 776 572 5
444 301 89 158 209
445 86 233 212 121
446 335 929 929 335
447 799 447 62 245
448 592 760 335 429
449 414 479 275 6
450 493 835 65 51
451 566 452 487 488
452 487 452 9 525
453 107 79 226 313
454 82 371 185 98
455 24 28 41 908
456 405 748 107 362
457 533 361 245 417
458 152 366 115 123
459 421 61 166 212
460 169 333 280 377
461 216 62 818 301
462 424 222 312 5
463 463 463 463 462
464 165 338 121 365
465 707 332 7 674
466 324 44 160 256
467 549 6 685 3
468 172 214 83 118
469 108 405 245 47
470 261 28 590 165
471 434 356 62 98
472 355 896 892 892
473 642 419 337 96
474 81 544 450 705
475 375 96 92 480
476 258 253 166 518
477 90 66 560 74
478 478 652 163 107
479 275 426 167 172
480 667 142 115 173
481 63 286 3 107
482 160 228 226 14
483 157 182 104 393
484 448 46 96 259
485 981 114 115 169
486 129 405 226 79
487 451 265 8 107
488 496 529 265 823
489 528 373 563 464
490 107 708 107 221
491 168 346 342 214
492 162 129 490 63
493 817 813 413 542
494 340 564 126 271
495 316 459 177 229
496 560 282 355 107
497 531 333 517 516
498 92 400 560 400
499 566 608 566 666
500 498 14 368 0
501 452 529 506 496
502 406 971 893 466
503 498 178 537 157
504 246 141 9 529
505 249 5 419 367
506 87 208 552 55
507 513 355 856 498
508 373 964 29 5
509 972 509 518 256
510 86 132 82 367
511 346 342 726 1
512 162 393 301 482
513 425 257 130 568
514 108 357 454 62
515 381 479 414 605
516 516 516 411 408
517 305 137 679 679
518 63 419 12 560
519 85 314 295 84
520 5 527 318 83
521 62 210 121 423
522 563 82 132 211
523 829 168 129 430
524 72 163 166 160
525 141 5 177 409
526 526 782 377 450
527 976 411 333 5
528 392 379 382 295
529 362 466 506 238
530 293 530 293 141
531 186 83 118 209
532 56 59 859 174
533 572 426 401 148
534 256 450 214 82
535 728 92 815 57
536 601 180 145 46
537 85 758 143 133
538 92 80 28 952
539 380 182 308 430
540 952 540 189 17
541 155 589 607 87
542 172 82 107 201
543 576 128 214 460
544 568 256 490 165
545 27 545 28 133
546 909 303 114 113
547 976 981 411 552
548 371 3 412 412
549 934 549 627 549
550 480 252 137 121
551 733 777 862 777
552 424 478 258 421
553 598 553 340 922
554 553 86 963 242
555 856 560 341 316
556 330 330 74 419
557 160 482 162 541
558 84 558 674 141
559 518 188 160 142
560 313 310 494 287
561 462 173 300 87
562 232 320 60 321
563 6 3 102 300
564 340 420 568 257
565 44 424 303 5
566 570 12 739 12
567 82 179 388 378
568 420 121 168 93
569 504 504 912 504
570 7 19 360 4
571 373 184 311 366
572 167 122 377 249
573 573 452 666 11
574 280 106 614 756
575 231 181 526 714
576 533 508 81 166
577 375 64 349 64
578 577 518 552 211
579 335 428 164 269
580 580 580 580 580
581 445 820 249 615
582 418 508 81 508
583 521 340 598 598
584 272 612 492 5
585 813 544 607 255
586 211 255 114 419
587 234 931 159 303
588 282 588 36 31
589 424 209 283 355
590 590 165 129 28
591 142 184 513 652
592 448 140 139 99
593 128 955 128 280
594 84 546 367 115
595 52 1 224 160
596 596 596 597 651
597 651 597 756 459
598 86 62 245 417
599 208 114 62 81
600 585 84 112 375
601 83 141 957 9
602 569 362 141 533
603 414 443 116 725
604 96 245 725 339
605 414 697 414 479
606 495 214 460 679
607 170 816 816 987
608 804 11 209 546
609 114 531 282 170
610 250 250 368 181
611 129 932 702 107
612 42 215 60 321
613 243 233 58 812
614 613 747 107 165
615 84 243 930 235
616 320 232 18 155
617 618 662 404 643
618 323 618 618 404
619 57 3 128 283
620 86 551 473 301
621 180 160 435 435
622 238 64 6 308
623 813 600 450 13
624 651 301 356 69
625 252 56 13 239
626 87 427 443 115
627 667 105 419 280
628 394 387 379 64
629 178 537 526 537
630 369 303 159 927
631 209 285 286 138
632 397 320 593 155
633 633 633 633 633
634 635 2 308 21
635 63 434 106 268
636 211 611 292 172
637 209 82 377 782
638 126 586 58 921
639 638 340 464 483
640 185 662 404 421
641 371 87 154 82
642 300 121 179 378
643 17 220 223 20
644 269 174 3 114
645 191 191 82 357
646 411 375 282 726
647 458 172 403 168
648 648 648 648 648
649 121 338 251 27
650 215 87 424 263
651 272 579 38 421
652 513 93 78 531
653 653 653 653 653
654 562 129 568 290
655 151 424 464 424
656 176 344 176 576
657 269 121 93 367
658 658 658 658 658
659 659 659 659 659
660 660 660 660 660
661 700 359 9 971
662 618 523 172 482
663 533 602 700 823
664 363 314 18 295
665 87 607 170 473
666 856 666 367 183
667 533 21 287 299
668 157 483 556 531
669 669 615 64 325
670 670 670 670 670
671 509 508 679 663
672 7 707 267 498
673 673 495 218 201
674 19 155 495 106
675 675 675 675 675
676 447 461 45 933
677 199 41 107 236
678 627 184 282 107
679 482 777 10 133
680 380 120 758 238
681 160 131 83 212
682 681 82 281 211
683 211 195 4 481
684 684 684 684 684
685 81 162 432 84
686 381 178 0 223
687 185 800 549 667
688 543 209 234 637
689 689 689 198 200
690 366 285 168 493
691 691 691 691 691
692 130 692 231 232
693 83 142 1 155
694 484 160 337 419
695 164 535 482 331
696 74 549 356 160
697 415 697 415 86
698 685 859 971 859
699 358 141 6 845
700 332 141 19 525
701 462 254 441 160
702 932 106 771 13
703 703 703 703 703
704 107 450 493 460
705 425 294 65 401
706 936 350 345 160
707 627 809 859 105
708 371 100 937 353
709 404 434 2 107
710 272 334 65 870
711 711 711 711 711
712 4 301 132 258
713 81 155 221 419
714 143 90 108 301
715 21 519 518 166
716 5 255 17 405
717 215 347 347 122
718 305 683 305 54
719 393 301 340 129
720 324 121 199 83
721 229 170 453 301
722 278 157 181 64
723 546 742 166 320
724 160 300 46 128
725 113 86 598 84
726 152 548 377 379
727 483 232 380 539
728 92 260 260 74
729 141 360 430 249
730 468 148 150 250
731 731 731 731 731
732 732 732 732 732
733 728 5 57 88
734 284 971 174 21
735 164 424 62 426
736 62 554 553 86
737 271 481 481 55
738 303 571 252 419
739 155 533 282 77
740 51 908 592 160
741 250 390 395 104
742 614 614 613 127
743 743 743 516 516
744 744 744 744 744
745 221 155 153 152
746 746 746 746 746
747 160 153 282 163
748 151 470 86 42
749 776 199 203 105
750 88 63 815 5
751 167 434 506 160
752 65 525 573 213
753 40 590 165 107
754 7 922 856 546
755 211 271 2 571
756 86 205 198 129
757 757 980 64 2
758 61 150 368 368
759 459 340 226 340
760 15 128 306 400
761 393 533 530 358
762 516 6 316 1
763 763 5 252 48
764 314 225 215 650
765 499 510 506 7
766 134 373 163 473
767 114 971 324 666
768 353 687 100 101
769 62 89 96 318
770 353 185 709 404
771 106 582 667 118
772 772 772 772 772
773 773 405 891 405
774 285 304 57 863
775 560 336 84 333
776 201 197 373 134
777 86 425 430 246
778 971 430 411 438
779 146 368 841 368
780 84 84 624 13
781 621 377 133 400
782 82 128 892 114
783 154 412 884 884
784 784 784 411 900
785 545 34 35 486
786 160 2 859 82
787 21 329 28 38
788 717 411 261 411
789 419 493 280 813
790 544 81 667 508
791 401 568 183 531
792 121 168 542 401
793 316 187 155 465
794 322 448 139 933
795 417 133 557 133
796 828 419 329 419
797 797 797 231 196
798 798 798 798 798
799 160 366 160 724
800 409 21 28 82
801 820 166 404 249
802 129 285 683 683
803 990 2 64 349
804 971 582 184 173
805 487 498 51 375
806 304 303 244 13
807 211 552 518 155
808 808 808 808 808
809 57 5 0 313
810 222 911 81 189
811 340 612 311 72
812 140 273 45 932
813 93 14 936 907
814 52 814 262 191
815 5 234 533 106
816 914 115 113 301
817 817 543 209 639
818 301 393 378 157
819 273 46 334 269
820 208 174 282 64
821 163 115 820 486
822 593 205 95 918
823 15 128 464 280
824 191 160 736 107
825 923 326 107 708
826 1001 6 587 6
827 506 466 8 498
828 45 335 461 46
829 290 6 375 183
830 452 573 498 14
831 258 199 206 231
832 195 281 683 281
833 833 833 856 612
834 107 327 486 318
835 789 93 183 318
836 523 332 608 499
837 107 809 211 16
838 124 98 932 355
839 191 903 191 379
840 275 123 455 114
841 312 218 82 304
842 96 338 211 240
843 290 419 367 82
844 165 40 160 210
845 58 455 47 318
846 605 797 18 225
847 981 114 166 93
848 445 581 533 679
849 849 849 63 738
850 199 258 152 458
851 157 149 167 204
852 18 18 420 165
853 82 338 336 820
854 183 291 280 493
855 299 80 379 398
856 612 58 105 748
857 160 406 720 525
858 306 426 130 130
859 183 44 246 498
860 900 128 35 26
861 350 342 147 189
862 777 482 289 425
863 57 243 105 184
864 411 304 369 303
865 305 552 131 2
866 411 57 55 160
867 340 121 543 121
868 320 296 387 667
869 181 376 321 697
870 65 178 537 380
871 231 277 232 493
872 314 295 60 391
873 401 434 30 251
874 425 130 936 572
875 170 987 169 5
876 564 338 900 5
877 81 107 214 343
878 35 26 545 23
879 242 926 931 5
880 80 287 494 280
881 96 59 845 6
882 166 83 255 114
883 116 513 222 311
884 884 412 820 282
885 21 400 20 366
886 2 651 427 438
887 92 723 173 416
888 412 683 683 412
889 405 45 274 448
890 890 121 27 588
891 892 28 655 155
892 290 563 572 493
893 971 179 394 283
894 327 173 950 158
895 417 93 417 494
896 329 82 385 182
897 263 301 690 366
898 898 230 106 73
899 2 305 604 96
900 115 404 937 353
901 137 80 473 404
902 5 269 166 520
903 907 342 277 167
904 321 385 182 167
905 177 344 377 741
906 156 191 150 393
907 342 377 86 441
908 196 282 160 15
909 183 308 2 651
910 65 257 183 520
911 81 375 356 107
912 526 250 526 86
913 525 699 602 441
914 251 160 353 618
915 38 915 38 37
916 414 605 797 18
917 196 201 82 318
918 51 118 756 227
919 847 448 322 140
920 230 106 614 613
921 412 803 193 408
922 14 918 64 417
923 825 723 538 92
924 96 251 40 40
925 205 908 197 201
926 930 301 214 352
927 159 963 234 282
928 211 214 351 350
929 322 140 429 446
930 930 158 300 45
931 599 158 926 159
932 82 367 329 459
933 592 273 164 62
934 163 162 180 83
935 936 86 33 169
936 167 434 252 809
937 99 5 291 257
938 611 252 233 105
939 350 377 296 610
940 128 197 27 27
941 189 80 473 28
942 95 181 379 63
943 295 320 308 295
944 748 283 577 366
945 945 945 327 173
946 641 420 222 748
947 181 383 379 157
948 381 321 177 60
949 285 82 199 197
950 393 810 244 158
951 666 324 666 160
952 28 655 28 434
953 590 35 23 229
954 615 820 269 274
955 936 290 357 121
956 430 83 481 286
957 265 529 359 707
958 509 107 142 441
959 377 278 908 918
960 377 122 168 35
961 377 127 227 519
962 958 69 679 13
963 615 87 84 86
964 373 372 366 78
965 936 935 353 121
966 21 363 296 719
967 504 533 230 282
968 299 700 452 700
969 184 188 160 494
970 51 65 291 93
971 844 971 679 68
972 913 700 661 420
973 971 284 130 160
974 917 27 82 422
975 971 251 136 89
976 114 155 518 615
977 242 879 242 106
978 900 40 427 249
979 745 189 671 187
980 261 437 115 339
981 411 665 3 102
982 137 107 420 5
983 114 355 255 314
984 333 107 856 19
985 376 390 296 494
986 261 28 165 183
987 339 443 135 27
988 24 64 99 173
989 91 328 514 514
990 193 1001 194 58
991 812 685 6 994
992 992 992 129 21
993 408 587 832 412
994 6 515 270 611
995 712 4 803 546
996 12 674 754 608
997 24 33 165 409
998 65 130 14 280
999 145 58 372 366
1000 14 130 408 126
1001 194 195 516 192
1002 560 221 83 223
1003 258 91 89 114
1004 55 412 3 845
