0 103 296 61 388 296 212 44 729 525 504 301
1 254 173 173 83 431 70 217 366 333 256 460
2 899 2 586 59 832 2 252 243 963 243 931
3 55 738 498 700 267 264 19 570 661 87 448
4 256 269 64 859 281 683 57 552 520 160 550
5 189 80 222 253 184 747 508 184 287 418 13
6 128 424 245 160 423 976 443 226 301 93 86
7 661 44 12 510 466 362 331 764 314 107 932
8 466 9 141 246 649 441 82 310 1 0 177
9 265 804 264 160 440 970 440 818 440 733 923
10 96 54 211 16 128 355 300 11 699 720 754
11 265 266 950 180 254 427 470 171 590 24 411
12 419 531 107 375 478 514 108 328 108 405 124
13 129 93 204 198 5 868 320 397 122 349 149
14 403 493 835 425 791 493 256 318 494 108 90
15 760 592 321 156 320 434 159 160 232 176 214
16 642 405 10 105 215 549 218 297 309 272 428
17 62 58 162 237 159 160 228 312 300 444 48
18 215 215 717 788 717 215 42 143 325 5 763
19 62 81 81 252 107 418 480 221 83 58 57
20 127 259 259 21 17 473 473 129 623 202 562
21 107 809 252 160 413 526 280 277 971 343 207
22 127 82 83 84 467 549 64 191 284 621 377
23 33 590 13 349 13 26 545 183 531 62 129
24 151 361 135 361 32 26 251 169 355 115 129
25 473 93 40 417 38 40 113 250 0 380 160
26 135 136 251 336 84 336 338 464 282 356 249
27 23 96 408 126 723 733 777 535 13 126 138
28 114 2 252 826 6 316 222 16 518 509 13
29 23 494 83 255 453 491 491 453 254 665 63
30 82 179 741 179 351 351 346 409 326 409 447
31 86 264 266 533 173 462 212 169 127 107 401
32 339 340 564 126 408 517 408 586 126 57 174
33 30 367 133 464 459 496 487 496 83 42 492
34 116 533 508 710 299 473 627 62 279 333 121
35 24 28 438 36 121 401 44 951 213 700 823
36 24 114 426 956 213 602 533 81 170 13 336
37 34 38 321 378 61 368 82 30 256 366 368
38 579 448 335 269 579 321 947 60 179 376 203
39 93 261 151 24 64 828 796 828 615 954 87
40 590 470 753 40 26 27 997 24 114 21 560
41 107 269 254 233 174 411 252 249 17 23 474
42 143 196 200 434 163 5 374 499 246 498 232
43 407 525 500 7 833 249 142 338 336 84 144
44 526 425 426 450 86 366 78 366 188 184 508
45 447 164 15 16 190 329 107 31 82 166 308
46 21 137 3 210 234 639 234 366 107 79 62
47 5 572 484 563 572 167 149 440 608 441 608
48 40 23 121 353 185 124 173 134 64 62 169
49 87 183 543 280 282 196 95 122 103 378 295
50 153 152 364 152 70 494 340 128 5 57 698
51 29 23 35 301 686 564 338 116 47 107 963
52 397 869 841 368 112 108 183 564 258 111 258
53 183 209 235 930 927 210 494 173 96 370 39
54 138 685 6 826 685 815 880 63 812 3 239
55 520 533 440 265 856 301 222 82 127 121 68
56 271 949 55 665 812 115 115 816 151 29 37
57 520 859 880 880 859 991 412 434 490 87 859
58 886 217 431 212 333 48 482 93 443 820 231
59 194 56 303 301 428 461 46 81 129 450 86
60 283 333 261 51 93 426 425 621 377 483 352
61 172 183 430 141 569 81 170 40 533 177 905
62 430 401 160 268 227 127 259 508 667 81 663
63 121 543 209 319 158 963 931 210 252 518 17
64 419 133 284 734 320 380 440 380 440 380 381
65 53 178 344 377 295 210 83 283 355 518 552
66 474 366 86 470 427 282 139 541 139 428 107
67 189 377 391 389 66 48 27 93 25 37 32
68 418 160 312 218 219 314 434 424 367 249 357
69 64 506 409 450 228 253 459 44 160 906 513
70 71 70 372 121 88 129 294 301 271 271 80
71 288 71 83 496 496 529 488 421 213 533 679
72 163 459 19 107 662 282 107 81 211 131 2
73 73 950 427 48 485 443 437 251 96 259 537
74 312 256 306 10 400 86 271 183 159 434 401
75 427 367 212 105 153 256 46 447 273 448 334
76 75 84 18 86 212 518 271 528 191 64 133
77 282 234 132 142 577 377 61 157 681 343 214
78 340 491 167 203 548 531 115 82 420 581 310
79 115 434 431 105 427 162 253 258 16 448 812
80 815 859 160 45 404 254 152 62 99 98 640
81 607 560 211 611 5 697 645 645 231 157 16
82 58 963 244 58 404 173 147 1 218 166 742
83 433 71 217 340 420 291 129 992 992 129 484
84 180 212 74 219 121 191 346 157 397 368 366
85 726 121 117 211 604 546 84 419 106 820 85
86 392 393 810 269 932 173 301 820 820 493 483
87 303 242 233 237 240 11 569 501 358 560 459
88 0 218 177 440 458 62 93 464 338 48 151
89 215 1 121 125 404 533 230 21 174 4 412
90 183 460 597 651 427 153 422 145 163 434 144
91 989 329 21 10 564 480 21 169 6 685 56
92 520 59 845 859 474 256 10 143 480 357 65
93 301 249 419 655 183 154 256 152 211 240 931
94 486 365 256 340 405 105 242 963 87 665 212
95 196 280 377 593 820 434 220 220 223 365 602
96 5 466 649 466 64 87 661 264 161 667 161
97 618 353 353 404 124 107 506 86 229 23 83
98 932 283 81 467 152 355 424 316 255 363 303
99 99 424 17 107 404 424 142 226 228 301 216
100 185 533 756 311 366 366 494 170 282 226 434
101 124 98 185 708 708 98 100 434 288 432 71
102 2 803 812 685 137 420 138 56 610 694 493
103 320 379 380 178 381 61 250 295 585 600 450
104 377 231 656 377 389 377 494 84 752 283 559
105 160 667 533 160 859 849 387 41 171 41 206
106 459 87 489 405 280 515 484 13 38 86 518
107 283 215 301 180 41 333 256 87 131 422 269
108 357 375 169 210 254 474 476 474 87 121 367
109 366 184 19 83 113 485 455 860 251 336 883
110 474 546 17 73 17 223 365 21 495 748 793
111 478 328 514 514 328 258 559 258 564 114 655
112 37 30 437 47 96 92 426 113 250 379 182
113 370 245 263 411 183 69 86 521 482 14 389
114 86 936 955 205 172 123 337 338 142 211 13
115 421 452 649 649 44 546 742 614 613 163 473
116 455 169 365 440 53 389 61 123 450 450 14
117 121 130 167 133 402 148 180 277 289 277 232
118 667 42 163 82 212 121 492 107 23 24 36
119 84 119 261 51 486 389 537 380 232 426 231
120 17 726 282 45 45 46 96 285 379 386 295
121 283 308 21 107 226 533 40 38 474 82 426
122 262 345 351 210 295 368 391 321 592 908 197
123 172 62 541 155 589 365 62 279 106 287 418
124 429 124 98 98 107 478 375 318 318 283 373
125 185 800 615 465 61 389 393 387 380 14 79
126 208 195 58 533 35 183 450 167 292 82 168
127 22 20 971 4 408 211 754 293 374 506 672
128 169 280 183 655 96 251 971 754 441 142 145
129 53 221 107 153 301 621 11 44 833 5 105
130 278 486 129 438 333 405 748 151 438 251 136
131 283 263 116 96 28 35 129 484 87 222 18
132 366 441 82 114 173 166 150 368 150 250 60
133 28 38 47 409 447 62 84 485 333 493 212
134 10 282 233 460 427 370 115 136 338 27 953
135 914 338 411 4 145 462 460 460 244 210 434
136 96 469 108 111 110 91 477 66 66 513 83
137 859 3 286 211 57 949 55 950 533 401 457
138 137 2 812 859 932 932 474 494 464 116 133
139 164 164 335 139 592 46 169 860 914 115 443
140 819 139 107 216 272 15 121 44 573 441 374
141 327 820 41 249 505 43 498 407 786 465 615
142 142 667 189 549 274 424 212 422 546 58 57
143 133 333 145 21 29 27 261 28 914 115 171
144 144 254 74 17 422 82 490 212 268 419 12
145 121 363 115 145 271 137 305 243 64 173 518
146 147 859 412 194 300 209 273 2 102 102 412
147 644 180 493 434 221 21 41 82 494 100 640
148 434 147 142 783 654 323 404 121 288 121 285
149 179 60 395 393 392 157 60 352 65 177 409
150 157 851 180 350 533 185 124 64 94 350 352
151 30 36 30 129 542 403 129 405 121 29 160
152 255 63 212 58 54 132 5 106 145 20 424
153 86 424 153 121 890 121 30 128 377 129 19
154 518 166 355 166 422 950 145 462 424 58 586
155 470 753 86 131 950 812 217 70 212 211 738
156 122 351 342 511 284 180 434 282 17 654 217
157 719 376 262 278 191 149 180 349 347 460 347
158 166 242 106 518 577 377 0 316 146 601 404
159 820 183 568 544 257 377 398 377 382 157 382
160 448 62 209 183 913 141 249 420 152 166 253
161 44 129 80 671 495 371 100 117 5 283 166
162 323 300 748 377 621 278 270 486 21 280 363
163 654 211 364 433 393 392 387 667 13 170 437
164 520 174 63 175 665 2 412 738 552 54 132
165 220 165 41 41 42 64 61 103 321 150 60
166 133 27 172 62 627 513 154 932 233 586 462
167 908 167 820 115 405 253 227 226 366 173 651
168 822 593 94 214 60 495 208 87 303 174 175
169 371 353 354 97 97 125 98 640 937 937 404
170 367 28 165 165 280 168 301 429 139 322 164
171 171 133 450 257 426 621 11 420 661 13 420
172 458 714 526 813 172 64 572 282 154 105 210
173 405 211 755 211 54 552 208 126 174 58 411
174 54 520 13 12 358 608 452 649 84 269 429
175 532 532 131 809 412 520 412 137 59 303 82
176 318 494 918 917 27 93 301 428 15 209 235
177 381 397 376 393 212 69 259 20 301 690 106
178 200 434 280 409 280 221 248 330 438 54 211
179 103 162 181 950 292 543 65 200 176 318 82
180 212 856 913 560 341 248 549 299 546 83 13
181 869 181 346 129 221 225 1 127 82 567 843
182 384 393 394 179 284 296 280 128 160 80 375
183 15 272 272 617 448 428 160 137 121 20 366
184 86 203 284 206 203 199 908 201 41 434 231
185 100 124 282 166 601 84 121 303 365 184 68
186 226 533 21 183 695 734 377 122 95 128 127
187 405 221 85 142 424 74 215 73 330 556 232
188 667 105 589 83 20 462 82 641 212 509 418
189 189 786 206 793 748 256 296 644 950 481 4
190 82 199 258 347 814 52 221 107 127 184 419
191 5 697 697 697 5 57 412 102 812 58 195
192 132 405 543 121 228 342 179 82 422 82 137
193 195 63 809 685 685 845 58 411 57 408 3
194 1001 6 95 13 809 211 152 333 983 114 113
195 192 832 194 58 286 285 254 81 62 99 323
196 200 160 520 832 412 921 880 174 854 285 6
197 172 167 426 285 138 685 174 211 46 355 166
198 197 207 214 294 301 155 589 589 564 174 286
199 301 159 215 183 218 312 14 280 142 107 165
200 178 352 201 820 93 417 170 136 455 417 333
201 18 222 7 451 558 451 487 487 9 19 107
202 198 5 464 5 74 459 616 459 464 338 48
203 204 128 64 511 284 278 343 342 907 907 903
204 199 51 280 486 29 51 280 183 270 28 473
205 94 196 95 196 143 197 198 197 820 129 343
206 588 26 339 40 26 545 36 107 589 215 211
207 183 544 183 3 434 434 165 115 367 106 979
208 411 281 16 290 64 438 27 27 588 600 585
209 587 408 194 208 115 280 130 408 58 803 193
210 300 314 300 142 453 121 21 480 160 294 425
211 152 82 30 367 655 167 53 537 366 218 36
212 253 237 209 237 963 615 393 17 85 86 506
213 182 321 396 60 381 179 342 203 167 14 389
214 342 348 349 262 100 62 546 121 828 46 45
215 197 601 480 20 462 212 253 17 166 405 121
216 592 160 347 180 130 180 810 244 64 171 820
217 340 474 420 282 333 154 282 107 404 687 282
218 1 21 885 21 355 856 83 496 421 448 62
219 172 351 365 314 218 218 312 420 163 434 256
220 47 245 405 411 900 115 163 932 163 411 434
221 312 160 212 856 166 340 464 494 108 478 476
222 187 494 395 61 378 387 394 393 121 173 723
223 73 17 932 296 107 183 285 806 89 271 86
224 256 371 404 768 124 513 546 850 199 53 129
225 225 223 459 695 597 756 311 69 473 489 157
226 232 576 212 612 859 137 129 184 6 426 276
227 519 21 68 329 486 114 417 183 400 306 13
228 309 228 223 316 495 155 44 546 453 491 127
229 229 387 395 557 205 820 654 355 255 366 253
230 375 110 375 514 329 38 321 177 656 176 611
231 257 568 81 494 169 900 438 655 438 437 96
232 575 206 575 851 575 232 368 321 560 321 160
233 333 153 427 950 856 666 324 720 700 661 459
234 930 963 546 493 533 18 225 81 4 564 81
235 610 160 832 193 193 412 845 303 63 195 57
236 533 28 44 765 498 473 551 106 518 211 236
237 162 160 498 65 129 371 105 493 473 627 678
238 92 92 152 49 71 50 433 432 121 371 107
239 234 210 242 237 240 158 159 234 82 327 82
240 159 238 241 237 107 173 546 526 457 562 498
241 238 302 285 571 2 238 209 543 543 523 168
242 240 11 133 27 588 392 379 150 250 495 371
243 159 631 159 210 158 931 294 377 104 103 215
244 236 107 367 249 105 169 251 123 450 142 172
245 337 6 349 321 388 128 424 495 20 420 409
246 430 411 183 278 160 161 754 9 699 953 301
247 7 661 7 956 426 113 444 333 245 263 142
248 309 42 169 33 590 33 38 86 453 615 249
249 765 365 564 158 639 639 158 62 137 6 362
250 182 381 179 741 179 320 533 303 486 458 168
251 135 438 107 131 282 856 358 213 320 157 394
252 84 107 233 601 404 97 97 101 185 800 533
253 212 420 351 283 300 101 97 371 65 334 274
254 366 218 167 60 377 376 394 537 231 278 114
255 160 237 236 237 319 243 211 13 349 122 168
256 366 443 114 184 187 671 375 5 323 162 249
257 425 289 14 18 177 331 464 340 547 113 438
258 802 802 172 180 851 377 391 61 376 841 368
259 89 63 169 128 53 440 497 482 228 82 283
260 336 13 679 679 69 260 89 552 132 211 764
261 93 27 40 119 816 816 169 828 46 83 484
262 342 277 377 61 392 295 932 180 105 16 340
263 564 365 310 445 139 448 447 45 371 114 256
264 141 452 360 570 661 441 84 615 146 187 106
265 359 533 457 562 493 486 365 82 326 932 494
266 12 44 569 44 360 451 569 558 359 754 608
267 466 362 529 529 166 666 420 282 10 11 270
268 19 265 407 7 86 593 196 14 498 232 483
269 420 20 83 121 318 160 423 303 285 208 552
270 129 615 129 87 145 17 18 852 852 18 533
271 366 441 569 558 569 452 11 530 538 306 86
272 322 46 210 489 157 380 166 221 177 409 27
273 209 137 355 283 133 183 272 273 4 990 138
274 334 592 447 473 30 37 370 417 113 847 547
275 160 194 533 333 282 283 212 115 170 424 405
276 276 295 276 295 382 377 572 167 751 41 23
277 296 87 23 337 883 165 256 495 107 356 82
278 409 428 428 160 435 793 613 243 607 255 210
279 62 280 706 694 493 232 177 61 758 316 465
280 909 280 450 705 425 130 776 820 256 133 291
281 105 170 360 498 765 504 504 141 6 859 281
282 65 435 616 602 249 473 393 434 401 65 664
283 226 419 168 440 5 191 282 209 63 278 343
284 642 284 255 434 100 62 498 247 267 12 700
285 481 599 208 194 533 84 326 420 68 400 728
286 174 395 82 166 492 121 23 30 165 438 114
287 106 300 21 254 23 24 494 311 301 89 10
288 371 160 4 586 285 304 369 630 369 252 57
289 425 562 177 223 366 758 288 212 7 430 44
290 531 183 756 183 15 405 367 116 35 339 883
291 168 764 331 177 601 177 409 13 65 639 639
292 284 214 179 180 277 214 343 107 662 300 121
293 12 62 447 428 676 428 140 301 730 82 233
294 493 282 79 121 81 638 480 509 68 418 6
295 250 181 296 321 385 60 231 180 157 387 384
296 179 321 391 60 368 61 157 214 207 197 908
297 215 331 29 39 48 40 245 42 221 248 612
298 160 223 86 753 165 258 474 859 63 365 564
299 551 21 166 84 487 529 332 498 447 933 46
300 106 531 114 36 409 225 86 417 485 318 113
301 138 59 738 809 412 685 64 113 160 91 90
302 5 184 184 105 106 377 127 491 490 106 551
303 59 3 832 160 162 492 162 389 537 405 333
304 252 131 249 362 362 82 219 342 575 231 344
305 949 481 305 132 252 826 195 516 743 516 5
306 13 483 172 129 294 129 87 115 644 166 125
307 588 27 437 89 375 478 160 336 116 338 485
308 494 588 28 820 424 99 290 515 562 533 249
309 183 203 377 179 149 277 203 168 35 367 375
310 78 79 6 195 533 19 160 799 971 778 549
311 366 441 86 290 567 290 567 290 183 210 282
312 221 218 288 613 793 316 905 215 221 480 143
313 0 5 286 481 421 607 419 280 303 57 619
314 21 82 438 31 612 272 269 404 421 856 366
315 519 316 420 108 67 189 287 549 694 493 457
316 253 419 68 424 303 244 963 950 707 19 265
317 223 121 366 10 535 482 437 47 41 17 23
318 615 129 169 183 203 179 377 394 381 380 200
319 160 319 963 950 533 262 511 215 20 163 934
320 308 6 126 723 777 723 825 306 373 373 163
321 533 21 272 290 210 932 44 28 62 216 15
322 533 607 419 495 249 441 649 452 7 5 105
323 768 708 98 404 434 148 160 129 166 242 599
324 466 9 9 661 569 358 264 823 265 9 565
325 10 777 10 69 480 211 283 137 520 408 130
326 473 508 509 81 107 417 318 245 981 76 455
327 6 544 542 440 498 525 967 44 106 90 329
328 375 154 424 68 86 393 121 228 226 518 154
329 128 256 548 116 531 366 445 310 932 419 114
330 556 531 290 108 290 82 215 60 420 28 160
331 464 339 32 32 30 51 820 424 68 300 101
332 213 358 573 7 511 284 681 178 65 366 404
333 129 198 207 5 82 783 424 172 171 263 564
334 446 579 164 16 174 210 365 226 440 159 166
335 124 125 708 97 662 97 533 190 69 81 142
336 251 971 893 971 59 132 249 153 160 250 351
337 511 949 55 55 193 58 373 714 425 425 90
338 115 434 677 434 329 190 299 287 536 298 685
339 135 13 170 301 18 86 353 404 950 474 469
340 79 79 115 318 444 444 301 340 497 562 562
341 248 309 133 206 277 296 107 256 362 430 498
342 107 128 180 172 47 47 981 527 444 547 423
343 207 918 41 95 201 196 593 51 751 167 420
344 262 656 352 346 191 121 647 93 407 526 515
345 262 231 351 81 333 281 82 730 5 496 466
346 180 493 294 160 81 299 146 21 375 477 477
347 180 166 201 206 917 205 51 198 129 186 450
348 342 139 446 13 390 376 283 115 340 521 389
349 179 103 18 143 42 820 63 114 405 296 419
350 851 214 593 822 533 551 298 137 81 283 174
351 157 178 157 387 368 387 667 582 667 533 361
352 347 149 344 176 238 86 753 116 263 245 42
353 486 362 602 699 358 8 9 957 951 957 12
354 353 106 142 151 370 26 251 96 6 21 405
355 420 269 154 492 84 235 234 474 166 132 152
356 258 365 314 160 113 47 48 211 532 17 173
357 81 375 6 141 266 720 525 265 161 496 529
358 43 324 441 473 232 575 149 277 289 277 14
359 754 510 506 503 44 441 602 362 129 789 419
360 951 141 488 141 452 141 957 707 720 720 608
361 151 48 527 48 113 23 153 859 166 83 160
362 303 896 356 108 473 3 252 174 283 131 101
363 81 222 253 62 172 440 460 115 245 337 336
364 433 217 71 71 83 19 11 666 441 360 495
365 12 265 8 86 707 499 407 213 951 44 128
366 223 177 176 656 177 380 60 390 182 213 407
367 31 151 96 470 914 64 61 95 94 483 41
368 440 149 149 167 420 60 280 133 544 105 550
369 630 303 58 162 532 308 581 79 13 340 491
370 37 35 442 48 485 485 86 206 168 484 143
371 208 58 174 252 518 424 99 708 99 434 533
372 513 210 121 80 243 58 494 484 515 13 526
373 964 40 847 263 925 113 486 63 738 281 160
374 505 62 521 615 453 301 228 280 351 167 257
375 357 106 373 508 82 28 270 278 257 342 180
376 320 628 628 389 387 60 103 0 148 262 191
377 150 393 155 495 329 254 531 300 642 121 87
378 182 167 290 256 87 69 679 549 215 17 87
379 295 459 616 320 376 385 321 283 133 291 181
380 232 291 14 922 498 533 128 21 253 142 340
381 379 381 178 539 531 116 38 421 488 922 129
382 295 142 233 101 300 210 513 507 507 314 85
383 383 295 181 378 60 150 149 347 191 601 41
384 388 377 486 327 306 327 10 327 728 5 218
385 395 152 492 166 320 333 444 443 76 444 96
386 377 214 191 365 363 278 199 205 51 486 115
387 381 391 60 177 380 157 396 380 166 314 218
388 377 392 61 296 405 456 64 133 5 82 212
389 521 583 521 86 10 86 180 381 178 575 178
390 13 47 14 232 499 232 65 86 430 308 74
391 320 396 308 169 283 495 316 424 58 42 667
392 379 397 150 150 166 644 64 379 394 103 181
393 380 390 103 389 537 7 161 555 84 37 28
394 394 390 438 82 82 365 506 362 441 720 754
395 82 468 167 133 52 314 82 116 34 339 151
396 321 378 296 121 186 186 345 130 160 290 165
397 379 385 379 164 564 81 911 222 301 423 113
398 379 160 541 62 254 665 212 77 333 152 548
399 168 515 484 143 108 183 326 92 723 173 223
400 336 816 470 171 116 113 96 329 80 169 338
401 562 533 204 377 214 301 268 160 468 148 149
402 258 143 405 158 235 234 269 820 412 81 161
403 133 65 435 533 323 323 323 102 100 640 124
404 586 462 506 362 293 530 358 407 374 503 406
405 304 304 303 81 710 952 81 486 6 3 412
406 498 64 859 366 180 468 160 106 434 147 166
407 856 405 5 189 312 177 601 105 128 94 320
408 880 6 170 82 526 199 13 390 296 284 257
409 25 30 114 971 467 86 7 265 466 64 640
410 62 188 495 42 128 30 13 302 304 405 169
411 728 21 137 301 303 212 223 655 526 199 201
412 102 6 234 282 283 758 61 267 666 11 518
413 143 166 150 397 122 150 379 80 340 115 460
414 414 605 414 645 231 385 380 562 562 425 289
415 86 234 145 239 373 134 373 106 282 218 74
416 327 249 278 82 292 284 255 694 129 184 540
417 160 428 812 601 79 166 308 494 39 480 678
418 299 298 137 286 183 486 714 425 90 62 342
419 351 346 5 611 389 14 426 92 100 97 708
420 222 316 793 613 117 613 537 459 190 162 859
421 393 393 283 61 52 53 52 232 177 13 285
422 601 107 597 58 685 6 296 254 458 160 857
423 892 405 375 671 690 106 132 518 173 777 200
424 311 612 49 19 499 7 249 589 400 560 276
425 791 612 58 285 57 63 355 114 82 568 290
426 231 191 511 5 29 261 119 40 113 129 64
427 153 180 381 393 282 124 64 644 296 121 78
428 651 121 165 25 28 170 170 533 234 132 54
429 124 185 687 404 404 16 379 381 380 160 180
430 211 54 131 64 0 74 21 715 799 971 893
431 288 19 9 8 213 496 602 141 674 754 211
432 162 63 5 115 280 296 254 433 432 84 288
433 186 363 115 252 304 211 236 237 963 235 233
434 161 7 265 804 565 804 565 754 19 265 804
435 127 84 549 104 392 377 403 473 44 129 922
436 437 437 30 116 113 367 160 168 399 183 362
437 89 89 114 318 256 152 271 126 285 281 564
438 30 424 355 62 233 212 162 859 183 88 271
439 115 366 234 210 63 738 285 211 695 20 81
440 24 96 121 36 409 450 160 188 549 189 5
441 504 44 555 82 647 256 304 455 171 171 64
442 318 426 403 53 922 956 430 411 285 121 219
443 116 420 19 570 566 499 19 366 62 154 333
444 527 444 96 116 338 338 251 417 5 232 41
445 917 557 83 44 555 141 913 499 241 440 178
446 461 624 301 157 182 308 581 205 197 13 785
447 322 533 145 422 269 152 258 18 18 53 129
448 62 147 366 63 738 132 518 173 859 193 55
449 414 449 414 916 414 916 414 414 645 231 280
450 93 40 39 38 113 329 183 756 613 756 118
451 141 12 823 9 466 555 266 720 406 533 164
452 265 61 283 601 886 859 366 856 430 166 223
453 83 107 405 329 434 404 768 434 144 283 395
454 84 160 877 160 105 184 42 188 189 540 189
455 438 34 35 464 331 615 714 526 128 419 405
456 405 424 16 209 234 639 234 160 233 235 158
457 62 480 66 121 96 21 303 367 495 5 236
458 486 245 367 115 492 5 24 953 292 231 457
459 589 459 25 361 135 75 48 847 443 444 971
460 80 64 124 82 28 270 515 515 232 556 483
461 335 140 46 174 57 59 481 132 5 557 133
462 21 28 31 82 189 222 420 733 306 723 923
463 463 462 462 58 126 137 809 56 209 909 129
464 128 105 10 777 134 134 74 42 21 695 734
465 786 786 465 809 305 949 13 409 23 116 221
466 754 44 529 558 324 754 62 662 282 662 371
467 142 145 4 271 54 281 301 651 651 173 173
468 160 8 8 950 427 162 184 68 64 455 302
469 474 427 546 820 327 128 377 398 295 395 393
470 590 27 590 470 271 55 194 194 63 718 55
471 84 664 425 4 859 612 131 481 137 481 107
472 284 936 206 86 573 44 486 362 28 116 171
473 471 170 116 118 13 588 169 280 105 478 328
474 514 514 971 582 508 533 321 971 188 80 549
475 300 108 652 329 183 367 96 56 738 412 192
476 375 282 163 5 308 133 62 74 268 295 576
477 66 477 329 64 68 667 187 363 174 46 107
478 183 822 484 822 936 563 936 204 41 42 199
479 381 344 656 122 168 167 206 588 438 34 339
480 638 12 266 324 43 43 569 12 121 401 835
481 58 175 3 63 518 351 214 206 908 207 107
482 301 428 447 140 6 194 408 285 5 194 132
483 205 820 644 296 157 157 681 342 206 346 133
484 232 918 201 278 180 278 405 114 919 847 96
485 221 549 6 21 107 671 81 83 233 84 209
486 664 65 14 128 121 82 531 539 79 226 62
487 451 360 430 425 493 562 285 304 304 303 301
488 421 430 430 5 115 261 753 86 373 528 6
489 16 107 139 592 908 822 908 200 440 426 401
490 518 209 126 2 57 271 282 494 170 473 80
491 548 82 233 244 64 21 364 433 83 209 58
492 48 263 114 362 303 924 96 46 429 334 322
493 562 457 440 380 562 285 168 419 340 310 221
494 268 419 445 557 128 892 128 157 395 83 131
495 16 356 283 61 499 566 247 12 362 16 221
496 498 241 499 466 754 674 558 324 720 266 0
497 78 77 79 116 336 251 96 165 820 421 86
498 765 707 627 420 81 169 82 486 82 53 199
499 566 7 44 407 502 406 506 913 499 649 466
500 502 505 62 133 291 420 666 367 128 450 932
501 358 264 856 153 434 253 509 189 695 228 495
502 503 498 488 499 213 823 666 823 971 777 535
503 213 823 823 521 86 611 66 984 66 469 112
504 674 661 363 174 405 493 87 856 141 488 922
505 406 504 86 855 549 627 971 232 575 280 206
506 288 571 252 740 252 533 525 141 246 430 365
507 507 85 370 151 37 38 40 417 113 62 666
508 62 263 169 81 375 375 121 87 856 560 328
509 473 115 533 320 182 385 390 283 252 6 426
510 754 84 57 683 305 718 5 419 226 225 226
511 342 348 349 348 191 345 130 290 79 226 256
512 160 381 176 65 282 184 329 105 667 69 353
513 124 335 139 448 269 173 155 367 263 531 78
514 13 199 198 129 291 168 515 206 205 14 79
515 413 714 65 430 65 362 441 254 21 152 420
516 743 102 411 816 953 816 96 86 392 387 393
517 5 572 294 301 820 282 509 259 106 582 582
518 83 259 21 690 215 82 282 105 347 681 343
519 227 215 103 201 103 376 397 157 398 377 486
520 59 971 700 267 247 700 19 141 510 8 265
521 134 134 6 89 302 419 300 45 424 290 99
522 523 618 523 706 936 965 936 484 64 914 105
523 332 359 533 820 533 323 185 618 98 99 101
524 72 92 160 426 562 533 168 231 692 130 351
525 707 499 9 266 265 608 264 12 160 217 50
526 450 399 133 106 212 144 283 82 474 950 74
527 96 57 532 308 532 131 126 285 303 145 832
528 5 169 115 28 229 30 26 23 128 900 251
529 487 498 178 232 214 352 377 450 65 206 290
530 533 541 420 64 309 615 669 420 254 62 170
531 249 495 42 17 1 254 107 665 665 685 57
532 162 84 715 20 68 68 220 23 83 329 143
533 262 122 122 168 458 152 345 160 857 191 207
534 440 493 932 153 422 404 217 886 812 208 249
535 13 514 66 146 147 533 590 590 40 24 588
536 83 290 437 75 437 75 40 370 318 82 127
537 268 390 250 379 150 388 388 390 381 149 347
538 777 86 67 146 549 184 129 353 486 263 86
539 160 326 118 21 259 106 28 37 29 28 105
540 86 458 397 320 394 537 537 259 297 259 106
541 405 537 380 177 177 440 5 728 5 481 138
542 183 15 209 282 163 115 283 17 393 145 4
543 813 434 28 545 165 914 753 491 695 607 421
544 790 544 813 450 275 60 377 393 395 201 103
545 442 455 330 556 531 78 160 230 82 50 612
546 518 362 506 503 502 43 407 93 473 493 450
547 333 115 337 419 252 832 145 427 42 133 82
548 365 802 258 365 152 255 17 154 492 160 68
549 309 310 314 74 218 297 218 482 423 47 14
550 747 105 518 355 137 355 333 486 155 105 84
551 303 271 481 83 318 121 219 60 381 342 122
552 137 81 121 543 576 13 79 922 498 65 426
553 553 482 497 482 419 198 820 5 192 2 1001
554 134 133 600 585 813 413 275 177 331 222 495
555 161 129 254 23 107 137 305 366 169 326 389
556 556 531 437 75 470 171 981 361 107 54 304
557 201 167 751 167 94 13 820 486 232 141 141
558 487 213 247 506 406 498 487 332 699 953 40
559 142 357 615 963 237 159 963 121 478 477 69
560 218 85 307 872 309 18 365 548 278 129 308
561 462 506 86 236 63 41 254 121 474 110 258
562 380 157 388 387 42 166 87 654 789 5 469
563 584 272 269 288 83 114 254 114 168 114 333
564 4 58 612 474 663 533 46 129 168 172 28
565 266 11 421 258 410 286 880 2 58 424 526
566 247 12 14 486 53 82 212 7 247 264 12
567 82 249 550 81 490 356 258 198 31 23 533
568 450 543 249 129 802 802 365 371 100 323 99
569 360 569 11 11 754 971 506 661 141 729 649
570 267 247 246 649 84 152 147 189 465 189 184
571 63 419 168 936 14 486 81 58 845 865 58
572 377 189 127 130 14 450 543 543 425 493 585
573 141 506 86 210 21 74 20 62 133 27 878
574 425 90 143 258 152 256 114 366 255 314 17
575 231 656 262 179 342 157 191 681 343 191 645
576 526 413 183 35 34 27 721 229 513 509 306
577 282 300 145 170 136 170 36 86 425 870 401
578 577 366 184 299 146 368 275 276 568 129 231
579 15 933 956 922 79 497 170 16 748 424 280
580 580 580 580 580 580 580 580 580 580 580 580
581 497 79 282 340 491 163 333 81 44 358 504
582 549 64 496 213 956 44 729 649 421 529 166
583 521 86 510 7 421 460 74 64 21 253 222
584 290 572 129 362 7 212 364 165 363 434 572
585 544 81 434 11 7 86 234 166 23 28 655
586 63 826 826 2 114 4 845 699 359 267 608
587 234 282 641 301 169 96 339 438 25 533 29
588 23 964 373 372 64 14 130 191 645 156 381
589 607 87 105 121 168 450 494 94 95 95 183
590 38 258 198 205 86 38 847 919 333 211 333
591 107 295 390 296 389 389 341 248 282 258 199
592 908 918 197 601 422 950 427 473 80 384 495
593 205 198 776 820 644 180 289 482 134 482 419
594 82 80 129 283 60 181 104 295 459 62 333
595 52 61 391 381 176 176 486 270 183 223 314
596 366 577 249 671 551 303 57 683 285 774 285
597 411 412 193 192 323 300 64 665 886 273 15
598 134 373 964 23 62 478 477 108 300 158 137
599 63 89 89 58 455 47 847 417 486 168 611
600 458 275 450 176 318 482 289 280 909 129 161
601 480 480 667 13 47 168 285 172 292 950 249
602 700 332 700 19 570 7 707 525 529 720 529
603 414 370 414 414 479 275 226 405 102 101 353
604 211 138 286 880 58 698 949 481 738 131 859
605 797 14 403 168 544 82 82 188 420 115 367
606 495 20 87 166 377 390 409 710 509 710 971
607 490 128 121 166 42 188 81 169 229 536 214
608 971 235 236 96 234 366 512 512 160 281 64
609 333 736 86 627 333 984 153 474 41 196 282
610 459 17 434 142 31 31 27 33 37 39 35
611 419 180 345 61 389 295 142 217 282 20 81
612 105 431 431 70 152 726 121 357 568 457 421
613 163 366 234 930 301 248 0 380 178 440 368
614 613 613 537 259 83 142 559 258 110 84 399
615 412 252 408 625 412 404 217 84 119 84 127
616 320 379 182 321 177 381 391 377 351 130 122
617 618 820 136 820 16 379 104 392 376 391 368
618 125 424 401 705 705 232 562 568 65 840 232
619 303 263 171 48 38 33 33 37 96 599 242
620 620 86 79 219 181 376 179 191 420 340 371
621 284 160 877 812 252 89 925 114 609 30 339
622 238 176 450 515 440 53 394 320 396 321 395
623 313 560 341 74 495 215 905 74 330 74 438
624 223 314 363 664 84 244 64 133 42 129 546
625 412 102 101 100 86 525 141 19 525 421 471
626 87 353 486 5 5 47 38 25 588 34 29
627 189 67 108 112 373 58 210 160 394 14 232
628 394 103 61 393 421 765 430 672 359 525 141
629 440 65 64 209 812 4 162 71 70 494 417
630 369 88 303 63 812 434 4 698 481 59 63
631 209 160 826 58 455 437 136 338 409 138 57
632 632 376 394 628 379 61 64 10 405 184 419
633 633 633 633 633 633 633 633 633 633 633 633
634 635 63 365 486 172 820 28 172 168 900 914
635 285 155 153 427 339 28 914 165 35 29 121
636 211 506 13 129 188 183 128 87 249 589 282
637 233 83 591 160 296 181 219 218 196 128 127
638 564 638 480 418 190 473 667 69 747 612 105
639 158 930 236 183 278 257 426 114 249 546 508
640 100 96 439 115 355 256 445 557 83 290 282
641 420 624 84 453 142 610 420 783 16 157 385
642 513 474 356 282 662 404 937 937 64 69 356
643 49 153 859 162 2 826 193 55 59 2 845
644 147 87 255 5 728 260 331 225 221 16 771
645 231 65 526 14 440 176 94 533 97 708 323
646 411 981 114 116 32 339 987 411 728 92 21
647 121 356 474 434 226 370 135 455 171 333 925
648 648 648 648 648 648 648 648 648 648 648 648
649 452 421 459 19 499 241 252 89 375 243 243
650 215 42 245 326 118 117 118 51 375 328 258
651 272 272 584 290 130 342 377 122 167 820 154
652 478 356 828 371 208 121 254 340 310 82 261
653 653 653 653 653 653 653 653 653 653 653 653
654 163 434 467 509 972 913 529 466 608 565 9
655 151 34 25 40 39 24 31 24 24 25 36
656 149 575 178 539 78 539 531 340 82 426 486
657 269 365 548 365 672 430 498 61 280 81 533
658 658 658 658 658 658 658 658 658 658 658 658
659 659 659 659 659 377 284 1 280 464 424 543
660 660 660 660 660 660 660 660 660 660 660 660
661 267 247 19 452 452 466 265 957 951 525 573
662 62 708 748 424 93 25 93 39 39 455 925
663 137 571 288 571 4 285 286 13 340 80 92
664 515 14 292 515 450 65 352 191 345 254 290
665 2 283 376 181 869 181 381 548 152 612 31
666 661 9 525 499 501 160 327 105 914 165 531
667 69 958 69 306 169 329 28 41 87 489 929
668 157 391 390 385 82 567 290 494 141 573 8
669 615 145 142 236 236 434 306 5 242 96 417
670 670 670 670 670 670 670 670 670 670 670 670
671 188 170 261 470 151 82 546 245 40 919 455
672 249 210 137 365 224 1 74 495 367 486 377
673 673 495 160 150 397 869 376 342 129 278 149
674 674 661 87 495 106 690 86 86 936 776 130
675 675 675 675 675 675 675 675 675 675 675 675
676 322 933 929 140 447 428 272 409 108 110 258
677 199 301 189 69 551 184 6 994 6 296 254
678 480 356 183 187 189 215 560 329 105 492 84
679 13 2 865 58 62 179 388 379 283 314 189
680 380 397 232 284 296 157 156 179 397 295 320
681 12 569 362 480 66 514 375 91 356 612 42
682 511 284 621 377 380 295 384 60 280 572 434
683 57 411 131 208 4 809 2 286 174 366 10
684 684 684 684 684 684 684 684 684 684 684 684
685 138 211 809 698 131 55 131 455 375 469 474
686 263 168 789 168 206 231 167 776 409 443 981
687 185 768 323 353 768 323 192 2 635 286 249
688 543 82 420 316 1 317 695 147 85 307 537
689 198 64 292 377 458 604 305 481 208 815 685
690 189 679 508 86 94 533 530 161 82 544 303
691 691 691 691 691 691 691 691 691 691 691 691
692 231 167 168 484 572 939 572 484 694 290 256
693 83 210 86 261 171 263 547 245 434 165 280
694 484 822 464 128 495 673 495 300 889 405 169
695 317 695 228 218 167 130 351 346 342 219 218
696 307 65 533 493 14 482 655 482 437 47 437
697 5 232 214 83 173 404 269 252 87 303 209
698 411 411 604 411 338 245 245 424 290 108 473
699 602 362 107 86 459 560 362 483 61 265 264
700 264 700 957 12 661 8 8 856 533 303 170
701 462 411 252 419 253 373 112 896 303 513 66
702 932 932 169 366 147 160 591 591 160 223 459
703 703 703 703 703 703 703 703 703 703 703 703
704 704 107 438 390 368 182 181 181 182 391 376
705 450 62 506 107 417 245 48 47 168 764 74
706 290 290 160 435 163 105 400 400 560 66 108
707 570 161 81 306 612 859 64 134 598 134 134
708 107 284 107 162 859 183 58 921 63 971 859
709 185 100 323 662 97 354 97 708 86 90 62
710 409 272 5 74 311 215 690 447 446 498 411
711 711 711 711 711 711 711 711 711 711 711 711
712 995 712 4 411 54 59 54 56 211 329 300
713 81 419 79 539 380 396 377 312 218 226 440
714 425 870 65 290 130 278 270 14 130 425 835
715 799 166 950 644 489 489 256 114 919 89 515
716 5 730 460 549 460 333 444 263 82 693 82
717 459 20 223 366 147 146 52 128 143 166 194
718 56 718 5 5 306 128 490 249 115 486 14
719 379 60 103 380 320 394 387 380 283 145 21
720 11 359 267 661 121 552 552 285 5 511 118
721 30 44 499 374 166 366 134 553 521 823 700
722 38 171 5 170 96 924 89 438 96 337 160
723 923 326 86 83 654 154 518 83 259 728 327
724 338 48 39 367 133 971 566 247 498 73 485
725 165 165 105 422 58 612 4 305 58 86 229
726 152 49 49 152 86 310 105 223 459 106 358
727 464 727 84 425 86 283 215 347 166 333 474
728 92 105 747 301 89 169 283 300 108 409 118
729 649 649 84 113 232 576 128 169 987 170 254
730 231 645 231 841 719 296 288 405 480 121 215
731 731 731 731 731 731 731 731 731 731 731 731
732 732 732 732 732 732 732 732 732 732 732 732
733 538 498 160 92 20 62 494 458 168 168 440
734 157 668 157 278 114 420 60 380 61 52 368
735 140 429 139 541 641 282 371 323 124 335 274
736 736 160 166 300 45 139 140 448 735 448 446
737 737 271 513 87 404 98 107 702 932 371 236
738 4 63 81 409 418 69 329 165 198 206 65
739 12 560 0 148 280 105 74 311 260 508 533
740 252 615 168 133 971 8 452 421 258 199 338
741 250 113 28 80 375 356 474 38 23 171 590
742 742 614 106 183 210 45 892 828 612 859 546
743 743 102 6 0 316 147 434 353 640 125 937
744 744 744 744 744 744 744 744 744 744 744 744
745 745 453 283 182 394 53 128 165 367 48 442
746 746 746 746 746 746 746 746 746 746 746 746
747 162 103 342 13 164 46 155 18 314 106 420
748 182 283 411 738 2 62 151 96 211 54 88
749 284 734 211 46 329 419 270 493 282 140 541
750 88 89 438 411 375 318 494 191 342 157 347
751 820 343 231 196 201 908 204 206 292 129 35
752 82 303 256 290 563 706 290 160 47 280 336
753 119 165 533 616 320 483 820 47 482 218 199
754 804 264 264 500 466 64 300 312 366 249 159
755 211 546 211 45 424 371 170 64 106 11 525
756 597 651 546 208 54 738 131 481 83 83 128
757 367 338 136 96 469 108 357 108 478 108 111
758 120 18 258 90 459 362 506 407 526 401 664
759 459 29 545 133 120 120 218 219 280 270 611
760 592 929 334 334 272 21 405 828 142 450 932
761 393 254 210 245 546 427 254 495 62 187 106
762 516 2 1001 826 803 859 105 84 411 122 95
763 763 5 183 562 160 218 228 312 85 1 537
764 168 936 168 83 589 357 107 187 473 299 549
765 358 506 494 113 417 62 98 86 274 263 29
766 521 615 83 180 145 83 163 17 431 70 180
767 13 305 489 473 113 423 426 401 562 533 18
768 124 125 353 97 662 166 420 316 1 82 285
769 107 55 3 256 568 357 212 58 285 425 835
770 353 404 107 173 538 777 733 825 306 612 212
771 106 303 571 6 665 272 462 308 121 46 334
772 772 772 772 772 772 772 772 772 772 772 772
773 405 128 256 21 146 549 80 253 106 533 18
774 285 209 88 806 304 57 812 54 131 64 42
775 560 295 472 610 303 630 630 303 170 160 450
776 95 593 377 659 659 659 377 384 393 254 121
777 723 306 325 21 81 509 480 971 406 11 233
778 85 86 153 984 333 172 93 515 6 563 822
779 146 187 215 820 544 585 389 157 301 482 133
780 84 612 4 126 58 105 474 145 771 106 419
781 537 157 64 181 342 228 121 232 457 399 93
782 377 130 621 781 621 160 494 395 389 377 129
783 82 31 162 333 950 80 188 667 473 28 270
784 411 211 420 13 27 258 559 166 209 977 977
785 23 212 172 13 172 292 484 515 177 312 160
786 465 155 58 256 492 165 128 118 301 29 29
787 21 211 6 64 57 619 89 56 57 303 5
788 717 106 145 856 504 430 249 388 61 377 351
789 168 28 351 365 833 856 301 171 423 5 716
790 544 121 27 170 411 986 470 116 73 74 0
791 623 84 544 257 526 14 51 95 93 647 82
792 121 1 255 222 905 222 225 309 73 309 317
793 748 164 579 579 335 428 428 335 579 15 428
794 335 45 371 768 124 300 638 44 213 452 487
795 417 116 34 31 932 82 495 228 226 114 725
796 121 145 147 424 237 252 162 468 258 152 62
797 342 149 180 212 74 187 20 22 173 21 72
798 798 798 798 798 798 798 798 798 798 798 798
799 166 20 183 82 256 291 290 494 84 835 275
800 533 483 533 457 172 450 534 544 817 817 515
801 820 196 820 917 205 198 197 196 218 420 367
802 365 440 65 435 440 365 114 486 165 420 69
803 54 211 58 249 363 188 74 212 253 671 509
804 754 608 466 602 533 333 427 367 366 218 340
805 44 142 74 67 189 460 347 307 301 115 318
806 88 304 971 416 173 105 303 174 520 20 22
807 192 58 880 305 56 2 698 4 126 58 859
808 808 808 808 808 808 808 808 808 808 808 808
809 138 2 516 743 102 743 517 192 193 408 305
810 222 695 597 932 237 963 404 708 62 237 926
811 28 365 223 0 498 602 362 560 386 181 628
812 950 481 2 333 252 59 96 444 300 126 173
813 600 129 820 336 30 473 19 533 185 800 409
814 52 128 205 847 444 981 847 847 919 113 38
815 63 193 845 685 815 815 208 236 87 211 612
816 470 155 17 154 155 213 8 160 361 981 318
817 493 105 48 48 427 367 133 106 747 82 201
818 549 6 194 826 252 166 424 783 424 44 765
819 461 429 15 273 252 625 63 854 420 367 245
820 486 362 160 799 549 694 484 13 478 121 329
821 160 856 355 254 152 166 320 295 82 143 90
822 908 917 557 129 283 157 345 342 340 766 521
823 661 459 467 549 82 151 655 470 816 491 548
824 191 231 168 450 600 813 600 458 82 105 314
825 733 440 366 62 377 395 296 129 457 409 184
826 192 4 271 54 411 252 803 63 486 48 643
827 506 913 506 238 506 499 406 501 452 420 105
828 615 747 612 434 424 170 310 494 151 251 47
829 290 13 13 129 19 121 242 235 303 304 57
830 452 451 496 268 340 268 494 375 16 305 411
831 258 90 90 459 496 362 256 46 164 170 96
832 57 532 162 169 734 157 104 377 177 440 399
833 44 19 61 19 141 951 525 500 266 555 141
834 107 166 430 674 661 505 525 141 293 754 324
835 401 426 280 14 430 441 249 84 268 106 5
836 706 280 822 350 352 191 142 81 418 81 215
837 837 837 107 856 765 86 855 473 105 601 3
838 45 162 31 229 30 39 883 32 654 288 433
839 377 390 387 41 256 81 303 211 137 420 285
840 5 346 294 203 196 16 157 390 61 376 841
841 312 177 177 312 232 936 706 585 585 585 84
842 96 333 641 160 306 21 357 357 329 405 212
843 567 82 132 859 62 430 308 390 381 387 394
844 971 184 115 318 417 64 489 489 210 128 106
845 303 57 54 58 154 252 859 63 44 856 44
846 605 797 605 846 846 846 605 846 605 846 846
847 464 133 291 403 537 231 232 705 232 537 473
848 340 143 258 110 474 166 296 434 187 550 187
849 155 145 571 63 131 142 576 142 133 218 18
850 199 338 229 366 506 83 23 83 586 83 121
851 575 377 166 351 329 495 405 227 227 377 163
852 851 377 380 377 133 307 85 18 249 351 191
853 82 454 84 39 28 896 142 165 26 590 33
854 174 815 194 252 137 208 4 56 303 4 160
855 473 188 508 509 253 166 786 519 61 389 60
856 720 332 500 498 358 602 569 957 19 560 316
857 166 20 183 291 14 178 0 120 79 107 400
858 306 215 188 420 78 114 21 36 10 339 169
859 132 234 238 499 602 238 238 963 82 41 23
860 455 333 107 642 106 249 183 486 714 426 166
861 350 343 128 526 13 336 338 411 122 122 168
862 777 498 967 913 529 141 249 286 5 21 357
863 57 460 493 292 377 296 644 147 106 268 316
864 411 282 745 979 170 36 37 31 27 251 336
865 305 412 305 880 282 45 87 145 147 107 141
866 80 114 106 615 144 145 393 386 295 276 426
867 411 373 86 90 62 226 340 114 155 58 282
868 320 61 395 182 872 309 85 507 507 243 615
869 376 181 393 376 719 52 595 52 377 486 232
870 65 430 166 73 259 536 229 114 256 62 70
871 231 214 419 114 62 12 300 405 105 158 405
872 182 368 377 130 14 493 563 484 129 82 17
873 401 434 473 403 971 93 204 917 207 200 177
874 401 282 252 244 241 240 236 83 236 3 859
875 170 160 8 358 213 359 7 502 332 9 406
876 564 114 129 484 290 294 342 214 176 381 387
877 137 271 57 63 5 198 5 517 743 516 195
878 33 438 30 251 251 23 86 263 338 16 222
879 242 241 234 319 963 142 141 264 160 282 311
880 305 281 174 211 236 587 234 96 173 64 93
881 96 427 17 405 695 227 377 163 170 28 339
882 166 4 82 287 189 465 465 189 17 221 493
883 116 115 443 29 34 151 142 223 220 434 612
884 884 412 271 738 132 532 308 5 309 341 316
885 21 127 377 395 557 128 79 581 557 581 308
886 812 4 114 278 548 365 589 459 20 519 435
887 887 92 86 372 372 42 221 549 160 8 301
888 412 63 209 159 233 612 340 638 589 107 77
889 300 187 16 269 617 592 592 216 64 466 498
890 890 121 820 5 306 326 409 118 597 142 141
891 405 19 533 530 358 331 340 211 402 377 214
892 892 160 149 180 70 107 3 473 170 31 438
893 971 59 55 411 195 286 80 299 549 508 747
894 327 301 474 186 932 153 859 859 832 160 23
895 114 173 184 311 184 160 319 160 10 36 10
896 368 14 181 166 243 434 269 274 46 142 41
897 263 160 278 83 209 587 236 238 498 608 232
898 898 898 898 230 82 12 674 707 61 396 61
899 2 832 587 194 865 56 303 281 552 131 552
900 464 556 556 232 872 85 51 65 870 425 664
901 137 92 480 183 6 738 498 777 554 29 486
902 5 445 581 21 287 494 39 31 123 302 419
903 262 191 284 277 280 65 543 291 14 292 231
904 321 177 229 198 820 166 69 509 418 508 549
905 177 229 177 113 51 970 440 231 692 130 621
906 156 907 156 907 936 206 908 201 143 128 63
907 349 320 349 349 342 191 349 6 466 8 86
908 206 202 623 791 493 249 340 106 129 495 21
909 280 458 813 836 332 358 502 9 499 241 927
910 65 714 526 458 526 403 537 178 413 458 813
911 189 418 747 494 215 717 788 788 717 131 55
912 466 441 12 707 498 441 142 191 160 232 226
913 856 374 5 379 308 211 45 445 310 218 696
914 64 115 169 116 438 417 263 686 263 925 455
915 38 409 421 13 421 452 487 9 487 488 141
916 414 697 645 156 344 200 204 128 23 166 61
917 593 86 106 371 282 249 296 320 103 61 602
918 14 292 950 113 442 318 169 96 75 655 301
919 263 48 96 304 304 809 174 140 617 272 269
920 435 920 435 160 663 187 418 253 434 35 116
921 412 56 738 285 683 281 183 64 269 513 474
922 205 160 906 160 526 221 316 268 295 459 253
923 825 733 923 825 733 440 65 413 526 424 340
924 209 240 931 963 932 210 105 154 654 153 86
925 245 48 981 547 437 25 36 48 39 560 48
926 159 240 237 587 587 6 284 149 191 601 494
927 210 249 2 434 147 377 278 280 280 813 450
928 211 62 736 333 2 812 215 248 696 17 726
929 15 82 46 15 424 233 158 58 803 812 209
930 927 241 232 206 793 748 16 367 165 483 113
931 243 373 86 765 912 466 64 397 295 150 381
932 17 82 28 37 26 26 23 36 486 114 28
933 15 541 209 599 96 116 23 135 361 434 211
934 268 390 409 21 326 409 39 84 478 90 86
935 125 424 367 300 45 139 6 880 812 209 13
936 167 426 167 749 776 409 177 94 350 94 351
937 353 100 100 117 189 377 918 918 917 970 546
938 611 278 365 419 777 538 173 748 160 232 292
939 350 861 350 191 231 278 191 348 342 294 457
940 93 413 275 168 484 290 563 493 572 86 297
941 189 467 106 372 70 372 48 36 442 981 245
942 95 86 822 494 395 390 756 613 613 288 121
943 295 314 161 314 215 541 150 250 181 386 17
944 748 82 401 621 278 129 418 287 509 108 469
945 945 327 6 552 518 954 107 326 245 361 62
946 641 163 612 217 366 366 44 365 129 106 145
947 321 810 321 393 382 377 393 84 83 166 139
948 381 295 391 376 150 166 529 44 213 61 182
949 56 2 64 116 464 116 753 914 28 33 38
950 820 204 65 94 483 41 474 143 419 226 405
951 951 141 420 99 82 739 300 419 87 438 32
952 710 498 160 380 65 840 13 98 323 640 564
953 24 34 5 58 63 283 577 578 577 377 396
954 87 62 493 515 552 4 971 448 334 15 121
955 205 483 41 460 440 447 409 417 40 135 23
956 506 661 452 420 363 280 388 130 122 347 612
957 707 674 12 213 700 499 504 246 499 533 422
958 962 325 96 375 475 375 367 495 315 222 226
959 377 172 183 292 82 357 478 113 925 455 116
960 377 155 213 182 385 82 282 333 361 263 564
961 377 249 493 600 458 93 16 282 65 776 41
962 958 962 958 509 494 27 258 468 223 221 309
963 301 81 356 424 429 155 208 115 355 210 489
964 23 171 40 725 443 527 48 212 405 255 210
965 936 350 13 478 478 325 400 690 282 142 828
966 21 467 434 533 362 7 674 9 558 9 500
967 913 183 542 129 30 115 184 114 329 478 375
968 299 69 189 418 509 434 431 756 183 183 257
969 509 82 142 367 375 475 300 739 82 395 152
970 820 301 159 233 158 159 11 530 246 856 7
971 343 157 385 378 321 162 427 42 405 161 441
972 913 699 500 569 8 44 406 264 86 747 86
973 971 699 506 11 21 173 892 314 255 121 84
974 820 486 357 409 448 140 5 236 86 172 86
975 971 520 54 305 718 5 237 6 527 443 339
976 263 444 114 981 47 220 377 377 122 179 296
977 242 209 5 419 290 263 48 643 393 283 133
978 900 464 444 455 302 333 404 100 640 638 564
979 979 106 163 121 145 518 533 756 375 183 845
980 980 13 579 579 273 271 126 209 63 249 577
981 976 263 62 480 971 360 754 7 451 566 700
982 137 87 189 5 117 189 799 971 627 473 105
983 113 114 444 84 13 156 179 365 224 64 61
984 153 615 513 422 820 166 86 114 365 212 859
985 376 181 541 533 303 142 756 375 480 494 152
986 261 24 30 367 263 531 121 18 85 221 18
987 115 644 489 6 132 121 278 347 612 41 201
988 411 122 150 149 278 157 351 191 148 150 191
989 329 83 458 813 413 232 176 501 176 231 466
990 803 252 238 758 405 748 182 308 532 132 271
991 859 411 281 286 183 53 65 835 789 352 546
992 129 473 493 399 813 440 562 232 204 206 205
993 408 59 5 464 420 7 765 856 246 247 506
994 6 411 194 160 197 918 207 94 65 525 466
995 712 255 295 320 734 156 179 122 376 390 392
996 12 430 14 482 74 756 614 742 166 331 459
997 27 339 179 181 250 103 123 337 6 826 59
998 65 440 562 14 14 563 493 413 542 543 817
999 145 252 193 193 3 160 292 284 342 181 295
1000 292 168 172 377 177 146 368 320 104 376 869
1001 803 54 132 82 230 107 395 396 393 86 117
1002 560 66 514 91 96 21 327 820 107 230 160
1003 258 107 147 615 954 107 68 473 582 418 747
1004 55 285 412 685 298 287 494 308 434 129 486
0 103 296 61 388
1 255 13 767 803
2 6 418 287 82
3 272 272 273 45
4 532 63 665 4
5 99 353 183 474
6 880 305 520 21
7 674 674 430 360
8 12 996 12 896
9 44 729 649 649
10 96 86 466 500
11 498 538 306 434
12 300 187 62 754
13 322 933 335 760
14 450 534 450 542
15 174 56 211 285
16 209 490 87 86
17 726 160 430 5
18 86 521 389 160
19 504 246 498 64
20 92 373 106 128
21 495 83 42 309
22 127 105 509 710
23 820 202 198 820
24 96 24 26 35
25 494 142 571 145
26 28 21 6 252
27 33 590 27 36
28 365 377 365 569
29 5 611 623 813
30 39 28 183 19
31 35 473 28 486
32 251 900 753 860
33 35 39 883 115
34 35 160 963 236
35 38 579 15 420
36 121 546 84 442
37 370 417 160 418
38 165 89 411 166
39 34 26 113 165
40 13 461 448 46
41 167 133 340 152
42 309 312 841 719
43 566 573 160 818
44 661 674 141 64
45 828 896 160 80
46 236 240 236 154
47 444 300 114 158
48 678 509 62 143
49 84 107 494 153
50 433 364 212 340
51 30 28 107 256
52 103 215 331 222
53 61 388 384 80
54 208 208 812 886
55 166 818 166 493
56 408 412 3 859
57 58 84 77 166
58 115 21 405 796
59 949 57 54 54
60 214 377 376 18
61 53 52 595 52
62 180 644 140 335
63 126 723 551 189
64 400 96 80 112
65 835 789 275 368
66 215 103 64 89
67 189 314 223 0
68 16 282 577 375
69 105 569 7 511
70 71 612 282 474
71 49 612 2 132
72 163 473 201 352
73 74 317 221 405
74 260 325 65 199
75 494 100 96 339
76 48 367 470 151
77 950 8 672 141
78 366 230 283 321
79 62 434 308 405
80 64 211 408 194
81 20 145 405 115
82 782 377 167 751
83 506 62 131 163
84 229 23 142 747
85 18 223 314 255
86 395 424 429 15
87 45 533 63 256
88 533 401 621 284
89 169 303 896 112
90 107 163 652 333
91 419 62 203 249
92 21 326 409 447
93 171 299 298 549
94 200 918 908 41
95 232 177 200 434
96 361 417 547 114
97 434 589 434 173
98 155 153 87 183
99 98 404 185 708
100 434 329 459 225
101 102 5 34 434
102 411 784 784 784
103 182 368 275 542
104 283 280 820 106
105 69 108 476 108
106 300 226 222 253
107 253 142 560 496
108 69 362 488 971
109 62 498 411 282
110 91 112 7 504
111 108 301 311 260
112 51 199 41 87
113 950 404 434 405
114 609 609 114 152
115 492 950 55 412
116 133 113 483 178
117 170 301 276 168
118 300 124 124 371
119 427 474 859 3
120 333 516 516 2
121 30 820 208 305
122 179 295 18 376
123 115 280 214 231
124 214 278 377 376
125 404 45 45 461
126 126 174 211 424
127 92 238 931 234
128 204 172 285 137
129 249 533 320 60
130 692 231 14 394
131 411 412 59 132
132 366 310 218 315
133 44 82 27 34
134 64 199 199 399
135 361 62 21 20
136 135 338 263 438
137 21 174 158 240
138 3 158 2 252
139 269 334 274 15
140 335 139 99 82
141 5 572 484 563
142 474 68 82 172
143 128 593 350 822
144 121 13 210 256
145 234 404 937 99
146 299 145 46 155
147 189 215 541 160
148 262 533 582 103
149 148 148 349 180
150 321 295 392 104
151 28 28 62 163
152 186 31 29 473
153 49 19 86 450
154 654 323 192 195
155 269 84 134 867
156 377 961 377 179
157 179 741 103 211
158 89 271 86 373
159 235 236 208 738
160 493 425 84 235
161 107 91 375 81
162 186 490 80 747
163 459 358 856 612
164 446 579 13 280
165 367 375 455 251
166 856 8 466 608
167 18 103 201 82
168 292 1000 14 493
169 753 470 151 31
170 455 116 35 37
171 417 971 805 971
172 533 460 460 189
173 932 531 107 834
174 880 157 381 379
175 252 411 281 208
176 94 486 486 280
177 218 86 310 307
178 413 168 47 339
179 180 148 349 13
180 256 340 274 140
181 162 15 404 533
182 381 387 390 388
183 106 249 462 212
184 513 269 236 211
185 618 617 272 812
186 474 328 91 183
187 160 194 192 516
188 106 671 81 663
189 146 533 154 434
190 69 190 299 299
191 179 320 396 60
192 411 183 302 533
193 812 991 812 434
194 587 587 236 240
195 3 183 280 464
196 200 160 206 133
197 95 207 820 644
198 229 229 37 229
199 204 51 160 366
200 201 107 420 78
201 249 258 402 349
202 198 94 483 178
203 41 21 184 121
204 280 165 251 135
205 196 280 424 153
206 346 294 301 303
207 13 506 409 450
208 195 57 59 132
209 58 155 877 184
210 58 84 513 271
211 84 546 536 20
212 83 273 272 140
213 525 11 133 426
214 351 250 376 719
215 297 73 331 764
216 269 424 20 83
217 654 66 111 110
218 560 218 167 13
219 18 852 851 180
220 220 177 321 379
221 53 128 212 508
222 314 300 255 5
223 330 73 73 485
224 1 155 429 428
225 309 310 222 86
226 128 445 256 63
227 87 166 473 299
228 121 142 10 69
229 119 816 860 816
230 920 230 20 106
231 292 280 95 143
232 608 11 530 293
233 101 581 445 301
234 241 440 152 154
235 963 86 504 500
236 269 434 509 434
237 174 395 389 292
238 506 238 158 243
239 3 2 809 826
240 963 931 238 62
241 243 271 45 15
242 166 107 96 527
243 820 801 41 482
244 13 33 113 83
245 405 187 69 13
246 44 967 504 11
247 506 503 407 7
248 218 220 74 696
249 438 34 54 211
250 368 377 458 129
251 860 438 32 367
252 160 232 65 282
253 166 269 252 571
254 121 548 249 357
255 483 219 74 313
256 473 114 417 925
257 426 129 840 64
258 357 478 543 280
259 818 440 499 440
260 728 733 777 554
261 165 171 245 338
262 344 156 345 345
263 263 169 371 419
264 7 422 129 489
265 533 590 29 455
266 804 498 58 155
267 267 12 141 141
268 405 340 274 424
269 210 174 4 412
270 278 405 543 494
271 211 114 278 365
272 812 160 377 179
273 886 273 4 4
274 549 6 563 464
275 511 5 763 5
276 549 187 549 690
277 284 157 343 350
278 284 642 284 133
279 107 252 389 585
280 228 377 189 710
281 424 233 209 812
282 427 434 231 347
283 320 483 214 352
284 296 83 615 393
285 183 405 371 494
286 486 188 518 533
287 418 549 661 707
288 19 510 525 533
289 180 166 20 424
290 114 121 693 121
291 458 420 282 356
292 167 749 62 17
293 11 324 7 324
294 931 301 63 486
295 376 342 95 206
296 320 308 393 387
297 73 358 8 44
298 507 243 241 241
299 508 299 418 187
300 169 326 733 723
301 429 429 15 82
302 183 280 219 314
303 211 62 333 546
304 564 281 16 337
305 481 281 520 4
306 5 669 783 654
307 177 312 232 167
308 390 391 971 452
309 268 313 295 276
310 314 218 696 248
311 16 642 419 249
312 301 189 726 316
313 295 450 291 346
314 62 811 531 581
315 222 607 533 160
316 979 316 468 180
317 310 218 86 366
318 423 96 427 427
319 236 105 258 38
320 295 86 212 459
321 380 232 413 177
322 13 520 13 812
323 5 134 521 553
324 466 506 366 215
325 327 13 450 932
326 327 20 86 425
327 328 327 6 96
328 91 66 252 546
329 486 155 285 854
330 556 556 14 51
331 29 183 568 65
332 971 700 971 812
333 950 387 667 550
334 274 429 140 541
335 579 592 140 644
336 41 93 526 128
337 93 171 655 149
338 48 261 367 114
339 251 336 160 367
340 165 183 545 36
341 311 268 0 248
342 147 932 820 180
343 180 433 405 642
344 231 214 207 13
345 342 342 493 546
346 5 306 28 473
347 181 172 123 339
348 349 160 428 448
349 6 211 464 211
350 180 434 405 16
351 191 157 250 104
352 377 548 816 437
353 708 371 174 269
354 404 86 173 69
355 183 282 183 272
356 828 16 46 169
357 68 106 280 129
358 699 699 359 7
359 7 407 502 358
360 19 823 570 8
361 27 722 27 170
362 421 457 493 280
363 255 300 64 115
364 211 212 41 612
365 128 483 113 443
366 254 282 589 271
367 363 208 249 5
368 841 869 841 368
369 252 59 845 193
370 443 370 333 438
371 185 353 249 431
372 283 115 63 126
373 197 64 10 326
374 406 499 466 506
375 282 820 776 572
376 122 123 122 468
377 394 379 6 89
378 296 256 107 459
379 61 421 332 358
380 14 312 17 177
381 156 122 656 122
382 379 393 422 180
383 295 331 707 823
384 295 376 283 560
385 157 379 386 379
386 17 307 133 134
387 61 321 232 178
388 296 167 593 776
389 326 733 306 64
390 378 388 164 429
391 380 103 250 368
392 379 392 321 349
393 377 347 160 138
394 60 150 388 181
395 82 131 209 56
396 380 393 104 150
397 295 181 869 182
398 157 214 215 23
399 84 87 208 411
400 400 133 346 105
401 362 401 621 231
402 148 262 301 581
403 426 82 28 365
404 963 473 14 922
405 896 300 329 13
406 358 700 661 267
407 526 290 145 546
408 96 469 108 111
409 207 918 128 214
410 107 36 367 31
411 949 6 389 317
412 57 174 158 2
413 168 543 458 440
414 449 414 697 697
415 852 18 82 269
416 971 679 69 190
417 133 136 251 47
418 582 160 137 211
419 450 611 129 490
420 669 5 97 300
421 434 458 434 30
422 180 434 362 365
423 301 818 62 362
424 462 546 58 121
425 86 714 486 353
426 167 776 342 376
427 160 123 96 369
428 164 579 15 46
429 164 395 107 41
430 8 573 19 856
431 70 932 113 168
432 84 333 87 28
433 393 397 150 378
434 53 232 499 7
435 160 381 160 164
436 437 116 655 172
437 47 38 40 545
438 151 753 548 160
439 115 860 115 153
440 366 109 108 473
441 707 465 707 570
442 263 444 114 375
443 245 444 86 540
444 971 251 115 816
445 531 333 279 160
446 579 334 140 301
447 322 13 655 470
448 448 40 919 114
449 414 414 415 852
450 167 936 129 419
451 487 558 856 186
452 7 161 405 274
453 83 118 116 207
454 258 402 349 907
455 171 114 36 114
456 405 64 209 56
457 65 133 5 7
458 568 130 14 450
459 86 424 153 121
460 748 151 116 896
461 45 445 62 8
462 513 170 411 209
463 463 463 462 249
464 35 170 31 261
465 667 509 81 155
466 912 765 498 430
467 418 253 222 690
468 82 419 445 557
469 108 111 84 18
470 75 36 545 93
471 810 296 212 210
472 295 391 295 308
473 69 549 694 493
474 142 253 83 478
475 375 89 552 87
476 258 91 514 478
477 477 258 559 769
478 183 170 607 420
479 479 414 414 605
480 494 83 214 191
481 950 474 356 121
482 218 183 211 308
483 94 177 61 537
484 515 93 301 118
485 333 5 283 166
486 318 367 666 420
487 558 9 406 407
488 141 8 452 529
489 771 106 356 671
490 459 166 662 124
491 490 63 175 288
492 510 466 86 165
493 585 389 486 165
494 141 602 141 264
495 228 309 73 73
496 64 300 371 300
497 77 333 62 3
498 178 53 232 61
499 707 957 700 452
500 506 374 529 533
501 569 105 654 83
502 500 374 529 720
503 374 503 358 729
504 912 526 93 260
505 43 43 324 43
506 366 254 165 151
507 507 507 314 74
508 62 238 209 977
509 107 820 776 391
510 499 9 498 266
511 342 60 390 395
512 366 131 282 124
513 210 160 551 303
514 474 128 179 103
515 168 822 168 494
516 517 743 743 743
517 5 194 57 460
518 559 166 82 209
519 459 226 518 132
520 13 297 86 47
521 615 253 80 357
522 493 515 65 13
523 387 384 390 526
524 72 20 188 473
525 602 700 358 729
526 426 318 82 932
527 333 87 290 99
528 305 738 809 806
529 7 359 466 529
530 533 20 160 275
531 437 482 331 482
532 131 208 114 152
533 483 345 352 178
534 440 447 440 460
535 340 340 314 218
536 184 366 115 280
537 21 152 153 984
538 530 533 94 64
539 494 115 301 68
540 184 969 509 325
541 405 304 88 121
542 291 294 129 11
543 813 403 425 285
544 212 77 282 4
545 37 30 473 747
546 377 741 377 174
547 361 339 464 129
548 377 249 64 397
549 44 324 65 791
550 187 121 137 138
551 733 420 18 280
552 63 210 271 209
553 340 74 226 232
554 777 10 405 227
555 44 213 407 266
556 531 62 458 494
557 160 427 142 74
558 359 754 9 452
559 769 559 559 160
560 922 14 168 183
561 462 272 140 164
562 497 811 531 482
563 290 437 482 133
564 640 99 708 62
565 9 466 324 19
566 570 264 661 420
567 290 706 523 706
568 568 568 107 41
569 500 699 720 9
570 19 264 441 434
571 552 411 114 220
572 280 121 366 356
573 7 707 872 707
574 65 776 14 394
575 851 852 18 166
576 160 481 738 56
577 333 36 30 764
578 577 377 149 160
579 321 182 499 533
580 580 580 580 580
581 533 35 169 13
582 971 360 44 10
583 521 598 340 303
584 272 812 373 121
585 295 932 255 106
586 282 217 49 83
587 237 62 99 323
588 35 29 459 615
589 400 589 365 245
590 32 590 443 29
591 107 162 404 354
592 269 513 218 228
593 498 14 430 141
594 84 431 288 333
595 52 314 363 16
596 218 340 173 333
597 597 142 163 145
598 340 546 163 613
599 132 131 87 180
600 168 450 212 642
601 83 233 58 285
602 529 720 699 529
603 414 603 414 479
604 458 121 752 65
605 797 14 41 87
606 495 1 351 1
607 106 371 160 319
608 754 565 459 42
609 114 93 64 511
610 142 783 142 424
611 64 980 757 980
612 163 62 390 396
613 117 100 434 283
614 756 227 127 377
615 144 166 125 142
616 320 351 346 181
617 140 617 269 322
618 618 100 424 121
619 5 833 44 366
620 86 598 134 173
621 277 515 270 11
622 238 241 209 128
623 623 458 152 726
624 420 209 63 285
625 4 896 368 368
626 87 547 981 455
627 707 700 332 499
628 295 320 320 616
629 178 65 752 82
630 630 630 369 96
631 631 631 631 631
632 719 296 295 393
633 633 633 633 633
634 635 126 408 5
635 520 303 244 64
636 636 636 211 286
637 637 233 238 176
638 480 66 111 474
639 158 209 420 20
640 371 303 950 481
641 669 615 21 329
642 300 300 892 314
643 17 308 166 351
644 6 949 54 34
645 231 624 491 117
646 646 646 211 489
647 121 154 434 137
648 648 648 648 648
649 121 438 860 914
650 215 53 167 776
651 428 447 473 333
652 419 482 74 340
653 653 653 653 653
654 17 42 756 166
655 301 121 144 546
656 262 342 340 105
657 269 371 490 356
658 658 658 658 658
659 659 377 389 321
660 660 660 660 660
661 754 565 804 232
662 185 125 323 353
663 508 105 190 971
664 93 172 457 231
665 411 123 681 352
666 160 494 395 61
667 387 380 14 403
668 157 150 166 641
669 5 34 590 165
670 670 670 670 670
671 495 107 279 82
672 430 462 463 463
673 495 371 125 640
674 19 288 83 145
675 675 675 675 675
676 447 429 6 299
677 199 301 473 256
678 400 560 282 687
679 971 569 602 707
680 380 0 266 324
681 347 105 84 372
682 681 347 160 29
683 211 460 434 23
684 684 684 684 684
685 665 3 183 165
686 114 366 474 66
687 282 478 477 478
688 543 82 859 411
689 198 202 623 450
690 400 96 369 304
691 691 691 691 691
692 231 841 312 494
693 121 748 62 457
694 290 108 258 152
695 365 451 558 324
696 297 86 518 621
697 415 697 415 697
698 54 738 303 80
699 700 267 661 823
700 957 951 213 141
701 462 463 463 463
702 932 963 546 493
703 703 703 703 703
704 704 107 454 82
705 450 211 924 211
706 290 145 42 115
707 913 141 293 12
708 748 16 128 607
709 353 640 100 424
710 971 699 499 406
711 711 711 711 711
712 4 571 373 552
713 509 509 952 710
714 121 121 183 12
715 21 896 287 184
716 716 5 423 114
717 459 190 299 473
718 63 44 107 343
719 52 53 312 85
720 213 441 362 160
721 27 251 438 29
722 38 409 506 504
723 546 397 379 391
724 160 135 170 107
725 370 427 443 84
726 212 21 114 35
727 483 13 26 34
728 21 260 509 540
729 141 608 61 182
730 64 197 51 371
731 731 731 731 731
732 732 732 732 732
733 326 473 35 170
734 128 474 107 179
735 322 13 318 375
736 160 84 84 419
737 271 5 464 464
738 281 305 132 234
739 82 458 604 305
740 971 729 971 452
741 103 390 13 980
742 546 2 971 343
743 102 101 120 74
744 744 744 744 744
745 979 979 745 189
746 746 746 746 746
747 710 299 710 189
748 708 748 641 160
749 62 137 6 362
750 88 252 160 726
751 51 498 411 263
752 121 490 491 340
753 165 545 34 30
754 360 19 86 19
755 211 195 57 698
756 106 107 233 601
757 757 577 757 367
758 61 376 985 376
759 121 419 405 290
760 546 106 290 206
761 393 103 250 182
762 516 305 131 58
763 763 763 5 462
764 168 284 231 167
765 293 362 283 329
766 766 521 482 483
767 803 767 82 184
768 371 405 129 212
769 107 154 249 87
770 353 354 125 185
771 145 155 46 16
772 772 772 772 772
773 773 773 405 367
774 285 774 285 164
775 560 400 215 1
776 593 340 848 419
777 173 87 166 147
778 85 221 480 678
779 549 288 83 280
780 84 18 424 641
781 52 52 314 405
782 82 179 249 672
783 142 23 83 214
784 784 411 597 597
785 409 29 28 420
786 206 232 608 11
787 21 278 908 922
788 717 131 4 431
789 654 333 329 474
790 544 303 362 16
791 65 409 81 301
792 121 306 128 593
793 613 163 115 166
794 335 164 395 104
795 417 417 438 482
796 405 114 371 87
797 18 223 758 405
798 798 798 798 798
799 447 409 184 419
800 615 249 747 550
801 820 168 585 600
802 172 275 168 543
803 195 2 3 195
804 11 247 267 12
805 44 833 62 505
806 304 455 135 337
807 192 3 89 88
808 808 808 808 808
809 411 373 197 498
810 244 615 129 87
811 77 62 206 786
812 461 624 13 748
813 543 523 601 252
814 344 157 5 163
815 92 887 20 92
816 437 30 93 545
817 543 93 367 261
818 86 189 550 21
819 140 164 429 322
820 121 263 547 437
821 160 28 952 81
822 533 572 533 434
823 8 8 502 502
824 191 166 611 450
825 306 113 443 409
826 252 59 5 134
827 506 293 506 504
828 107 179 160 218
829 290 128 220 47
830 452 823 213 9
831 258 66 64 400
832 1001 990 65 232
833 7 246 499 61
834 107 453 283 128
835 493 543 168 491
836 836 836 523 332
837 107 285 840 457
838 124 142 531 183
839 191 903 907 593
840 840 275 515 664
841 719 719 296 62
842 211 375 96 304
843 290 168 434 411
844 971 859 269 145
845 209 13 771 106
846 605 846 846 846
847 171 423 547 339
848 340 464 23 533
849 252 571 137 285
850 199 105 87 83
851 342 107 284 284
852 852 851 377 548
853 82 104 377 352
854 285 174 2 809
855 473 493 333 230
856 558 359 672 141
857 191 121 356 671
858 306 478 84 166
859 815 815 880 59
860 455 338 434 169
861 350 351 28 165
862 777 69 80 230
863 57 411 102 3
864 411 212 7 608
865 305 13 95 183
866 411 373 280 60
867 411 455 89 252
868 320 60 384 60
869 376 6 305 58
870 425 294 572 290
871 231 167 41 105
872 314 62 430 956
873 401 791 493 172
874 425 285 533 321
875 170 62 509 969
876 564 242 166 166
877 160 20 533 460
878 27 590 86 145
879 242 105 427 212
880 921 58 211 375
881 96 610 160 263
882 166 180 122 167
883 32 165 79 820
884 884 412 520 2
885 21 189 377 368
886 366 174 46 461
887 92 105 422 363
888 412 481 411 3
889 405 601 494 84
890 890 121 261 494
891 405 362 15 183
892 290 563 493 291
893 971 448 335 929
894 327 141 64 828
895 333 370 151 170
896 300 64 354 354
897 263 13 169 65
898 898 481 56 63
899 2 408 993 408
900 165 464 116 32
901 137 194 587 587
902 5 581 301 140
903 191 156 381 948
904 321 394 60 368
905 215 187 74 82
906 156 181 219 74
907 180 350 345 191
908 592 353 98 640
909 87 21 615 244
910 65 101 155 215
911 222 695 459 421
912 504 246 421 452
913 699 406 608 141
914 987 900 251 336
915 38 370 251 115
916 414 370 40 339
917 201 557 83 58
918 41 460 183 121
919 443 527 113 38
920 230 898 481 58
921 880 63 552 89
922 560 400 306 10
923 723 306 366 537
924 845 921 63 845
925 455 245 38 34
926 301 655 470 427
927 234 235 610 96
928 211 131 212 665
929 140 6 489 408
930 234 114 3 175
931 927 926 927 926
932 70 494 539 178
933 448 494 94 294
934 549 19 533 172
935 125 124 214 342
936 284 206 292 822
937 937 125 640 185
938 611 183 518 183
939 232 18 215 408
940 128 160 287 81
941 189 473 35 434
942 95 93 443 40
943 295 82 681 284
944 748 377 959 377
945 409 318 367 81
946 641 748 793 748
947 181 395 201 232
948 381 394 61 392
949 305 56 209 159
950 8 672 8 301
951 360 141 498 0
952 952 710 81 155
953 35 26 13 23
954 615 129 169 183
955 205 925 443 226
956 7 511 346 168
957 12 420 661 823
958 962 325 508 105
959 377 86 184 971
960 377 65 160 828
961 377 344 180 149
962 958 509 508 184
963 926 64 238 238
964 29 971 971 63
965 936 204 200 41
966 189 747 366 506
967 504 374 529 374
968 968 184 5 105
969 509 710 188 508
970 820 28 590 86
971 26 34 37 370
972 913 44 10 400
973 971 700 299 298
974 918 197 41 256
975 971 893 466 86
976 485 76 113 169
977 242 564 338 114
978 900 900 753 75
979 106 329 105 87
980 470 986 261 470
981 48 486 329 365
982 137 412 63 272
983 113 84 87 404
984 153 166 393 87
985 376 376 395 283
986 261 93 714 143
987 169 308 494 121
988 411 209 82 263
989 91 989 989 91
990 826 832 193 57
991 520 412 888 412
992 992 992 129 254
993 408 286 56 89
994 6 473 201 94
995 712 4 281 63
996 12 266 555 7
997 27 37 23 115
998 65 107 283 379
999 145 170 419 14
1000 14 419 12 700
1001 4 174 233 546
1002 560 775 560 19
1003 258 132 859 89
1004 55 685 57 89
