0 313 295 395 557 133 172 51 362 129 515 434
1 147 17 155 173 105 44 114 338 35 282 17
2 13 450 142 100 301 474 68 92 11 502 505
3 195 2 886 217 433 84 393 379 382 295 434
4 411 373 93 93 64 21 405 256 172 424 17
5 269 166 2 249 145 42 329 576 160 551 671
6 949 55 285 2 2 166 250 379 103 395 121
7 672 8 9 499 264 12 996 12 569 365 513
8 293 661 8 107 726 314 184 365 451 161 419
9 502 506 288 433 393 87 353 69 509 212 191
10 96 165 38 258 468 377 398 295 128 21 400
11 621 781 621 301 482 289 425 568 401 365 28
12 266 754 466 160 290 329 28 32 339 443 93
13 304 420 651 546 333 820 100 98 618 618 820
14 922 7 8 141 430 7 247 11 5 681 82
15 362 518 209 166 69 508 82 540 509 473 174
16 46 137 283 107 133 106 222 748 708 599 2
17 62 340 114 226 419 367 32 13 266 525 9
18 376 321 60 495 169 326 183 93 647 93 260
19 573 8 569 12 707 332 9 823 971 809 305
20 28 953 26 251 62 4 809 54 552 481 738
21 115 23 23 953 699 699 529 533 168 13 95
22 301 63 419 450 1 284 681 12 121 105 412
23 26 34 38 474 419 371 132 5 29 473 201
24 34 5 218 268 311 373 714 86 206 207 95
25 361 423 245 405 333 113 423 121 665 175 665
26 438 562 380 65 818 440 368 0 377 491 816
27 722 27 13 53 820 593 94 86 590 533 114
28 46 424 445 139 446 428 107 453 607 548 377
29 31 282 612 424 318 417 361 116 32 40 35
30 23 533 65 752 82 31 170 256 115 261 114
31 31 36 409 785 409 13 900 753 40 160 376
32 533 457 971 809 2 812 448 273 428 140 272
33 40 590 590 409 292 133 333 76 245 333 212
34 28 877 137 57 193 57 460 537 74 366 20
35 62 106 546 155 593 820 93 647 420 212 162
36 442 36 128 6 377 548 337 160 389 104 549
37 35 107 454 189 540 509 473 80 249 404 474
38 592 272 584 272 617 272 45 446 269 45 301
39 33 28 434 820 51 93 493 419 114 896 2
40 170 533 154 209 71 393 60 381 948 381 177
41 282 183 229 30 590 533 252 654 163 473 531
42 87 495 405 128 94 955 955 955 593 199 128
43 407 494 509 513 747 215 400 92 238 89 10
44 549 710 896 828 892 128 932 326 173 142 81
45 300 314 418 68 183 418 68 220 23 427 121
46 424 474 409 51 206 205 172 526 181 397 60
47 107 127 82 188 473 465 473 166 351 518 351
48 443 847 114 48 318 370 26 34 25 10 96
49 297 341 309 95 942 435 440 534 256 357 121
50 84 453 189 314 317 17 223 226 74 316 537
51 118 209 107 233 244 810 520 58 520 63 832
52 595 52 185 800 615 453 212 62 450 342 129
53 231 60 392 376 397 393 150 160 65 86 41
54 89 158 137 272 140 139 140 139 209 15 334
55 4 273 269 5 106 358 466 160 882 166 141
56 520 21 254 345 61 387 380 178 157 537 380
57 64 103 123 96 725 165 483 205 14 706 86
58 166 573 19 121 166 340 375 478 112 84 282
59 809 481 281 13 51 95 351 371 300 283 493
60 387 395 368 157 734 695 129 105 153 86 318
61 60 495 405 308 411 286 411 261 37 39 35
62 747 184 667 128 41 121 44 434 371 249 132
63 252 305 604 305 738 586 63 355 211 255 419
64 171 547 443 443 171 245 337 301 157 180 344
65 325 87 626 87 114 318 64 918 197 167 199
66 117 160 287 800 185 101 380 391 379 182 385
67 86 290 14 486 664 93 513 271 518 254 114
68 329 183 64 80 187 546 441 233 239 373 194
69 287 82 310 309 905 222 187 549 549 74 314
70 186 144 283 28 952 81 300 419 468 224 468
71 71 433 180 130 426 87 21 87 552 126 723
72 106 419 78 581 820 198 485 245 82 552 271
73 221 53 312 317 309 615 253 121 249 856 331
74 696 248 260 331 340 142 222 560 282 183 356
75 36 129 526 82 544 607 420 68 306 256 14
76 417 795 417 113 339 417 437 96 866 96 336
77 282 212 508 418 160 121 154 518 154 5 859
78 548 115 166 347 157 150 376 387 393 719 841
79 205 51 206 160 336 13 172 123 438 169 172
80 249 543 257 450 611 292 83 372 62 44 419
81 952 69 713 509 747 301 173 326 245 976 455
82 58 174 157 180 420 651 427 105 83 329 46
83 203 351 182 150 104 18 14 1000 206 284 621
84 144 166 1000 14 284 179 351 167 776 203 105
85 872 581 308 581 420 373 180 86 297 260 311
86 736 160 25 28 820 201 395 494 395 379 376
87 211 54 481 63 121 329 114 116 207 167 196
88 809 707 566 573 573 11 300 355 282 404 601
89 375 143 420 453 166 142 84 121 127 36 442
90 90 183 714 373 404 353 687 100 98 124 354
91 477 90 106 242 62 184 877 155 249 355 255
92 373 373 112 84 217 431 4 56 305 281 305
93 367 116 183 187 20 887 20 400 183 13 318
94 486 245 301 301 166 282 255 366 30 24 28
95 41 14 206 205 95 450 544 257 450 611 486
96 13 667 105 252 195 832 194 990 1001 193 408
97 533 434 256 183 281 5 281 137 901 137 286
98 185 354 323 708 371 255 215 377 203 198 820
99 708 748 377 907 907 903 191 601 209 155 377
100 98 101 0 309 177 546 518 954 154 173 86
101 131 87 665 55 107 283 104 377 106 169 137
102 6 206 107 44 8 9 9 487 84 49 153
103 232 486 155 236 932 165 41 254 58 698 305
104 18 366 596 597 695 183 272 563 129 161 496
105 155 420 210 546 427 82 963 612 115 96 2
106 420 351 518 256 269 546 453 255 472 284 149
107 226 17 341 295 521 86 453 84 37 86 822
108 329 245 210 137 56 685 137 56 685 685 738
109 366 443 245 434 165 23 249 258 802 802 258
110 121 46 812 282 518 16 543 689 198 128 30
111 478 469 478 13 280 168 263 564 564 748 944
112 474 183 12 82 234 828 5 450 212 163 87
113 329 303 630 303 280 221 73 498 238 241 241
114 24 64 113 176 93 201 197 955 820 343 345
115 169 169 123 122 179 376 64 134 482 483 556
116 245 486 21 17 696 222 80 82 468 160 36
117 117 106 373 311 69 434 211 411 123 95 351
118 279 118 667 160 526 498 43 44 212 453 301
119 76 318 442 245 546 245 443 133 83 211 859
120 79 107 665 212 77 142 210 86 963 643 48
121 99 937 353 121 118 13 351 183 513 303 738
122 515 458 121 531 686 564 365 28 533 515 413
123 302 303 252 369 96 64 10 69 777 10 400
124 125 640 371 99 5 105 326 118 84 86 154
125 354 101 83 84 49 297 248 422 615 121 234
126 58 288 233 88 210 87 303 263 847 464 450
127 129 254 153 513 340 268 73 950 166 485 318
128 93 28 545 40 35 473 340 211 764 377 104
129 86 533 81 129 542 543 294 206 277 206 41
130 127 20 87 131 252 419 106 106 365 363 303
131 271 5 57 305 483 133 30 24 545 785 23
132 46 748 46 446 446 216 46 932 186 162 541
133 113 107 769 62 27 197 205 14 283 362 560
134 133 162 31 932 154 82 87 954 546 226 283
135 47 423 160 388 157 283 212 355 932 393 393
136 417 847 443 93 545 37 31 361 367 340 459
137 138 412 434 489 644 489 771 518 58 215 295
138 285 208 564 209 11 159 235 233 586 481 54
139 342 206 202 562 6 527 333 340 535 13 146
140 644 115 439 115 254 371 236 121 142 211 738
141 12 560 316 73 84 623 623 313 309 74 106
142 62 129 169 531 114 155 546 812 126 812 990
143 326 183 20 282 427 470 96 367 75 494 215
144 212 546 145 105 351 283 376 295 331 615 800
145 591 419 199 201 249 180 381 182 394 947 321
146 13 343 345 346 511 420 63 324 10 134 366
147 254 115 16 222 255 137 303 859 366 174 166
148 149 64 417 245 113 339 438 562 14 203 105
149 206 14 515 275 6 140 447 690 106 303 28
150 295 290 254 114 981 245 115 84 425 90 474
151 367 420 60 295 392 157 347 307 376 103 201
152 271 481 950 913 699 506 44 19 661 363 296
153 422 819 273 45 87 427 612 121 473 249 356
154 107 90 107 450 129 129 165 482 777 733 728
155 363 188 473 299 968 299 508 418 62 168 35
156 645 156 321 295 104 395 321 392 295 459 560
157 346 180 107 65 320 393 433 431 756 225 215
158 639 65 533 515 450 183 486 155 333 172 123
159 460 117 5 128 142 271 45 45 273 2 411
160 210 105 358 505 499 232 1 316 549 934 549
161 661 440 733 923 326 326 733 723 126 211 338
162 217 643 217 340 215 177 459 19 422 42 83
163 72 92 400 173 494 113 32 40 165 167 203
164 429 301 61 150 150 321 351 483 305 57 302
165 900 170 188 82 18 84 431 84 467 69 10
166 453 160 54 249 170 434 187 82 154 152 147
167 751 6 481 13 949 59 949 132 271 46 249
168 133 168 6 237 158 238 236 155 215 311 218
169 438 367 121 158 931 931 931 210 166 114 820
170 82 160 83 128 419 184 121 35 5 527 48
171 455 116 133 308 74 224 560 386 181 368 121
172 813 413 426 206 294 290 114 81 663 188 20
173 155 101 185 640 937 64 6 379 181 321 947
174 84 323 640 564 114 547 318 455 114 36 48
175 3 138 57 412 473 421 23 878 35 464 493
176 129 282 10 160 189 187 16 281 16 164 412
177 178 177 74 485 263 486 5 840 562 177 178
178 180 278 157 157 352 13 337 123 411 665 886
179 262 376 342 219 218 341 222 81 160 286 738
180 130 191 178 14 291 420 13 900 169 5 99
181 150 60 214 434 490 420 99 5 41 199 434
182 389 157 383 377 593 515 664 363 121 458 377
183 329 165 531 420 256 303 59 826 990 193 803
184 173 74 756 390 395 86 177 146 67 74 313
185 371 409 151 339 32 27 336 816 860 336 41
186 450 123 95 917 820 336 336 337 511 949 949
187 366 121 366 58 183 145 83 373 552 160 492
188 667 747 550 212 474 420 326 389 60 122 411
189 312 160 15 448 409 30 128 526 232 557 395
190 299 551 549 480 375 356 183 44 459 62 249
191 342 206 201 121 118 549 69 715 20 142 783
192 2 651 427 252 333 5 820 153 49 50 50
193 4 283 132 242 238 235 84 366 184 877 533
194 195 174 269 139 334 592 321 384 181 395 395
195 809 57 610 459 44 672 7 265 19 264 510
196 282 160 452 7 922 14 280 87 212 144 84
197 160 641 748 367 263 897 263 318 326 169 860
198 168 458 434 533 83 118 420 190 42 86 526
199 917 27 917 199 206 515 277 284 642 16 495
200 776 572 822 484 494 187 105 161 363 16 105
201 231 178 178 380 656 380 53 199 677 199 64
202 623 623 202 201 278 377 380 385 103 162 283
203 121 329 495 367 39 409 590 26 26 35 27
204 283 182 295 16 190 296 342 178 345 350 350
205 820 412 665 6 275 65 280 523 387 157 851
206 214 278 21 28 282 74 226 106 242 233 932
207 191 352 346 342 468 121 145 166 242 5 89
208 133 557 205 820 346 13 476 258 434 812 58
209 541 511 346 511 511 191 178 483 226 17 615
210 926 159 631 631 159 927 963 242 235 233 84
211 495 82 209 252 66 160 446 334 933 446 448
212 233 241 210 3 58 3 158 160 138 412 164
213 608 498 922 53 922 14 231 537 243 236 237
214 294 301 21 355 211 21 520 2 516 102 5
215 301 362 365 430 498 562 840 457 493 464 116
216 46 828 300 121 215 18 222 420 402 402 349
217 132 87 17 120 333 981 485 73 106 467 81
218 308 16 63 718 63 131 87 58 192 194 803
219 222 160 87 243 434 116 251 170 229 489 210
220 220 377 562 440 534 256 226 494 233 173 326
221 745 453 82 474 80 460 419 531 114 263 367
222 341 297 259 297 0 5 191 278 351 122 349
223 612 272 513 19 293 504 971 304 599 481 63
224 560 810 296 87 152 434 10 638 564 640 353
225 309 219 17 221 83 494 366 78 310 218 482
226 371 255 211 532 286 4 55 160 67 533 576
227 222 400 678 480 564 356 13 199 207 200 820
228 17 1 199 917 128 167 128 303 329 66 91
229 31 28 32 883 39 455 437 75 367 363 420
230 282 577 366 169 301 651 597 460 434 116 245
231 575 206 14 394 250 60 390 385 181 321 971
232 440 447 409 177 905 74 690 447 592 908 200
233 107 405 121 81 362 128 378 378 377 621 401
234 238 194 4 58 546 441 249 256 81 225 223
235 209 541 82 426 93 494 544 568 458 647 93
236 62 23 86 218 560 84 317 307 85 85 51
237 160 417 107 46 249 365 365 11 699 332 407
238 158 564 356 490 106 17 282 509 678 274 273
239 373 714 425 65 206 207 116 437 96 337 336
240 963 158 233 166 48 75 48 84 295 150 377
241 233 282 124 592 428 409 169 820 654 211 57
242 235 84 454 62 329 38 13 32 32 32 40
243 80 460 549 69 353 82 222 20 62 238 159
244 233 105 281 6 316 758 288 550 44 550 81
245 485 263 256 474 612 71 288 71 50 48 417
246 298 473 163 72 21 424 483 167 13 579 579
247 267 661 121 201 486 263 527 6 272 447 448
248 218 268 419 462 586 826 809 59 286 160 252
249 282 509 260 21 375 5 405 15 125 5 177
250 526 280 130 621 130 425 835 425 403 971 444
251 115 492 283 252 740 82 53 440 426 92 92
252 273 46 142 285 13 168 280 493 932 86 494
253 283 300 145 999 145 571 303 369 630 630 630
254 256 473 147 83 252 115 404 45 15 429 124
255 82 526 13 476 258 469 375 469 66 117 100
256 355 254 252 812 140 812 193 4 273 45 533
257 342 156 381 394 397 182 397 122 349 13 420
258 424 166 129 542 275 426 206 751 6 305 408
259 508 325 5 235 319 243 211 469 469 89 455
260 74 166 226 228 226 282 124 64 238 700 525
261 753 151 417 333 249 548 1 221 314 215 363
262 122 376 379 382 379 398 157 387 384 60 381
263 151 31 40 29 121 792 121 15 820 153 427
264 498 608 406 264 608 232 64 302 238 13 301
265 141 922 499 440 434 506 441 473 531 173 134
266 213 265 555 82 212 91 143 419 445 133 261
267 265 555 11 19 129 377 316 424 106 480 638
268 1 222 420 316 223 220 23 229 169 638 12
269 173 105 183 302 809 707 913 506 13 12 213
270 278 611 623 450 600 168 346 21 82 252 832
271 88 183 281 571 373 964 23 35 36 218 282
272 84 560 75 427 339 860 816 115 31 107 427
273 273 429 429 139 933 89 158 3 812 282 4
274 334 140 322 929 334 15 447 440 813 93 201
275 200 440 970 51 100 323 271 256 531 282 65
276 549 627 189 5 59 481 685 59 685 412 884
277 515 64 6 194 6 305 489 419 249 489 305
278 486 48 38 258 112 476 375 6 397 181 385
279 62 93 201 204 41 160 440 493 254 458 83
280 14 498 246 421 393 249 131 532 131 132 234
281 859 880 408 96 375 110 474 111 375 329 371
282 153 493 14 289 277 206 41 581 497 170 282
283 0 222 537 221 537 103 526 714 425 403 473
284 472 355 420 19 331 459 29 113 51 232 486
285 142 249 12 14 79 531 434 142 131 411 333
286 410 107 362 459 215 41 180 277 82 427 473
287 80 747 83 62 187 142 184 190 434 474 469
288 613 117 252 601 83 133 464 338 439 115 86
289 231 526 377 379 60 103 368 121 79 77 78
290 145 256 303 87 282 478 160 397 380 65 752
291 232 241 158 239 4 59 2 281 6 170 188
292 389 326 543 493 585 813 280 655 116 135 23
293 661 44 805 971 133 403 129 329 83 84 372
294 342 157 395 181 347 258 108 258 1003 258 142
295 383 181 390 438 114 234 283 133 367 113 444
296 215 82 46 273 273 273 4 625 408 571 252
297 13 340 420 53 280 115 58 412 625 285 481
298 812 252 408 212 462 249 170 318 13 420 190
299 80 356 564 338 245 361 245 339 35 24 545
300 45 273 428 579 446 140 2 698 55 285 371
301 818 440 813 280 575 178 498 332 500 502 332
302 160 221 249 5 230 898 230 5 527 423 426
303 13 271 20 223 212 163 373 964 23 96 816
304 971 452 502 374 504 293 11 44 300 329 106
305 174 405 531 367 363 128 278 292 486 389 486
306 160 327 160 464 129 515 552 58 832 408 271
307 74 468 377 86 377 231 347 681 350 851 483
308 256 115 86 280 909 183 820 153 50 433 50
309 5 232 936 206 231 292 129 133 681 123 337
310 445 51 204 176 65 910 65 290 79 922 847
311 215 283 389 341 309 224 160 468 162 288 152
312 377 147 301 444 417 76 443 13 550 21 495
313 560 12 14 430 672 7 511 309 268 282 20
314 312 218 17 226 275 493 405 537 607 419 129
315 253 259 74 218 17 166 2 131 249 420 256
316 231 172 434 495 351 303 281 305 990 65 574
317 218 310 932 45 15 160 232 321 389 486 292
318 338 252 859 82 458 420 13 40 409 776 198
319 963 612 83 133 483 473 14 390 389 181 179
320 104 60 396 60 321 381 948 381 150 179 203
321 395 201 51 112 357 290 294 203 95 908 908
322 13 184 114 116 38 590 28 106 820 333 176
323 662 662 662 353 365 258 211 271 513 19 560
324 44 12 681 5 237 241 498 205 196 282 665
325 21 306 81 494 593 342 167 280 377 402 211
326 173 64 105 128 464 136 41 207 5 437 900
327 820 801 820 200 196 143 329 69 420 296 376
328 474 111 110 474 154 333 21 513 74 121 209
329 80 249 145 20 480 20 409 417 245 405 116
330 556 464 282 153 142 83 820 86 90 66 112
331 362 459 87 490 932 404 115 411 5 120 5
332 44 21 715 799 549 459 225 283 752 82 333
333 133 568 562 498 602 441 142 559 166 54 281
334 65 129 495 748 13 135 251 172 51 346 128
335 448 274 45 269 173 777 971 325 327 473 105
336 160 207 198 204 6 296 107 327 486 128 378
337 301 113 176 178 345 483 305 131 832 859 815
338 464 128 371 125 97 323 654 83 49 49 217
339 96 924 252 654 26 170 28 133 482 78 82
340 268 459 177 232 556 531 256 303 362 498 562
341 560 73 707 674 510 9 765 44 419 221 480
342 280 263 367 165 261 438 900 115 473 301 184
343 214 176 93 450 211 754 661 518 226 165 41
344 231 730 160 828 121 280 813 275 440 499 358
345 262 160 160 47 135 437 860 978 165 816 115
346 206 196 167 377 204 167 168 206 202 198 387
347 166 320 734 320 166 168 458 813 623 86 404
348 191 130 129 611 292 206 515 177 297 316 468
349 344 381 391 380 397 320 377 227 537 85 317
350 533 360 360 11 300 108 90 183 142 577 282
351 320 380 14 465 61 160 230 20 166 212 42
352 160 400 222 513 509 473 355 255 13 326 183
353 106 90 106 62 70 186 82 543 87 256 254
354 354 354 404 709 353 100 5 157 278 160 251
355 82 211 333 142 593 41 932 81 83 963 950
356 142 467 86 499 608 499 19 661 267 707 569
357 64 87 459 44 332 407 266 12 7 12 957
358 73 218 219 314 301 311 260 92 137 877 533
359 11 358 43 505 406 9 265 19 441 569 570
360 265 957 265 533 877 137 408 4 194 160 812
361 34 32 590 299 184 21 777 971 417 48 976
362 486 114 533 128 917 776 918 51 205 201 51
363 16 280 53 129 333 516 743 516 195 738 59
364 433 431 249 296 121 242 927 930 931 301 621
365 128 207 820 196 204 204 593 482 301 444 847
366 372 48 372 282 83 44 951 525 265 407 856
367 105 155 486 303 159 820 365 401 82 212 48
368 83 458 647 647 434 401 65 483 128 129 909
369 630 369 89 6 211 489 132 434 356 301 368
370 113 250 395 174 408 4 532 520 4 424 125
371 424 880 3 166 28 35 455 261 23 128 346
372 115 82 327 326 325 420 141 569 249 28 283
373 311 188 549 187 146 615 954 154 105 69 212
374 499 246 499 86 426 840 562 568 1 225 282
375 28 811 497 13 179 381 178 342 139 819 422
376 380 0 498 0 250 495 290 106 979 316 268
377 741 741 179 103 104 295 381 479 381 379 6
378 296 105 129 188 971 809 627 420 82 280 206
379 398 295 128 14 270 611 450 212 212 223 105
380 232 156 122 130 377 490 513 121 474 333 736
381 156 321 483 352 347 157 380 390 13 126 586
382 393 384 295 142 236 62 448 140 735 140 644
383 295 486 245 426 426 450 342 181 394 320 380
384 321 156 122 179 342 511 284 214 166 434 183
385 321 378 385 378 179 62 423 417 170 303 166
386 393 121 199 51 65 568 130 122 122 95 200
387 378 181 176 656 122 656 176 656 380 376 632
388 160 377 961 377 384 181 390 376 395 121 223
389 387 385 321 385 389 103 296 395 389 537 1
390 395 250 0 101 97 101 120 146 120 79 47
391 393 301 268 218 307 307 317 307 17 315 695
392 368 181 393 932 154 147 106 367 375 110 474
393 301 18 225 82 468 160 181 378 179 280 419
394 104 288 434 69 108 474 83 273 209 236 237
395 283 86 47 417 361 976 444 464 847 919 919
396 393 17 222 80 815 685 160 539 160 21 118
397 295 434 212 165 13 137 408 826 586 832 586
398 377 394 377 250 0 0 459 19 754 555 141
399 526 82 236 363 351 166 296 392 283 133 82
400 11 20 121 4 1001 4 431 166 168 585 493
401 294 543 689 543 257 130 345 186 433 393 296
402 377 133 336 30 86 82 225 223 86 218 18
403 53 389 64 166 492 160 263 455 171 423 301
404 100 640 114 93 373 121 127 20 259 777 538
405 796 121 99 371 45 269 84 513 271 54 532
406 533 440 438 86 152 254 129 333 252 5 763
407 93 367 212 183 493 791 612 31 142 756 118
408 533 213 466 602 365 377 0 73 498 707 358
409 278 420 138 137 3 107 704 704 107 417 114
410 486 356 434 856 58 271 210 254 180 419 474
411 683 211 48 47 444 443 171 333 417 76 333
412 665 107 747 162 492 518 63 859 173 326 143
413 143 413 562 129 14 196 14 61 250 376 104
414 916 414 645 697 645 645 156 181 368 14 380
415 414 645 191 148 224 224 256 263 338 251 47
416 327 107 153 256 420 118 51 160 342 277 284
417 47 114 919 443 361 31 151 370 25 34 27
418 107 371 87 41 62 63 473 537 526 782 377
419 482 47 318 113 333 252 57 685 193 3 599
420 316 268 549 69 356 81 170 471 671 357 16
421 404 372 494 151 27 93 291 458 172 219 121
422 129 425 567 290 263 981 444 442 478 325 326
423 527 6 667 387 380 103 215 440 533 663 69
424 147 145 856 922 129 343 342 393 612 272 164
425 257 291 183 756 533 88 369 89 62 365 87
426 486 417 925 976 423 925 417 895 114 655 172
427 470 171 160 82 326 327 325 549 44 754 674
428 461 429 15 541 62 211 138 59 685 56 160
429 273 216 428 15 334 448 409 292 953 40 119
430 107 54 807 192 323 618 185 800 185 100 107
431 288 333 847 165 816 96 6 149 284 734 280
432 217 282 80 379 283 280 483 321 379 389 103
433 393 424 518 81 4 424 329 184 107 147 155
434 83 280 277 231 168 285 105 314 218 74 5
435 647 121 316 377 483 205 593 14 12 441 720
436 115 31 33 438 93 201 278 168 450 142 44
437 39 23 116 531 256 338 96 439 338 82 283
438 860 116 860 914 987 170 254 115 208 411 516
439 115 367 16 210 62 84 84 62 586 126 271
440 457 238 239 243 373 515 280 148 280 526 526
441 213 141 11 700 957 213 360 7 332 358 9
442 485 444 443 93 563 272 45 892 300 896 404
443 261 980 261 438 93 337 336 280 201 196 201
444 84 422 533 29 361 339 251 361 444 263 113
445 139 76 5 154 209 243 240 242 599 132 249
446 429 461 592 446 46 424 281 571 63 6 520
447 62 81 300 118 21 72 163 434 371 549 118
448 933 322 322 735 140 269 63 81 16 169 306
449 414 603 414 697 697 414 449 414 449 414 645
450 214 179 160 59 59 738 305 408 685 56 412
451 558 487 496 362 473 404 45 87 812 193 859
452 649 44 82 261 170 64 62 279 333 173 260
453 42 133 62 179 741 377 62 236 244 236 3
454 160 206 291 232 918 232 52 377 389 14 515
455 131 2 587 237 210 46 129 611 623 129 932
456 405 304 271 455 114 211 243 931 210 84 174
457 440 280 1 127 84 664 515 458 121 10 400
458 600 133 208 174 971 729 441 8 301 18 82
459 74 316 468 377 129 450 169 162 45 640 937
460 533 177 65 204 232 219 342 343 13 236 96
461 118 300 475 300 124 142 86 197 172 285 168
462 272 164 63 324 441 105 333 105 546 513 509
463 462 419 473 298 301 686 245 546 526 420 647
464 563 572 822 484 448 273 274 678 68 82 15
465 53 486 280 922 956 426 413 440 215 756 225
466 504 441 213 466 160 21 187 549 549 306 169
467 549 667 409 357 108 409 292 62 98 768 935
468 122 262 191 231 53 465 316 6 517 6 272
469 469 112 368 321 388 384 157 149 191 179 231
470 753 753 978 860 339 725 40 38 245 925 48
471 255 312 218 288 756 613 537 389 628 320 379
472 255 283 129 296 389 376 6 204 218 309 872
473 29 62 283 389 326 932 173 728 535 554 29
474 514 66 375 160 104 392 528 373 404 82 74
475 375 183 655 155 31 438 405 419 296 378 150
476 258 477 258 474 42 163 491 117 5 437 5
477 469 5 859 826 803 195 826 412 826 803 4
478 121 453 255 284 472 284 5 469 89 252 601
479 414 443 26 32 35 367 114 290 357 409 590
480 678 68 932 3 56 137 255 82 104 387 250
481 63 473 412 64 730 468 221 155 133 346 352
482 679 375 51 112 368 397 60 104 393 320 483
483 351 377 389 317 226 365 602 700 566 43 505
484 936 706 936 204 198 689 689 543 813 458 129
485 48 261 119 980 655 301 168 491 117 62 754
486 292 278 363 280 121 828 892 226 142 68 550
487 9 569 9 9 569 957 19 12 452 608 264
488 421 38 33 86 264 65 483 352 178 176 333
489 210 128 16 434 544 303 271 131 64 184 162
490 209 96 866 80 357 301 281 57 54 809 285
491 490 365 506 366 134 134 521 554 419 154 147
492 510 7 499 922 560 913 922 7 720 707 823
493 115 439 96 369 304 54 208 329 514 91 758
494 153 58 121 401 526 440 241 243 926 237 234
495 473 35 114 133 129 346 346 409 306 326 96
496 529 502 452 608 265 466 53 820 13 172 365
497 170 229 721 229 29 32 28 32 367 107 357
498 246 213 533 67 189 690 316 758 223 226 14
499 499 510 84 31 86 105 84 272 448 139 140
500 502 452 649 121 30 62 70 62 306 329 28
501 232 291 133 482 89 809 89 114 300 889 375
502 406 7 324 63 175 137 281 137 812 428 446
503 406 504 407 506 498 496 160 275 840 65 178
504 421 38 590 35 473 211 103 352 352 377 351
505 358 105 340 546 84 649 421 434 308 166 121
506 83 484 232 473 327 6 55 271 46 45 404
507 298 246 499 765 293 420 15 273 448 160 308
508 373 239 243 859 59 96 423 113 169 256 351
509 958 69 86 484 484 232 103 160 81 710 549
510 9 510 525 44 81 400 560 362 7 360 533
511 5 511 511 275 177 18 376 250 61 347 179
512 366 387 380 391 390 377 342 342 167 434 168
513 268 221 248 366 83 221 225 282 546 803 252
514 108 81 508 480 21 249 23 878 23 116 151
515 413 214 214 82 189 509 518 173 300 475 375
516 516 6 183 145 147 106 105 142 820 301 27
517 2 586 233 124 45 269 404 412 552 137 21
518 166 950 651 173 549 540 189 127 82 261 169
519 21 253 121 29 339 79 497 424 308 434 593
520 160 672 8 823 8 358 530 11 555 19 160
521 134 554 521 295 368 86 373 194 59 408 571
522 563 290 356 107 87 153 86 932 932 404 45
523 522 563 572 167 342 377 351 377 745 189 21
524 72 21 777 86 238 252 121 230 121 228 121
525 265 19 7 674 661 247 7 8 11 106 820
526 199 526 419 474 153 17 107 704 107 371 255
527 5 420 121 752 82 555 856 661 570 570 360
528 271 301 52 301 926 158 300 268 223 655 367
529 487 558 359 700 602 602 182 167 908 128 495
530 365 179 339 47 96 455 114 443 527 318 115
531 62 44 951 666 12 560 218 316 6 665 212
532 286 285 88 54 803 54 59 481 950 266 0
533 172 424 83 44 672 406 672 44 166 950 644
534 450 228 450 714 172 180 214 301 963 932 114
535 554 62 480 564 281 56 949 949 698 281 174
536 214 107 591 96 725 245 48 442 36 121 552
537 460 615 145 4 586 738 132 58 244 301 171
538 326 409 474 110 478 176 214 177 13 128 205
539 77 539 531 107 80 286 80 340 445 133 29
540 952 509 306 400 92 20 728 20 420 340 10
541 209 42 343 157 150 250 387 104 390 157 64
542 129 548 283 393 380 120 232 501 499 505 358
543 168 133 333 114 892 124 662 300 11 211 6
544 568 1 316 297 0 101 185 99 139 107 83
545 785 409 65 910 65 200 204 94 205 581 872
546 7 11 183 365 531 363 105 283 380 0 148
547 339 165 167 776 198 205 922 499 502 7 358
548 143 108 301 298 507 507 314 189 460 419 611
549 465 786 160 352 351 129 44 499 406 9 699
550 189 160 104 160 717 131 285 211 56 4 712
551 679 508 473 108 109 108 67 160 180 172 64
552 552 738 481 412 884 412 845 408 517 408 56
553 134 5 29 27 494 918 820 486 14 51 197
554 134 133 155 393 107 372 87 473 434 190 311
555 720 498 14 593 51 201 283 420 115 820 166
556 483 157 52 377 149 148 225 17 441 160 226
557 160 776 41 160 15 446 448 812 160 287 21
558 569 661 8 301 356 16 263 115 87 300 268
559 282 191 346 180 157 380 160 353 121 355 654
560 12 564 158 926 301 8 856 58 303 665 812
561 462 173 114 96 339 34 40 30 129 88 121
562 202 206 231 820 618 185 709 353 592 272 428
563 822 563 494 576 93 29 588 392 588 34 26
564 876 564 242 160 28 338 136 464 291 420 174
565 9 510 661 121 612 17 223 756 223 282 105
566 707 823 570 267 264 856 434 509 13 79 420
567 843 567 425 285 625 4 425 121 30 35 339
568 1 74 950 333 36 25 133 170 310 170 6
569 362 331 358 765 525 213 247 7 112 112 37
570 247 570 264 264 247 661 570 566 358 602 238
571 520 635 137 13 520 859 832 131 373 283 128
572 822 593 340 777 482 483 13 58 286 635 126
573 856 44 549 877 812 282 209 42 87 304 211
574 280 232 820 47 417 438 390 381 176 94 201
575 342 13 980 119 40 26 135 338 724 338 252
576 160 284 203 198 198 200 204 206 95 122 468
577 518 87 153 50 50 152 458 64 157 379 164
578 577 757 980 367 165 290 294 214 178 177 656
579 429 446 301 337 123 103 352 206 205 167 351
580 580 580 580 580 580 580 580 580 580 580 580
581 581 531 363 114 527 263 245 40 427 261 51
582 211 661 700 247 12 358 504 529 504 494 113
583 521 217 70 84 585 172 28 128 133 346 342
584 86 42 19 525 9 661 7 406 407 498 569
585 493 546 422 145 239 4 138 412 971 277 231
586 194 58 305 208 137 408 462 21 82 116 896
587 412 105 544 133 60 172 115 978 900 115 460
588 29 40 427 153 155 363 152 211 809 5 303
589 459 329 245 367 75 753 75 339 464 128 377
590 23 33 13 440 13 588 35 261 75 253 184
591 96 173 932 180 107 64 440 970 440 458 542
592 160 478 258 111 66 117 409 25 29 113 473
593 434 153 282 690 447 409 10 96 76 485 443
594 82 191 824 191 6 880 2 285 160 209 71
595 52 537 368 301 93 789 5 133 333 154 434
596 218 201 51 13 263 47 96 481 138 160 389
597 142 125 640 45 419 172 204 936 484 86 368
598 521 86 153 249 367 367 892 340 482 47 76
599 304 455 271 145 145 239 63 88 54 949 552
600 133 346 346 346 291 420 490 249 222 331 482
601 57 5 97 100 301 171 13 351 166 856 405
602 466 498 804 565 823 674 504 500 504 494 593
603 414 414 443 93 114 170 438 33 878 35 168
604 57 286 738 4 430 64 177 344 344 149 278
605 414 916 414 645 231 575 280 133 155 285 15
606 495 87 365 530 358 729 441 44 63 2 571
607 106 226 254 165 186 533 818 86 765 246 44
608 452 570 566 407 494 539 77 282 589 256 748
609 30 23 121 255 329 82 366 311 16 356 549
610 459 25 30 151 34 23 30 424 172 133 208
611 176 65 352 180 166 158 950 73 259 818 189
612 50 217 431 217 121 129 275 129 303 513 124
613 756 533 171 443 919 847 171 41 165 932 77
614 614 106 145 462 254 186 492 166 226 17 342
615 168 276 560 518 434 353 86 280 47 86 114
616 320 296 342 468 495 17 147 615 404 17 424
617 140 83 236 46 107 859 195 193 411 717 131
618 353 129 93 121 478 469 96 211 103 393 321
619 303 107 172 292 953 24 997 27 13 95 199
620 290 14 339 116 434 255 303 62 128 133 400
621 342 345 61 533 141 957 9 421 471 810 88
622 238 525 8 8 62 340 128 197 172 231 65
623 611 450 399 93 417 455 48 27 33 24 609
624 84 336 30 169 438 390 157 283 601 166 662
625 408 993 408 211 434 161 265 161 707 627 809
626 87 661 420 28 329 286 520 520 160 103 157
627 707 19 288 288 432 433 186 226 232 705 232
628 181 179 103 201 278 13 211 44 951 360 569
629 178 413 458 121 125 354 125 185 708 371 106
630 303 263 301 132 552 515 94 593 205 201 197
631 631 209 62 498 488 529 506 11 247 12 674
632 376 61 707 809 301 423 47 129 695 227 226
633 633 633 633 633 633 633 633 633 633 633 633
634 634 634 635 63 371 169 106 462 121 544 183
635 520 2 612 173 416 327 82 283 420 651 121
636 211 121 828 546 226 42 183 518 256 304 809
637 209 240 11 209 411 263 283 365 405 304 271
638 589 215 103 385 389 377 490 186 490 107 158
639 234 926 243 820 204 65 200 562 232 14 65
640 564 114 976 76 976 485 443 13 535 164 285
641 641 424 303 365 833 856 166 453 420 188 62
642 254 256 493 333 361 133 106 73 309 309 268
643 49 84 71 612 424 612 347 105 533 194 373
644 349 64 549 679 663 68 80 64 859 89 434
645 231 196 128 95 143 326 326 87 45 16 355
646 131 83 71 71 209 271 305 243 84 443 976
647 458 515 122 397 122 123 251 338 48 50 84
648 648 648 648 648 648 648 648 648 648 648 648
649 441 264 19 42 492 932 404 83 355 105 87
650 215 262 62 187 80 679 81 105 518 249 42
651 511 342 621 11 566 358 65 426 113 114 80
652 333 121 172 143 413 168 615 459 268 313 309
653 653 653 653 653 653 653 653 653 653 653 653
654 355 142 747 160 135 116 655 37 35 33 34
655 35 160 3 405 263 245 367 340 513 66 111
656 231 201 197 197 207 918 95 41 152 92 685
657 269 272 269 15 13 30 37 34 590 470 438
658 658 658 658 658 658 658 658 658 658 658 658
659 659 659 659 659 377 321 560 1002 560 21 11
660 660 660 660 660 660 660 660 660 660 660 660
661 252 924 211 405 288 84 57 126 271 55 665
662 185 371 185 618 404 249 431 83 340 116 531
663 69 10 133 27 82 410 258 424 4 170 151
664 401 621 284 168 183 509 969 184 256 333 28
665 58 138 252 82 151 48 171 172 180 153 615
666 367 105 170 188 106 490 149 344 381 391 379
667 533 504 8 86 212 145 434 83 160 148 224
668 157 301 173 105 347 179 388 379 320 434 153
669 615 58 162 432 121 252 66 90 328 514 474
670 670 670 670 670 670 670 670 670 670 670 670
671 551 663 187 74 872 61 390 438 170 282 533
672 406 44 106 226 301 641 424 495 314 255 210
673 673 495 203 829 523 14 465 549 215 255 421
674 267 661 252 601 886 273 274 448 617 618 100
675 675 675 675 675 675 675 675 675 675 675 675
676 322 676 322 592 908 205 820 232 936 706 694
677 434 23 590 590 30 336 136 93 176 318 976
678 311 17 532 107 153 58 304 89 369 630 303
679 137 139 282 586 59 990 3 194 193 1001 4
680 380 376 841 368 283 253 249 166 431 4 425
681 157 157 681 157 321 483 764 74 259 74 219
682 511 5 102 98 100 820 908 593 201 196 196
683 131 54 54 89 215 812 886 59 408 990 2
684 684 684 684 684 684 684 684 684 684 684 684
685 826 195 59 138 86 83 41 115 42 405 133
686 564 258 16 783 142 236 82 333 976 485 333
687 353 97 102 323 3 6 126 4 55 59 63
688 543 291 280 336 165 251 96 2 587 832 612
689 543 543 813 836 332 141 699 359 44 498 360
690 86 395 157 382 295 162 417 258 107 77 950
691 691 691 691 691 691 691 691 691 691 691 691
692 231 262 344 262 215 53 221 1 317 295 521
693 83 513 272 272 812 298 551 733 825 723 306
694 493 585 389 377 277 180 84 404 371 495 107
695 491 695 222 87 17 615 253 184 249 377 734
696 222 64 685 845 859 62 390 103 295 398 377
697 156 734 157 851 377 546 970 440 629 178 381
698 411 412 412 520 195 586 738 59 520 155 512
699 358 266 804 264 358 560 363 531 212 41 30
700 498 447 473 296 395 80 271 408 281 859 132
701 462 20 127 227 74 764 541 150 122 377 295
702 932 812 126 405 405 283 263 151 470 261 51
703 703 703 703 703 703 703 703 703 703 703 703
704 704 704 107 340 848 340 226 121 10 340 86
705 450 493 282 252 193 812 272 563 493 82 420
706 290 145 42 169 165 82 99 101 98 125 935
707 499 913 358 608 499 9 9 569 360 265 608
708 62 230 80 81 367 932 254 153 333 23 964
709 404 618 820 200 176 65 425 513 655 419 18
710 189 551 663 189 473 187 160 142 450 160 113
711 711 711 711 711 711 711 711 711 711 711 711
712 4 412 271 46 340 115 208 4 160 261 48
713 81 105 69 69 353 768 935 100 117 613 756
714 714 526 526 426 290 843 567 567 82 199 41
715 21 105 69 678 747 215 42 187 215 201 201
716 5 423 96 2 57 304 252 138 126 138 58
717 131 949 56 281 424 183 413 232 440 840 275
718 5 308 462 211 236 319 158 63 366 856 105
719 376 394 379 390 388 104 157 389 385 389 150
720 555 44 12 300 329 424 269 434 64 434 132
721 27 721 28 655 116 816 455 115 474 282 115
722 278 199 196 95 450 581 533 249 28 283 129
723 923 326 543 424 543 222 255 283 388 387 395
724 338 252 288 19 362 160 285 2 192 192 5
725 370 113 919 443 423 443 48 423 62 548 116
726 85 467 17 226 17 21 64 6 96 728 5
727 464 727 84 419 611 493 424 142 133 60 296
728 327 105 288 58 58 366 282 559 559 769 559
729 141 452 700 499 182 213 360 549 188 160 395
730 64 601 536 20 409 624 491 753 470 151 62
731 731 731 731 731 731 731 731 731 731 731 731
732 732 732 732 732 732 732 732 732 732 732 732
733 440 206 291 346 180 301 244 233 105 434 17
734 128 203 280 340 612 105 147 695 316 695 424
735 322 447 447 446 335 269 256 495 222 331 222
736 107 230 282 223 314 365 212 859 845 4 612
737 737 737 737 271 455 271 211 434 158 242 533
738 738 56 826 1001 2 211 83 191 122 349 179
739 495 62 377 103 376 385 393 162 71 121 748
740 82 210 137 371 351 172 802 256 3 89 91
741 179 62 531 115 370 47 129 418 508 533 461
742 742 166 18 852 18 797 14 498 499 43 505
743 516 6 183 478 543 672 365 180 82 474 477
744 744 744 744 744 744 744 744 744 744 744 744
745 453 115 361 13 483 340 86 94 486 21 36
746 746 746 746 746 746 746 746 746 746 746 746
747 86 19 434 593 142 665 411 281 698 552 82
748 105 589 271 2 803 54 281 64 140 46 473
749 167 51 346 511 118 409 316 537 243 607 393
750 88 88 137 169 366 312 494 94 486 377 468
751 51 445 340 78 424 329 405 828 612 58 96
752 82 340 419 101 100 687 107 129 533 86 191
753 491 117 491 624 21 495 211 450 228 223 177
754 324 971 554 134 523 543 105 351 178 440 160
755 211 153 142 615 153 16 282 121 433 233 238
756 223 117 121 615 146 187 283 434 489 105 450
757 577 578 577 333 427 86 521 482 521 598 598
758 366 173 96 847 113 339 245 210 62 137 160
759 459 473 87 419 114 212 363 28 35 13 418
760 335 446 272 273 269 282 21 64 482 423 370
761 393 250 0 0 238 62 4 412 285 301 166
762 516 102 812 447 447 676 322 429 322 139 99
763 763 763 5 351 365 258 559 559 518 366 248
764 74 62 282 107 932 174 233 532 520 685 826
765 504 967 913 7 754 804 498 205 198 64 411
766 521 583 521 615 493 460 225 148 149 148 149
767 13 79 133 445 77 79 6 429 461 592 269
768 125 62 666 166 226 14 12 430 19 331 260
769 62 107 169 107 154 419 340 62 457 294 526
770 353 98 100 768 124 662 166 820 5 57 58
771 64 496 213 358 8 7 672 160 210 300 128
772 772 772 772 772 772 772 772 772 772 772 772
773 405 495 459 331 19 555 11 956 498 241 232
774 285 286 59 619 59 845 89 10 143 340 107
775 560 215 434 61 103 741 377 526 399 93 41
776 204 593 917 970 820 654 121 548 256 434 231
777 340 211 329 113 419 290 572 563 86 459 453
778 549 550 434 100 937 353 15 334 448 592 446
779 146 549 67 74 460 115 115 252 738 481 160
780 84 134 64 140 335 448 933 429 446 446 498
781 621 377 350 939 350 377 378 181 179 378 385
782 377 130 172 115 339 10 173 748 300 183 209
783 420 458 168 515 434 419 333 419 652 478 514
784 784 784 784 784 784 411 373 184 142 147 249
785 13 421 481 599 209 424 105 404 323 353 796
786 64 2 635 2 481 6 466 555 266 525 505
787 21 274 86 373 58 950 260 325 143 143 478
788 717 106 74 18 146 533 84 160 190 184 114
789 835 65 177 562 438 5 900 251 165 883 116
790 544 121 242 13 47 26 35 165 75 261 30
791 425 129 438 87 255 545 438 123 123 860 860
792 121 152 345 160 353 99 173 22 127 130 280
793 206 197 95 450 494 563 493 440 434 200 908
794 335 322 272 322 45 838 124 185 100 98 107
795 417 444 333 422 145 115 439 338 900 168 167
796 828 64 482 553 553 554 340 211 552 55 3
797 342 381 149 349 262 402 148 150 377 376 368
798 798 798 798 798 798 798 798 798 798 798 798
799 189 87 363 16 132 118 511 7 502 529 720
800 185 640 353 125 125 424 109 108 301 100 51
801 41 5 57 604 211 252 611 211 258 402 148
802 258 90 258 256 412 238 622 238 242 160 159
803 412 305 683 412 3 286 286 411 96 261 980
804 971 325 508 10 96 20 173 115 820 283 125
805 971 700 11 406 502 11 209 639 209 235 244
806 809 826 193 6 563 493 522 523 387 384 182
807 5 481 5 337 338 263 424 151 438 263 547
808 808 808 808 808 808 808 808 808 808 808 808
809 412 685 138 211 6 486 201 205 917 94 176
810 180 468 224 218 316 17 166 181 155 429 216
811 79 922 205 160 171 26 171 318 82 147 434
812 4 252 132 371 708 353 121 282 160 128 892
813 600 133 261 37 30 115 152 160 162 195 4
814 58 87 405 601 3 175 532 4 431 288 175
815 520 252 272 15 121 145 333 128 254 147 424
816 548 753 75 253 106 46 334 929 335 447 273
817 515 290 62 23 96 24 953 28 811 77 539
818 160 279 62 366 531 173 434 215 214 483 377
819 422 42 427 151 753 548 82 151 409 21 489
820 133 336 260 728 327 10 143 62 74 142 151
821 163 105 48 76 318 547 455 251 860 438 263
822 563 936 965 936 168 533 94 204 198 41 166
823 823 707 570 12 896 892 314 283 405 695 459
824 191 681 284 936 572 533 679 13 238 243 158
825 923 733 306 91 419 591 160 549 679 460 549
826 408 6 157 128 932 131 932 932 404 185 800
827 506 510 141 204 232 178 14 426 93 128 81
828 796 828 546 272 216 579 334 592 446 322 15
829 168 494 229 338 365 377 403 133 420 123 122
830 452 8 570 700 359 570 700 956 7 430 280
831 258 282 226 62 586 738 498 160 480 405 362
832 412 888 412 64 87 77 546 252 411 2 859
833 856 498 160 35 409 51 557 205 917 207 200
834 107 591 83 308 16 169 30 367 36 183 564
835 789 93 165 847 922 498 593 515 176 423 527
836 813 458 647 420 18 419 405 16 153 820 212
837 107 492 678 68 357 184 582 971 893 466 608
838 45 405 371 161 434 249 661 754 161 121 83
839 191 645 697 645 156 321 483 167 182 376 295
840 232 498 205 557 917 196 167 296 288 71 433
841 312 420 280 167 515 515 168 198 203 121 367
842 211 845 2 564 748 106 169 329 21 367 39
843 290 426 285 305 194 2 803 990 281 63 255
844 971 804 266 266 11 265 452 12 560 328 357
845 699 359 496 359 141 420 152 420 301 357 474
846 605 414 697 415 852 851 191 349 122 95 908
847 114 256 212 268 496 560 74 254 114 263 300
848 445 366 217 431 83 180 433 405 758 143 375
849 57 281 333 145 106 642 83 820 493 585 706
850 546 184 971 430 166 143 474 476 478 110 110
851 377 228 519 61 440 562 232 368 60 378 17
852 851 852 18 696 17 315 218 222 315 218 225
853 82 184 184 184 298 160 828 169 860 914 338
854 420 291 206 51 206 128 474 82 546 221 21
855 473 550 434 828 353 142 68 212 269 166 44
856 362 331 222 215 295 150 379 392 528 6 397
857 166 152 431 212 329 69 311 341 389 341 316
858 306 538 92 818 160 318 176 333 981 318 725
859 89 302 285 458 142 559 283 371 404 100 404
860 123 900 978 860 438 436 115 443 437 336 860
861 350 191 231 621 377 130 426 621 426 65 998
862 777 134 766 521 482 79 115 261 30 263 405
863 57 552 520 121 601 84 478 111 474 186 531
864 411 3 812 208 434 459 495 377 378 157 388
865 2 434 856 7 19 362 549 679 663 549 710
866 411 163 154 647 221 160 857 191 207 167 491
867 96 327 945 945 409 443 333 165 169 107 47
868 5 252 241 927 930 235 420 128 51 256 80
869 841 397 296 321 283 2 13 840 232 160 55
870 65 840 562 14 93 513 154 252 107 206 149
871 231 537 380 182 379 283 254 128 207 94 483
872 74 152 21 355 896 300 892 892 44 300 371
873 401 362 473 106 582 160 882 166 641 371 494
874 401 493 278 157 321 546 211 305 132 118 51
875 170 133 168 600 450 544 544 817 515 206 751
876 564 209 15 285 2 102 101 404 709 185 124
877 137 283 280 424 124 335 579 592 160 539 494
878 23 427 96 302 419 482 89 159 210 235 234
879 242 879 242 210 513 66 338 464 116 329 375
880 6 3 283 186 256 145 81 16 311 260 20
881 96 361 25 438 336 165 438 251 971 26 590
882 160 127 36 31 143 108 155 150 104 295 376
883 32 37 655 231 385 295 390 491 753 115 23
884 884 884 412 286 174 971 700 498 720 754 360
885 887 885 887 20 86 41 87 642 254 62 445
886 273 252 48 455 116 118 300 405 303 340 10
887 885 728 885 728 327 326 84 250 393 385 82
888 412 411 988 24 31 254 256 256 542 526 495
889 828 233 82 151 427 151 85 218 183 113 280
890 890 121 165 427 105 17 42 187 160 78 121
891 892 28 21 695 734 377 250 61 503 506 529
892 423 485 442 245 424 308 5 99 98 768 101
893 466 529 421 471 472 610 89 10 160 526 493
894 327 160 340 459 222 1 106 467 86 275 60
895 333 76 139 140 269 140 273 46 46 812 160
896 892 405 64 141 86 362 28 371 494 375 340
897 263 96 46 211 546 397 632 719 64 232 483
898 230 107 340 106 671 249 212 86 318 160 195
899 2 59 192 412 473 232 18 160 221 468 107
900 438 96 337 424 4 845 252 175 288 105 183
901 137 81 141 232 51 205 14 203 277 621 160
902 5 440 526 232 226 513 906 513 303 62 454
903 191 179 203 198 207 908 908 278 280 296 395
904 321 394 377 52 781 621 149 377 575 851 350
905 905 311 69 299 287 92 96 326 923 733 326
906 160 108 469 143 133 183 36 37 338 318 76
907 593 86 328 514 474 154 83 141 142 217 366
908 95 128 204 533 194 195 738 57 6 96 619
909 209 242 303 142 106 268 218 219 342 122 262
910 65 107 164 273 46 121 518 154 114 263 919
911 189 966 21 513 66 329 83 589 160 480 184
912 526 232 241 209 233 82 124 300 531 581 51
913 183 460 256 493 292 176 593 176 576 142 355
914 64 69 173 366 310 309 219 17 341 248 366
915 38 258 160 339 725 339 115 355 46 828 300
916 414 414 443 919 114 183 249 58 5 318 47
917 167 593 482 483 321 389 6 685 92 152 153
918 207 207 191 142 80 480 508 69 353 86 400
919 976 455 136 116 443 115 460 233 586 86 165
920 435 616 459 226 222 221 268 405 796 405 456
921 930 963 927 927 159 210 252 338 439 338 160
922 913 856 87 21 29 26 40 38 421 525 359
923 733 551 69 13 281 62 300 97 354 353 101
924 96 245 263 16 282 586 4 281 82 601 191
925 47 220 165 820 105 121 253 434 148 160 292
926 926 301 263 318 485 417 160 57 411 283 212
927 931 158 963 241 592 273 2 140 2 160 29
928 211 571 142 187 283 106 357 357 62 541 641
929 15 162 283 81 215 183 19 661 141 525 856
930 930 243 211 301 140 592 353 828 371 45 210
931 234 243 5 279 82 84 835 275 813 399 166
932 113 370 318 482 679 971 971 59 859 880 282
933 15 933 592 124 429 424 366 147 546 367 107
934 340 121 375 16 311 188 459 616 435 942 435
935 100 434 401 282 184 121 191 13 96 370 417
936 706 124 353 106 42 343 191 212 87 64 197
937 125 371 208 371 63 233 546 936 167 181 167
938 611 493 270 426 621 301 429 301 21 42 473
939 350 533 590 165 258 468 160 166 818 259 260
940 93 417 5 349 644 489 528 392 321 377 82
941 189 121 373 131 285 105 478 105 296 379 380
942 435 647 458 291 403 493 342 214 681 345 130
943 295 320 65 574 280 142 88 302 438 107 169
944 748 46 3 192 271 366 856 612 49 217 612
945 945 409 29 417 437 339 39 437 115 978 753
946 641 282 612 223 365 486 365 83 87 543 689
947 60 177 177 440 13 421 765 365 121 393 394
948 381 156 344 149 6 299 299 6 458 600 133
949 949 809 481 481 160 65 533 408 194 411 469
950 292 409 197 93 260 74 21 146 183 19 141
951 666 11 129 346 352 157 851 352 352 191 82
952 81 212 170 249 107 494 153 333 984 153 152
953 900 438 136 169 229 30 367 420 212 288 571
954 518 163 420 325 306 400 336 860 330 330 330
955 955 820 13 12 247 498 956 700 267 19 452
956 11 161 371 106 223 480 405 828 145 212 269
957 9 699 9 8 107 314 312 841 869 397 53
958 69 306 86 290 620 620 290 128 82 151 30
959 377 172 204 593 822 533 155 106 282 132 481
960 377 458 291 14 434 249 473 163 121 425 294
961 377 130 408 990 4 54 88 63 490 518 621
962 325 326 533 18 121 172 533 322 447 272 429
963 643 290 211 13 63 738 131 809 738 809 411
964 29 23 135 338 337 339 13 114 129 123 82
965 936 130 82 314 52 103 160 27 261 494 509
966 21 106 771 145 546 954 154 173 233 142 184
967 44 892 226 223 173 300 81 932 147 160 135
968 968 184 311 190 971 699 720 555 720 765 358
969 509 282 355 255 284 749 820 41 94 320 396
970 51 199 296 190 106 363 115 812 174 158 638
971 63 137 982 137 155 17 166 132 258 347 352
972 509 299 700 213 720 765 720 406 608 246 430
973 971 566 452 498 440 970 917 445 51 172 403
974 128 5 306 409 357 615 147 612 233 239 63
975 971 360 569 362 28 420 311 678 92 96 107
976 114 44 10 339 883 337 27 997 953 822 280
977 242 158 930 243 132 5 135 23 422 87 280
978 860 116 725 165 133 5 169 252 661 459 223
979 979 745 282 589 434 647 458 160 149 377 490
980 427 153 105 404 86 238 440 534 256 434 300
981 411 57 252 288 71 162 859 153 180 621 425
982 137 298 137 283 379 285 520 685 174 859 132
983 114 919 981 263 121 489 365 28 278 21 715
984 333 271 323 125 97 618 662 62 87 453 115
985 376 157 104 377 387 387 250 104 377 106 187
986 470 971 412 826 408 587 238 209 84 249 490
987 900 455 330 248 330 248 330 74 690 690 400
988 411 683 683 281 880 281 6 232 576 13 79
989 989 989 329 128 970 128 256 303 89 3 62
990 285 164 160 89 56 174 377 365 672 160 197
991 412 884 412 859 243 235 240 963 643 87 453
992 129 256 30 44 358 608 971 190 564 303 356
993 408 993 408 96 59 96 242 977 209 240 160
994 6 290 145 106 295 378 179 103 52 133 373
995 712 995 712 4 405 889 828 5 34 27 135
996 12 166 253 249 438 114 87 954 518 490 149
997 27 409 90 143 548 256 552 87 495 300 169
998 65 197 494 506 160 468 180 932 173 254 165
999 145 999 145 828 106 226 434 129 440 265 661
1000 918 820 751 51 93 438 249 493 115 245 976
1001 2 86 540 509 508 663 508 259 96 881 96
1002 560 106 128 11 420 282 87 106 420 105 105
1003 258 62 98 155 46 434 408 880 685 880 4
1004 55 55 126 209 303 665 174 199 197 908 776
0 313 295 395 557
1 221 537 259 127
2 812 140 541 249
3 158 4 138 160
4 126 208 132 809
5 690 20 366 18
6 21 462 145 105
7 452 7 112 112
8 661 7 546 803
9 487 9 823 358
10 340 301 357 183
11 209 285 164 533
12 494 305 56 59
13 83 372 48 444
14 419 161 452 7
15 272 216 15 269
16 153 87 17 189
17 311 218 366 518
18 797 14 339 10
19 7 19 183 152
20 92 72 524 72
21 520 13 27 136
22 35 129 280 533
23 337 367 169 464
24 36 367 21 115
25 545 442 263 29
26 251 417 62 355
27 165 547 171 444
28 405 121 513 272
29 560 363 161 265
30 39 40 29 261
31 261 23 160 397
32 361 40 25 370
33 443 919 976 423
34 339 25 438 655
35 114 329 190 42
36 82 730 211 106
37 40 75 253 227
38 417 423 547 114
39 93 458 655 438
40 245 47 417 165
41 581 531 482 777
42 671 17 18 115
43 452 161 105 360
44 8 7 700 19
45 404 615 243 234
46 81 106 117 613
47 245 361 333 166
48 37 32 251 62
49 71 50 612 31
50 48 560 474 17
51 30 229 37 39
52 719 379 380 283
53 380 295 392 61
54 738 271 4 990
55 107 98 102 5
56 281 738 55 211
57 812 13 446 46
58 738 54 59 412
59 96 867 411 411
60 104 549 84 432
61 160 326 143 91
62 188 518 490 513
63 129 30 24 997
64 379 181 388 283
65 425 289 14 128
66 480 69 473 460
67 66 117 170 471
68 183 105 115 424
69 69 188 366 518
70 288 84 272 546
71 393 71 432 121
72 92 20 163 377
73 311 223 142 508
74 248 268 282 82
75 372 372 84 432
76 417 151 39 93
77 142 747 418 549
78 424 589 256 83
79 601 146 166 166
80 92 678 549 778
81 671 69 10 44
82 747 550 21 46
83 283 434 531 121
84 113 443 455 245
85 507 298 536 287
86 62 531 548 377
87 115 473 549 551
88 271 282 596 282
89 408 5 249 137
90 11 608 141 672
91 110 84 30 86
92 65 169 254 173
93 40 35 473 747
94 483 321 378 103
95 61 14 280 333
96 599 304 971 809
97 5 76 5 279
98 185 640 98 107
99 173 538 777 538
100 323 662 494 142
101 185 354 125 124
102 6 845 89 58
103 181 295 490 513
104 18 86 485 73
105 223 106 546 155
106 695 317 84 544
107 550 189 311 218
108 494 62 306 10
109 108 69 362 362
110 108 375 89 933
111 108 190 434 363
112 375 169 306 550
113 983 114 363 351
114 892 226 443 135
115 615 87 20 118
116 725 165 28 212
117 100 96 443 976
118 21 127 318 455
119 84 118 748 13
120 133 483 172 197
121 80 747 80 188
122 130 936 86 114
123 339 113 220 23
124 892 491 170 229
125 640 125 371 490
126 57 683 412 154
127 82 21 42 492
128 371 269 174 157
129 212 268 494 420
130 936 130 257 543
131 419 221 52 52
132 405 543 672 672
133 600 458 647 458
134 553 482 162 71
135 136 338 464 93
136 136 337 438 121
137 371 46 429 160
138 481 599 242 132
139 342 621 781 52
140 819 140 644 6
141 166 133 107 170
142 404 145 233 244
143 480 362 666 362
144 433 433 84 71
145 249 179 231 284
146 183 64 5 169
147 434 506 494 108
148 468 730 82 329
149 64 69 434 184
150 179 342 278 257
151 367 256 424 154
152 726 5 430 504
153 154 236 96 209
154 412 81 252 661
155 31 254 142 665
156 645 191 207 918
157 681 12 666 951
158 930 927 242 105
159 238 13 515 409
160 589 459 0 101
161 82 62 44 30
162 107 164 139 334
163 107 254 445 310
164 335 334 15 334
165 29 133 179 13
166 93 136 438 333
167 820 970 820 128
168 484 83 243 319
169 13 661 19 754
170 337 27 722 38
171 64 103 123 96
172 655 35 183 63
173 212 17 612 50
174 174 665 63 107
175 63 114 114 640
176 413 177 166 218
177 413 458 434 44
178 65 818 86 132
179 150 376 379 394
180 393 533 350 320
181 947 947 377 546
182 53 128 79 226
183 20 887 887 885
184 486 458 62 283
185 100 99 125 101
186 856 265 804 265
187 62 18 182 384
188 145 366 249 132
189 314 307 537 316
190 509 105 153 166
191 166 218 221 419
192 132 518 445 424
193 192 516 517 516
194 587 58 137 272
195 208 133 493 434
196 94 204 232 226
197 198 183 201 167
198 167 257 342 726
199 42 249 362 569
200 434 245 171 361
201 133 256 14 486
202 820 215 114 424
203 83 536 214 157
204 206 204 93 39
205 196 199 218 177
206 202 206 1000 206
207 191 166 290 357
208 930 301 63 371
209 234 366 68 418
210 236 121 316 17
211 932 237 237 927
212 191 420 338 724
213 213 823 452 160
214 450 420 311 189
215 0 380 177 656
216 216 301 61 758
217 812 285 304 89
218 1 84 598 482
219 121 81 357 424
220 215 460 147 859
221 21 260 950 249
222 696 248 260 331
223 256 224 468 377
224 221 248 259 327
225 17 311 424 44
226 443 409 169 364
227 222 268 300 10
228 314 495 315 222
229 177 231 129 714
230 160 828 371 323
231 292 231 645 414
232 201 204 918 908
233 147 121 10 777
234 927 210 169 336
235 159 58 13 420
236 244 420 661 856
237 238 64 354 100
238 243 319 234 637
239 373 508 299 287
240 235 610 160 452
241 927 210 88 57
242 926 159 89 304
243 963 121 654 820
244 615 669 641 106
245 47 318 976 455
246 44 212 145 142
247 570 570 264 359
248 317 73 313 17
249 208 552 195 57
250 61 499 141 7
251 123 160 333 546
252 138 126 812 46
253 228 342 60 379
254 427 651 427 86
255 712 995 712 995
256 356 112 375 107
257 183 291 294 346
258 802 258 22 21
259 728 20 366 229
260 20 366 366 249
261 114 46 405 126
262 180 83 160 140
263 981 417 115 145
264 804 720 529 506
265 823 566 499 700
266 950 366 356 486
267 570 265 570 661
268 248 341 309 225
269 422 105 106 642
270 84 318 725 165
271 333 162 45 107
272 322 140 274 335
273 579 164 164 216
274 21 303 329 476
275 542 413 413 275
276 426 403 133 120
277 203 82 468 82
278 284 278 257 401
279 118 128 201 169
280 18 295 472 453
281 164 281 4 305
282 424 245 301 301
283 153 820 256 345
284 157 52 1 84
285 13 10 142 211
286 80 271 271 10
287 536 298 685 826
288 58 826 59 252
289 277 232 556 483
290 210 931 240 236
291 420 373 253 162
292 292 523 64 719
293 530 538 538 538
294 346 180 366 820
295 393 182 377 203
296 166 146 146 779
297 696 307 317 695
298 551 69 107 812
299 509 434 165 417
300 87 183 4 564
301 159 89 375 64
302 302 115 171 48
303 254 114 847 113
304 89 5 430 83
305 411 64 142 160
306 64 173 86 33
307 17 18 420 351
308 283 58 55 305
309 224 256 180 333
310 932 174 80 367
311 366 68 550 288
312 5 644 820 917
313 310 309 313 85
314 420 128 115 437
315 222 424 212 576
316 435 316 146 601
317 389 160 114 2
318 417 417 971 423
319 235 319 963 158
320 868 320 182 167
321 368 1 316 309
322 794 322 446 579
323 662 62 306 825
324 441 360 235 210
325 21 249 170 490
326 932 453 459 519
327 328 474 166 427
328 258 468 162 2
329 258 802 802 258
330 330 64 828 300
331 482 531 116 405
332 358 43 324 10
333 981 547 981 47
334 322 929 489 211
335 760 592 929 933
336 485 245 40 32
337 155 153 82 173
338 900 183 170 82
339 170 339 482 64
340 329 363 16 187
341 316 222 255 256
342 41 197 93 171
343 13 93 36 30
344 656 344 344 377
345 179 181 172 143
346 160 216 15 274
347 122 342 352 656
348 342 511 7 11
349 907 377 283 758
350 936 776 196 16
351 179 156 345 262
352 41 115 336 169
353 160 133 60 389
354 125 354 404 212
355 472 295 106 106
356 638 158 434 340
357 62 296 393 296
358 700 971 504 971
359 569 81 222 810
360 170 115 548 283
361 40 725 318 318
362 12 996 12 14
363 115 987 411 170
364 152 212 431 83
365 226 440 413 714
366 812 520 55 698
367 666 856 533 94
368 387 395 393 382
369 252 404 254 345
370 47 86 129 285
371 106 771 13 445
372 82 549 540 86
373 82 215 225 301
374 44 82 96 115
375 375 108 67 74
376 61 295 585 168
377 464 727 83 249
378 157 352 206 128
379 320 250 377 6
380 157 489 408 473
381 321 376 250 394
382 379 164 170 255
383 295 268 459 311
384 157 60 393 301
385 181 342 284 277
386 377 782 526 86
387 115 455 76 89
388 384 393 376 385
389 537 268 248 0
390 157 53 103 122
391 377 398 157 308
392 60 377 388 376
393 333 36 24 169
394 385 390 394 368
395 60 389 611 168
396 61 602 141 566
397 389 390 388 160
398 295 295 268 513
399 133 116 860 135
400 20 80 189 467
401 712 255 329 495
402 211 212 44 967
403 221 129 291 294
404 83 453 166 285
405 108 409 108 375
406 264 823 7 112
407 526 912 526 493
408 571 520 281 63
409 506 166 742 546
410 356 410 329 363
411 208 434 303 551
412 859 193 4 63
413 515 64 223 256
414 479 381 394 320
415 86 400 971 332
416 327 733 777 69
417 367 151 85 313
418 6 308 166 786
419 133 420 82 161
420 607 170 460 440
421 404 269 929 140
422 184 121 219 377
423 48 427 261 28
424 83 340 212 518
425 567 567 82 121
426 87 137 129 568
427 82 27 116 169
428 273 140 929 933
429 322 429 45 371
430 486 725 96 329
431 152 86 586 194
432 162 541 140 83
433 254 490 410 258
434 81 299 700 956
435 920 435 435 435
436 438 365 506 856
437 361 437 900 338
438 27 261 438 438
439 338 107 532 233
440 241 159 233 234
441 366 131 2 249
442 318 338 438 27
443 370 245 245 183
444 84 39 229 169
445 64 211 81 83
446 428 45 216 69
447 335 15 461 273
448 15 303 89 64
449 414 415 697 5
450 292 206 206 160
451 569 739 12 700
452 12 494 82 563
453 453 491 163 249
454 189 710 184 551
455 24 545 26 38
456 405 493 909 546
457 421 23 41 197
458 533 576 212 365
459 464 822 533 81
460 115 252 408 96
461 592 579 273 274
462 121 105 180 393
463 462 5 24 64
464 5 859 815 305
465 615 249 420 244
466 912 504 160 282
467 81 46 155 22
468 342 17 252 159
469 89 482 576 543
470 753 169 464 556
471 421 409 30 29
472 355 82 96 252
473 121 820 197 143
474 494 93 473 495
475 375 455 860 437
476 478 356 249 145
477 474 84 18 103
478 112 37 31 282
479 275 232 6 379
480 160 115 367 329
481 373 812 971 401
482 777 733 923 923
483 556 464 820 950
484 13 474 375 28
485 443 40 245 361
486 201 473 393 333
487 451 487 529 166
488 487 488 362 65
489 13 147 316 297
490 459 329 143 42
491 548 249 215 197
492 283 300 62 83
493 160 512 155 533
494 544 303 82 296
495 739 155 183 93
496 5 644 6 64
497 340 459 86 7
498 533 185 97 335
499 332 44 549 671
500 466 265 232 214
501 504 11 506 64
502 661 510 86 283
503 506 494 81 254
504 183 211 2 208
505 62 459 80 679
506 498 411 438 114
507 507 507 298 184
508 710 508 80 112
509 82 183 95 908
510 12 183 64 113
511 511 7 8 510
512 160 4 625 4
513 507 243 233 242
514 66 48 318 417
515 177 146 183 133
516 762 516 408 208
517 408 211 209 543
518 145 612 153 17
519 227 127 160 426
520 991 520 635 137
521 295 250 296 719
522 493 401 791 612
523 168 533 45 932
524 72 21 21 174
525 7 265 141 498
526 424 15 592 428
527 423 925 925 847
528 6 296 6 272
529 362 661 510 86
530 249 63 131 411
531 183 116 74 485
532 162 169 638 495
533 194 859 82 180
534 440 321 182 182
535 340 554 134 134
536 601 333 518 771
537 243 373 253 222
538 530 161 141 466
539 77 107 256 557
540 86 210 158 4
541 209 909 183 280
542 544 133 10 64
543 113 23 83 533
544 790 544 81 145
545 588 23 166 492
546 474 105 393 333
547 527 318 40 361
548 203 105 434 229
549 459 221 480 405
550 165 223 73 221
551 671 690 160 430
552 132 59 949 511
553 554 29 301 170
554 134 133 93 407
555 265 570 265 525
556 113 116 340 554
557 5 681 180 87
558 569 81 87 812
559 559 559 283 318
560 400 678 747 971
561 462 145 303 46
562 285 486 129 403
563 572 776 200 581
564 640 937 640 353
565 754 950 820 644
566 569 11 22 520
567 425 257 65 543
568 329 365 184 183
569 558 359 672 506
570 360 533 440 440
571 285 86 777 482
572 282 355 105 258
573 213 359 360 169
574 65 358 503 407
575 149 88 137 815
576 13 481 208 281
577 375 51 196 971
578 577 142 81 87
579 38 165 105 303
580 580 580 580 580
581 473 190 564 356
582 211 153 256 121
583 521 766 766 134
584 290 145 591 419
585 706 86 504 533
586 59 949 6 412
587 587 4 193 803
588 392 182 391 60
589 671 69 551 106
590 33 35 35 5
591 107 671 690 301
592 335 15 125 708
593 498 411 308 581
594 83 368 321 592
595 52 146 533 321
596 366 44 86 526
597 932 3 932 186
598 482 129 169 129
599 481 698 2 826
600 600 585 706 373
601 252 17 0 248
602 441 430 4 81
603 414 415 414 605
604 546 859 194 160
605 846 846 605 414
606 495 419 168 206
607 471 473 473 473
608 11 20 137 254
609 30 172 533 435
610 59 481 373 306
611 166 79 121 80
612 356 256 173 10
613 288 84 326 13
614 614 614 756 225
615 518 434 417 40
616 435 65 282 589
617 448 274 86 932
618 323 300 11 12
619 89 369 303 107
620 290 210 233 932
621 278 363 256 401
622 238 930 926 237
623 313 226 0 64
624 223 612 272 546
625 408 271 64 183
626 87 473 747 86
627 707 765 499 765
628 394 388 150 379
629 177 218 17 615
630 630 303 551 533
631 159 233 174 286
632 719 379 191 122
633 633 633 633 633
634 634 634 635 812
635 520 971 505 525
636 211 371 87 13
637 209 174 54 89
638 589 155 363 161
639 638 480 678 68
640 937 64 375 475
641 166 223 212 355
642 284 255 13 346
643 163 652 163 932
644 180 351 155 95
645 414 605 846 846
646 646 131 738 59
647 154 474 404 98
648 648 648 648 648
649 421 566 608 565
650 215 347 460 421
651 272 84 13 84
652 478 357 107 769
653 653 653 653 653
654 288 71 49 433
655 301 730 231 797
656 122 168 290 567
657 269 160 87 243
658 658 658 658 658
659 377 283 411 283
660 660 660 660 660
661 666 362 473 627
662 107 233 173 326
663 747 513 83 478
664 65 257 342 352
665 272 46 271 285
666 452 498 446 428
667 6 430 166 147
668 157 384 105 384
669 930 669 783 16
670 670 670 670 670
671 495 495 459 166
672 971 812 217 70
673 495 283 114 318
674 823 674 707 570
675 675 675 675 675
676 160 2 587 2
677 434 215 215 549
678 549 356 258 468
679 533 310 249 607
680 380 61 499 700
681 157 386 560 283
682 681 157 378 377
683 211 329 328 514
684 684 684 684 684
685 59 880 166 856
686 263 411 88 63
687 100 62 63 971
688 543 425 4 880
689 198 204 350 822
690 301 624 409 138
691 691 691 691 691
692 231 347 160 298
693 366 165 25 361
694 484 292 284 511
695 316 215 249 950
696 226 317 226 223
697 697 414 603 414
698 55 685 859 174
699 358 525 238 89
700 525 421 457 238
701 462 424 509 513
702 107 127 20 62
703 703 703 703 703
704 704 107 212 223
705 211 586 59 698
706 86 190 62 106
707 957 707 872 74
708 82 30 51 143
709 404 124 354 353
710 81 106 132 62
711 711 711 711 711
712 255 256 460 117
713 69 715 20 121
714 121 480 480 550
715 20 188 160 169
716 716 716 5 286
717 788 788 788 717
718 55 194 412 884
719 395 121 366 310
720 856 153 211 210
721 27 36 27 13
722 278 257 180 349
723 306 409 65 498
724 338 82 474 142
725 443 725 245 76
726 160 47 417 30
727 464 291 5 184
728 535 134 84 254
729 44 549 690 21
730 160 160 201 95
731 731 731 731 731
732 732 732 732 732
733 551 663 187 1
734 157 128 424 109
735 461 335 322 676
736 736 107 430 430
737 737 271 2 434
738 211 363 161 44
739 82 752 65 172
740 252 3 832 832
741 179 365 141 306
742 742 166 601 163
743 516 195 516 411
744 744 744 744 744
745 979 1 616 459
746 746 746 746 746
747 301 502 358 43
748 405 278 149 349
749 62 84 13 146
750 88 183 142 597
751 6 56 174 63
752 82 211 924 211
753 119 753 753 170
754 720 699 845 59
755 211 389 64 107
756 288 104 179 296
757 367 337 31 256
758 283 932 86 494
759 459 331 223 758
760 592 908 167 232
761 393 932 489 408
762 516 517 102 4
763 5 6 59 6
764 30 13 423 113
765 44 569 7 608
766 340 128 11 209
767 13 33 32 31
768 353 323 192 826
769 62 255 607 105
770 353 249 83 536
771 106 128 420 490
772 772 772 772 772
773 405 340 83 430
774 285 160 145 518
775 560 74 224 64
776 342 60 296 342
777 554 521 62 189
778 569 451 487 451
779 549 671 69 509
780 84 160 286 211
781 537 486 65 752
782 82 256 534 450
783 669 615 518 362
784 411 132 16 221
785 13 390 295 393
786 52 595 52 377
787 21 166 747 121
788 717 411 2 517
789 129 86 142 68
790 544 534 440 65
791 493 791 401 568
792 121 544 303 106
793 748 121 434 169
794 335 428 45 301
795 417 976 443 251
796 405 362 331 166
797 18 366 163 142
798 798 798 798 798
799 189 454 84 119
800 533 434 187 256
801 41 370 37 26
802 172 93 165 27
803 195 59 698 738
804 11 324 565 608
805 358 505 502 7
806 89 271 698 4
807 54 88 142 283
808 808 808 808 808
809 738 5 6 184
810 301 690 671 356
811 531 365 133 206
812 546 105 258 564
813 399 183 281 571
814 347 166 506 441
815 57 137 371 283
816 119 753 119 455
817 544 932 490 513
818 339 25 40 442
819 273 429 429 139
820 955 820 166 152
821 163 641 333 2
822 533 115 338 860
823 358 602 499 19
824 191 851 157 342
825 723 777 971 8
826 63 88 209 845
827 506 765 421 23
828 419 474 107 17
829 168 936 593 434
830 452 566 570 823
831 258 38 23 96
832 4 698 685 880
833 5 271 455 375
834 107 69 68 366
835 84 432 217 132
836 813 526 199 399
837 107 89 259 259
838 45 269 429 166
839 191 180 434 65
840 5 528 191 277
841 376 342 160 89
842 211 212 160 300
843 567 843 567 290
844 971 190 409 945
845 412 481 285 481
846 605 851 157 346
847 417 547 547 547
848 340 513 153 252
849 57 285 683 281
850 546 62 367 419
851 157 351 182 389
852 852 415 852 18
853 82 318 183 91
854 63 81 405 367
855 155 213 8 11
856 87 160 452 451
857 191 160 376 342
858 306 68 400 309
859 166 218 313 218
860 330 64 430 533
861 350 936 129 53
862 777 723 777 69
863 57 610 472 471
864 411 24 494 504
865 56 718 63 121
866 411 665 254 77
867 134 553 482 419
868 5 63 303 244
869 841 312 62 27
870 65 377 377 149
871 231 280 83 615
872 74 311 73 560
873 401 362 5 325
874 65 14 368 86
875 170 26 32 37
876 564 281 738 424
877 549 671 471 421
878 27 37 36 23
879 242 106 671 747
880 57 949 59 59
881 96 66 90 220
882 166 125 640 124
883 165 105 121 208
884 412 991 412 164
885 728 92 538 777
886 59 138 54 63
887 20 409 117 252
888 412 87 50 153
889 405 280 277 515
890 121 411 604 305
891 405 303 329 62
892 340 483 226 513
893 466 506 496 496
894 327 249 424 209
895 417 113 725 339
896 710 69 477 108
897 263 417 725 339
898 481 373 121 127
899 2 107 58 552
900 40 135 336 560
901 137 880 812 461
902 5 99 290 340
903 907 903 907 191
904 321 440 733 733
905 74 231 457 238
906 160 221 249 5
907 262 179 156 13
908 917 776 342 345
909 87 253 75 261
910 65 133 419 180
911 189 1 187 679
912 765 430 420 222
913 950 74 248 74
914 105 233 288 152
915 38 421 525 505
916 414 443 251 96
917 95 280 434 515
918 200 275 232 501
919 113 129 62 340
920 435 920 435 435
921 56 718 305 13
922 529 602 11 700
923 733 733 777 498
924 211 89 62 269
925 981 976 443 33
926 159 89 482 48
927 158 174 859 137
928 211 255 610 255
929 269 929 164 395
930 930 208 329 121
931 5 249 405 145
932 427 47 981 547
933 269 303 424 290
934 340 612 427 474
935 768 124 371 106
936 935 100 354 353
937 353 69 508 480
938 611 486 35 434
939 572 64 66 474
940 128 363 518 363
941 189 459 225 1
942 435 316 6 275
943 295 172 47 263
944 748 932 258 112
945 327 306 64 177
946 641 495 160 490
947 393 308 393 342
948 381 157 388 388
949 481 271 131 552
950 856 956 183 493
951 359 533 906 156
952 28 96 235 238
953 997 27 588 169
954 249 310 581 51
955 936 907 907 593
956 11 452 856 264
957 951 913 213 246
958 962 958 962 325
959 377 394 182 295
960 377 61 533 18
961 377 572 515 440
962 325 21 173 173
963 612 217 50 82
964 29 971 457 401
965 936 167 820 644
966 21 184 114 116
967 44 486 333 517
968 184 968 299 190
969 509 972 913 707
970 546 41 165 166
971 809 738 2 685
972 509 68 550 19
973 971 114 89 215
974 918 199 399 543
975 971 467 81 494
976 976 411 864 411
977 209 319 237 174
978 753 75 76 76
979 745 979 1 74
980 757 367 340 934
981 976 925 417 176
982 137 303 286 137
983 333 405 288 296
984 333 155 188 667
985 376 392 182 748
986 470 86 106 249
987 116 207 128 16
988 411 2 612 153
989 329 245 405 116
990 812 434 200 177
991 520 58 183 188
992 992 129 105 155
993 408 473 105 441
994 6 232 413 214
995 712 4 114 44
996 12 13 730 468
997 953 822 572 572
998 65 910 65 413
999 145 828 892 438
1000 918 199 278 280
1001 4 145 46 283
1002 560 29 455 981
1003 258 18 219 342
1004 55 5 464 133
