0 380 166 441 366 521 583 521 366 134 523 618
1 616 533 249 440 515 89 259 69 311 225 223
2 160 880 949 880 815 63 301 20 327 894 327
3 236 210 931 159 238 525 7 407 265 407 506
4 809 252 924 88 302 5 100 102 405 411 373
5 489 212 589 155 87 23 785 409 207 172 377
6 327 400 306 91 90 13 346 206 199 280 373
7 546 812 45 892 44 160 880 286 411 671 21
8 8 213 503 213 213 700 720 700 19 42 473
9 332 487 922 280 93 30 44 141 359 699 11
10 260 248 372 58 211 63 329 410 286 410 329
11 12 141 569 778 549 287 82 285 562 232 291
12 661 141 672 543 523 706 86 190 86 215 188
13 118 511 191 277 180 468 377 387 41 94 128
14 339 338 339 443 48 370 27 170 533 67 160
15 140 282 405 158 242 132 371 254 115 370 116
16 820 30 32 261 51 128 105 326 424 211 128
17 342 139 166 19 707 359 421 115 340 494 470
18 310 107 284 231 122 656 231 129 121 28 590
19 83 243 239 373 106 169 301 63 114 113 106
20 11 530 11 365 83 86 33 409 47 427 166
21 296 351 130 65 581 78 366 537 103 368 537
22 155 19 142 493 221 310 445 820 644 950 644
23 545 30 33 169 212 62 133 464 169 127 1
24 953 292 409 357 328 514 329 83 83 141 601
25 93 30 40 48 40 438 86 553 134 173 87
26 29 473 29 160 200 498 267 161 265 141 498
27 545 37 25 27 337 31 424 209 16 308 182
28 38 592 38 258 357 328 86 508 663 533 87
29 588 25 494 75 427 980 367 303 520 63 281
30 590 438 96 75 367 151 29 36 367 337 115
31 170 473 508 679 68 366 131 2 54 803 58
32 367 169 932 212 546 269 272 140 273 322 676
33 28 486 36 169 896 287 549 934 340 434 183
34 116 437 531 115 172 486 245 326 107 736 160
35 5 469 91 112 84 432 288 58 83 586 211
36 121 458 494 169 367 16 363 155 147 329 450
37 37 27 33 13 145 366 248 309 297 696 222
38 409 165 550 212 28 473 6 517 6 128 62
39 29 459 717 106 885 21 422 601 859 271 142
40 113 280 450 183 3 211 5 327 96 655 114
41 142 210 83 223 160 302 96 116 261 470 590
42 667 118 326 87 249 184 366 387 667 189 818
43 502 359 502 359 570 452 466 529 496 11 209
44 430 765 246 499 912 499 407 502 500 265 161
45 640 937 937 640 404 373 481 809 132 82 201
46 96 123 302 115 263 442 545 255 42 493 41
47 370 33 32 33 35 36 121 252 183 520 286
48 333 950 492 121 518 83 285 303 283 693 283
49 612 282 221 82 453 420 53 85 146 166 223
50 71 209 587 237 233 242 963 236 236 236 237
51 121 63 129 440 320 308 166 20 163 518 362
52 53 52 53 465 473 25 93 464 847 333 981
53 465 809 738 252 137 252 243 434 166 133 280
54 58 131 57 302 57 698 138 285 59 281 571
55 685 208 211 419 154 87 371 13 306 113 494
56 685 175 174 174 107 506 971 723 92 538 92
57 174 284 255 255 169 229 31 338 251 26 47
58 865 412 884 884 412 473 508 549 582 211 58
59 619 89 423 160 559 518 81 80 128 212 363
60 390 320 65 0 313 218 288 758 758 316 629
61 396 320 283 230 160 319 158 63 599 209 131
62 163 106 486 333 443 527 527 114 215 340 474
63 128 53 440 542 526 168 129 343 231 206 6
64 103 392 387 296 380 157 52 377 483 727 483
65 65 133 11 270 419 14 797 231 74 87 506
66 984 153 366 174 121 366 747 612 747 418 747
67 86 425 873 425 4 301 362 6 517 743 102
68 107 79 133 143 419 106 268 106 615 129 129
69 362 820 94 218 341 295 311 218 5 408 63
70 84 615 21 184 106 290 231 797 14 51 908
71 70 71 162 163 115 494 90 91 758 316 223
72 163 459 107 355 513 92 92 815 92 22 21
73 74 225 282 518 577 518 355 255 170 135 5
74 173 68 183 69 747 301 624 84 582 106 83
75 48 263 438 249 160 430 425 129 129 13 361
76 333 434 460 159 240 242 963 237 236 132 738
77 539 78 497 811 531 437 847 455 136 116 460
78 581 581 79 419 263 121 544 817 515 813 434
79 417 494 918 41 202 198 434 531 539 380 387
80 299 508 373 92 259 21 329 356 329 114 767
81 420 430 506 500 699 359 267 608 498 473 256
82 114 420 326 389 393 950 812 546 106 222 227
83 536 473 187 473 211 238 243 243 158 114 170
84 546 397 394 283 758 85 51 172 30 128 128
85 1 351 278 270 160 80 490 107 211 489 405
86 33 28 29 165 33 443 245 424 495 129 572
87 21 690 5 106 106 128 169 337 30 367 280
88 209 252 82 438 655 155 377 388 157 681 191
89 411 55 718 63 329 514 66 96 408 5 177
90 11 530 161 11 466 141 672 971 457 421 460
91 108 420 174 366 131 211 2 880 305 84 166
92 127 105 74 480 62 21 64 66 654 83 152
93 426 457 493 42 427 82 263 16 356 828 233
94 95 280 289 425 791 493 275 177 321 397 390
95 64 456 64 69 216 139 76 75 96 417 547
96 337 883 337 367 366 886 366 253 258 469 66
97 434 129 211 364 169 107 137 877 533 408 208
98 100 820 121 425 65 200 177 220 23 172 183
99 98 86 100 62 70 233 288 654 217 49 433
100 62 44 44 10 339 443 361 47 14 936 168
101 353 97 708 107 400 92 65 178 176 178 352
102 516 516 743 516 517 5 201 918 908 196 199
103 61 758 120 79 340 62 44 155 133 169 318
104 389 162 212 44 833 833 62 44 956 362 121
105 533 303 329 254 474 333 302 5 105 86 38
106 68 21 695 106 932 147 644 269 932 210 533
107 31 438 390 61 379 16 434 23 546 299 549
108 13 322 428 322 45 269 335 274 335 164 164
109 366 65 425 403 53 440 176 204 176 65 574
110 375 329 286 411 64 456 405 108 90 143 160
111 258 198 165 40 427 169 169 900 40 39 30
112 356 249 351 160 224 468 223 268 494 590 32
113 361 370 116 460 116 123 455 816 470 151 261
114 152 365 256 474 212 223 317 74 268 19 362
115 615 453 472 255 170 301 641 946 641 946 641
116 29 30 256 212 365 165 362 820 44 331 856
117 100 618 100 62 77 62 812 373 964 23 96
118 420 355 137 252 546 474 404 98 101 581 79
119 455 58 963 86 19 166 404 100 353 770 353
120 380 182 392 104 104 60 231 181 162 820 153
121 142 283 144 186 363 63 63 845 56 194 815
122 376 61 533 105 820 200 562 515 64 64 131
123 411 114 640 640 353 709 185 404 62 80 112
124 124 51 486 329 87 422 424 69 777 733 327
125 323 124 404 125 354 125 640 564 190 549 69
126 174 175 685 57 924 209 42 87 509 710 81
127 82 121 419 497 811 531 497 409 338 638 340
128 557 77 107 65 426 82 568 130 426 318 36
129 438 129 53 82 255 145 434 87 654 162 163
130 351 342 139 76 114 932 326 923 326 64 0
131 963 236 159 215 650 215 58 254 254 490 490
132 210 282 234 241 159 303 544 790 544 105 163
133 166 0 177 309 73 317 312 314 161 707 359
134 598 521 598 340 654 789 278 128 212 163 20
135 30 609 333 361 93 95 942 95 207 343 820
136 361 13 420 244 233 82 548 434 233 159 240
137 139 269 210 86 196 203 231 316 341 295 308
138 481 950 387 61 707 602 616 533 168 346 51
139 581 581 79 77 557 518 954 87 145 121 169
140 45 15 211 308 405 256 531 115 87 954 249
141 160 65 231 14 172 114 355 183 169 256 46
142 458 160 129 548 278 351 518 518 223 83 546
143 31 30 339 96 115 21 690 671 495 129 457
144 546 154 252 66 560 142 20 92 370 442 114
145 999 145 252 160 892 896 160 141 729 971 336
146 81 412 58 244 301 21 550 189 311 215 220
147 121 256 308 434 69 671 551 679 679 679 460
148 224 256 607 560 358 266 232 358 44 500 141
149 148 280 377 130 172 60 384 321 296 397 546
150 149 490 365 438 35 168 840 413 129 161 754
151 24 494 420 312 74 18 376 82 422 21 115
152 434 81 189 420 123 160 319 235 236 236 269
153 252 285 89 259 127 22 20 420 53 312 85
154 474 17 218 201 473 174 166 141 506 409 590
155 101 354 353 160 685 949 211 101 99 290 301
156 232 177 215 197 457 294 291 450 426 318 160
157 321 546 269 272 63 599 96 173 99 139 541
158 300 169 62 714 426 62 303 405 128 79 77
159 926 242 159 434 53 182 748 118 511 275 123
160 162 747 301 810 88 0 266 213 496 466 510
161 300 64 102 2 249 3 256 420 191 148 180
162 404 115 473 17 404 333 654 48 654 121 533
163 170 339 170 371 495 188 20 282 163 115 422
164 216 428 15 461 429 100 125 283 282 256 495
165 443 171 5 763 763 763 763 5 235 303 106
166 82 187 87 665 142 249 431 217 366 518 363
167 483 321 483 280 256 357 143 95 41 129 42
168 543 326 87 489 105 856 707 700 332 720 707
169 434 243 243 244 409 785 545 29 27 135 136
170 115 21 129 127 130 401 172 440 450 160 418
171 38 915 38 33 165 482 531 419 133 420 18
172 401 600 450 65 371 419 14 440 177 218 268
173 155 285 13 361 981 411 308 379 104 390 395
174 809 211 117 223 17 221 745 453 62 242 209
175 665 4 3 286 249 430 246 649 121 210 533
176 275 275 493 546 828 46 106 46 255 363 155
177 229 366 134 554 535 728 885 21 107 410 183
178 53 183 300 42 199 593 917 196 205 86 38
179 157 389 387 388 296 160 492 212 173 153 612
180 249 107 127 318 547 263 564 303 62 480 375
181 390 395 321 483 47 981 527 443 113 280 363
182 308 438 655 231 351 377 155 58 3 303 896
183 473 581 497 562 401 493 221 537 221 560 386
184 971 277 191 130 130 568 425 401 542 403 526
185 640 185 800 549 550 473 115 417 438 35 5
186 654 783 654 376 122 397 181 377 174 405 434
187 106 533 146 85 160 306 409 474 145 233 101
188 106 20 715 69 107 492 83 128 576 329 66
189 519 106 295 295 104 150 820 215 227 227 215
190 162 468 495 278 681 682 511 511 301 820 464
191 682 681 352 160 509 260 92 21 520 195 160
192 411 434 69 173 62 86 236 210 233 121 856
193 192 195 516 102 6 949 56 826 826 4 121
194 193 4 89 107 702 932 210 137 160 493 212
195 517 305 865 63 301 473 551 184 420 143 474
196 197 373 283 82 12 14 232 5 716 5 286
197 820 199 218 219 377 155 173 325 13 26 654
198 204 936 168 450 291 206 196 201 199 301 931
199 200 51 751 128 300 495 87 255 365 569 566
200 41 107 255 712 401 568 276 568 544 820 801
201 249 365 12 7 661 121 283 290 546 536 601
202 198 207 409 118 409 244 237 238 244 301 216
203 183 278 292 232 397 295 331 177 0 316 231
204 198 201 593 196 95 167 203 277 130 408 4
205 196 199 204 908 204 41 136 170 355 932 702
206 196 199 1 189 537 607 365 152 84 323 162
207 167 257 401 425 285 83 223 117 160 286 3
208 552 411 986 261 5 527 976 76 96 5 133
209 490 212 91 328 560 73 560 358 65 526 399
210 355 896 355 405 210 82 295 311 16 424 820
211 285 286 880 408 586 404 115 860 375 107 296
212 131 107 253 615 963 242 238 252 169 21 728
213 957 951 525 699 504 510 358 264 65 133 128
214 352 103 104 283 62 818 166 159 236 249 7
215 211 764 314 222 226 546 533 213 529 913 506
216 579 46 334 448 409 515 277 231 655 167 776
217 121 23 83 23 464 211 249 333 269 932 544
218 313 223 0 283 453 472 610 472 255 169 201
219 483 226 370 443 370 245 38 29 165 220 74
220 218 311 494 407 505 499 504 301 211 340 169
221 309 223 366 187 82 63 107 254 492 510 86
222 221 312 17 212 364 169 81 252 288 296 203
223 480 508 582 62 749 776 342 351 518 187 283
224 218 311 17 546 859 142 31 36 34 36 301
225 17 308 129 123 302 304 971 304 89 5 201
226 186 345 121 601 233 532 286 58 586 83 296
227 377 392 588 545 30 261 96 251 361 251 30
228 482 679 68 173 92 887 885 21 537 227 127
229 84 134 553 134 867 411 430 360 11 10 142
230 107 296 342 214 172 212 282 690 189 20 21
231 53 486 365 87 326 543 65 910 65 231 257
232 103 64 492 152 116 123 420 581 133 51 95
233 87 58 304 58 155 46 273 269 820 64 786
234 96 66 258 107 932 303 183 291 280 47 160
235 233 234 637 209 183 509 969 509 259 86 822
236 434 10 728 96 100 592 617 618 617 269 273
237 238 587 238 758 366 74 313 223 317 314 223
238 931 930 921 930 301 29 62 80 490 129 403
239 63 921 285 426 82 464 337 337 883 883 339
240 963 160 303 210 255 355 249 222 911 222 227
241 237 162 186 932 269 174 107 258 105 183 400
242 238 176 413 813 413 200 95 280 18 155 189
243 84 210 88 924 57 532 132 160 210 254 210
244 58 55 59 174 880 424 290 121 114 168 615
245 442 318 245 76 75 96 89 59 303 87 20
246 44 300 475 300 283 16 642 405 211 114 155
247 11 434 572 939 572 294 214 277 284 231 655
248 612 115 23 301 581 41 443 171 301 445 531
249 615 142 597 411 537 394 379 157 386 17 532
250 387 61 321 320 391 426 413 65 133 79 445
251 900 914 36 318 282 478 62 19 61 178 351
252 625 285 305 210 290 434 154 363 365 548 21
253 21 256 187 249 42 21 367 340 282 170 27
254 445 86 415 414 449 414 603 414 449 414 479
255 421 268 248 549 509 747 105 351 178 681 345
256 356 478 176 113 183 602 11 7 5 337 367
257 425 568 425 401 44 473 509 299 145 299 184
258 357 184 107 98 86 95 198 183 486 286 211
259 96 329 62 81 287 160 319 209 154 333 919
260 20 10 69 329 160 506 2 599 304 809 305
261 37 84 623 791 425 874 401 294 232 232 611
262 191 283 137 408 587 412 859 546 58 520 174
263 847 444 976 263 423 303 269 63 54 249 249
264 707 73 218 226 340 521 482 165 79 417 62
265 823 566 823 823 823 558 569 12 8 498 447
266 533 194 373 106 259 74 107 932 671 249 490
267 161 300 183 845 809 55 698 13 820 801 820
268 537 231 656 149 64 640 185 662 107 160 786
269 121 82 281 698 55 59 303 209 303 301 482
270 183 4 481 2 516 5 24 261 411 698 285
271 552 137 4 520 208 131 208 685 138 301 810
272 546 474 83 160 142 143 375 108 91 328 91
273 252 546 105 420 337 96 136 417 547 423 442
274 86 572 5 462 211 45 271 273 447 447 428
275 835 65 543 65 231 575 149 575 206 793 613
276 549 508 212 41 197 199 218 177 166 573 160
277 342 277 296 363 114 87 371 82 567 843 290
278 21 533 483 345 483 473 69 550 21 434 401
279 82 124 82 15 322 139 334 579 334 65 581
280 494 311 69 434 340 28 424 237 238 235 209
281 2 859 58 826 192 59 520 89 64 309 297
282 932 128 30 546 209 96 924 88 369 252 271
283 559 283 157 537 259 509 107 139 166 296 212
284 936 484 168 346 157 350 180 533 173 892 114
285 571 145 183 520 991 412 615 393 17 612 340
286 412 138 285 371 255 13 47 76 417 96 54
287 80 329 290 843 290 64 140 216 69 188 282
288 283 320 628 628 394 320 351 81 564 183 859
289 401 533 320 179 214 345 82 28 409 128 114
290 165 129 80 256 153 121 269 5 191 601 163
291 14 515 593 917 205 79 339 443 96 101 323
292 295 395 557 5 24 30 93 443 820 179 869
293 506 211 371 548 143 229 494 283 320 533 266
294 65 307 310 272 422 131 163 83 434 159 631
295 62 820 801 820 160 173 400 21 560 1 310
296 380 390 250 84 715 69 311 106 537 526 14
297 86 708 97 404 643 17 283 372 86 573 44
298 160 171 444 301 173 728 306 434 856 498 232
299 69 549 667 549 1 616 459 44 533 818 160
300 892 405 3 62 89 515 458 450 14 498 538
301 159 238 587 234 86 62 133 256 412 587 237
302 115 113 478 183 160 41 171 13 58 4 192
303 369 630 630 630 630 303 96 114 21 728 92
304 13 840 5 374 293 293 12 823 570 265 500
305 4 62 856 366 372 75 75 470 171 361 417
306 113 76 976 171 423 847 333 652 478 357 65
307 17 23 171 423 455 333 96 75 75 339 417
308 581 13 65 294 203 249 546 147 233 209 371
309 313 310 17 431 80 549 467 84 585 389 628
310 86 620 620 86 297 248 372 83 280 95 128
311 16 424 337 155 105 281 424 115 338 28 932
312 85 53 389 6 102 743 743 517 5 408 685
313 223 226 222 316 146 67 160 47 76 245 338
314 363 174 405 89 136 30 39 494 310 86 218
315 222 331 464 82 168 515 65 435 316 297 218
316 377 490 209 518 63 121 16 448 461 735 448
317 295 150 321 971 805 971 47 455 96 333 21
318 76 981 847 165 38 722 28 20 282 366 10
319 107 47 79 557 129 623 129 840 285 552 552
320 377 278 157 301 61 707 570 570 823 674 265
321 971 2 1001 3 210 513 84 560 913 856 533
322 447 690 5 306 549 550 21 68 400 411 131
323 654 32 30 40 171 64 216 15 541 82 27
324 10 306 426 518 513 226 365 440 608 720 324
325 13 339 361 367 32 93 114 365 278 420 355
326 538 530 533 28 590 494 504 430 411 163 641
327 945 327 328 494 601 163 86 69 400 327 107
328 331 856 950 73 17 1 146 52 537 613 243
329 283 420 355 152 364 212 170 453 166 301 281
330 438 34 40 151 251 135 409 33 32 339 151
331 482 48 925 847 113 455 245 367 116 93 291
332 505 406 533 35 31 165 32 24 38 915 38
333 169 301 199 908 822 280 196 908 167 205 498
334 274 45 142 615 146 615 357 478 160 342 201
335 579 579 428 579 272 592 216 139 274 140 617
336 115 86 506 498 213 7 922 14 498 44 506
337 31 51 165 38 33 37 261 31 198 165 494
338 932 490 129 936 14 380 101 211 215 408 533
339 370 96 46 164 281 160 361 114 318 424 290
340 546 82 366 249 420 166 296 129 438 423 547
341 309 297 13 135 93 201 278 183 401 874 425
342 181 167 14 283 249 210 159 927 242 233 121
343 681 123 337 5 283 21 296 167 41 128 23
344 262 511 215 74 62 448 271 717 215 560 361
345 179 150 387 388 182 499 7 500 502 44 358
346 511 215 690 366 230 107 704 704 704 107 114
347 347 612 153 58 175 3 252 254 77 166 174
348 342 231 385 157 393 387 42 459 20 68 549
349 644 820 30 160 337 419 655 171 160 366 226
350 191 149 191 64 282 83 496 362 121 654 186
351 419 44 249 201 198 31 86 426 621 149 342
352 65 282 687 86 395 377 388 164 447 15 429
353 87 424 356 419 184 80 20 188 189 540 121
354 125 424 269 335 97 768 935 100 353 82 281
355 424 424 641 748 495 129 278 681 347 814 344
356 249 222 301 118 51 93 280 362 6 665 665
357 424 375 160 440 460 115 115 83 41 180 950
358 503 407 525 19 360 19 267 264 804 498 359
359 7 5 718 5 242 105 203 105 152 115 252
360 569 739 300 210 254 144 492 678 184 189 62
361 318 482 655 116 27 136 438 6 489 21 13
362 62 457 285 62 366 372 366 107 106 405 174
363 256 296 320 379 628 389 376 308 376 654 163
364 169 371 495 377 215 589 400 971 423 981 411
365 82 99 100 424 375 889 828 371 13 318 64
366 366 188 80 508 582 473 404 301 268 313 560
367 107 820 207 199 203 280 165 136 89 845 845
368 301 423 925 89 89 215 64 142 85 758 316
369 89 305 281 718 281 56 619 57 698 57 698
370 423 971 412 832 586 481 845 59 685 412 685
371 82 393 71 288 431 217 643 87 211 121 453
372 62 28 28 170 301 113 168 133 5 285 172
373 283 249 474 143 196 282 166 518 560 39 84
374 501 176 113 301 93 714 121 116 417 151 424
375 64 42 243 507 85 160 526 296 105 249 63
376 160 601 146 183 245 424 210 62 114 51 205
377 320 391 426 231 347 612 163 115 96 619 613
378 388 388 280 277 289 280 420 669 783 669 641
379 390 390 409 65 366 443 437 531 254 173 728
380 380 656 380 14 493 42 209 82 44 107 404
381 150 321 283 114 283 137 164 335 447 446 579
382 157 368 275 458 82 261 48 211 734 169 263
383 379 182 388 384 321 385 182 388 295 268 301
384 390 268 106 1 199 128 908 51 133 426 82
385 82 261 151 31 33 13 980 655 167 197 955
386 157 380 656 176 292 82 252 131 57 240 242
387 395 385 295 18 301 20 715 21 420 211 286
388 60 388 182 181 950 166 180 254 211 62 142
389 393 397 6 54 132 82 543 689 198 387 376
390 756 311 188 184 162 389 390 438 261 121 963
391 61 265 503 265 9 765 856 533 146 147 249
392 61 347 278 183 564 190 418 189 314 507 85
393 121 226 222 695 222 86 222 459 106 17 82
394 537 1 221 526 257 526 168 543 65 426 62
395 104 104 394 181 377 352 65 835 84 86 377
396 377 147 152 492 121 21 422 19 19 366 188
397 546 226 160 130 172 28 306 13 286 63 269
398 157 321 697 321 904 321 395 104 392 103 150
399 93 883 339 443 725 245 455 251 47 971 812
400 325 340 249 329 105 187 418 188 184 160 726
401 107 121 752 121 518 351 180 83 233 142 147
402 402 211 87 21 10 96 242 599 2 102 101
403 473 483 464 340 28 338 411 195 803 812 448
404 373 282 173 333 546 299 146 120 120 218 307
405 519 20 96 5 716 716 5 64 611 176 344
406 525 525 720 856 546 256 312 14 368 160 27
407 856 558 529 359 707 872 309 73 330 74 307
408 420 5 980 980 261 27 38 48 48 437 27
409 418 508 550 473 141 12 44 569 602 602 238
410 286 305 4 424 74 74 227 253 615 146 299
411 728 885 20 260 336 13 489 434 170 115 23
412 164 592 164 107 601 146 299 171 533 504 161
413 515 458 152 223 317 695 971 406 358 7 249
414 645 697 5 517 333 318 121 131 366 856 8
415 852 851 377 402 211 55 738 59 886 273 273
416 971 710 747 612 41 215 411 462 586 4 832
417 79 226 370 318 176 381 387 150 368 377 486
418 509 68 400 215 560 313 17 146 81 287 21
419 84 211 240 210 58 105 212 162 237 162 190
420 269 334 140 322 929 429 124 282 271 448 448
421 421 452 213 360 19 504 332 358 530 533 154
422 147 460 440 733 538 538 733 723 733 538 538
423 114 39 133 405 433 71 433 254 256 133 402
424 212 642 106 756 215 560 358 501 358 500 504
425 870 425 121 255 545 37 48 367 438 64 665
426 956 362 7 608 141 265 466 7 504 19 499
427 546 7 666 324 466 12 62 856 504 501 406
428 446 446 592 321 440 533 322 45 45 87 372
429 273 448 448 421 488 498 359 672 543 326 105
430 62 203 168 231 936 546 909 209 977 242 599
431 431 70 212 612 145 83 424 478 474 258 16
432 433 432 433 288 549 190 549 309 5 718 55
433 434 338 229 84 443 485 114 983 114 155 133
434 81 21 166 818 440 533 32 31 162 654 163
435 127 20 21 44 105 431 434 107 165 482 289
436 438 33 615 546 77 531 556 330 74 188 170
437 170 355 329 68 62 2 3 210 365 169 336
438 390 397 295 943 295 387 388 378 179 284 278
439 96 211 546 355 106 72 92 72 163 62 306
440 447 429 15 541 249 18 366 254 404 532 54
441 754 510 19 265 141 420 69 184 678 184 969
442 545 26 588 13 509 62 393 342 493 172 468
443 590 28 438 141 922 847 847 443 261 133 11
444 464 133 52 537 613 614 613 127 105 326 86
445 51 41 143 31 33 370 245 361 133 135 13
446 428 216 429 272 665 107 375 111 258 152 186
447 409 10 82 124 107 665 6 528 392 376 308
448 334 15 933 139 424 124 838 124 214 176 423
449 414 697 5 284 14 64 269 929 929 489 932
450 160 468 167 167 198 290 211 683 683 411 126
451 360 533 67 108 409 346 191 157 181 166 2
452 360 265 555 82 327 400 690 494 160 426 231
453 121 441 266 213 558 213 266 500 265 19 674
454 357 21 22 173 124 64 10 300 194 56 305
455 96 211 363 208 329 90 160 592 124 99 768
456 64 65 107 174 59 305 865 865 63 812 991
457 294 206 786 786 52 537 21 83 162 160 240
458 168 167 203 351 129 533 525 293 360 971 488
459 589 105 296 610 160 65 130 776 409 667 188
460 467 152 153 932 153 115 229 177 546 105 42
461 322 335 428 46 446 160 484 448 592 100 618
462 58 498 14 312 5 728 885 887 887 885 20
463 462 106 363 256 255 83 107 137 3 158 241
464 41 85 226 283 351 278 345 346 511 118 117
465 519 809 627 707 12 674 558 569 566 421 649
466 856 105 127 169 371 174 286 59 586 832 1001
467 20 92 11 661 141 161 530 358 358 452 498
468 180 262 148 377 734 320 533 262 179 160 262
469 66 513 166 799 715 69 105 346 820 159 89
470 914 36 333 486 426 714 65 818 339 26 28
471 333 114 355 152 49 153 115 370 96 21 424
472 255 83 143 229 165 361 370 96 100 301 35
473 25 588 24 988 411 517 305 865 412 812 803
474 160 226 166 405 280 51 908 592 15 139 164
475 300 300 314 52 397 157 386 560 328 327 11
476 108 64 209 131 58 13 418 467 142 19 555
477 69 216 301 285 533 435 65 0 0 250 296
478 652 333 434 30 764 331 464 900 183 271 54
479 275 434 129 422 601 121 423 113 151 24 38
480 166 145 13 83 154 493 515 277 149 157 346
481 160 666 160 136 361 560 328 86 326 549 6
482 48 417 981 527 6 134 84 585 813 600 458
483 165 816 116 128 209 490 405 274 269 617 618
484 494 282 209 243 926 301 307 18 155 114 307
485 198 95 280 483 232 320 377 659 377 6 544
486 35 442 545 93 494 2 102 517 5 157 182
487 421 141 661 362 114 411 126 138 137 174 121
488 421 38 115 340 331 215 81 169 251 438 89
489 929 140 45 62 480 357 105 346 21 518 557
490 121 118 121 77 212 393 950 856 932 333 976
491 490 42 612 856 533 213 359 672 249 221 177
492 333 120 377 82 183 172 483 178 440 280 105
493 694 290 143 325 13 748 222 256 351 129 13
494 141 500 569 9 359 332 505 249 833 7 213
495 222 560 607 453 84 217 812 45 301 362 486
496 529 374 407 43 499 407 498 496 560 329 87
497 340 342 262 402 377 398 379 6 139 424 375
498 804 565 44 141 672 249 462 173 212 64 458
499 533 44 332 504 500 44 114 62 506 672 543
500 499 533 190 87 187 142 253 189 420 453 86
501 374 500 525 700 452 502 505 971 277 232 515
502 661 9 720 441 254 153 615 155 209 107 856
503 502 359 558 84 253 615 800 549 694 706 585
504 11 141 51 256 255 63 812 635 285 683 285
505 971 2 408 6 587 194 238 237 240 236 240
506 293 530 249 286 408 138 58 57 305 949 252
507 298 42 5 191 262 160 310 160 353 69 108
508 663 137 88 533 127 435 440 241 236 86 95
509 81 549 934 163 654 66 611 66 252 211 604
510 9 358 823 661 570 971 570 360 754 555 84
511 118 495 283 63 408 6 55 638 81 46 334
512 160 181 320 60 392 296 284 231 645 231 656
513 513 474 143 41 203 121 544 790 544 450 168
514 971 809 55 58 254 81 667 160 287 106 189
515 277 296 320 61 280 734 177 459 62 306 434
516 195 305 131 950 173 173 340 535 482 129 133
517 5 249 493 166 143 328 331 482 339 438 87
518 254 252 740 252 174 303 300 158 234 239 234
519 465 667 473 434 65 135 437 443 423 925 89
520 815 174 84 442 36 28 351 329 20 42 309
521 295 391 391 426 280 115 172 231 692 231 172
522 523 829 203 198 419 270 426 423 485 74 308
523 387 41 751 128 157 344 156 180 344 177 232
524 72 92 513 66 67 189 726 152 269 615 820
525 707 358 374 441 86 113 543 87 28 166 300
526 655 116 129 365 338 338 32 151 261 655 223
527 96 80 663 80 249 187 183 80 21 184 486
528 644 64 528 305 420 7 249 16 290 256 154
529 720 856 555 856 7 537 473 129 490 129 789
530 293 293 8 9 957 569 498 61 483 345 351
531 686 564 209 637 233 145 142 494 576 142 480
532 285 921 6 290 129 169 464 455 64 771 518
533 188 74 317 116 443 333 441 430 672 543 257
534 544 257 426 129 44 300 107 438 29 5 644
535 340 405 83 249 543 813 585 706 585 295 16
536 287 82 290 166 331 215 0 380 166 165 443
537 268 160 672 971 804 266 720 529 332 523 14
538 733 728 411 511 306 325 96 235 236 46 548
539 78 121 759 121 546 909 280 280 42 190 971
540 971 893 971 325 5 170 107 83 424 497 491
541 541 181 6 237 243 412 552 211 469 91 375
542 168 493 424 445 366 254 366 812 461 15 164
543 458 83 536 189 679 482 134 6 859 243 234
544 62 509 678 92 137 169 455 339 883 93 201
545 133 284 232 312 160 490 420 222 543 121 212
546 954 107 269 256 312 85 146 549 118 326 327
547 48 482 531 539 531 263 283 114 640 353 640
548 82 166 152 366 441 498 738 738 211 552 271
549 81 478 325 962 958 509 551 671 17 467 84
550 187 107 221 268 311 188 222 160 233 239 3
551 160 681 191 857 166 115 114 155 367 361 62
552 738 809 56 685 880 286 13 32 473 459 20
553 521 615 129 63 137 82 131 832 131 698 281
554 521 340 251 971 844 133 365 7 529 494 305
555 84 71 432 162 212 64 506 661 506 441 86
556 14 426 391 320 483 167 218 310 222 543 294
557 232 284 157 387 283 44 820 932 420 30 409
558 856 186 162 81 3 412 971 457 426 572 939
559 282 401 712 4 59 971 467 160 504 8 672
560 20 28 419 161 107 69 710 549 467 107 115
561 462 272 665 137 129 214 278 83 579 321 810
562 498 213 61 280 81 63 138 4 194 166 662
563 494 480 678 549 678 747 215 150 122 191 283
564 640 64 170 165 135 914 116 280 270 486 14
565 804 232 493 562 440 497 13 535 554 134 535
566 823 265 8 7 362 529 506 466 602 441 86
567 425 835 275 434 404 533 504 506 856 661 363
568 458 420 301 686 564 81 474 932 20 145 163
569 11 518 187 494 153 422 87 62 314 225 309
570 971 444 438 590 171 339 116 464 129 21 581
571 4 430 672 506 651 511 651 121 468 223 459
572 167 917 27 170 38 258 142 46 132 16 424
573 141 431 433 431 17 166 150 379 719 64 302
574 401 129 286 138 409 81 28 261 160 135 337
575 149 284 203 294 342 533 201 86 450 169 114
576 232 556 113 443 414 370 417 48 976 263 847
577 249 431 83 292 183 362 459 21 409 69 216
578 577 375 96 37 96 340 16 269 461 46 114
579 446 579 13 576 932 255 152 121 540 86 458
580 580 580 580 580 580 580 580 580 580 580 580
581 65 334 429 269 211 281 683 57 859 121 308
582 667 128 300 355 896 112 258 802 172 214 351
583 521 615 84 393 378 397 320 349 907 262 533
584 290 892 173 99 185 708 768 97 185 125 354
585 585 813 544 212 165 48 263 30 820 269 365
586 832 4 195 57 698 412 194 587 237 963 121
587 238 236 142 133 51 13 588 13 179 133 292
588 169 495 300 106 44 856 358 569 358 805 44
589 215 221 459 498 446 301 393 84 323 162 180
590 86 438 261 86 58 404 353 662 282 420 189
591 160 494 474 478 357 16 46 322 429 929 164
592 428 335 15 121 96 338 35 13 535 340 256
593 908 205 201 352 103 392 390 390 321 388 160
594 84 546 221 14 537 103 201 473 441 374 502
595 52 814 52 719 376 182 602 183 146 0 309
596 366 443 93 25 133 162 654 105 283 333 654
597 756 227 405 519 786 166 147 121 649 499 765
598 340 848 419 542 440 366 820 593 86 31 115
599 158 963 82 82 820 269 269 579 15 16 771
600 401 562 377 219 74 312 314 215 114 419 79
601 107 31 338 337 27 121 338 32 533 529 602
602 602 499 566 707 950 74 480 166 153 115 493
603 414 605 851 191 86 28 166 165 314 434 441
604 96 261 165 486 327 173 256 474 105 667 549
605 851 907 851 157 52 1 979 316 253 189 80
606 495 739 300 828 169 96 336 336 400 107 211
607 393 395 174 16 405 278 301 809 58 62 493
608 61 380 296 380 656 262 100 92 370 725 114
609 609 24 440 94 820 44 161 7 249 64 515
610 459 434 333 113 847 114 89 211 990 408 192
611 450 493 105 340 16 295 18 133 82 145 303
612 859 366 217 160 278 128 254 932 173 728 173
613 127 92 260 311 189 627 333 527 527 444 76
614 614 742 742 546 184 405 367 151 438 116 136
615 180 419 356 108 652 419 268 84 142 133 25
616 320 350 204 41 581 420 68 80 880 157 397
617 140 929 579 273 2 300 81 418 142 254 490
618 617 140 461 533 359 466 451 265 498 710 187
619 613 747 121 290 357 21 355 856 913 707 720
620 86 17 313 221 310 581 5 102 411 318 981
621 781 52 221 249 63 195 192 826 193 411 123
622 238 159 234 474 68 106 494 515 440 215 297
623 450 212 83 601 3 2 612 272 5 29 438
624 301 183 15 285 183 365 438 87 859 105 82
625 408 305 84 715 69 81 106 480 211 57 3
626 87 422 19 141 12 7 672 672 543 222 424
627 62 163 641 1 225 1 310 932 154 820 200
628 320 734 284 255 42 183 257 426 114 263 114
629 440 159 166 1000 14 226 307 17 249 44 661
630 369 88 750 88 211 87 63 128 16 489 6
631 159 931 234 240 211 469 258 1003 258 258 183
632 719 632 719 121 137 665 175 137 155 486 188
633 633 633 633 633 633 633 633 633 633 633 633
634 634 635 812 63 255 932 174 665 63 486 280
635 286 4 158 599 158 638 589 83 253 434 296
636 211 990 59 138 58 153 152 615 252 685 647
637 209 139 160 582 667 189 454 107 28 270 278
638 10 160 40 725 417 263 115 263 116 548 78
639 158 234 282 441 666 823 971 400 336 816 455
640 404 121 105 362 365 589 607 170 371 169 419
641 424 196 280 450 419 78 79 497 482 438 437
642 284 280 409 81 81 141 430 62 187 155 377
643 48 48 171 172 51 199 917 970 820 136 135
644 644 5 157 391 389 585 544 607 589 249 765
645 414 414 479 414 443 47 47 160 104 104 549
646 411 537 170 86 373 311 373 528 373 563 373
647 435 519 222 189 434 269 64 141 265 267 666
648 648 648 648 648 648 648 648 648 648 648 648
649 84 654 84 119 980 980 757 367 96 100 99
650 215 248 422 166 536 546 62 41 917 204 51
651 121 340 106 73 106 480 166 159 240 235 209
652 478 328 258 347 122 168 284 191 681 12 823
653 653 653 653 653 653 653 653 653 653 653 653
654 234 121 121 158 174 199 167 420 338 169 753
655 301 45 87 473 473 963 931 238 931 243 87
656 177 166 74 87 533 581 820 443 113 160 280
657 269 274 428 428 139 129 695 607 533 262 345
658 658 658 658 658 658 658 658 658 658 658 658
659 377 621 180 254 393 83 163 613 747 667 409
660 660 660 660 660 660 660 660 660 660 660 660
661 823 452 7 358 44 407 374 374 441 249 327
662 371 45 216 139 322 446 428 46 447 139 446
663 80 395 157 104 320 377 378 376 368 250 387
664 84 594 121 86 450 526 840 232 457 238 238
665 254 493 909 303 235 158 233 63 278 342 621
666 666 367 420 453 160 445 310 222 20 173 777
667 128 419 468 162 15 162 184 551 509 972 913
668 157 157 351 181 103 0 316 435 127 84 295
669 669 783 424 274 86 98 404 333 455 169 283
670 670 670 670 670 670 670 670 670 670 670 670
671 480 678 400 11 555 141 951 359 608 332 421
672 971 400 259 73 268 295 292 172 181 166 506
673 673 495 300 329 576 232 918 206 149 575 232
674 9 529 499 86 225 223 758 143 474 17 310
675 675 675 675 675 675 675 675 675 675 675 675
676 447 498 205 955 936 14 206 342 62 769 62
677 199 218 224 148 148 179 869 181 61 380 283
678 69 311 373 194 803 767 82 77 811 62 172
679 80 367 757 980 367 133 426 14 65 581 41
680 380 283 132 258 16 404 473 441 8 44 892
681 191 160 429 424 256 489 129 176 231 122 411
682 191 344 156 381 181 376 387 157 368 321 380
683 211 604 458 604 411 671 357 480 20 163 121
684 684 684 684 684 684 684 684 684 684 684 684
685 647 256 184 365 44 19 288 296 250 526 543
686 21 314 283 560 42 190 108 67 66 338 409
687 353 768 97 371 185 800 549 934 163 42 41
688 543 16 356 612 162 81 280 206 204 41 460
689 198 387 667 480 252 803 990 211 87 233 254
690 20 121 544 133 365 28 116 23 107 279 107
691 691 691 691 691 691 691 691 691 691 691 691
692 130 121 153 282 434 295 210 244 159 963 131
693 283 282 174 164 2 859 243 64 302 123 180
694 549 162 4 208 132 131 586 285 254 531 169
695 147 366 317 85 695 491 753 86 196 41 5
696 74 282 174 4 412 211 153 87 518 188 363
697 415 852 18 307 872 707 441 86 121 493 405
698 738 412 520 138 698 57 863 57 601 166 429
699 720 11 430 12 362 486 14 103 53 922 280
700 332 504 466 496 496 5 323 84 326 923 825
701 462 546 615 427 651 427 121 404 654 50 50
702 932 338 84 305 520 21 615 155 269 269 546
703 703 703 703 703 703 703 703 703 703 703 703
704 107 282 404 474 427 47 455 339 113 455 444
705 401 289 401 533 249 489 249 421 38 321 385
706 373 812 273 429 461 272 272 579 216 429 15
707 264 7 499 141 504 506 827 506 247 12 11
708 124 353 121 301 214 593 128 107 249 201 204
709 353 125 768 101 155 855 473 460 57 137 164
710 81 166 347 181 64 498 92 86 114 892 128
711 711 711 711 711 711 711 711 711 711 711 711
712 4 803 54 826 990 1001 3 57 2 249 473
713 81 81 434 478 424 68 287 509 107 64 771
714 450 257 377 490 81 509 424 303 21 518 426
715 84 393 86 184 105 183 15 62 135 165 533
716 5 194 252 121 78 107 18 160 310 317 218
717 459 189 726 612 115 152 153 17 120 333 609
718 5 76 47 423 333 13 357 256 705 705 425
719 393 283 5 211 469 89 369 160 786 206 588
720 441 87 17 473 44 133 493 515 89 411 102
721 229 143 413 160 337 165 816 455 245 183 531
722 27 251 26 171 455 339 28 363 560 229 64
723 551 69 299 69 86 756 756 106 1 17 255
724 338 28 282 69 311 341 316 379 6 128 220
725 96 370 318 5 105 393 615 465 316 465 809
726 342 262 376 250 390 62 754 62 447 812 252
727 84 48 482 48 417 133 544 6 375 143 51
728 173 538 306 858 306 509 183 410 258 417 30
729 971 8 358 560 215 223 218 1 218 224 224
730 460 467 69 306 68 68 508 10 400 74 316
731 731 731 731 731 731 731 731 731 731 731 731
732 732 732 732 732 732 732 732 732 732 732 732
733 326 389 537 781 621 180 105 422 154 419 365
734 169 96 259 327 20 137 88 137 2 865 56
735 592 274 21 885 20 424 212 81 607 128 365
736 160 20 121 125 640 98 323 271 183 145 160
737 737 271 949 252 286 859 921 845 305 56 303
738 424 31 96 131 604 546 255 17 120 5 284
739 569 957 9 44 166 55 208 132 106 459 222
740 971 391 379 376 379 396 321 160 338 638 169
741 103 53 526 912 504 374 44 107 124 107 495
742 166 243 375 356 82 280 515 168 526 257 568
743 517 305 949 305 420 218 309 133 179 61 61
744 744 744 744 744 744 744 744 744 744 744 744
745 74 228 450 5 455 339 13 147 329 303 355
746 746 746 746 746 746 746 746 746 746 746 746
747 513 425 526 221 485 444 114 21 686 21 145
748 367 62 77 84 662 86 593 515 450 168 491
749 776 593 205 128 166 191 122 150 390 321 396
750 88 57 57 619 56 3 128 107 55 520 2
751 51 29 33 13 336 336 337 27 437 339 860
752 65 129 460 421 488 499 504 358 573 566 8
753 115 373 964 40 409 515 817 543 813 450 172
754 161 666 86 113 919 847 205 94 351 350 178
755 211 405 17 160 286 411 2 494 128 183 271
756 459 615 58 371 107 170 442 370 135 23 494
757 980 427 23 215 60 283 333 419 542 526 407
758 366 134 535 482 301 596 301 35 34 588 392
759 459 311 248 422 17 252 812 461 428 461 624
760 335 533 86 212 932 420 269 62 41 776 95
761 393 390 390 250 296 420 362 301 23 27 721
762 516 305 84 75 494 151 37 23 301 581 557
763 763 763 5 325 87 147 422 427 145 87 28
764 211 285 6 285 4 305 481 698 2 896 287
765 44 546 462 254 367 420 627 189 418 582 671
766 521 583 521 598 521 134 74 308 160 450 494
767 803 826 6 481 4 283 372 366 424 154 412
768 935 100 768 708 97 185 125 323 98 404 99
769 62 708 371 828 892 491 753 491 548 531 333
770 353 618 353 371 174 211 464 337 339 34 33
771 145 170 318 76 75 165 129 137 255 607 471
772 772 772 772 772 772 772 772 772 772 772 772
773 405 245 326 533 435 942 435 163 282 357 106
774 285 625 285 774 285 63 896 160 541 150 157
775 560 20 121 373 812 126 4 55 412 81 145
776 204 206 168 278 681 352 13 214 177 60 342
777 498 360 7 265 503 358 504 8 573 12 13
778 160 405 121 393 386 157 383 383 379 316 905
779 820 82 172 440 440 53 280 106 533 406 9
780 84 372 134 535 13 550 106 419 490 365 451
781 537 1 459 565 44 63 209 639 209 16 44
782 526 546 462 145 612 282 665 254 642 107 736
783 424 168 166 347 191 907 156 342 393 86 470
784 784 411 131 586 932 932 31 36 588 23 590
785 23 337 169 333 417 981 925 443 38 438 423
786 465 14 133 179 214 301 155 429 447 323 160
787 21 169 116 133 27 409 325 400 106 589 212
788 717 411 412 587 194 160 641 82 133 340 256
789 168 820 282 480 143 482 301 651 624 651 118
790 544 813 172 413 813 172 64 685 137 139 819
791 493 474 469 91 107 283 225 312 314 317 18
792 121 492 254 114 303 160 78 340 128 378 397
793 748 708 97 662 84 411 252 209 411 986 261
794 322 676 160 107 35 878 23 170 453 459 44
795 417 437 170 117 170 533 269 15 121 615 33
796 353 708 748 405 278 21 422 518 63 718 305
797 797 18 85 17 154 62 453 607 253 315 218
798 798 798 798 798 798 798 798 798 798 798 798
799 715 84 62 179 61 608 232 5 481 55 58
800 533 280 543 542 168 450 105 450 340 28 46
801 820 917 820 154 58 254 77 78 13 95 206
802 365 245 96 610 694 706 14 390 13 302 285
803 826 252 162 333 474 513 93 424 395 376 719
804 466 362 480 21 29 21 274 405 115 533 266
805 971 188 486 410 490 258 478 108 971 804 264
806 88 89 482 482 482 318 48 114 173 462 308
807 5 481 54 2 308 295 386 377 386 181 60
808 808 808 808 808 808 808 808 808 808 808 808
809 195 412 520 137 211 340 554 419 81 114 356
810 321 391 381 181 182 381 182 397 458 458 397
811 79 115 16 305 271 137 685 54 126 173 400
812 991 412 587 832 59 4 208 411 976 417 32
813 403 291 290 357 143 93 576 128 107 207 95
814 52 314 189 287 509 62 109 108 90 62 87
815 138 698 54 4 56 209 244 241 234 927 927
816 455 263 300 100 86 203 376 388 130 14 85
817 813 275 458 604 211 764 541 181 390 390 396
818 65 65 290 822 822 900 953 26 370 725 318
819 273 322 446 429 272 273 429 166 69 184 68
820 16 211 208 236 3 990 65 257 180 17 62
821 163 932 338 420 283 693 366 82 186 129 82
822 533 906 160 250 113 442 245 546 44 525 500
823 558 451 265 11 161 419 490 170 183 282 153
824 191 365 486 286 412 193 408 859 963 612 17
825 723 825 723 126 564 304 86 438 338 113 725
826 6 549 160 236 241 234 926 301 303 105 859
827 506 365 438 170 490 186 129 64 950 303 160
828 107 375 318 115 427 160 481 698 4 990 859
829 203 199 83 579 321 179 104 379 181 378 150
830 452 358 358 498 332 707 674 430 533 518 559
831 258 211 271 137 412 826 586 404 98 101 353
832 412 238 242 240 159 963 546 105 210 238 601
833 44 504 504 160 337 165 123 61 707 61 250
834 107 3 211 402 377 52 52 537 459 513 268
835 275 6 685 175 532 56 520 208 137 982 137
836 836 836 836 523 332 498 473 114 39 35 301
837 837 107 812 877 28 32 438 417 32 151 35
838 45 274 424 17 212 233 235 236 233 234 160
839 377 0 0 380 391 376 150 390 394 385 380
840 440 629 178 166 434 459 610 59 132 63 239
841 841 312 85 1 189 536 189 786 64 306 306
842 211 340 892 28 128 494 544 81 105 355 160
843 290 706 836 706 86 687 404 82 165 75 261
844 971 133 60 283 333 36 31 121 4 571 286
845 4 405 263 527 318 47 847 437 5 120 146
846 605 846 605 797 605 797 605 414 370 427 145
847 981 113 115 18 420 141 161 570 359 498 856
848 419 280 228 314 892 45 142 41 197 215 495
849 155 44 951 957 213 264 498 777 482 820 950
850 199 83 145 4 990 194 373 508 663 80 286
851 191 343 350 13 476 375 756 118 549 325 173
852 851 852 206 168 168 346 346 168 611 486 417
853 82 50 87 546 206 201 473 3 2 899 2
854 174 4 145 147 173 142 812 428 160 158 63
855 473 190 409 117 189 551 299 299 298 42 493
856 506 374 503 506 932 340 128 28 229 489 105
857 160 340 46 255 106 221 493 615 963 244 615
858 306 81 225 86 404 212 7 8 430 4 62
859 826 812 826 803 252 859 195 5 462 254 211
860 455 470 116 123 165 133 28 655 482 14 292
861 350 320 947 320 628 389 53 157 295 521 295
862 777 259 21 249 367 470 116 79 13 352 41
863 57 64 0 17 107 163 652 478 476 13 36
864 411 473 30 133 280 47 114 686 263 232 1000
865 2 333 96 655 470 590 27 35 953 590 409
866 96 165 166 141 496 459 467 85 226 518 249
867 340 331 260 21 249 327 328 86 747 508 550
868 5 89 369 88 57 304 256 489 211 420 568
869 841 719 397 390 385 103 385 60 396 390 13
870 65 426 413 160 302 438 423 5 828 121 480
871 231 172 14 231 168 167 290 531 212 105 367
872 182 388 164 379 61 378 376 262 231 177 176
873 425 457 285 698 281 845 63 63 738 131 281
874 65 352 157 103 368 103 389 537 231 280 284
875 170 427 169 169 16 404 101 101 125 124 618
876 564 686 301 446 140 592 164 273 592 38 48
877 549 80 379 378 379 174 54 138 56 89 3
878 33 409 2 137 812 13 272 271 56 809 137
879 242 599 96 113 914 816 336 13 302 115 987
880 80 286 303 371 58 812 880 921 56 211 532
881 96 209 236 96 46 106 117 5 423 263 82
882 160 786 465 465 473 46 21 169 329 212 490
883 883 115 337 160 281 303 183 411 900 987 411
884 412 888 412 305 285 457 238 86 598 84 326
885 728 535 134 10 256 312 222 18 18 366 521
886 3 256 28 37 123 900 860 914 914 816 437
887 92 137 877 137 408 271 3 272 137 281 107
888 412 281 6 141 249 54 63 56 481 271 809
889 300 495 5 171 13 667 465 14 706 373 121
890 890 890 890 890 121 147 254 420 291 543 494
891 892 160 160 464 82 191 345 191 166 234 6
892 891 892 891 405 489 644 820 205 172 585 600
893 971 196 908 94 294 401 600 493 154 252 269
894 327 20 80 129 80 96 236 235 242 241 498
895 333 361 434 404 173 269 933 269 105 256 303
896 638 340 17 223 222 222 189 799 166 139 273
897 263 301 45 932 310 82 160 148 434 434 180
898 481 6 195 832 586 412 192 412 58 856 249
899 2 409 336 338 96 474 612 424 249 62 64
900 168 121 963 142 125 353 82 367 32 654 453
901 137 281 64 105 48 372 70 212 114 133 256
902 5 140 6 55 809 131 552 411 285 302 88
903 262 814 262 345 178 413 542 399 51 200 917
904 321 182 379 396 320 368 181 156 697 5 681
905 309 297 17 225 17 162 45 15 16 489 408
906 160 369 630 303 89 933 446 592 448 46 272
907 377 150 60 396 379 321 440 5 7 430 8
908 278 493 283 14 562 401 399 183 473 14 65
909 546 604 411 438 28 424 429 269 335 124 708
910 65 562 498 405 15 45 140 334 274 405 19
911 189 215 188 486 458 526 457 232 971 2 211
912 526 103 86 233 145 20 142 271 738 131 455
913 525 406 407 406 7 525 573 11 133 443 485
914 165 89 158 599 2 138 57 55 55 271 145
915 38 48 47 14 515 172 655 151 165 107 671
916 414 645 191 64 116 64 191 150 181 384 495
917 908 922 956 700 570 700 957 141 306 409 21
918 908 207 196 200 207 183 326 84 118 300 44
919 976 981 361 318 494 282 271 126 54 698 2
920 435 793 316 379 379 250 1 495 215 494 93
921 138 698 59 949 271 400 215 81 490 254 216
922 496 362 666 823 15 322 447 592 760 15 62
923 326 13 2 249 493 65 562 515 552 4 301
924 209 140 592 272 45 107 279 118 83 506 506
925 423 318 83 278 270 183 956 922 699 922 699
926 237 237 963 154 17 221 16 820 212 107 113
927 241 234 963 159 301 857 301 290 6 376 60
928 211 949 211 705 232 358 560 329 434 16 304
929 489 256 153 256 425 401 705 450 172 403 291
930 669 5 170 136 361 367 666 566 700 720 498
931 301 273 447 139 273 428 107 726 5 82 127
932 77 333 77 105 183 568 426 62 186 531 106
933 334 269 657 269 145 591 107 129 53 182 381
934 268 227 756 42 607 453 87 484 448 429 592
935 125 101 120 94 204 41 197 494 529 160 139
936 232 141 957 700 823 15 164 446 334 335 274
937 64 458 142 236 159 158 89 58 183 159 301
938 611 292 83 557 51 206 160 826 990 1001 3
939 350 350 851 377 82 594 84 442 96 847 464
940 128 365 21 81 550 249 820 87 484 290 291
941 189 160 127 20 163 434 255 160 83 333 172
942 435 647 93 41 203 231 797 342 201 160 404
943 295 84 546 422 131 281 685 58 698 552 57
944 748 932 211 21 96 88 57 174 250 103 53
945 409 272 274 140 274 340 301 312 225 756 533
946 641 371 101 65 870 65 568 81 162 237 242
947 394 390 393 390 295 932 163 142 211 84 252
948 381 479 479 414 414 479 275 200 94 94 351
949 56 698 412 473 355 107 417 114 443 33 169
950 181 397 389 53 215 459 268 313 17 313 268
951 359 754 555 7 212 255 42 160 209 599 304
952 28 39 84 1 459 107 161 82 228 312 62
953 699 525 729 525 951 141 506 971 332 699 953
954 518 355 105 492 105 508 81 375 6 204 593
955 205 128 52 53 157 104 160 306 128 14 486
956 7 62 258 559 769 559 282 160 562 714 93
957 9 9 720 700 566 570 7 451 360 971 133
958 509 282 464 136 169 900 115 301 624 409 316
959 377 283 303 3 685 137 286 252 404 323 354
960 377 907 180 351 95 123 129 457 562 232 321
961 377 157 384 393 105 223 256 107 295 268 221
962 325 87 87 20 11 21 146 226 105 173 531
963 241 244 209 977 209 139 420 326 107 310 494
964 373 404 434 220 114 107 166 184 540 189 454
965 936 231 936 232 1000 232 141 332 502 529 498
966 189 663 375 368 320 232 576 494 282 641 163
967 498 503 213 503 407 93 450 450 86 103 397
968 184 405 184 21 274 216 69 166 234 927 926
969 184 420 244 236 533 127 160 573 9 266 555
970 546 17 62 74 82 285 571 137 211 290 6
971 93 136 136 361 32 165 28 351 296 107 174
972 913 499 765 499 264 570 7 525 913 529 9
973 971 699 332 971 20 72 259 21 519 405 162
974 918 377 321 181 291 65 135 13 346 345 278
975 971 627 333 166 377 350 204 533 226 14 523
976 114 252 57 685 3 371 473 256 351 172 169
977 242 234 82 154 654 83 329 105 142 303 170
978 115 302 252 273 83 536 184 747 105 145 233
979 745 745 979 1 218 167 231 526 167 351 371
980 367 303 21 173 184 627 513 474 366 17 219
981 444 976 113 424 212 166 142 106 489 105 80
982 137 81 518 83 210 638 126 586 738 809 305
983 333 444 84 549 306 733 728 411 323 124 300
984 153 105 115 254 283 390 104 320 533 303 355
985 376 250 296 179 381 295 317 312 160 778 160
986 411 866 411 163 934 549 173 74 116 133 25
987 338 135 75 367 261 361 34 25 29 32 24
988 24 38 27 151 417 258 18 232 14 390 268
989 989 989 989 91 143 484 563 522 523 332 421
990 3 195 211 64 323 98 13 87 161 555 409
991 412 3 286 410 486 280 168 585 585 813 129
992 129 473 767 473 362 533 326 20 537 366 747
993 408 517 195 586 211 405 480 221 222 420 82
994 6 193 411 698 552 809 58 244 233 235 360
995 712 995 712 4 832 102 743 517 516 195 57
996 12 300 314 495 671 253 315 17 474 212 550
997 24 38 443 115 338 932 211 101 96 417 79
998 65 13 113 914 531 115 883 336 820 30 35
999 145 404 618 323 64 400 678 627 549 356 480
1000 918 94 200 918 377 468 377 526 912 499 602
1001 990 281 571 211 683 285 82 647 121 165 28
1002 560 913 922 340 553 482 89 482 437 547 318
1003 258 417 925 981 411 665 58 859 142 340 554
1004 55 160 450 83 84 444 464 377 389 296 182
0 380 166 441 366
1 548 405 115 30
2 412 137 305 683
3 880 812 272 462
4 625 252 305 483
5 420 244 236 209
6 184 969 509 958
7 700 720 332 707
8 265 503 506 358
9 499 488 971 133
10 271 145 405 314
11 141 166 221 459
12 707 465 809 56
13 356 509 260 325
14 51 256 405 280
15 446 322 794 322
16 105 329 478 356
17 366 226 218 307
18 219 309 310 86
19 83 199 203 434
20 106 189 508 509
21 375 577 142 783
22 11 11 8 213
23 28 367 427 40
24 23 87 419 87
25 29 31 438 494
26 26 25 23 474
27 37 36 914 135
28 39 34 37 667
29 229 143 478 66
30 129 214 413 93
31 107 601 404 45
32 13 340 473 459
33 24 30 420 651
34 37 721 28 270
35 14 498 213 452
36 333 133 493 533
37 261 37 33 33
38 38 31 107 169
39 33 370 39 84
40 35 5 726 85
41 121 1 127 37
42 255 363 303 544
43 324 44 62 19
44 293 754 44 419
45 142 256 367 116
46 322 13 327 173
47 443 93 399 199
48 981 48 50 217
49 71 152 211 208
50 433 393 295 182
51 280 87 189 20
52 814 262 278 13
53 420 304 420 450
54 552 132 236 209
55 5 99 173 83
56 305 64 42 495
57 59 281 211 845
58 88 271 46 96
59 949 57 89 91
60 61 421 11 365
61 104 368 0 266
62 571 62 426 263
63 283 300 100 62
64 511 411 126 271
65 818 92 426 621
66 375 13 126 564
67 86 714 143 197
68 667 550 667 533
69 678 184 82 377
70 186 121 137 665
71 84 162 160 12
72 524 72 259 327
73 316 121 144 283
74 152 79 115 474
75 253 62 137 137
76 48 84 544 568
77 531 169 170 82
78 93 515 14 289
79 121 255 434 189
80 80 188 82 367
81 549 288 71 70
82 385 181 390 392
83 365 19 441 254
84 86 714 62 310
85 313 310 533 15
86 90 474 409 39
87 810 180 533 46
88 303 128 450 543
89 552 520 63 281
90 478 434 159 160
91 329 184 115 254
92 11 573 441 161
93 409 450 534 813
94 64 318 5 728
95 198 41 593 128
96 423 303 932 212
97 662 300 126 286
98 98 124 424 483
99 97 640 64 395
100 935 100 5 327
101 404 412 552 137
102 411 537 473 93
103 182 384 60 215
104 395 152 494 328
105 5 469 91 112
106 154 107 87 513
107 441 82 568 290
108 301 446 429 160
109 366 820 280 93
110 375 112 368 392
111 110 91 91 11
112 84 31 162 549
113 473 404 709 353
114 411 243 820 283
115 23 62 666 166
116 531 114 87 86
117 66 513 655 35
118 756 614 106 419
119 84 727 464 211
120 94 214 413 178
121 1 268 459 25
122 156 179 741 150
123 129 231 157 320
124 139 819 273 429
125 97 335 760 546
126 723 306 327 21
127 128 169 531 78
128 201 820 231 820
129 473 269 301 222
130 401 289 277 296
131 683 305 5 189
132 252 849 63 379
133 568 450 133 165
134 134 523 280 107
135 437 900 914 816
136 361 135 5 868
137 56 137 62 184
138 57 193 411 195
139 274 678 400 327
140 428 46 533 20
141 499 43 406 358
142 184 480 223 228
143 375 142 576 295
144 254 820 443 115
145 518 223 758 91
146 81 351 518 492
147 612 282 221 82
148 377 961 377 316
149 381 179 280 232
150 149 284 621 377
151 86 747 82 180
152 269 334 335 447
153 155 58 132 305
154 269 929 269 474
155 326 121 433 254
156 157 104 82 508
157 345 350 936 563
158 234 931 240 963
159 460 679 551 303
160 160 147 1 127
161 160 189 147 254
162 79 107 47 280
163 72 259 20 932
164 379 64 232 537
165 486 245 329 351
166 146 183 343 107
167 168 413 177 479
168 523 332 502 332
169 105 474 328 560
170 434 10 434 30
171 160 353 323 185
172 169 42 343 342
173 404 323 3 211
174 859 812 932 812
175 3 283 144 433
176 176 450 228 82
177 377 380 387 229
178 539 178 537 106
179 320 213 466 496
180 433 162 15 13
181 388 393 932 586
182 157 719 395 393
183 450 280 168 285
184 256 303 369 304
185 618 618 353 121
186 162 84 487 496
187 418 473 550 306
188 222 225 311 366
189 147 85 519 607
190 494 601 333 84
191 682 511 275 6
192 58 601 333 211
193 412 411 285 685
194 5 495 526 537
195 4 89 3 195
196 207 41 5 469
197 955 94 120 333
198 820 171 370 96
199 95 41 198 485
200 413 542 403 971
201 128 329 652 513
202 41 42 280 526
203 829 523 836 332
204 167 128 166 160
205 593 340 932 17
206 62 554 134 74
207 199 908 128 212
208 599 2 517 195
209 518 17 316 146
210 106 641 1 189
211 101 124 166 12
212 550 19 19 754
213 61 64 271 132
214 166 857 160 245
215 459 695 405 160
216 269 424 114 339
217 643 404 166 480
218 219 82 51 65
219 60 283 295 434
220 377 548 1 218
221 537 189 184 6
222 166 58 183 69
223 655 172 133 280
224 218 366 109 51
225 74 231 440 320
226 146 17 253 373
227 254 121 10 329
228 312 301 504 183
229 169 160 132 809
230 20 189 184 678
231 440 159 460 679
232 820 342 94 218
233 174 164 139 447
234 931 931 234 366
235 242 5 132 271
236 142 88 924 209
237 244 422 950 23
238 243 926 931 238
239 3 685 665 303
240 237 242 237 107
241 240 211 132 58
242 879 242 159 926
243 375 469 469 375
244 963 121 890 890
245 361 361 333 256
246 213 533 361 417
247 570 360 754 84
248 218 95 167 231
249 543 526 250 390
250 181 380 0 88
251 900 165 86 184
252 546 397 394 283
253 932 820 136 337
254 170 23 153 152
255 1 351 278 270
256 210 16 170 816
257 180 231 457 457
258 38 28 29 165
259 69 473 269 513
260 248 459 166 577
261 23 820 13 84
262 160 417 162 654
263 527 48 455 338
264 267 498 62 427
265 823 12 19 510
266 264 160 799 447
267 570 8 672 365
268 313 560 459 560
269 139 429 45 164
270 11 530 161 11
271 305 174 971 196
272 446 334 334 429
273 140 446 216 428
274 139 137 211 420
275 123 338 114 152
276 295 288 71 431
277 130 130 568 357
278 114 895 114 137
279 160 492 283 5
280 430 160 85 160
281 683 411 986 411
282 79 420 293 530
283 492 166 431 160
284 157 379 388 378
285 63 532 63 57
286 174 520 57 832
287 160 180 393 533
288 371 828 612 404
289 401 874 401 148
290 526 407 506 44
291 403 168 276 401
292 232 705 401 526
293 44 533 408 208
294 232 840 86 470
295 18 14 47 333
296 160 63 283 209
297 49 50 71 49
298 106 283 288 434
299 190 299 6 528
300 21 36 25 13
301 362 506 672 141
302 302 13 840 65
303 371 81 710 299
304 405 333 976 981
305 210 114 107 362
306 533 440 542 275
307 537 259 74 950
308 295 450 167 206
309 64 918 167 198
310 313 560 282 173
311 268 218 220 177
312 317 85 222 17
313 560 224 560 358
314 165 914 165 119
315 537 315 519 315
316 629 177 18 376
317 218 94 95 60
318 48 37 655 75
319 963 546 87 365
320 156 907 342 621
321 61 707 627 86
322 434 290 843 567
323 101 404 333 471
324 7 500 406 499
325 13 184 355 152
326 82 314 165 123
327 325 13 337 136
328 86 190 189 20
329 249 170 5 557
330 455 338 256 405
331 44 366 10 96
332 499 86 203 196
333 318 183 118 83
334 446 322 15 272
335 429 46 139 124
336 280 170 337 93
337 135 337 82 326
338 638 589 607 249
339 245 424 233 434
340 96 46 300 108
341 311 297 73 313
342 179 349 180 468
343 191 352 345 178
344 262 344 149 278
345 352 350 681 82
346 160 478 375 160
347 347 191 857 191
348 180 128 306 128
349 321 38 29 590
350 861 350 345 483
351 157 391 182 60
352 65 493 270 11
353 768 935 100 117
354 323 354 100 323
355 424 100 935 100
356 142 160 747 160
357 356 81 952 28
358 9 421 141 421
359 608 441 699 924
360 951 359 570 161
361 47 847 171 443
362 160 147 859 153
363 154 375 108 155
364 212 145 4 665
365 440 129 212 509
366 404 82 641 160
367 932 296 190 366
368 275 65 92 100
369 303 82 568 562
370 318 417 981 547
371 185 97 99 99
372 75 36 367 338
373 115 16 115 87
374 293 856 707 232
375 340 226 307 114
376 385 376 869 841
377 278 201 820 47
378 295 290 892 114
379 628 320 157 394
380 177 459 565 9
381 176 177 380 397
382 393 61 537 85
383 383 377 745 377
384 393 107 152 79
385 379 383 157 352
386 295 459 358 9
387 388 182 61 157
388 280 51 201 917
389 60 396 320 250
390 389 389 103 60
391 368 320 94 201
392 392 86 42 5
393 950 249 203 179
394 537 403 425 568
395 107 284 621 426
396 320 389 296 296
397 52 781 621 518
398 295 308 121 154
399 183 3 194 373
400 68 20 62 441
401 365 152 615 253
402 402 377 526 377
403 813 93 171 261
404 424 274 216 45
405 78 548 381 377
406 264 160 366 312
407 786 407 505 971
408 552 4 520 183
409 118 121 1 199
410 82 256 184 301
411 209 233 160 90
412 238 2 308 183
413 813 458 397 296
414 645 697 415 86
415 852 206 149 490
416 327 107 281 58
417 895 417 115 84
418 508 142 450 82
419 526 181 162 169
420 64 5 232 312
421 481 96 2 809
422 82 105 856 430
423 121 58 155 17
424 142 591 62 179
425 425 294 301 27
426 450 167 149 490
427 252 87 974 918
428 676 322 46 495
429 15 62 423 176
430 129 198 258 66
431 433 364 165 417
432 433 121 234 96
433 431 105 166 664
434 211 363 508 184
435 942 95 200 196
436 438 436 437 136
437 27 722 278 199
438 113 424 68 287
439 338 424 174 54
440 226 225 215 220
441 142 253 259 536
442 40 48 113 47
443 93 714 714 425
444 333 441 720 765
445 419 14 41 196
446 139 76 417 62
447 62 314 312 62
448 272 617 140 174
449 414 443 455 816
450 123 455 338 424
451 161 161 452 487
452 161 81 155 877
453 62 441 529 499
454 82 212 329 96
455 211 464 82 143
456 456 64 184 298
457 231 575 178 352
458 604 211 375 476
459 268 313 74 230
460 244 303 142 404
461 447 62 306 69
462 462 5 211 194
463 463 463 462 408
464 563 563 484 822
465 61 421 481 132
466 804 264 213 573
467 222 107 340 342
468 167 196 198 197
469 411 170 117 86
470 438 365 355 160
471 333 547 339 160
472 284 231 231 426
473 68 86 238 700
474 419 226 85 778
475 375 478 107 124
476 329 113 64 93
477 477 258 142 474
478 83 131 86 21
479 275 511 275 123
480 107 820 202 820
481 6 473 371 269
482 553 521 553 553
483 255 63 88 0
484 232 457 285 812
485 423 301 108 143
486 353 101 371 21
487 498 359 421 404
488 362 569 358 699
489 157 376 368 368
490 491 624 13 95
491 167 196 128 365
492 152 355 21 520
493 424 196 201 249
494 94 218 226 459
495 405 174 2 859
496 922 499 913 922
497 170 183 405 107
498 64 173 92 728
499 466 362 529 502
500 498 440 533 323
501 499 499 602 466
502 406 358 498 205
503 358 9 406 9
504 533 249 131 604
505 332 9 487 451
506 86 173 728 411
507 507 298 301 290
508 546 62 586 63
509 282 74 227 254
510 84 31 39 33
511 337 30 29 263
512 160 418 142 375
513 84 811 340 133
514 375 663 679 69
515 6 170 490 63
516 411 552 211 46
517 305 481 2 62
518 226 142 187 300
519 227 377 65 450
520 991 859 59 859
521 553 86 553 554
522 563 464 136 338
523 14 797 605 846
524 72 20 215 189
525 729 44 8 499
526 399 542 275 835
527 48 84 250 495
528 271 210 303 533
529 699 602 249 210
530 293 374 502 301
531 282 427 107 493
532 211 209 285 401
533 321 182 389 295
534 256 223 228 74
535 173 612 393 385
536 20 282 77 79
537 170 470 590 409
538 530 293 362 356
539 79 133 155 520
540 184 82 143 469
541 641 82 137 22
542 172 64 496 487
543 542 458 440 526
544 62 245 121 255
545 30 39 86 444
546 208 685 880 252
547 417 96 655 513
548 381 60 377 907
549 663 679 551 671
550 160 263 333 950
551 434 173 892 491
552 949 59 138 57
553 134 553 134 62
554 553 553 482 531
555 409 305 949 552
556 483 41 21 17
557 445 424 83 19
558 856 913 951 951
559 160 133 135 914
560 607 222 459 496
561 462 506 211 209
562 377 562 425 873
563 373 180 257 180
564 126 4 832 195
565 12 739 300 12
566 499 700 570 12
567 567 290 282 209
568 82 280 543 542
569 739 155 181 166
570 267 666 856 407
571 520 685 57 137
572 426 245 725 417
573 573 566 700 247
574 425 664 93 201
575 232 562 413 172
576 482 437 38 34
577 166 308 434 363
578 577 333 142 896
579 272 334 446 140
580 580 580 580 580
581 420 520 5 128
582 189 62 83 145
583 521 62 64 730
584 290 198 387 229
585 585 389 585 389
586 282 253 405 226
587 237 252 154 533
588 30 263 361 34
589 83 557 133 27
590 40 753 75 261
591 419 253 258 199
592 760 546 209 84
593 167 53 14 797
594 121 890 121 356
595 52 537 52 185
596 301 244 301 931
597 411 6 738 252
598 521 389 393 390
599 931 926 931 926
600 65 197 198 776
601 252 59 619 89
602 358 765 856 856
603 414 603 414 370
604 458 604 96 173
605 797 605 851 907
606 495 329 476 112
607 434 21 533 46
608 754 466 504 406
609 30 135 170 212
610 296 376 719 64
611 176 65 568 183
612 162 237 926 210
613 163 62 263 232
614 756 86 521 62
615 243 236 210 546
616 435 519 106 932
617 272 422 950 820
618 124 214 13 177
619 96 10 69 424
620 290 106 298 299
621 231 284 278 262
622 238 210 305 489
623 202 206 231 53
624 461 448 971 114
625 4 303 362 486
626 87 152 41 95
627 678 311 106 358
628 628 181 162 84
629 316 121 441 360
630 630 630 630 630
631 209 301 820 28
632 397 6 562 840
633 633 633 633 633
634 635 4 114 424
635 63 301 153 256
636 211 128 203 776
637 637 637 233 441
638 158 160 28 892
639 639 639 234 494
640 125 640 100 86
641 371 82 93 121
642 419 91 96 173
643 48 437 847 165
644 180 254 420 11
645 231 797 231 257
646 211 249 159 927
647 458 515 813 413
648 648 648 648 648
649 441 62 245 40
650 215 541 160 724
651 254 28 93 25
652 478 357 143 482
653 653 653 653 653
654 340 290 6 466
655 482 143 375 301
656 344 149 179 203
657 269 252 427 615
658 658 658 658 658
659 377 351 214 160
660 660 660 660 660
661 569 707 265 674
662 494 209 244 233
663 474 183 478 143
664 84 87 23 25
665 411 809 685 92
666 166 376 64 171
667 465 83 42 83
668 157 377 381 180
669 930 927 930 158
670 670 670 670 670
671 81 896 124 353
672 359 558 9 765
673 673 673 495 107
674 12 161 300 405
675 675 675 675 675
676 428 651 420 254
677 434 158 4 170
678 274 335 97 662
679 482 482 679 460
680 380 393 155 269
681 342 350 939 572
682 191 86 855 86
683 305 516 333 48
684 684 684 684 684
685 57 601 523 280
686 245 485 221 82
687 107 129 493 212
688 543 16 379 387
689 543 87 42 169
690 160 320 376 295
691 691 691 691 691
692 231 257 65 53
693 82 563 563 82
694 549 551 184 422
695 164 285 137 169
696 18 84 546 212
697 321 697 5 840
698 281 160 87 145
699 332 44 424 82
700 299 590 165 23
701 462 586 59 886
702 107 87 269 139
703 703 703 703 703
704 107 300 21 189
705 232 280 483 13
706 290 295 389 61
707 569 358 213 956
708 748 13 771 64
709 185 800 533 121
710 272 462 145 239
711 711 711 711 711
712 995 712 995 712
713 509 518 518 226
714 714 562 440 818
715 69 473 188 473
716 5 611 129 403
717 160 877 160 424
718 5 419 371 473
719 397 869 841 841
720 804 265 451 365
721 37 27 151 28
722 38 915 38 115
723 546 147 155 877
724 338 252 333 114
725 486 65 275 479
726 212 121 355 654
727 84 37 37 35
728 10 13 190 189
729 84 210 88 924
730 13 506 238 700
731 731 731 731 731
732 732 732 732 732
733 923 326 96 455
734 172 114 168 615
735 461 335 334 65
736 62 518 212 283
737 737 737 271 3
738 5 249 531 133
739 300 11 21 518
740 82 227 215 177
741 103 352 681 851
742 742 614 106 615
743 743 517 305 738
744 744 744 744 744
745 745 221 14 419
746 746 746 746 746
747 671 80 663 189
748 495 46 249 28
749 62 424 16 495
750 88 57 271 142
751 167 483 232 214
752 65 133 79 445
753 914 900 40 545
754 359 332 504 246
755 211 63 128 295
756 597 596 366 184
757 757 367 16 283
758 238 499 699 9
759 121 236 158 237
760 15 216 140 446
761 393 320 250 60
762 516 192 408 174
763 5 134 366 537
764 168 278 405 263
765 525 293 362 602
766 521 366 134 521
767 803 193 1001 826
768 353 662 185 98
769 107 18 121 550
770 353 15 335 533
771 145 393 388 181
772 772 772 772 772
773 773 405 303 145
774 285 252 114 96
775 560 363 434 412
776 917 820 243 240
777 259 297 13 63
778 549 480 405 227
779 549 212 282 726
780 84 1 106 300
781 537 316 309 400
782 377 464 822 563
783 82 287 549 747
784 411 438 23 409
785 23 82 211 683
786 160 298 184 473
787 21 434 433 70
788 717 106 494 252
789 654 249 833 44
790 544 790 544 105
791 612 42 226 227
792 121 77 107 280
793 613 127 92 457
794 322 140 429 107
795 417 339 547 847
796 828 169 486 94
797 797 14 339 179
798 798 798 798 798
799 447 799 447 45
800 185 709 353 662
801 41 180 262 907
802 365 256 180 352
803 412 971 812 282
804 754 324 720 11
805 44 359 754 11
806 304 88 137 859
807 54 57 285 683
808 808 808 808 808
809 301 393 381 394
810 296 6 458 5
811 340 80 460 490
812 63 490 490 371
813 623 313 0 283
814 262 160 539 494
815 5 209 243 930
816 753 548 82 169
817 515 122 179 203
818 440 159 242 106
819 273 448 107 438
820 333 114 495 384
821 160 582 533 371
822 280 483 13 421
823 264 266 608 608
824 191 420 318 318
825 923 326 424 20
826 63 685 193 59
827 506 293 754 565
828 546 462 254 23
829 203 548 753 86
830 452 264 700 452
831 258 258 434 300
832 58 155 518 366
833 833 856 823 15
834 107 518 492 212
835 789 168 413 13
836 523 64 440 457
837 107 98 64 6
838 124 233 86 201
839 191 284 133 443
840 526 419 63 405
841 719 397 381 179
842 211 303 212 121
843 290 643 48 678
844 165 133 107 68
845 845 58 303 302
846 846 605 414 697
847 205 557 133 373
848 419 474 333 329
849 859 281 121 654
850 546 362 160 250
851 851 350 352 191
852 852 415 414 479
853 82 441 374 374
854 63 184 877 81
855 549 288 218 366
856 950 424 318 361
857 166 2 859 412
858 306 86 238 252
859 269 16 68 671
860 330 438 82 83
861 350 377 378 491
862 777 777 134 777
863 57 63 160 290
864 411 412 865 865
865 412 138 305 64
866 96 474 142 859
867 340 434 296 157
868 5 5 430 6
869 376 391 321 250
870 65 264 61 345
871 231 377 250 393
872 314 189 679 189
873 401 664 664 664
874 401 160 40 251
875 170 117 106 434
876 564 365 672 7
877 28 270 183 564
878 33 443 226 533
879 242 159 243 859
880 137 285 411 949
881 96 327 728 260
882 160 251 251 172
883 165 820 249 371
884 884 884 412 812
885 20 932 671 690
886 59 4 286 859
887 887 887 20 327
888 412 665 63 63
889 828 233 70 288
890 890 890 890 121
891 405 748 105 371
892 891 892 405 290
893 466 359 672 160
894 327 105 434 208
895 333 288 756 227
896 2 1001 803 63
897 263 444 485 444
898 230 82 99 371
899 2 599 931 238
900 987 438 5 97
901 137 254 433 364
902 5 24 588 438
903 191 282 509 356
904 321 182 60 283
905 222 420 362 421
906 160 130 401 401
907 262 180 166 742
908 201 86 14 206
909 303 845 953 900
910 65 714 373 964
911 222 7 856 160
912 466 912 466 494
913 213 407 358 374
914 338 338 160 368
915 38 27 997 27
916 414 414 605 851
917 196 196 207 207
918 197 65 870 65
919 847 922 498 178
920 230 375 375 64
921 6 6 327 400
922 822 922 922 847
923 825 306 326 420
924 845 4 82 215
925 113 976 981 361
926 963 240 233 366
927 927 930 158 546
928 211 106 490 491
929 933 929 334 933
930 236 371 409 23
931 294 129 283 0
932 169 280 95 128
933 15 533 361 160
934 163 249 81 42
935 768 323 3 990
936 168 114 361 13
937 99 290 143 86
938 611 64 372 431
939 350 352 201 232
940 93 443 114 339
941 189 106 300 210
942 435 316 537 74
943 295 320 368 160
944 748 283 144 212
945 327 327 473 35
946 641 669 5 237
947 393 254 210 238
948 381 393 254 453
949 54 160 828 234
950 333 455 900 464
951 525 141 438 987
952 952 28 362 602
953 997 24 261 23
954 87 974 917 167
955 94 206 65 264
956 213 487 496 5
957 9 44 107 597
958 509 306 533 667
959 377 368 392 393
960 377 278 157 301
961 377 387 950 73
962 325 945 945 327
963 963 58 963 107
964 29 417 116 896
965 936 955 820 343
966 189 745 74 259
967 913 707 86 480
968 968 299 590 29
969 509 81 114 129
970 546 404 254 490
971 332 700 19 12
972 509 424 366 521
973 971 391 377 199
974 593 917 908 167
975 971 504 510 504
976 76 976 76 119
977 209 238 587 238
978 900 438 444 47
979 979 1 377 150
980 367 303 121 594
981 981 333 441 661
982 137 169 107 96
983 114 307 347 180
984 153 932 859 62
985 376 82 424 124
986 470 655 655 149
987 339 443 423 171
988 411 57 832 832
989 329 184 329 258
990 408 59 481 160
991 812 990 1001 3
992 129 160 427 169
993 408 6 859 815
994 6 21 210 210
995 712 255 106 314
996 12 420 474 62
997 24 25 437 438
998 65 291 543 257
999 145 269 212 665
1000 918 128 365 129
1001 803 59 194 408
1002 560 27 35 533
1003 258 199 419 168
1004 55 193 408 208
