0 0 459 187 145 212 165 40 443 370 116 160
1 1 52 301 301 173 160 90 13 65 199 128
2 896 828 142 375 671 80 183 303 269 212 173
3 859 6 290 426 425 870 401 285 4 552 252
4 145 144 212 166 12 661 121 859 366 184 480
5 63 5 581 200 200 177 74 85 310 317 485
6 921 412 252 615 155 147 152 333 577 282 687
7 8 504 466 359 525 332 523 836 523 332 971
8 301 22 686 22 127 21 62 404 121 191 903
9 754 661 823 9 8 856 82 161 419 462 506
10 329 128 206 201 166 243 240 11 247 700 19
11 8 9 720 86 932 233 101 124 892 491 816
12 681 284 351 320 593 214 82 277 206 936 14
13 271 10 134 553 86 362 16 357 183 142 151
14 403 403 168 533 856 282 190 86 36 588 30
15 448 421 498 407 466 529 498 503 358 700 499
16 290 160 486 327 325 420 520 22 21 127 491
17 41 115 434 296 380 656 344 178 483 351 106
18 74 230 20 80 137 58 126 4 194 193 193
19 141 306 373 372 107 58 138 305 683 57 683
20 932 98 640 114 424 695 597 142 165 48 338
21 671 249 548 365 83 308 396 377 103 215 331
22 92 152 49 152 84 62 237 244 460 115 31
23 107 212 153 152 271 949 685 13 26 170 442
24 35 588 25 437 38 40 151 82 145 212 424
25 27 28 405 367 36 25 473 174 564 304 54
26 654 233 546 803 546 441 166 2 1001 6 667
27 24 96 123 820 283 371 62 357 454 62 8
28 23 337 23 950 303 57 63 126 285 412 803
29 32 26 171 113 47 13 281 64 733 326 318
30 116 79 539 77 78 107 642 254 427 165 816
31 28 914 470 155 87 114 495 329 671 549 540
32 32 372 283 86 132 285 552 121 594 283 355
33 24 26 438 438 494 107 54 58 42 280 116
34 24 654 83 282 509 69 325 87 543 280 61
35 107 371 128 160 142 23 953 845 685 194 132
36 30 160 345 483 205 95 155 114 443 361 245
37 721 229 143 90 477 375 356 480 223 624 231
38 47 86 20 560 84 229 560 29 62 79 482
39 93 204 41 232 705 401 401 399 129 180 289
40 27 438 545 37 96 725 114 245 333 96 170
41 93 458 5 374 504 407 525 505 525 238 239
42 147 166 2 102 6 296 495 203 296 212 546
43 324 754 555 324 555 141 922 822 290 129 346
44 549 173 114 62 371 174 305 286 305 132 89
45 274 263 121 963 859 546 80 243 166 747 82
46 140 209 131 683 683 57 520 55 950 644 489
47 925 417 40 339 33 23 160 148 149 440 366
48 338 337 548 753 261 494 340 491 163 62 63
49 84 134 598 86 438 437 436 438 82 445 340
50 49 84 373 571 286 281 195 195 586 195 208
51 29 301 150 250 0 64 201 218 1 726 107
52 820 171 443 409 474 478 62 201 143 325 87
53 420 783 154 183 95 214 284 155 512 366 404
54 58 59 832 59 610 420 654 404 532 175 3
55 4 809 5 423 847 547 38 86 65 639 65
56 809 58 244 58 254 474 932 252 243 931 5
57 863 57 208 57 131 54 132 282 121 203 280
58 89 114 252 288 84 594 84 160 724 338 455
59 285 411 55 211 646 411 498 430 360 971 627
60 177 309 495 118 209 131 832 102 2 990 211
61 64 62 153 282 10 366 147 301 926 242 96
62 132 489 249 367 318 925 333 113 280 114 256
63 832 63 481 2 571 520 166 81 170 255 211
64 172 231 871 231 434 433 152 105 508 10 327
65 525 505 661 570 264 510 358 503 407 504 674
66 160 395 61 320 166 178 498 765 249 366 17
67 549 187 155 739 569 105 431 217 886 366 183
68 20 21 81 299 546 518 106 87 626 87 405
69 166 0 103 296 6 54 812 3 249 459 453
70 84 662 84 254 254 458 377 295 341 222 21
71 162 253 283 389 296 284 278 493 65 486 318
72 92 68 508 747 671 551 21 17 422 7 661
73 84 546 7 566 8 856 355 142 483 94 207
74 268 295 576 129 308 6 275 172 426 450 542
75 560 363 278 191 156 645 231 289 231 575 232
76 485 455 914 135 437 547 333 517 516 516 411
77 78 424 170 491 453 142 375 356 424 58 738
78 419 554 29 455 76 114 220 177 166 353 371
79 497 13 12 358 525 720 555 44 128 932 86
80 303 166 314 226 301 159 235 210 211 106 21
81 356 106 290 114 366 187 249 353 166 431 212
82 15 62 159 240 240 160 212 431 50 152 128
83 365 87 20 301 423 76 444 455 318 84 326
84 82 543 113 83 142 217 288 434 30 41 180
85 307 74 21 495 468 121 424 783 669 5 6
86 2 812 208 285 854 63 256 62 63 921 845
87 543 257 65 483 533 551 189 710 184 62 129
88 121 438 405 21 222 81 46 145 290 405 480
89 211 209 249 506 913 922 280 494 504 529 720
90 162 389 6 3 57 809 859 194 281 2 812
91 258 87 473 441 213 957 12 62 426 14 523
92 370 113 183 95 918 918 820 133 27 135 5
93 424 28 46 174 15 424 15 82 377 342 483
94 486 245 42 309 309 221 222 17 342 149 180
95 820 162 323 124 892 290 546 340 212 21 581
96 76 48 455 76 89 933 933 45 461 216 15
97 335 124 97 5 102 812 520 22 127 105 190
98 13 63 174 175 532 57 815 80 183 285 774
99 640 124 429 429 274 405 773 773 405 773 773
100 937 937 937 64 21 548 371 828 106 212 283
101 65 498 293 11 270 515 94 198 387 376 295
102 100 323 6 59 63 564 81 667 582 418 549
103 320 533 440 629 178 0 266 267 570 566 407
104 160 84 336 165 336 816 169 36 129 457 65
105 64 11 265 440 970 546 137 255 212 249 208
106 255 17 166 301 311 297 311 312 420 244 615
107 80 69 329 147 644 115 86 720 720 466 374
108 160 15 404 98 101 65 257 568 82 161 12
109 51 95 214 231 575 280 909 129 162 180 145
110 111 375 169 360 452 569 707 700 238 243 950
111 258 199 278 83 163 121 651 651 624 84 18
112 357 80 549 582 62 19 823 558 674 707 358
113 419 198 258 66 338 211 81 685 64 615 465
114 171 261 27 172 172 86 546 856 374 506 956
115 96 442 96 444 13 207 160 258 142 291 493
116 152 404 950 812 859 62 453 115 978 165 198
117 100 99 121 153 58 154 256 705 232 204 908
118 128 155 546 536 229 64 640 185 768 98 708
119 165 35 28 116 82 427 431 50 49 643 162
120 218 160 173 153 173 160 321 250 60 296 549
121 493 615 115 486 478 325 409 504 246 7 406
122 150 387 395 86 180 82 209 241 210 255 434
123 180 907 377 659 659 377 61 265 823 666 7
124 404 212 82 404 58 209 371 62 285 142 211
125 97 100 185 687 86 98 124 708 708 748 164
126 137 255 107 124 142 295 379 63 46 128 152
127 166 28 41 165 366 63 209 242 238 194 990
128 254 427 474 38 39 86 180 231 624 223 309
129 161 405 21 551 184 187 107 438 340 290 568
130 172 734 128 106 550 82 41 198 593 204 593
131 57 302 89 845 812 252 175 15 211 480 375
132 63 272 428 428 446 13 748 377 393 384 379
133 367 151 23 38 245 546 615 145 249 327 21
134 133 135 165 290 114 169 256 51 30 256 234
135 31 51 970 820 153 105 190 473 187 365 141
136 115 405 133 172 440 168 615 309 310 170 453
137 63 88 369 252 160 685 826 1001 194 193 803
138 3 832 520 5 726 1 537 21 966 21 230
139 420 114 609 609 114 137 635 137 371 269 424
140 448 461 322 322 269 365 184 546 211 301 285
141 249 54 54 208 434 132 59 809 271 366 285
142 62 159 183 480 142 560 222 215 73 84 1
143 51 557 201 128 932 68 663 81 877 28 87
144 433 50 82 426 263 76 5 105 155 249 142
145 427 115 86 86 485 86 141 407 266 533 252
146 147 513 115 424 154 173 404 173 41 204 593
147 249 3 405 519 227 226 443 226 142 303 280
148 160 104 150 104 181 389 6 411 859 137 420
149 344 156 157 150 388 296 87 473 116 437 417
150 388 157 283 288 283 314 405 133 93 27 34
151 409 428 676 428 15 461 447 498 421 488 487
152 612 50 49 217 366 184 166 467 152 440 813
153 58 612 58 455 444 547 527 114 329 474 514
154 107 222 227 377 52 820 336 165 128 205 820
155 130 426 129 188 486 333 281 5 100 662 353
156 344 377 379 392 86 31 612 282 478 329 87
157 392 104 549 81 114 367 121 154 86 510 7
158 89 165 361 438 136 361 32 533 541 764 168
159 210 300 12 564 81 400 678 69 184 82 191
160 717 411 243 252 243 242 879 242 243 87 131
161 569 707 674 265 359 498 473 188 160 320 593
162 63 254 142 145 144 186 531 445 419 252 56
163 121 254 393 182 396 380 387 389 181 14 426
164 174 54 685 685 57 243 931 240 424 174 305
165 550 107 18 0 178 575 167 339 114 13 21
166 269 272 429 139 933 89 252 83 820 86 593
167 207 183 424 87 459 86 290 419 419 371 208
168 122 156 907 851 342 103 368 387 321 301 189
169 548 337 93 464 249 671 187 546 850 546 187
170 188 533 65 357 301 61 232 294 301 89 64
171 318 83 87 304 599 209 154 86 259 509 508
172 802 365 695 971 10 11 421 255 284 231 257
173 531 78 13 474 249 747 615 714 172 30 437
174 164 748 460 249 362 441 264 804 608 267 570
175 15 760 15 429 46 139 322 46 273 461 461
176 178 180 284 149 278 284 155 153 654 162 180
177 413 177 86 256 82 963 83 594 372 494 395
178 157 387 849 387 198 434 210 209 62 367 340
179 249 83 518 63 932 252 241 499 500 358 247
180 122 351 1 187 667 142 217 654 252 87 290
181 389 537 380 120 218 5 726 314 21 314 74
182 378 491 340 867 96 121 128 80 81 215 89
183 301 132 210 931 927 210 83 212 48 113 169
184 189 459 163 154 932 474 612 282 33 24 169
185 687 282 184 678 69 299 299 299 590 28 409
186 256 80 329 363 371 45 404 932 338 170 513
187 215 41 62 210 212 191 379 191 262 377 376
188 160 188 486 82 121 158 63 195 832 2 166
189 255 46 447 461 448 273 15 82 215 408 208
190 329 357 16 187 107 170 86 39 34 588 29
191 903 191 903 907 907 180 422 513 116 405 896
192 2 408 194 281 121 520 59 408 516 6 515
193 58 55 698 481 949 685 647 435 163 613 537
194 55 126 57 949 59 412 243 434 19 360 11
195 192 3 192 412 685 174 56 880 252 615 714
196 908 167 196 41 41 212 144 283 5 611 450
197 64 173 74 537 389 341 389 521 62 132 283
198 434 252 480 564 12 13 306 69 190 42 243
199 201 207 160 171 981 847 455 547 527 443 442
200 820 166 19 324 441 254 340 160 589 105 748
201 204 593 199 526 128 121 453 105 163 435 65
202 198 95 200 51 165 23 39 151 424 160 778
203 820 105 256 434 100 125 86 690 316 222 7
204 918 494 108 357 486 188 420 402 349 342 343
205 201 107 86 373 528 64 64 511 64 140 541
206 214 60 381 182 60 95 64 234 927 930 234
207 95 93 204 218 167 491 490 121 419 211 214
208 87 58 209 174 282 405 519 316 549 81 184
209 71 288 212 44 549 418 582 211 249 87 153
210 88 88 302 809 411 4 571 281 164 216 142
211 210 255 363 303 80 96 591 107 361 318 426
212 283 493 932 544 542 526 44 951 957 265 856
213 61 178 180 533 306 434 17 493 424 552 13
214 294 342 277 515 176 450 515 176 177 377 82
215 283 17 18 295 388 128 105 569 452 19 183
216 15 405 290 282 20 329 419 462 419 333 87
217 282 474 68 508 142 128 41 200 51 114 81
218 314 166 218 226 696 226 275 177 13 25 494
219 483 473 493 291 542 526 160 252 282 258 356
220 377 257 183 417 361 423 333 212 115 411 243
221 745 221 485 444 438 28 87 326 20 160 541
222 223 177 459 589 589 459 549 459 589 256 129
223 365 506 366 577 366 950 424 46 82 123 82
224 148 179 320 166 191 179 381 156 160 496 466
225 86 197 128 166 376 150 388 378 491 377 947
226 440 366 107 333 367 438 36 127 121 256 145
227 74 221 526 44 21 42 106 373 112 375 424
228 695 365 283 21 513 170 310 494 504 466 649
229 30 420 155 849 849 849 57 532 162 236 269
230 230 920 230 375 357 478 90 106 68 106 230
231 820 282 4 283 405 268 160 467 69 64 318
232 291 168 426 426 133 547 263 121 661 505 406
233 145 145 462 212 518 661 293 530 246 266 498
234 930 234 234 6 377 182 379 182 748 367 151
235 244 244 244 422 333 82 180 17 533 359 569
236 5 192 516 762 516 305 845 281 59 2 896
237 209 283 132 194 586 2 137 208 371 155 533
238 209 82 376 378 61 758 405 129 198 128 900
239 4 431 288 58 404 434 280 18 201 486 114
240 241 440 440 65 199 820 917 204 41 249 21
241 240 963 238 525 913 499 232 5 211 489 249
242 209 243 5 5 284 277 280 283 182 395 377
243 271 211 705 705 183 154 114 263 290 128 21
244 58 193 1001 2 434 69 184 314 255 160 284
245 245 443 414 697 321 301 137 2 494 187 215
246 530 533 306 723 777 777 69 69 189 473 465
247 19 550 189 473 531 914 816 115 473 471 607
248 215 221 459 473 531 333 119 816 96 56 859
249 351 284 621 11 502 359 529 166 331 44 183
250 103 53 232 176 318 424 196 167 18 280 363
251 914 753 86 421 434 210 295 317 307 85 221
252 159 209 286 635 4 273 2 803 4 142 106
253 315 519 316 629 440 534 544 129 160 200 498
254 21 581 139 129 543 291 420 373 528 644 180
255 62 377 128 820 212 163 373 411 116 73 313
256 283 377 659 377 61 378 321 179 121 280 21
257 284 206 196 971 554 62 128 129 183 473 201
258 469 474 514 329 169 16 169 932 371 360 549
259 73 330 64 372 86 756 106 377 189 540 184
260 311 248 17 269 212 64 106 549 509 418 409
261 93 458 413 426 956 44 430 425 664 515 413
262 180 17 333 417 151 85 160 380 387 41 820
263 847 114 172 734 351 106 519 465 615 493 932
264 86 297 259 96 135 443 442 35 5 445 301
265 823 570 247 498 569 264 141 142 20 96 417
266 358 73 707 9 332 7 249 671 495 377 150
267 359 11 504 971 740 51 79 162 321 592 321
268 19 83 49 49 19 420 296 393 155 223 121
269 810 244 460 170 282 153 474 107 249 12 161
270 84 253 142 571 285 379 378 377 450 295 396
271 304 87 180 932 31 427 87 255 483 351 575
272 409 555 82 233 240 237 158 137 63 81 533
273 13 679 482 172 486 329 187 82 509 958 962
274 335 322 929 164 564 190 108 357 105 518 152
275 542 275 562 438 365 258 559 283 3 160 195
276 549 480 66 611 6 430 501 232 483 321 295
277 14 290 434 19 674 565 266 264 19 265 359
278 180 123 275 450 129 107 107 31 612 347 231
279 106 695 129 992 129 14 289 425 664 486 28
280 440 493 282 129 249 405 480 80 169 263 76
281 164 2 803 63 114 137 121 792 121 82 58
282 494 190 87 438 337 135 75 135 169 860 338
283 174 164 63 81 419 81 183 410 356 355 170
284 642 300 108 64 292 62 457 197 498 452 161
285 635 520 20 409 447 335 322 794 335 15 269
286 571 281 683 57 59 949 809 63 473 493 82
287 896 142 474 249 531 932 227 254 404 357 183
288 571 552 571 552 211 842 96 64 124 640 125
289 425 425 401 714 450 493 172 87 545 183 90
290 184 106 114 36 21 533 856 833 833 62 366
291 14 776 201 278 270 611 450 169 211 402 262
292 822 572 493 515 664 486 183 28 351 210 271
293 525 358 501 44 155 223 226 283 411 24 39
294 129 572 939 572 936 86 598 598 134 598 134
295 283 201 533 265 500 502 7 566 141 44 114
296 390 250 84 75 48 151 151 24 33 30 30
297 74 438 892 896 300 748 222 311 106 105 333
298 184 69 160 799 160 129 576 533 551 69 190
299 710 189 536 298 299 69 212 210 128 362 459
300 97 768 323 618 820 282 107 2 5 102 3
301 621 342 681 123 116 337 31 27 62 283 121
302 252 389 104 388 394 283 209 84 560 223 518
303 411 304 58 271 366 859 303 544 257 291 133
304 420 326 923 825 306 327 96 423 547 370 251
305 5 820 200 204 65 870 401 285 160 496 5
306 400 105 199 301 169 753 491 497 409 390 150
307 177 409 190 16 311 72 20 20 253 162 482
308 308 462 408 208 174 809 107 401 133 25 26
309 311 106 932 41 180 493 419 101 98 97 404
310 366 105 533 201 143 326 473 81 409 207 197
311 74 120 5 728 411 473 490 129 371 62 292
312 301 473 371 662 185 371 58 4 323 768 185
313 317 85 519 607 533 473 105 544 303 665 107
314 82 81 162 405 128 367 424 30 30 438 390
315 519 85 312 85 726 212 371 63 826 990 65
316 495 254 114 78 581 301 36 37 48 113 983
317 74 18 317 17 145 183 513 124 424 747 86
318 426 133 377 389 390 283 201 167 296 167 434
319 963 236 238 92 21 303 3 412 971 403 291
320 434 548 365 365 530 249 218 314 17 254 427
321 385 379 157 149 64 232 178 656 231 122 95
322 676 160 376 160 85 51 908 917 41 14 231
323 3 812 126 552 532 17 85 872 85 17 427
324 43 43 566 441 498 533 483 165 123 95 218
325 13 137 92 513 365 180 148 377 52 128 105
326 87 412 4 158 89 62 340 367 303 271 455
327 107 249 17 155 187 183 215 60 103 395 389
328 91 64 197 86 98 107 252 63 28 892 124
329 245 686 114 51 283 318 121 166 269 16 68
330 248 317 389 182 250 351 495 155 187 473 183
331 362 121 160 736 62 2 102 192 807 132 87
332 971 361 165 337 30 424 367 35 590 24 964
333 212 160 170 62 206 199 917 206 793 316 468
334 446 933 447 335 760 15 62 133 172 333 527
335 124 139 45 405 695 365 489 105 80 379 391
336 337 437 38 579 13 698 194 137 56 13 94
337 245 160 159 235 158 434 168 121 201 202 562
338 113 165 32 31 24 964 373 134 372 366 74
339 38 339 883 39 40 38 417 113 26 438 36
340 303 57 880 305 57 2 140 272 651 546 299
341 297 341 222 341 295 311 16 210 355 184 420
342 156 320 947 320 181 394 389 320 213 498 499
343 820 180 393 84 372 82 318 115 142 222 911
344 377 103 537 21 64 115 883 116 405 300 102
345 350 342 13 30 129 694 549 690 160 224 468
346 409 10 134 777 340 766 340 86 42 492 84
347 258 802 256 258 90 107 133 401 256 363 161
348 342 352 789 275 86 526 420 116 133 367 113
349 348 180 254 152 333 230 282 83 84 1 52
350 13 535 777 733 538 733 306 93 789 654 783
351 256 4 303 363 187 107 418 190 189 549 678
352 350 178 180 17 671 329 90 162 50 49 612
353 101 83 282 210 82 371 360 951 44 833 365
354 100 117 117 211 155 115 58 552 211 54 174
355 166 74 400 21 409 151 142 747 710 498 738
356 410 183 281 859 886 601 84 549 473 68 106
357 5 495 214 301 307 347 160 367 30 721 30
358 358 141 161 405 438 87 643 17 180 681 178
359 265 570 247 213 8 293 504 466 529 9 506
360 359 672 359 9 558 84 268 390 60 394 385
361 971 554 134 64 419 169 127 92 173 249 340
362 666 12 569 360 4 239 243 57 193 6 64
363 129 180 422 427 651 624 21 581 205 955 936
364 363 17 154 492 121 189 911 189 710 69 183
365 19 573 86 518 209 303 610 59 192 195 63
366 134 482 531 249 327 894 327 6 438 34 339
367 420 189 747 215 121 4 57 949 56 619 57
368 896 4 193 63 278 270 129 342 147 513 546
369 88 303 520 54 138 809 2 160 292 822 484
370 25 28 46 269 121 46 164 412 271 859 303
371 404 532 532 520 58 533 163 142 571 520 971
372 372 82 87 81 356 106 210 174 815 80 112
373 197 41 280 420 810 597 107 702 107 154 422
374 7 700 264 267 265 19 183 854 174 405 253
375 169 261 48 48 981 455 131 96 867 411 412
376 985 376 632 397 182 499 44 967 498 452 9
377 577 578 577 283 129 113 950 181 321 351 419
378 157 376 60 395 387 849 57 532 532 4 56
379 250 387 61 182 387 385 182 380 283 726 283
380 296 388 376 632 719 719 719 157 382 295 215
381 381 387 368 60 177 17 180 345 351 179 280
382 157 880 160 666 951 44 142 46 256 58 88
383 295 943 295 104 182 602 365 355 896 173 612
384 388 394 389 379 103 179 82 20 187 107 809
385 181 368 150 82 567 290 16 337 883 165 47
386 181 166 644 5 201 121 4 58 254 269 303
387 376 395 157 191 851 575 377 347 352 681 851
388 387 366 506 956 506 64 601 523 14 168 822
389 395 283 225 223 173 366 368 250 160 249 115
390 296 190 409 140 541 160 300 107 395 719 157
391 426 493 422 180 365 269 83 431 433 217 654
392 377 155 326 932 236 236 96 47 76 114 303
393 950 243 209 88 210 88 750 88 252 209 71
394 60 283 560 66 121 649 729 358 374 506 452
395 152 79 166 1000 166 250 113 443 40 339 860
396 379 394 14 205 593 86 172 143 82 494 287
397 232 484 515 381 178 656 178 180 468 148 262
398 379 191 420 278 908 822 53 82 36 34 39
399 199 64 376 203 829 203 296 288 71 152 254
400 92 887 885 21 6 429 139 322 446 498 178
401 426 440 249 357 474 186 533 818 92 96 604
402 262 344 178 191 122 515 552 82 28 473 121
403 172 419 154 163 121 748 793 316 187 155 236
404 100 429 6 316 424 16 355 405 129 184 173
405 160 2 192 192 412 884 884 884 884 412 683
406 406 533 35 31 38 170 473 340 254 77 82
407 265 707 331 74 0 266 754 971 235 240 373
408 489 157 352 160 355 169 300 21 127 92 127
409 357 328 375 424 355 300 889 405 5 346 345
410 82 337 336 971 520 971 26 170 254 282 480
411 211 56 137 665 3 194 211 62 184 173 254
412 211 58 87 62 754 161 496 487 488 971 336
413 813 458 5 58 54 249 169 6 206 200 820
414 916 414 916 414 414 370 37 36 25 361 29
415 414 443 417 171 299 508 299 171 64 572 350
416 971 799 166 427 460 80 431 433 83 812 859
417 151 34 24 24 96 842 211 636 211 424 124
418 299 299 590 545 165 171 171 93 399 129 128
419 79 79 226 82 30 420 509 958 69 190 329
420 13 214 851 907 262 215 66 474 513 184 160
421 504 510 9 265 570 360 495 114 208 57 812
422 154 533 29 34 151 113 338 107 296 182 283
423 176 129 563 936 167 434 367 165 483 464 93
424 249 83 13 23 434 490 371 183 518 661 211
425 568 568 450 542 458 160 736 160 526 458 434
426 121 796 828 612 84 134 340 405 896 12 11
427 105 242 209 64 458 86 238 210 114 417 795
428 579 321 904 321 283 153 49 19 121 256 552
429 448 140 644 180 346 820 51 375 577 363 17
430 504 19 142 285 58 209 211 212 462 308 308
431 152 258 1003 258 421 498 447 592 447 15 269
432 84 18 155 115 860 375 329 212 163 373 84
433 186 533 17 218 268 73 74 254 186 152 84
434 121 230 62 153 62 418 6 59 57 286 160
435 920 230 106 222 64 482 553 86 297 260 325
436 115 232 483 61 283 191 511 949 211 103 385
437 116 513 229 115 753 115 135 5 132 107 361
438 655 75 753 40 560 66 375 455 485 336 170
439 338 165 29 25 40 34 590 27 338 338 66
440 176 593 340 256 63 4 193 812 142 212 64
441 324 466 266 565 804 720 804 265 266 498 92
442 245 76 263 444 971 93 197 27 38 321 301
443 115 171 455 438 261 75 84 585 600 129 105
444 76 89 132 949 880 3 685 845 412 252 4
445 340 375 475 375 368 301 81 607 249 58 244
446 46 15 446 140 334 335 429 592 160 352 60
447 461 428 409 497 581 133 307 314 495 342 621
448 15 820 208 236 208 546 249 142 184 142 493
449 414 645 645 156 166 434 249 366 255 121 752
450 464 133 218 18 121 105 404 249 209 13 278
451 558 359 360 452 566 499 700 699 845 412 552
452 501 504 161 667 627 678 274 272 592 760 592
453 283 376 104 157 382 295 320 295 381 479 177
454 107 69 69 108 509 81 160 400 690 400 327
455 919 263 256 106 255 254 283 559 160 426 93
456 405 365 377 907 377 494 170 438 261 51 14
457 568 401 160 205 847 171 423 76 443 48 485
458 450 377 959 377 872 707 264 61 483 556 14
459 610 420 79 820 204 581 204 917 197 51 65
460 490 518 121 1 254 303 88 271 304 211 586
461 216 254 474 128 168 458 450 813 450 329 42
462 254 137 175 58 194 685 58 664 486 165 93
463 463 463 462 513 92 72 21 550 68 287 20
464 129 128 166 12 11 502 9 487 466 12 362
465 667 184 301 20 462 256 80 508 667 13 165
466 602 529 359 496 83 62 100 51 908 128 333
467 460 440 206 203 128 105 81 333 531 367 116
468 167 14 130 278 280 14 498 7 213 533 45
469 90 478 329 105 160 245 165 171 655 183 504
470 119 427 370 116 987 900 914 28 33 32 361
471 671 106 357 142 896 21 495 87 58 283 380
472 610 694 493 180 421 487 496 459 615 820 932
473 174 164 412 285 62 404 546 173 260 93 813
474 375 51 256 258 62 152 50 82 854 183 165
475 300 226 307 177 562 568 568 121 356 549 747
476 474 66 329 211 412 4 169 486 63 54 34
477 108 111 375 154 492 283 560 400 106 287 298
478 84 305 718 56 859 107 375 143 160 290 829
479 414 605 851 377 86 340 134 766 766 340 535
480 678 492 42 42 147 155 249 162 283 820 142
481 132 87 545 40 560 19 121 526 250 103 526
482 14 232 52 301 624 420 230 920 435 316 0
483 482 74 105 223 0 1 232 275 479 177 60
484 160 91 110 111 110 84 598 553 554 971 277
485 318 86 17 386 157 734 0 64 66 121 130
486 176 214 536 601 82 368 392 321 904 321 395
487 213 720 765 912 526 419 170 86 366 305 63
488 922 205 206 793 748 283 254 518 145 105 166
489 21 624 491 497 440 608 498 14 284 149 655
490 932 211 4 195 286 305 718 63 685 58 303
491 753 169 896 710 747 550 19 166 152 258 478
492 333 252 302 533 84 601 121 219 314 17 105
493 932 474 234 234 243 209 541 541 249 393 395
494 690 301 28 34 24 545 462 701 462 256 4
495 46 256 548 129 546 187 106 531 363 106 142
496 496 506 365 106 249 16 495 42 169 816 165
497 424 401 424 113 419 351 278 681 343 180 950
498 86 573 566 700 299 299 6 54 698 305 271
499 602 141 494 448 484 290 107 665 2 586 233
500 504 500 406 9 569 365 183 35 434 269 428
501 430 421 268 160 339 113 426 572 515 89 169
502 332 359 533 520 21 420 20 480 375 13 730
503 498 765 246 141 957 213 602 602 358 499 502
504 967 498 247 11 506 365 63 13 15 216 448
505 502 407 358 500 358 141 9 264 510 86 415
506 62 263 168 544 129 333 154 820 917 128 434
507 243 930 238 525 8 499 8 672 7 86 457
508 260 325 326 105 60 397 368 368 392 283 133
509 546 282 405 828 892 405 498 65 294 206 291
510 661 44 213 265 500 501 430 129 543 209 58
511 284 5 302 533 607 253 333 460 663 375 183
512 512 512 162 541 541 15 579 38 113 925 417
513 627 189 467 152 70 84 73 166 44 300 312
514 474 107 124 405 375 328 329 10 173 282 269
515 167 342 181 321 60 157 385 387 366 234 252
516 305 210 159 926 242 158 4 405 161 441 360
517 5 681 178 352 201 64 302 285 96 610 420
518 249 420 733 551 106 188 21 183 87 642 21
519 519 189 473 473 667 550 747 301 159 236 252
520 810 210 83 365 21 581 5 237 963 86 445
521 615 146 615 253 142 132 434 363 314 312 255
522 493 168 813 413 526 420 581 310 365 530 92
523 543 424 274 424 329 356 355 137 63 718 55
524 72 524 72 163 249 820 106 223 165 123 338
525 573 166 12 560 363 249 589 142 68 62 554
526 782 377 147 85 226 17 872 74 312 366 387
527 424 113 28 270 160 458 377 320 181 167 60
528 64 141 421 529 506 956 922 488 141 608 565
529 504 11 754 674 569 44 661 674 7 506 452
530 538 777 733 551 106 5 327 6 184 115 439
531 437 437 47 79 497 440 438 450 534 450 813
532 552 126 635 285 89 183 820 168 121 88 58
533 607 453 453 459 268 221 248 459 560 358 504
534 544 105 283 249 129 211 371 404 98 64 280
535 173 254 393 62 417 895 114 47 5 76 89
536 298 42 756 614 106 365 283 211 236 46 355
537 170 497 340 280 65 581 533 406 499 440 168
538 306 306 169 113 38 409 450 82 533 906 156
539 77 557 133 681 160 601 191 645 231 179 82
540 549 190 42 280 165 249 371 768 353 828 145
541 215 495 367 300 114 62 106 546 909 303 738
542 458 172 434 142 597 932 493 523 829 203 86
543 65 380 376 380 120 5 815 174 199 65 176
544 932 163 333 212 269 288 217 366 68 679 971
545 473 81 146 66 984 333 641 424 28 31 30
546 208 815 174 282 254 433 49 297 259 74 18
547 113 169 987 816 115 411 63 6 826 2 520
548 340 494 165 82 783 82 12 8 510 499 232
549 189 690 74 690 447 140 301 445 256 154 932
550 189 663 81 405 280 290 290 533 483 362 293
551 473 188 215 87 372 121 726 283 225 189 537
552 515 552 738 54 252 271 3 211 612 105 282
553 340 169 464 847 922 498 407 43 569 500 7
554 554 554 553 553 482 655 280 128 371 170 123
555 82 314 105 233 11 5 55 208 195 195 411
556 464 455 442 40 427 31 424 326 327 325 549
557 395 424 209 285 301 244 243 241 244 420 654
558 9 765 498 499 707 9 358 161 87 83 481
559 769 62 168 203 284 214 681 214 593 200 199
560 66 514 329 469 474 419 172 169 338 35 30
561 462 121 550 288 84 326 932 77 166 54 411
562 438 892 405 212 404 101 125 185 768 124 838
563 822 572 593 204 203 829 168 167 420 278 409
564 638 81 105 121 490 490 121 526 199 205 206
565 823 7 956 933 269 272 137 408 434 589 459
566 247 506 374 529 332 498 200 204 6 429 15
567 567 567 843 567 567 290 108 91 514 91 989
568 65 160 205 172 434 417 30 30 128 129 563
569 569 7 249 462 506 86 138 409 93 165 314
570 19 11 8 498 593 197 215 64 199 918 776
571 408 412 683 57 408 516 408 826 54 481 6
572 936 822 533 290 340 491 892 896 114 137 546
573 11 141 488 498 956 506 827 506 441 161 107
574 280 82 747 508 546 404 152 431 83 484 292
575 342 94 820 168 206 199 434 16 363 351 130
576 129 377 231 122 351 278 106 434 812 859 665
577 166 209 303 174 366 290 567 425 513 116 64
578 577 377 851 483 226 371 932 544 133 28 329
579 929 335 97 102 323 162 169 896 375 375 756
580 580 580 580 580 580 580 580 580 580 580 580
581 531 366 285 285 105 422 363 152 494 121 423
582 184 256 183 509 160 338 160 352 214 419 114
583 521 766 134 6 571 552 63 131 54 281 481
584 272 513 166 252 195 859 281 880 59 96 165
585 813 434 471 671 188 533 265 661 510 86 151
586 285 160 290 340 371 87 189 663 69 141 44
587 209 252 481 58 826 1001 194 57 832 4 665
588 36 93 576 93 399 401 82 36 170 543 424
589 564 63 184 80 183 367 256 145 474 160 495
590 443 414 370 423 301 281 82 225 282 856 142
591 96 5 375 480 166 84 487 452 573 452 649
592 448 971 975 971 3 481 107 453 142 77 107
593 482 483 167 749 820 5 74 173 405 283 82
594 121 180 347 157 156 345 191 681 278 405 16
595 52 185 323 192 516 762 516 411 333 256 249
596 597 460 549 509 282 662 662 323 125 371 121
597 932 393 380 157 668 157 295 384 80 379 391
598 521 554 521 583 521 823 452 529 466 266 555
599 242 234 654 420 83 474 41 546 393 434 208
600 585 172 413 413 450 544 212 58 6 56 160
601 177 0 297 341 222 495 748 283 4 625 408
602 362 434 515 167 128 23 545 165 464 128 204
603 414 415 697 5 5 833 62 393 212 105 58
604 131 283 226 107 708 404 162 90 409 151 40
605 797 605 846 605 414 414 603 414 603 414 443
606 495 314 215 460 427 612 83 166 250 181 160
607 253 84 58 424 62 216 273 4 586 4 6
608 566 570 971 699 953 23 41 47 76 96 59
609 114 41 196 51 65 13 98 618 353 768 404
610 610 59 845 211 256 3 114 245 725 116 73
611 86 572 294 401 399 543 294 401 401 129 909
612 791 401 183 170 133 134 173 531 121 495 249
613 127 227 254 129 231 621 401 362 86 438 36
614 756 533 326 327 105 87 448 273 592 216 274
615 714 419 333 253 607 537 459 421 213 264 569
616 435 942 435 942 435 65 334 274 428 447 62
617 140 461 428 272 216 46 254 107 896 116 370
618 662 353 106 81 301 216 448 160 92 96 259
619 5 337 135 116 93 306 409 443 318 976 442
620 290 128 932 494 308 880 174 269 404 82 280
621 180 172 204 820 342 172 87 49 643 393 150
622 238 622 238 525 407 466 506 238 758 316 465
623 458 486 35 151 748 405 892 173 126 209 233
624 84 235 610 296 182 381 515 89 423 417 486
625 252 57 303 269 164 334 592 353 796 353 404
626 87 474 409 418 299 81 362 488 922 488 362
627 971 466 525 65 290 165 437 339 361 136 151
628 628 389 391 389 387 379 390 321 947 181 321
629 316 0 223 20 480 418 582 103 61 177 321
630 369 630 630 630 369 89 4 1001 6 440 61
631 631 631 631 159 215 187 183 367 23 42 473
632 719 376 181 368 391 61 392 104 104 377 321
633 633 633 633 633 633 633 633 633 633 633 633
634 634 634 634 634 635 634 634 634 635 63 532
635 285 2 140 46 812 447 447 45 892 226 283
636 211 238 602 699 699 971 809 301 290 128 212
637 233 546 187 459 42 756 142 283 367 546 84
638 896 112 66 661 87 84 333 983 333 577 166
639 639 638 300 118 387 393 155 104 295 150 397
640 353 937 640 97 434 221 53 822 350 157 5
641 541 162 820 243 84 105 180 907 593 198 64
642 82 464 523 387 393 434 434 478 325 13 96
643 393 121 201 202 562 515 562 840 426 183 93
644 528 305 489 157 191 903 262 533 262 262 148
645 414 414 415 414 697 5 7 19 13 121 191
646 211 560 321 384 390 378 296 363 255 300 102
647 21 173 400 69 409 39 31 198 168 172 256
648 648 648 648 648 648 648 648 648 648 648 648
649 421 498 526 419 169 210 237 244 244 84 555
650 215 60 378 150 157 389 283 121 210 84 233
651 173 535 134 482 160 42 245 417 79 107 69
652 478 107 726 160 278 180 87 256 318 263 256
653 653 653 653 653 653 653 653 653 653 653 653
654 340 74 560 20 160 319 319 237 162 512 160
655 35 24 27 883 27 36 169 113 168 114 263
656 377 734 320 181 95 167 122 168 403 133 162
657 269 810 321 395 121 425 574 65 574 425 289
658 658 658 658 658 658 658 658 658 658 658 658
659 659 377 403 377 122 122 150 378 60 105 233
660 660 660 660 660 660 660 660 660 660 660 660
661 510 661 13 211 89 3 239 145 142 458 86
662 618 617 448 139 6 549 418 160 80 329 474
663 663 187 329 371 87 23 62 256 371 640 125
664 84 399 450 426 87 426 86 121 473 187 546
665 886 601 494 25 30 764 314 82 531 437 336
666 661 502 502 9 466 6 54 63 278 363 169
667 188 145 393 150 155 221 256 249 62 62 79
668 157 384 321 395 104 179 342 219 232 872 218
669 669 5 718 55 950 17 314 892 828 46 812
670 670 670 670 670 670 670 670 670 670 670 670
671 480 282 129 160 146 147 82 377 312 301 249
672 359 529 922 79 601 83 340 367 249 162 4
673 673 673 495 526 493 835 789 168 822 290 572
674 661 441 720 856 331 707 267 61 250 295 320
675 675 675 675 675 675 675 675 675 675 675 675
676 322 448 971 448 269 735 164 140 541 150 387
677 434 356 564 190 420 18 424 478 306 509 87
678 549 694 706 563 14 167 41 801 820 618 353
679 189 549 189 222 341 311 756 106 932 489 64
680 380 656 177 86 81 81 685 81 303 128 290
681 352 351 178 61 483 226 212 665 63 89 806
682 681 851 157 734 156 320 947 377 61 64 306
683 211 636 211 859 612 424 87 552 949 57 859
684 684 684 684 684 684 684 684 684 684 684 684
685 4 211 58 154 820 970 917 820 180 344 377
686 381 320 156 160 393 71 50 50 50 654 25
687 86 152 440 172 107 173 86 223 495 208 114
688 543 689 689 689 198 206 6 54 304 405 456
689 198 64 330 330 74 219 60 232 320 61 368
690 316 221 177 229 198 64 80 671 21 253 75
691 691 691 691 691 691 691 691 691 691 691 691
692 231 426 257 231 180 84 493 93 513 355 303
693 83 203 249 28 80 62 296 142 233 70 433
694 549 459 86 573 213 320 397 320 533 572 493
695 259 253 75 96 165 847 464 420 230 106 494
696 222 311 612 356 69 508 68 357 290 114 93
697 5 281 685 285 183 562 440 249 106 377 250
698 411 976 423 444 443 133 166 377 394 53 167
699 332 506 411 84 152 62 17 222 253 249 169
700 299 6 204 377 227 519 316 160 397 377 376
701 462 701 462 106 21 115 914 816 470 261 30
702 107 124 638 564 564 356 290 206 426 425 130
703 703 703 703 703 703 703 703 703 703 703 703
704 704 704 107 454 357 256 51 486 65 515 381
705 425 289 280 424 495 60 61 368 103 211 212
706 585 168 494 23 249 441 720 266 407 499 43
707 809 195 832 587 236 62 203 199 13 949 54
708 100 494 308 396 60 214 157 392 283 211 155
709 404 473 129 291 183 108 160 290 130 277 971
710 952 540 549 68 424 212 422 212 329 306 434
711 711 711 711 711 711 711 711 711 711 711 711
712 995 712 995 712 401 294 301 393 394 250 250
713 69 81 371 405 355 254 62 856 504 421 365
714 450 93 473 6 528 5 97 354 100 97 335
715 69 715 69 713 69 10 306 215 820 53 221
716 716 5 255 105 17 218 341 222 106 537 20
717 295 486 410 160 467 509 108 300 255 42 86
718 63 405 255 453 491 340 166 127 435 942 435
719 719 376 6 1001 2 62 521 389 377 181 160
720 11 720 608 332 971 457 232 368 377 220 128
721 28 405 114 283 252 96 655 513 83 586 481
722 278 722 38 28 129 58 859 107 35 464 114
723 923 825 923 326 173 115 883 115 283 157 376
724 338 318 494 212 212 114 426 6 571 211 489
725 96 211 430 107 410 62 662 100 354 185 404
726 62 427 655 301 199 377 130 408 845 56 89
727 483 157 150 376 380 397 182 321 250 393 384
728 885 21 326 87 552 160 821 160 681 345 61
729 141 569 44 486 478 112 66 560 496 362 81
730 107 591 591 591 160 79 14 226 443 417 895
731 731 731 731 731 731 731 731 731 731 731 731
732 732 732 732 732 732 732 732 732 732 732 732
733 306 400 411 665 175 288 433 121 153 16 187
734 169 172 523 332 699 441 233 252 533 493 129
735 164 164 63 233 546 742 166 214 129 121 288
736 736 62 290 291 168 419 340 934 268 215 717
737 271 137 254 859 859 601 422 513 655 13 58
738 412 698 126 56 619 613 614 614 106 81 161
739 495 256 424 211 340 256 121 80 169 371 355
740 51 232 473 63 233 63 932 367 105 233 404
741 150 381 393 160 717 106 11 141 529 7 374
742 546 604 546 209 63 54 803 826 195 552 126
743 743 102 2 137 175 15 334 322 139 76 89
744 744 744 744 744 744 744 744 744 744 744 744
745 453 107 296 142 115 166 143 142 58 859 147
746 746 746 746 746 746 746 746 746 746 746 746
747 971 812 991 520 420 115 366 107 78 366 404
748 107 18 155 105 601 536 229 489 210 252 859
749 820 169 229 165 89 405 333 176 417 160 896
750 88 411 981 527 423 303 59 408 59 89 271
751 41 204 201 205 557 232 284 133 166 64 229
752 84 444 333 531 106 163 62 441 282 662 618
753 169 16 357 424 86 526 290 272 448 812 373
754 141 141 51 51 41 129 64 87 546 340 521
755 211 106 259 173 154 209 282 4 194 6 308
756 288 654 252 271 303 209 16 771 145 591 160
757 757 367 93 664 93 545 183 21 96 236 107
758 758 238 86 601 64 926 301 651 420 83 118
759 459 615 318 245 40 29 160 576 142 184 106
760 592 760 546 820 52 61 166 159 235 236 932
761 393 181 381 394 390 459 215 296 61 265 11
762 516 6 562 401 426 113 847 40 964 24 31
763 763 763 5 279 62 441 19 166 611 66 478
764 541 405 314 21 160 441 661 570 264 441 333
765 293 856 707 674 510 264 533 146 166 74 221
766 521 340 535 13 698 54 665 812 140 164 15
767 121 77 581 41 493 473 189 509 667 550 212
768 185 618 185 52 103 320 160 180 122 179 388
769 559 166 163 20 260 509 259 173 69 356 509
770 353 69 325 420 139 342 214 294 342 376 104
771 106 885 728 535 777 173 74 268 19 324 971
772 772 772 772 772 772 772 772 772 772 772 772
773 773 405 356 283 212 147 301 22 20 11 270
774 285 142 172 413 183 300 145 422 180 84 57
775 560 362 820 420 167 468 121 151 151 37 37
776 936 232 493 84 555 161 19 555 44 44 362
777 173 651 118 461 13 239 63 826 990 859 58
778 971 9 452 856 573 8 265 804 266 264 406
779 549 173 92 530 92 530 365 82 362 121 367
780 84 558 359 529 359 498 421 19 513 249 115
781 537 14 226 160 10 638 896 368 0 74 82
782 82 708 185 101 353 365 548 531 142 142 10
783 154 533 65 53 380 539 380 283 16 15 274
784 784 784 784 411 481 421 481 552 211 932 258
785 545 37 40 48 338 424 256 355 106 490 160
786 786 519 786 407 499 241 238 236 82 296 494
787 21 489 107 160 223 106 371 87 363 280 574
788 717 131 211 469 90 425 513 21 462 21 274
789 458 152 71 84 425 870 65 835 401 574 401
790 544 212 531 82 215 58 210 234 159 215 511
791 493 342 468 172 585 706 563 706 280 87 187
792 121 78 424 357 409 39 37 127 84 144 546
793 316 222 222 256 28 31 38 245 76 318 64
794 335 335 164 174 282 84 453 105 212 173 896
795 417 93 883 93 361 115 473 269 173 651 254
796 121 28 129 292 133 206 277 149 349 148 179
797 231 871 231 377 383 377 149 420 60 394 321
798 798 798 798 798 798 798 798 798 798 798 798
799 166 431 71 393 546 290 87 69 64 305 809
800 287 549 104 160 880 3 932 107 896 710 952
801 820 231 936 572 86 151 370 85 537 486 29
802 129 87 303 520 532 233 637 234 5 157 301
803 252 107 44 44 254 174 254 269 932 107 3
804 266 232 6 323 2 886 859 803 252 56 54
805 358 608 264 9 569 105 914 28 28 811 62
806 285 138 409 65 169 280 333 282 84 295 390
807 211 64 937 404 421 359 504 674 754 720 498
808 808 808 808 808 808 808 808 808 808 808 808
809 88 58 58 303 269 252 4 1001 826 1001 2
810 420 108 356 564 638 356 256 445 424 68 20
811 340 13 4 405 116 896 28 333 145 83 211
812 174 665 886 665 55 685 208 58 282 253 228
813 585 84 270 611 464 280 204 533 264 406 533
814 262 62 509 551 189 966 21 296 280 62 818
815 138 57 520 183 362 51 256 128 290 892 226
816 753 75 36 10 105 495 82 78 13 172 585
817 515 232 129 557 581 310 62 251 860 816 40
818 160 191 365 303 571 286 738 685 845 859 194
819 461 735 164 285 562 232 707 19 441 161 160
820 445 82 963 121 166 250 60 61 177 546 859
821 163 422 248 366 107 165 89 305 286 57 174
822 292 950 173 82 183 900 128 42 756 613 243
823 9 971 304 96 442 114 361 31 155 115 333
824 191 434 210 84 612 105 106 373 515 458 129
825 923 923 723 777 259 519 786 189 377 283 174
826 58 271 282 4 408 434 190 121 661 247 7
827 506 366 188 21 62 125 404 434 489 82 468
828 46 46 3 249 543 458 397 379 320 333 641
829 523 464 459 610 255 106 351 167 181 150 381
830 452 498 7 324 266 720 804 266 555 754 19
831 258 211 132 258 107 702 107 310 160 375 671
832 612 82 438 892 491 377 249 388 321 368 275
833 365 329 108 301 273 272 164 520 55 638 340
834 107 54 4 587 238 210 63 138 809 89 238
835 401 712 995 712 995 712 255 63 174 137 571
836 836 706 290 263 981 113 41 202 562 425 86
837 837 837 107 164 16 404 145 366 152 269 155
838 124 592 428 216 139 129 162 83 214 215 262
839 191 601 238 92 723 825 306 128 23 27 27
840 5 492 42 106 885 106 155 150 179 377 390
841 376 378 179 128 974 128 667 409 338 437 25
842 211 424 153 155 87 426 285 54 138 481 208
843 567 843 290 183 62 338 114 640 114 165 29
844 971 63 121 661 505 332 487 9 510 8 510
845 2 114 919 455 318 527 976 442 455 245 925
846 605 797 231 575 232 707 602 498 488 529 494
847 922 822 168 419 28 721 28 165 212 492 932
848 445 128 363 329 165 816 170 360 170 6 191
849 63 552 408 552 373 306 113 114 229 169 229
850 546 536 184 678 549 371 285 271 58 252 552
851 350 180 149 377 203 206 198 95 64 466 525
852 18 160 250 60 377 397 6 58 288 550 434
853 82 209 96 325 5 351 420 254 128 474 87
854 420 282 121 531 77 282 375 81 351 155 44
855 155 377 659 377 174 520 3 166 250 150 149
856 452 830 452 421 362 405 255 145 856 707 358
857 166 467 21 367 280 165 35 282 372 83 17
858 306 93 647 434 19 129 36 107 230 375 469
859 271 698 738 271 448 45 300 158 599 481 138
860 375 66 469 375 889 300 118 549 779 549 855
861 350 851 377 621 342 257 568 544 813 440 226
862 777 971 325 409 421 13 273 216 62 143 480
863 57 610 303 249 163 518 154 363 169 333 329
864 411 434 231 214 177 0 65 525 707 441 666
865 865 59 89 474 91 258 476 474 62 135 65
866 411 473 418 190 459 177 440 970 546 803 1001
867 134 173 859 211 83 496 466 358 65 86 818
868 320 156 180 932 474 111 108 478 183 602 499
869 179 365 548 459 189 81 300 102 300 2 58
870 65 434 495 46 748 222 189 519 189 81 362
871 231 53 232 113 113 133 60 381 177 64 107
872 17 253 373 508 667 6 667 627 189 311 309
873 425 430 7 765 9 699 506 166 290 130 284
874 401 44 419 450 105 155 655 172 457 92 480
875 170 537 307 17 495 290 87 438 87 484 87
876 564 338 123 61 232 129 173 142 131 252 661
877 184 184 115 318 981 114 255 419 290 694 484
878 33 24 5 11 211 209 154 419 113 165 492
879 242 977 977 977 209 42 169 548 203 86 822
880 3 932 212 129 932 371 254 173 107 492 48
881 96 527 527 263 62 99 98 86 586 282 256
882 160 164 170 27 82 225 314 85 313 215 211
883 32 151 170 437 816 816 491 163 377 0 18
884 884 412 194 160 90 459 695 183 458 64 0
885 21 6 994 6 473 93 168 62 206 776 206
886 2 271 13 509 667 387 115 121 129 308 5
887 92 238 498 525 765 430 486 263 76 96 135
888 412 63 815 92 815 5 63 212 160 355 128
889 405 796 828 300 460 256 10 282 131 481 373
890 121 184 127 36 86 251 26 30 86 822 484
891 405 226 14 797 797 605 846 846 605 851 575
892 45 892 423 171 113 370 226 166 882 166 221
893 466 720 9 699 441 254 453 87 20 187 710
894 327 400 215 297 316 726 283 234 239 4 208
895 333 154 209 140 322 794 335 446 592 446 448
896 2 865 865 56 96 56 252 166 234 283 492
897 263 121 651 254 142 249 355 355 107 410 329
898 230 920 230 230 160 156 381 160 676 428 272
899 2 812 208 495 118 128 36 75 261 133 232
900 40 964 29 261 29 438 30 473 411 115 30
901 137 571 145 546 77 107 327 160 66 477 69
902 5 445 45 424 367 367 333 405 64 164 379
903 907 907 907 593 917 205 847 333 280 362 430
904 321 351 191 342 95 917 167 420 11 502 406
905 311 309 226 283 17 546 508 188 82 210 256
906 546 604 57 859 174 371 137 6 168 494 25
907 936 907 936 907 180 254 121 404 618 100 935
908 167 468 180 257 284 342 214 178 53 182 18
909 303 263 318 183 544 82 563 572 822 280 405
910 65 791 623 313 560 283 125 768 124 300 444
911 81 184 166 158 114 107 222 341 389 397 122
912 526 82 133 308 169 256 308 308 133 365 495
913 950 73 223 314 226 256 269 933 429 140 160
914 36 160 446 592 139 45 140 83 450 705 256
915 38 29 39 409 10 509 551 189 537 486 44
916 414 916 414 479 177 13 12 293 12 466 504
917 40 448 272 461 429 424 445 518 163 533 529
918 776 94 167 172 482 777 86 366 226 114 278
919 113 367 170 212 642 82 1 146 189 155 849
920 435 316 1 222 607 255 546 154 209 62 203
921 6 323 654 249 62 106 419 221 419 300 183
922 499 608 7 566 452 971 8 466 525 729 649
923 825 723 551 723 92 480 166 159 434 290 424
924 89 412 154 252 661 506 498 573 9 9 510
925 847 925 47 76 976 263 485 976 981 113 527
926 930 238 302 304 87 552 121 190 420 474 357
927 926 237 160 478 514 514 328 86 531 256 222
928 211 364 165 490 42 434 812 932 544 129 820
929 933 429 46 283 363 63 564 338 121 215 189
930 930 238 602 569 504 358 506 247 661 44 498
931 930 158 89 136 170 753 860 816 816 170 860
932 113 113 165 25 29 31 86 236 107 601 480
933 334 272 446 15 541 641 495 300 106 400 81
934 549 467 222 85 312 222 223 121 642 300 64
935 936 204 820 421 498 765 249 362 856 331 44
936 14 205 201 82 227 519 316 341 295 86 229
937 100 107 296 182 157 64 24 988 24 367 666
938 611 168 113 547 245 183 210 329 576 494 153
939 232 499 499 86 466 608 498 65 714 183 493
940 93 14 181 541 155 31 32 473 14 178 157
941 189 377 278 214 179 249 145 422 84 471 473
942 95 181 541 140 15 303 365 695 85 1 189
943 295 459 434 440 818 166 194 166 355 211 365
944 748 222 82 422 427 655 13 4 587 209 564
945 327 10 327 327 107 169 121 107 541 140 269
946 641 641 495 526 231 178 483 205 94 177 178
947 181 380 296 190 473 232 160 310 17 459 759
948 381 948 381 321 160 340 934 549 74 222 227
949 481 131 62 726 316 253 932 492 283 17 269
950 260 173 121 540 184 127 166 173 154 422 269
951 44 331 166 880 56 126 55 57 281 164 63
952 509 325 509 747 549 274 140 160 857 191 824
953 816 115 62 100 640 97 185 353 353 796 405
954 546 58 411 54 55 481 5 135 438 74 224
955 955 820 301 298 507 513 92 11 159 160 3
956 700 570 12 62 749 62 17 17 311 72 311
957 213 441 44 502 504 430 5 423 527 48 171
958 69 549 747 105 21 467 971 391 320 628 295
959 377 483 142 458 13 421 13 93 114 116 40
960 377 177 562 426 440 264 9 8 430 166 218
961 377 351 214 284 351 365 28 486 114 83 308
962 958 509 69 287 549 268 756 614 613 747 509
963 859 121 263 547 333 245 82 601 160 453 105
964 40 370 47 96 234 244 303 210 107 255 371
965 936 484 160 262 215 296 295 384 60 378 128
966 21 551 298 685 54 271 273 322 429 447 448
967 498 241 499 406 672 249 661 661 856 430 7
968 299 700 707 465 14 292 822 936 572 593 320
969 184 69 87 365 419 300 419 356 478 62 203
970 917 199 128 180 172 450 133 493 153 422 184
971 812 102 323 98 323 84 425 285 486 113 919
972 913 358 43 358 266 266 407 494 438 339 170
973 971 188 366 10 89 619 5 362 362 466 213
974 918 128 155 512 160 217 84 372 594 84 317
975 971 29 554 29 331 464 331 764 30 136 133
976 113 925 423 370 361 438 123 123 420 244 422
977 209 564 190 329 114 438 444 485 263 303 169
978 860 816 437 115 5 269 216 107 82 234 166
979 106 489 106 210 249 208 3 971 608 804 498
980 470 96 339 336 883 883 115 405 162 393 810
981 76 455 48 66 66 477 90 375 577 142 143
982 137 685 880 812 520 685 665 137 2 54 96
983 114 261 27 37 261 443 29 38 329 434 14
984 333 474 663 747 160 51 85 17 219 79 445
985 376 6 206 786 519 227 82 132 152 612 153
986 411 866 80 20 137 13 32 31 198 201 917
987 914 165 443 437 436 115 422 115 436 438 340
988 24 24 261 35 51 143 548 816 455 330 248
989 329 434 404 212 82 549 189 160 268 494 261
990 305 211 495 188 129 44 951 913 922 488 529
991 520 59 58 481 96 474 612 82 594 83 518
992 992 992 992 992 992 129 292 611 11 434 489
993 408 305 845 859 665 63 128 27 301 730 64
994 6 738 685 57 683 285 635 63 210 363 174
995 712 255 211 285 4 712 255 371 340 10 324
996 12 266 61 465 667 508 259 72 524 72 20
997 24 169 409 36 169 427 82 201 215 495 638
998 65 990 2 516 333 546 462 173 748 460 116
999 145 252 286 129 64 840 285 411 408 3 812
1000 918 204 581 409 448 592 735 592 216 301 375
1001 803 803 193 59 55 208 495 419 450 168 840
1002 560 224 160 318 981 263 318 423 370 85 726
1003 258 564 114 48 333 155 19 573 160 347 191
1004 55 63 520 408 434 768 935 936 484 168 6
0 0 459 187 145
1 221 256 80 222
2 273 274 272 272
3 4 56 286 286
4 169 165 364 363
5 374 166 139 140
6 859 921 63 419
7 765 293 8 950
8 823 558 359 421
9 765 9 499 506
10 340 375 28 282
11 213 7 569 430
12 166 142 216 160
13 13 484 129 137
14 440 426 232 501
15 62 15 533 204
16 221 537 14 64
17 643 217 433 433
18 797 342 214 434
19 183 210 371 210
20 327 728 92 815
21 13 349 262 262
22 155 223 655 526
23 40 35 51 918
24 38 24 997 24
25 133 309 313 221
26 443 93 168 900
27 590 470 986 261
28 20 223 311 282
29 151 261 411 646
30 263 169 255 189
31 51 820 424 45
32 533 186 654 32
33 23 27 560 39
34 590 30 82 567
35 121 748 495 606
36 409 325 420 340
37 590 32 33 39
38 23 115 900 5
39 84 49 84 510
40 34 33 23 460
41 776 201 133 135
42 300 209 121 458
43 569 7 913 560
44 500 9 957 141
45 447 440 515 292
46 255 152 340 13
47 318 171 590 86
48 361 107 478 356
49 153 856 107 207
50 217 84 144 546
51 29 36 218 282
52 377 347 181 394
53 389 393 384 105
54 55 208 55 55
55 86 180 644 820
56 58 194 193 193
57 89 169 336 339
58 249 310 86 506
59 826 812 3 599
60 495 106 607 253
61 395 16 518 771
62 338 142 84 336
63 826 193 845 520
64 87 607 255 472
65 425 86 223 313
66 160 212 41 198
67 74 311 190 434
68 419 542 172 30
69 212 183 160 187
70 217 366 506 932
71 393 71 209 365
72 92 728 20 424
73 74 313 215 511
74 21 118 209 371
75 75 48 482 483
76 48 84 269 63
77 333 601 233 70
78 548 283 494 543
79 282 65 600 401
80 169 987 170 548
81 28 212 166 662
82 356 375 154 963
83 458 568 81 16
84 30 263 76 981
85 307 18 314 317
86 189 467 189 663
87 128 35 169 106
88 63 58 3 137
89 159 927 210 256
90 160 121 544 6
91 64 124 282 340
92 238 506 365 602
93 29 590 299 146
94 95 201 593 94
95 200 918 776 572
96 92 520 420 81
97 102 102 2 886
98 323 640 564 338
99 64 74 419 482
100 708 98 353 486
101 380 53 380 157
102 4 803 59 303
103 390 182 748 82
104 155 518 211 55
105 243 305 137 155
106 133 27 261 437
107 468 258 249 160
108 93 306 327 894
109 62 859 474 950
110 108 473 367 254
111 478 442 263 114
112 478 62 342 495
113 32 116 816 336
114 172 121 20 560
115 152 431 433 49
116 437 136 89 455
117 170 261 24 261
118 651 118 83 143
119 470 151 82 283
120 5 517 517 195
121 338 115 129 139
122 411 304 82 227
123 103 385 60 377
124 640 323 185 353
125 86 563 129 282
126 131 209 5 117
127 82 168 290 210
128 197 457 238 700
129 93 647 434 353
130 345 483 917 974
131 552 121 127 166
132 405 116 114 62
133 346 511 191 282
134 10 326 105 129
135 133 155 114 983
136 417 136 135 65
137 164 140 812 46
138 86 180 156 645
139 581 77 105 612
140 301 857 301 420
141 729 441 62 312
142 86 426 290 424
143 143 62 494 283
144 254 296 644 950
145 252 389 283 288
146 21 68 64 68
147 160 156 697 5
148 344 191 350 851
149 157 178 413 440
150 82 210 245 547
151 339 167 776 204
152 364 363 211 258
153 49 153 115 254
154 5 120 218 549
155 285 4 896 124
156 907 342 377 386
157 394 397 321 379
158 434 154 393 166
159 303 909 209 166
160 129 187 166 140
161 434 473 427 434
162 79 51 498 92
163 435 65 285 303
164 533 458 413 65
165 30 545 24 411
166 573 573 160 106
167 820 63 718 5
168 585 168 291 14
169 256 133 399 166
170 491 390 491 117
171 847 919 263 76
172 143 10 324 65
173 400 81 212 357
174 63 158 235 244
175 15 420 607 118
176 440 661 440 533
177 229 198 41 199
178 537 52 128 445
179 180 289 482 497
180 148 280 515 167
181 283 367 363 211
182 167 18 852 415
183 44 28 96 302
184 5 420 285 57
185 100 935 353 87
186 144 492 186 363
187 329 66 96 591
188 222 253 106 298
189 747 121 423 5
190 420 218 225 331
191 277 203 201 183
192 132 217 886 273
193 685 281 481 211
194 698 685 3 371
195 533 335 794 335
196 167 207 201 204
197 820 249 431 431
198 197 215 18 201
199 83 393 947 320
200 177 146 183 4
201 908 196 197 918
202 820 162 512 512
203 105 771 106 230
204 41 23 34 36
205 557 77 87 448
206 786 519 607 453
207 116 23 62 283
208 2 194 5 840
209 236 210 329 357
210 106 726 5 252
211 303 630 369 160
212 82 279 106 72
213 452 487 496 498
214 214 351 371 209
215 248 17 366 310
216 142 77 546 963
217 654 66 328 460
218 317 313 0 316
219 60 390 13 423
220 23 251 32 654
221 560 400 64 232
222 282 248 612 105
223 225 756 86 470
224 148 349 347 377
225 459 496 466 358
226 128 200 198 41
227 756 166 473 333
228 495 495 641 212
229 494 420 180 350
230 20 480 494 407
231 65 493 275 526
232 292 953 292 64
233 86 459 29 533
234 256 495 5 517
235 158 405 133 44
236 587 58 373 306
237 319 107 8 441
238 457 231 871 231
239 145 121 792 121
240 237 209 271 243
241 243 615 146 166
242 977 242 132 6
243 244 158 235 159
244 301 926 159 238
245 434 203 342 343
246 7 62 159 240
247 506 452 700 720
248 268 73 268 221
249 371 82 10 325
250 379 628 394 320
251 914 251 47 263
252 81 549 84 111
253 121 306 538 777
254 44 19 161 300
255 256 105 48 485
256 492 160 3 971
257 130 621 149 6
258 16 489 132 243
259 777 259 400 690
260 260 21 896 368
261 455 169 13 390
262 533 18 317 366
263 564 63 46 132
264 161 496 488 141
265 360 265 266 533
266 500 498 488 529
267 267 265 466 602
268 549 187 679 13
269 420 494 480 671
270 278 345 61 19
271 45 210 926 158
272 252 272 3 812
273 272 21 459 464
274 216 301 155 215
275 6 473 17 473
276 401 362 256 121
277 971 695 20 259
278 129 41 173 17
279 160 35 31 84
280 21 173 142 427
281 56 520 183 478
282 434 236 5 419
283 333 615 115 442
284 203 291 133 143
285 738 132 271 152
286 815 685 252 66
287 106 212 21 581
288 105 69 509 87
289 180 212 166 856
290 515 526 221 1
291 257 167 60 60
292 133 377 179 191
293 504 409 135 96
294 65 130 167 201
295 434 233 434 515
296 82 199 206 852
297 341 248 330 455
298 301 818 92 65
299 298 246 765 720
300 896 896 896 12
301 22 11 466 754
302 252 115 169 300
303 21 422 163 62
304 252 305 990 812
305 2 665 142 191
306 141 430 14 61
307 114 307 872 581
308 133 545 93 545
309 268 496 496 560
310 170 82 255 212
311 905 309 309 218
312 177 64 290 210
313 295 172 180 289
314 507 314 317 17
315 17 18 160 287
316 979 106 820 365
317 226 223 221 177
318 245 47 113 339
319 236 86 151 27
320 283 560 229 513
321 160 67 146 85
322 929 334 274 46
323 101 371 183 211
324 65 13 346 51
325 96 847 922 560
326 923 326 107 35
327 5 157 382 377
328 478 543 401 562
329 357 106 211 107
330 248 330 248 330
331 358 856 720 11
332 720 213 473 767
333 283 215 297 17
334 269 735 461 446
335 933 929 269 15
336 337 31 367 405
337 13 661 211 480
338 411 517 517 195
339 336 165 367 35
340 367 367 35 301
341 222 142 591 160
342 201 199 42 245
343 180 123 95 198
344 656 231 655 980
345 152 420 121 495
346 5 868 320 308
347 347 179 296 549
348 191 494 918 918
349 349 347 377 378
350 593 974 128 199
351 155 106 223 155
352 60 283 209 300
353 687 107 162 549
354 101 102 743 743
355 256 115 820 15
356 142 812 45 828
357 108 69 107 183
358 141 754 674 19
359 213 11 956 426
360 452 213 265 266
361 136 136 41 232
362 86 31 121 649
363 420 641 160 529
364 433 217 643 162
365 589 160 4 208
366 134 553 554 134
367 129 211 375 455
368 375 81 371 434
369 252 859 286 635
370 339 135 116 40
371 518 577 377 52
372 248 268 84 467
373 83 115 533 154
374 407 494 170 249
375 81 105 242 533
376 82 462 408 552
377 1 560 856 331
378 181 346 128 105
379 182 379 719 393
380 182 61 177 200
381 379 60 167 204
382 379 60 420 854
383 377 380 160 856
384 377 483 533 20
385 231 60 380 320
386 17 474 115 373
387 229 183 29 486
388 160 240 235 159
389 64 375 230 424
390 296 644 6 157
391 393 424 20 932
392 296 526 290 533
393 82 295 172 585
394 393 396 390 385
395 107 183 417 409
396 157 346 214 294
397 389 252 54 34
398 379 383 377 393
399 457 294 65 176
400 259 777 86 7
401 276 401 430 64
402 211 169 300 263
403 133 402 402 420
404 373 84 433 180
405 102 98 932 371
406 374 504 569 359
407 141 265 525 232
408 130 351 167 218
409 428 216 428 301
410 183 357 142 434
411 115 105 424 263
412 192 193 408 832
413 160 343 183 411
414 370 442 443 33
415 852 851 214 214
416 173 950 145 188
417 370 40 753 860
418 189 377 546 62
419 296 390 381 387
420 434 420 230 107
421 249 7 86 153
422 546 211 301 285
423 176 113 38 116
424 355 210 142 105
425 705 401 562 438
426 87 166 132 434
427 121 526 129 343
428 335 139 99 5
429 46 495 283 137
430 956 506 374 505
431 80 866 80 129
432 217 50 82 426
433 180 365 329 46
434 21 121 303 107
435 647 121 86 86
436 438 29 113 443
437 261 75 437 251
438 151 427 86 467
439 115 63 256 420
440 238 13 325 509
441 366 10 327 728
442 170 64 94 206
443 919 114 338 252
444 96 58 107 64
445 128 533 756 183
446 322 794 322 533
447 446 46 81 105
448 494 714 419 280
449 414 415 852 851
450 494 128 157 350
451 452 8 44 729
452 466 160 35 31
453 472 471 810 420
454 62 582 62 426
455 170 301 446 272
456 456 64 69 434
457 421 11 22 20
458 600 458 604 546
459 29 459 74 340
460 493 42 42 44
461 592 428 579 579
462 121 223 220 177
463 462 82 17 297
464 249 170 261 438
465 155 518 121 186
466 506 765 912 526
467 107 83 533 401
468 221 459 331 615
469 66 477 329 424
470 271 448 428 140
471 607 170 979 1
472 284 130 13 371
473 509 82 474 17
474 84 235 252 552
475 300 531 420 610
476 329 476 478 112
477 91 375 16 356
478 91 258 424 434
479 381 178 157 284
480 667 473 190 329
481 211 754 720 86
482 78 424 93 95
483 493 572 563 129
484 168 276 276 568
485 976 318 333 641
486 48 261 75 96
487 421 421 448 484
488 922 699 504 19
489 105 281 494 173
490 473 493 290 210
491 378 179 60 380
492 144 121 520 552
493 133 400 69 260
494 225 460 225 309
495 526 280 16 15
496 362 856 720 406
497 78 121 15 16
498 430 280 333 120
499 913 358 213 496
500 9 971 133 464
501 406 407 505 249
502 502 9 264 608
503 358 525 525 406
504 161 141 951 666
505 332 141 452 466
506 62 209 159 233
507 513 303 114 434
508 189 312 314 726
509 434 550 508 188
510 264 608 141 407
511 346 128 106 242
512 155 213 141 83
513 272 46 96 302
514 514 478 486 278
515 6 299 551 533
516 762 516 762 516
517 2 698 59 990
518 21 301 248 282
519 518 21 6 517
520 183 419 462 506
521 86 154 62 509
522 493 820 424 212
523 493 403 129 172
524 72 259 96 340
525 65 791 401 574
526 86 143 469 211
527 333 333 518 490
528 64 149 278 128
529 488 971 505 43
530 538 733 440 231
531 445 86 87 256
532 54 520 859 105
533 546 970 917 483
534 256 412 921 412
535 134 372 283 387
536 20 62 367 340
537 243 83 518 63
538 777 419 655 280
539 178 345 186 152
540 86 459 0 146
541 641 641 541 541
542 440 438 36 121
543 526 655 301 118
544 542 403 133 483
545 133 18 223 74
546 290 843 290 829
547 48 423 547 263
548 152 82 215 89
549 362 81 256 647
550 434 198 198 593
551 679 68 107 184
552 195 286 80 169
553 598 553 340 166
554 29 23 26 171
555 466 488 466 804
556 113 455 5 419
557 83 494 106 518
558 451 141 488 499
559 559 283 0 65
560 810 393 283 453
561 462 21 64 209
562 380 385 377 395
563 290 254 404 357
564 174 164 446 140
565 44 19 7 608
566 569 957 9 406
567 425 86 531 434
568 426 292 168 263
569 441 264 569 358
570 452 566 7 358
571 63 408 285 281
572 493 183 854 174
573 856 8 971 973
574 425 568 401 257
575 851 191 351 734
576 13 327 128 214
577 283 133 120 377
578 577 377 157 389
579 164 16 434 434
580 580 580 580 580
581 310 105 495 222
582 103 179 133 844
583 521 554 553 598
584 272 6 305 16
585 295 61 266 525
586 412 63 62 44
587 412 404 618 662
588 545 28 93 29
589 106 351 155 44
590 171 13 514 478
591 83 180 107 662
592 447 139 129 13
593 41 21 118 420
594 372 115 437 482
595 52 157 483 340
596 218 199 41 202
597 411 405 132 131
598 598 521 583 521
599 3 812 461 461
600 600 401 82 230
601 191 645 231 277
602 213 720 9 957
603 414 697 321 533
604 96 114 280 21
605 414 443 417 27
606 495 105 283 14
607 365 430 11 64
608 452 649 246 765
609 609 30 128 420
610 89 57 863 57
611 64 379 182 53
612 859 474 91 329
613 756 73 707 823
614 614 614 742 614
615 331 166 87 353
616 533 94 593 320
617 592 100 102 517
618 323 4 481 137
619 5 486 280 494
620 290 706 694 255
621 149 150 250 321
622 238 758 223 160
623 813 544 212 172
624 21 28 133 162
625 285 15 592 46
626 87 493 107 170
627 184 409 138 4
628 394 381 150 155
629 178 231 172 133
630 303 88 302 809
631 209 64 309 133
632 397 232 232 206
633 633 633 633 633
634 634 635 63 281
635 208 408 420 409
636 636 636 636 636
637 234 283 5 809
638 158 950 333 950
639 65 197 143 478
640 323 97 768 125
641 495 300 642 21
642 284 277 231 692
643 50 152 340 142
644 5 106 424 30
645 414 370 26 370
646 411 859 59 252
647 154 375 64 166
648 648 648 648 648
649 44 51 399 401
650 215 297 259 73
651 420 450 82 508
652 163 377 396 308
653 653 653 653 653
654 340 165 212 256
655 980 119 96 170
656 344 148 0 380
657 269 448 579 273
658 658 658 658 658
659 377 380 320 379
660 660 660 660 660
661 459 329 303 145
662 323 98 353 160
663 747 142 589 564
664 425 526 419 365
665 665 3 183 513
666 166 168 544 813
667 549 74 340 598
668 157 398 295 172
669 783 654 163 641
670 670 670 670 670
671 471 160 131 63
672 160 173 326 86
673 495 309 95 123
674 661 44 555 266
675 675 675 675 675
676 428 46 249 765
677 199 917 199 917
678 627 549 106 358
679 482 79 581 557
680 380 232 291 142
681 12 266 720 7
682 191 122 122 130
683 131 83 453 453
684 684 684 684 684
685 738 208 236 932
686 381 394 376 397
687 86 526 231 841
688 543 494 375 494
689 689 543 294 457
690 222 810 296 392
691 691 691 691 691
692 130 82 133 166
693 366 305 2 286
694 664 58 256 351
695 211 84 37 96
696 222 121 324 565
697 156 180 907 156
698 54 809 412 281
699 406 358 573 44
700 823 521 295 378
701 462 254 165 364
702 932 83 191 6
703 703 703 703 703
704 107 769 107 201
705 401 457 426 486
706 563 93 493 166
707 73 560 329 410
708 62 158 564 748
709 353 125 101 83
710 69 108 13 767
711 711 711 711 711
712 401 130 568 1
713 69 420 166 573
714 143 82 376 378
715 20 537 268 282
716 716 5 115 820
717 131 422 473 25
718 63 121 163 615
719 52 221 480 107
720 699 720 608 141
721 28 588 438 308
722 27 25 361 27
723 551 733 538 723
724 338 900 953 816
725 443 135 339 170
726 121 288 19 7
727 84 323 4 303
728 173 153 493 458
729 525 407 566 823
730 13 474 663 68
731 731 731 731 731
732 732 732 732 732
733 723 971 540 86
734 177 232 204 203
735 269 473 412 859
736 107 254 115 531
737 271 305 194 211
738 481 685 286 685
739 495 114 35 301
740 252 162 321 395
741 150 389 341 309
742 742 166 64 184
743 516 517 411 665
744 744 744 744 744
745 745 74 74 142
746 746 746 746 746
747 424 311 459 0
748 424 18 424 316
749 820 269 64 169
750 88 57 285 131
751 128 53 18 85
752 121 18 280 363
753 978 860 123 337
754 441 82 158 638
755 211 375 89 238
756 166 144 433 431
757 367 116 165 249
758 238 62 133 83
759 459 421 434 473
760 592 321 395 321
761 393 160 200 498
762 516 743 516 6
763 763 5 730 64
764 483 493 835 401
765 44 501 160 730
766 521 553 340 331
767 121 96 58 366
768 185 662 494 252
769 62 183 68 64
770 353 98 125 15
771 105 233 124 908
772 772 772 772 772
773 773 405 480 183
774 285 683 683 285
775 560 27 438 64
776 14 430 462 513
777 69 480 39 151
778 160 42 329 333
779 146 67 189 215
780 84 282 35 128
781 537 397 719 64
782 526 450 295 389
783 142 441 360 441
784 784 411 243 507
785 545 462 513 340
786 160 8 504 501
787 21 166 172 482
788 717 459 0 560
789 835 84 243 931
790 544 585 544 494
791 425 568 450 932
792 121 283 329 137
793 316 341 309 225
794 335 15 424 283
795 417 367 105 333
796 828 612 162 612
797 797 14 133 401
798 798 798 798 798
799 166 177 380 381
800 287 418 473 93
801 820 42 372 594
802 365 548 278 420
803 546 393 615 253
804 11 90 62 41
805 44 555 82 782
806 809 89 302 89
807 303 166 536 166
808 808 808 808 808
809 208 211 5 140
810 222 222 166 520
811 340 79 497 440
812 434 417 251 417
813 534 440 231 871
814 52 719 52 820
815 194 826 586 932
816 455 847 171 245
817 544 121 345 350
818 65 160 104 390
819 139 581 409 165
820 546 62 133 291
821 160 504 967 525
822 563 290 829 168
823 707 7 451 496
824 191 160 573 19
825 923 723 923 733
826 685 665 6 181
827 506 7 332 421
828 419 371 65 752
829 168 450 82 245
830 452 529 494 168
831 258 282 404 45
832 832 4 54 807
833 856 82 209 183
834 107 81 357 328
835 84 37 123 411
836 332 836 813 458
837 107 726 62 856
838 45 322 164 428
839 377 494 404 62
840 457 523 332 359
841 376 103 52 377
842 96 119 333 77
843 290 6 563 272
844 133 136 115 232
845 56 58 84 62
846 846 605 414 605
847 444 113 36 21
848 445 301 856 405
849 155 147 85 51
850 546 321 380 166
851 851 681 214 180
852 852 851 342 60
853 82 550 13 39
854 285 562 438 74
855 549 551 86 457
856 612 282 271 137
857 166 404 17 224
858 306 327 486 14
859 64 325 82 747
860 165 409 457 86
861 350 343 345 214
862 777 971 113 41
863 57 601 197 196
864 411 987 900 987
865 63 859 62 159
866 96 88 411 285
867 411 282 190 509
868 320 104 157 384
869 179 381 381 160
870 401 172 114 36
871 231 289 401 425
872 232 576 176 417
873 401 870 401 562
874 401 664 515 664
875 170 249 365 283
876 564 304 304 420
877 812 209 240 373
878 33 282 233 252
879 242 210 244 13
880 80 64 511 511
881 96 455 35 107
882 160 591 591 591
883 883 339 725 339
884 412 162 532 63
885 21 189 695 259
886 366 367 245 82
887 887 20 68 92
888 412 138 56 55
889 300 161 249 661
890 121 153 105 83
891 405 456 456 456
892 340 256 254 169
893 466 141 81 357
894 327 13 95 917
895 114 154 62 89
896 303 571 3 175
897 263 168 491 548
898 481 698 131 963
899 2 132 301 356
900 123 987 339 455
901 137 13 748 173
902 5 21 81 58
903 907 377 764 74
904 321 103 385 181
905 309 218 248 215
906 513 422 84 510
907 936 14 526 44
908 776 820 196 908
909 303 255 83 278
910 65 13 655 367
911 81 283 215 86
912 526 426 714 426
913 7 8 566 421
914 170 495 309 309
915 38 722 28 165
916 414 603 414 605
917 206 201 395 16
918 377 214 180 352
919 114 89 76 119
920 435 316 465 61
921 63 490 249 21
922 560 810 471 473
923 923 733 420 494
924 252 738 281 164
925 245 417 170 914
926 301 68 21 64
927 927 210 963 86
928 211 582 103 201
929 592 160 117 223
930 930 234 654 162
931 234 132 807 5
932 46 334 322 428
933 46 128 27 721
934 549 800 533 529
935 768 353 86 318
936 593 776 342 797
937 125 166 347 347
938 611 252 924 211
939 572 280 458 623
940 128 157 52 820
941 189 420 641 212
942 95 64 166 411
943 295 62 457 86
944 748 82 552 412
945 409 39 116 82
946 641 282 665 2
947 181 526 813 399
948 381 342 157 130
949 949 285 138 54
950 474 256 154 963
951 141 9 699 44
952 69 160 236 371
953 900 464 822 183
954 546 145 404 420
955 820 167 13 190
956 213 487 421 473
957 951 360 451 161
958 69 663 187 69
959 377 947 321 321
960 377 748 377 389
961 377 495 250 377
962 958 69 325 478
963 243 305 63 81
964 23 950 80 68
965 936 290 65 64
966 189 117 211 117
967 44 254 458 160
968 299 80 16 221
969 184 549 188 518
970 917 820 183 434
971 93 128 23 438
972 509 10 564 208
973 971 457 129 546
974 128 128 63 420
975 971 277 180 419
976 444 76 47 483
977 977 209 126 58
978 165 362 7 266
979 1 142 166 21
980 367 303 271 455
981 318 282 21 118
982 137 13 450 426
983 333 42 493 522
984 66 64 197 86
985 376 376 18 295
986 411 24 964 24
987 339 725 116 39
988 411 469 96 619
989 989 329 20 42
990 194 405 548 152
991 520 832 160 611
992 992 129 489 121
993 408 174 158 930
994 6 308 16 46
995 712 995 712 4
996 12 266 324 466
997 24 494 494 539
998 65 840 13 685
999 145 155 137 58
1000 206 515 292 82
1001 826 832 145 393
1002 560 922 699 500
1003 258 27 37 84
1004 55 193 411 671
