0: [1.], [1.]
1: [ 0.  4.  5.  6.  7.  9.  8. 10.  2.  3.], [0.03225806 0.03225806 0.03225806 0.03225806 0.03225806 0.03225806
 0.06451613 0.16129032 0.25806452 0.32258065]
2: [10.  3.  1.], [0.17647059 0.35294118 0.47058824]
3: [10.  2.  1.], [0.15789474 0.31578947 0.52631579]
4: [1.], [1.]
5: [1.], [1.]
6: [1.], [1.]
7: [1.], [1.]
8: [1.], [1.]
9: [1.], [1.]
10: [11. 70. 69. 68. 64. 48. 44. 71. 32. 72. 12. 13. 14. 15. 38. 51. 49. 37.
 36. 33. 29. 34. 43. 31.  2.  3. 35. 58.  1. 24. 28. 23. 25. 27. 55. 26.], [0.00632911 0.00632911 0.00632911 0.00632911 0.00632911 0.00632911
 0.00632911 0.00632911 0.00632911 0.00632911 0.00632911 0.00632911
 0.00632911 0.00632911 0.01265823 0.01265823 0.01265823 0.01265823
 0.01265823 0.01265823 0.01265823 0.01898734 0.01898734 0.01898734
 0.01898734 0.01898734 0.01898734 0.02531646 0.03164557 0.0443038
 0.05063291 0.05696203 0.07594937 0.10759494 0.12025316 0.19620253]
11: [10.], [1.]
12: [10. 23.], [0.33333333 0.66666667]
13: [10.], [1.]
14: [10.], [1.]
15: [10.], [1.]
16: [20. 21. 22. 23. 17. 18. 19.], [0.125      0.125      0.125      0.125      0.16666667 0.16666667
 0.16666667]
17: [26. 55. 20. 21. 22. 23. 16. 18. 19.], [0.03846154 0.03846154 0.11538462 0.11538462 0.11538462 0.11538462
 0.15384615 0.15384615 0.15384615]
18: [20. 21. 22. 23. 17. 16. 19.], [0.125      0.125      0.125      0.125      0.16666667 0.16666667
 0.16666667]
19: [21. 22. 23. 17. 16. 18. 20.], [0.12 0.12 0.12 0.16 0.16 0.16 0.16]
20: [17. 16. 18. 19. 22. 23. 21.], [0.11538462 0.11538462 0.11538462 0.15384615 0.15384615 0.15384615
 0.19230769]
21: [17. 16. 18. 19. 22. 23. 20.], [0.12 0.12 0.12 0.12 0.16 0.16 0.2 ]
22: [17. 16. 18. 19. 20. 21. 23.], [0.125      0.125      0.125      0.125      0.16666667 0.16666667
 0.16666667]
23: [25. 29. 30. 12. 24. 31. 17. 16. 18. 19. 20. 21. 22. 27. 10.], [0.0212766  0.0212766  0.0212766  0.04255319 0.04255319 0.04255319
 0.06382979 0.06382979 0.06382979 0.06382979 0.08510638 0.08510638
 0.08510638 0.10638298 0.19148936]
24: [27. 42. 50. 68. 69. 70. 23. 41. 26. 10. 25.], [0.02941176 0.02941176 0.02941176 0.02941176 0.02941176 0.02941176
 0.05882353 0.05882353 0.11764706 0.20588235 0.38235294]
25: [23. 26. 39. 40. 48. 71. 42. 55. 41. 75. 70. 27. 68. 69. 10. 24.], [0.01639344 0.01639344 0.01639344 0.01639344 0.01639344 0.01639344
 0.03278689 0.03278689 0.04918033 0.04918033 0.06557377 0.08196721
 0.08196721 0.09836066 0.19672131 0.21311475]
26: [17. 25. 27. 43. 54. 51. 72. 49. 24. 55. 10.], [0.01470588 0.01470588 0.01470588 0.01470588 0.01470588 0.02941176
 0.02941176 0.04411765 0.05882353 0.30882353 0.45588235]
27: [33. 70. 68. 48. 43. 71. 31. 72. 28. 26. 24. 29. 69. 25. 23. 58. 10.], [0.0212766  0.0212766  0.0212766  0.0212766  0.0212766  0.0212766
 0.0212766  0.0212766  0.0212766  0.0212766  0.0212766  0.0212766
 0.04255319 0.10638298 0.10638298 0.12765957 0.36170213]
28: [27. 45. 44. 10.], [0.07142857 0.14285714 0.21428571 0.57142857]
29: [23. 27. 36. 37. 38. 10. 34. 35.], [0.09090909 0.09090909 0.09090909 0.09090909 0.09090909 0.18181818
 0.18181818 0.18181818]
30: [23. 31.], [0.33333333 0.66666667]
31: [27. 30. 23. 10.], [0.125 0.25  0.25  0.375]
32: [10.], [1.]
33: [27. 10.], [0.33333333 0.66666667]
34: [29. 36. 37. 38. 10. 35.], [0.14285714 0.14285714 0.14285714 0.14285714 0.21428571 0.21428571]
35: [29. 36. 37. 38. 10. 34.], [0.14285714 0.14285714 0.14285714 0.14285714 0.21428571 0.21428571]
36: [29. 34. 35. 10. 37. 38.], [0.09090909 0.18181818 0.18181818 0.18181818 0.18181818 0.18181818]
37: [29. 34. 35. 36. 10. 38.], [0.09090909 0.18181818 0.18181818 0.18181818 0.18181818 0.18181818]
38: [29. 34. 35. 36. 37. 10.], [0.09090909 0.18181818 0.18181818 0.18181818 0.18181818 0.18181818]
39: [25. 52. 55.], [0.33333333 0.33333333 0.33333333]
40: [25.], [1.]
41: [57. 62. 68. 69. 70. 71. 75. 24. 42. 25. 55.], [0.05263158 0.05263158 0.05263158 0.05263158 0.05263158 0.05263158
 0.05263158 0.10526316 0.10526316 0.15789474 0.26315789]
42: [24. 41. 25.], [0.2 0.4 0.4]
43: [26. 27. 10.], [0.2 0.2 0.6]
44: [10. 28.], [0.25 0.75]
45: [28.], [1.]
46: [47. 48.], [0.33333333 0.66666667]
47: [46.], [1.]
48: [76. 25. 27. 10. 57. 71. 60. 69. 75. 68. 66. 74. 73. 46. 61. 65. 55. 64.
 63. 59. 58. 62.], [0.01785714 0.01785714 0.01785714 0.01785714 0.01785714 0.01785714
 0.01785714 0.01785714 0.01785714 0.01785714 0.01785714 0.03571429
 0.03571429 0.03571429 0.03571429 0.05357143 0.07142857 0.08928571
 0.08928571 0.10714286 0.125      0.125     ]
49: [50. 54. 56. 10. 26. 51. 55.], [0.03448276 0.03448276 0.03448276 0.06896552 0.10344828 0.31034483
 0.4137931 ]
50: [49. 24.], [0.5 0.5]
51: [52. 53. 26. 10. 54. 55. 49.], [0.04347826 0.04347826 0.08695652 0.08695652 0.08695652 0.26086957
 0.39130435]
52: [51. 39.], [0.5 0.5]
53: [51.], [1.]
54: [49. 26. 55. 51.], [0.2 0.2 0.2 0.4]
55: [63. 39. 54. 61. 57. 17. 56. 65. 25. 48. 41. 59. 64. 51. 58. 62. 49. 10.
 26.], [0.00961538 0.00961538 0.00961538 0.00961538 0.00961538 0.00961538
 0.00961538 0.01923077 0.01923077 0.03846154 0.04807692 0.04807692
 0.04807692 0.05769231 0.06730769 0.08653846 0.11538462 0.18269231
 0.20192308]
56: [49. 55.], [0.5 0.5]
57: [55. 41. 48. 58. 61. 64. 65. 59. 62. 63. 67.], [0.0625 0.0625 0.0625 0.0625 0.0625 0.0625 0.0625 0.125  0.125  0.125
 0.1875]
58: [57. 70. 76. 66. 10. 60. 63. 65. 27. 61. 55. 48. 64. 59. 62.], [0.01098901 0.01098901 0.01098901 0.03296703 0.04395604 0.04395604
 0.04395604 0.05494505 0.06593407 0.06593407 0.07692308 0.07692308
 0.10989011 0.16483516 0.18681319]
59: [66. 57. 60. 55. 61. 63. 65. 48. 64. 62. 58.], [0.01470588 0.02941176 0.02941176 0.07352941 0.07352941 0.07352941
 0.07352941 0.08823529 0.13235294 0.19117647 0.22058824]
60: [48. 66. 59. 61. 63. 64. 65. 62. 58.], [0.05263158 0.05263158 0.10526316 0.10526316 0.10526316 0.10526316
 0.10526316 0.15789474 0.21052632]
61: [57. 55. 66. 48. 60. 63. 59. 65. 58. 62. 64.], [0.02631579 0.02631579 0.02631579 0.05263158 0.05263158 0.07894737
 0.13157895 0.13157895 0.15789474 0.15789474 0.15789474]
62: [41. 76. 57. 66. 60. 65. 61. 63. 48. 55. 64. 59. 58.], [0.01190476 0.01190476 0.02380952 0.02380952 0.03571429 0.05952381
 0.07142857 0.07142857 0.08333333 0.10714286 0.14285714 0.1547619
 0.20238095]
63: [55. 66. 76. 57. 60. 61. 58. 64. 59. 48. 65. 62.], [0.02564103 0.02564103 0.02564103 0.05128205 0.05128205 0.07692308
 0.1025641  0.1025641  0.12820513 0.12820513 0.12820513 0.15384615]
64: [57. 10. 76. 60. 66. 63. 55. 48. 61. 65. 59. 58. 62.], [0.01515152 0.01515152 0.01515152 0.03030303 0.04545455 0.06060606
 0.07575758 0.07575758 0.09090909 0.10606061 0.13636364 0.15151515
 0.18181818]
65: [57. 76. 60. 55. 66. 48. 63. 62. 58. 61. 59. 64.], [0.02325581 0.02325581 0.04651163 0.04651163 0.04651163 0.06976744
 0.11627907 0.11627907 0.11627907 0.11627907 0.11627907 0.1627907 ]
66: [59. 48. 63. 61. 60. 76. 62. 65. 64. 58.], [0.0625 0.0625 0.0625 0.0625 0.0625 0.0625 0.125  0.125  0.1875 0.1875]
67: [57.], [1.]
68: [10. 24. 27. 48. 41. 71. 75. 70. 25. 69.], [0.04 0.04 0.04 0.04 0.04 0.08 0.12 0.16 0.2  0.24]
69: [10. 24. 48. 41. 27. 71. 75. 70. 25. 68.], [0.03703704 0.03703704 0.03703704 0.03703704 0.07407407 0.07407407
 0.11111111 0.14814815 0.22222222 0.22222222]
70: [10. 24. 27. 41. 58. 75. 71. 25. 69. 68.], [0.05 0.05 0.05 0.05 0.05 0.05 0.1  0.2  0.2  0.2 ]
71: [27. 10. 48. 41. 25. 75. 69. 68. 70.], [0.08333333 0.08333333 0.08333333 0.08333333 0.08333333 0.08333333
 0.16666667 0.16666667 0.16666667]
72: [27. 10. 26.], [0.25 0.25 0.5 ]
73: [48. 74.], [0.4 0.6]
74: [48. 73.], [0.4 0.6]
75: [48. 41. 70. 71. 69. 68. 25.], [0.07692308 0.07692308 0.07692308 0.07692308 0.23076923 0.23076923
 0.23076923]
76: [64. 65. 66. 63. 62. 48. 58.], [0.14285714 0.14285714 0.14285714 0.14285714 0.14285714 0.14285714
 0.14285714]
