0: [[1. 1.]]
1: [[ 0.          0.03225806]
 [ 2.          0.25806452]
 [ 3.          0.32258065]
 [ 4.          0.03225806]
 [ 5.          0.03225806]
 [ 6.          0.03225806]
 [ 7.          0.03225806]
 [ 8.          0.06451613]
 [ 9.          0.03225806]
 [10.          0.16129032]]
2: [[ 1.          0.47058824]
 [ 3.          0.35294118]
 [10.          0.17647059]]
3: [[ 1.          0.52631579]
 [ 2.          0.31578947]
 [10.          0.15789474]]
4: [[1. 1.]]
5: [[1. 1.]]
6: [[1. 1.]]
7: [[1. 1.]]
8: [[1. 1.]]
9: [[1. 1.]]
10: [[1.00000000e+00 3.16455696e-02]
 [2.00000000e+00 1.89873418e-02]
 [3.00000000e+00 1.89873418e-02]
 [1.10000000e+01 6.32911392e-03]
 [1.20000000e+01 6.32911392e-03]
 [1.30000000e+01 6.32911392e-03]
 [1.40000000e+01 6.32911392e-03]
 [1.50000000e+01 6.32911392e-03]
 [2.30000000e+01 5.69620253e-02]
 [2.40000000e+01 4.43037975e-02]
 [2.50000000e+01 7.59493671e-02]
 [2.60000000e+01 1.96202532e-01]
 [2.70000000e+01 1.07594937e-01]
 [2.80000000e+01 5.06329114e-02]
 [2.90000000e+01 1.26582278e-02]
 [3.10000000e+01 1.89873418e-02]
 [3.20000000e+01 6.32911392e-03]
 [3.30000000e+01 1.26582278e-02]
 [3.40000000e+01 1.89873418e-02]
 [3.50000000e+01 1.89873418e-02]
 [3.60000000e+01 1.26582278e-02]
 [3.70000000e+01 1.26582278e-02]
 [3.80000000e+01 1.26582278e-02]
 [4.30000000e+01 1.89873418e-02]
 [4.40000000e+01 6.32911392e-03]
 [4.80000000e+01 6.32911392e-03]
 [4.90000000e+01 1.26582278e-02]
 [5.10000000e+01 1.26582278e-02]
 [5.50000000e+01 1.20253165e-01]
 [5.80000000e+01 2.53164557e-02]
 [6.40000000e+01 6.32911392e-03]
 [6.80000000e+01 6.32911392e-03]
 [6.90000000e+01 6.32911392e-03]
 [7.00000000e+01 6.32911392e-03]
 [7.10000000e+01 6.32911392e-03]
 [7.20000000e+01 6.32911392e-03]]
11: [[10.  1.]]
12: [[10.          0.33333333]
 [23.          0.66666667]]
13: [[10.  1.]]
14: [[10.  1.]]
15: [[10.  1.]]
16: [[17.          0.16666667]
 [18.          0.16666667]
 [19.          0.16666667]
 [20.          0.125     ]
 [21.          0.125     ]
 [22.          0.125     ]
 [23.          0.125     ]]
17: [[1.60000000e+01 1.53846154e-01]
 [1.80000000e+01 1.53846154e-01]
 [1.90000000e+01 1.53846154e-01]
 [2.00000000e+01 1.15384615e-01]
 [2.10000000e+01 1.15384615e-01]
 [2.20000000e+01 1.15384615e-01]
 [2.30000000e+01 1.15384615e-01]
 [2.60000000e+01 3.84615385e-02]
 [5.50000000e+01 3.84615385e-02]]
18: [[16.          0.16666667]
 [17.          0.16666667]
 [19.          0.16666667]
 [20.          0.125     ]
 [21.          0.125     ]
 [22.          0.125     ]
 [23.          0.125     ]]
19: [[16.    0.16]
 [17.    0.16]
 [18.    0.16]
 [20.    0.16]
 [21.    0.12]
 [22.    0.12]
 [23.    0.12]]
20: [[16.          0.11538462]
 [17.          0.11538462]
 [18.          0.11538462]
 [19.          0.15384615]
 [21.          0.19230769]
 [22.          0.15384615]
 [23.          0.15384615]]
21: [[16.    0.12]
 [17.    0.12]
 [18.    0.12]
 [19.    0.12]
 [20.    0.2 ]
 [22.    0.16]
 [23.    0.16]]
22: [[16.          0.125     ]
 [17.          0.125     ]
 [18.          0.125     ]
 [19.          0.125     ]
 [20.          0.16666667]
 [21.          0.16666667]
 [23.          0.16666667]]
23: [[1.00000000e+01 1.91489362e-01]
 [1.20000000e+01 4.25531915e-02]
 [1.60000000e+01 6.38297872e-02]
 [1.70000000e+01 6.38297872e-02]
 [1.80000000e+01 6.38297872e-02]
 [1.90000000e+01 6.38297872e-02]
 [2.00000000e+01 8.51063830e-02]
 [2.10000000e+01 8.51063830e-02]
 [2.20000000e+01 8.51063830e-02]
 [2.40000000e+01 4.25531915e-02]
 [2.50000000e+01 2.12765957e-02]
 [2.70000000e+01 1.06382979e-01]
 [2.90000000e+01 2.12765957e-02]
 [3.00000000e+01 2.12765957e-02]
 [3.10000000e+01 4.25531915e-02]]
24: [[1.00000000e+01 2.05882353e-01]
 [2.30000000e+01 5.88235294e-02]
 [2.50000000e+01 3.82352941e-01]
 [2.60000000e+01 1.17647059e-01]
 [2.70000000e+01 2.94117647e-02]
 [4.10000000e+01 5.88235294e-02]
 [4.20000000e+01 2.94117647e-02]
 [5.00000000e+01 2.94117647e-02]
 [6.80000000e+01 2.94117647e-02]
 [6.90000000e+01 2.94117647e-02]
 [7.00000000e+01 2.94117647e-02]]
25: [[1.00000000e+01 1.96721311e-01]
 [2.30000000e+01 1.63934426e-02]
 [2.40000000e+01 2.13114754e-01]
 [2.60000000e+01 1.63934426e-02]
 [2.70000000e+01 8.19672131e-02]
 [3.90000000e+01 1.63934426e-02]
 [4.00000000e+01 1.63934426e-02]
 [4.10000000e+01 4.91803279e-02]
 [4.20000000e+01 3.27868852e-02]
 [4.80000000e+01 1.63934426e-02]
 [5.50000000e+01 3.27868852e-02]
 [6.80000000e+01 8.19672131e-02]
 [6.90000000e+01 9.83606557e-02]
 [7.00000000e+01 6.55737705e-02]
 [7.10000000e+01 1.63934426e-02]
 [7.50000000e+01 4.91803279e-02]]
26: [[1.00000000e+01 4.55882353e-01]
 [1.70000000e+01 1.47058824e-02]
 [2.40000000e+01 5.88235294e-02]
 [2.50000000e+01 1.47058824e-02]
 [2.70000000e+01 1.47058824e-02]
 [4.30000000e+01 1.47058824e-02]
 [4.90000000e+01 4.41176471e-02]
 [5.10000000e+01 2.94117647e-02]
 [5.40000000e+01 1.47058824e-02]
 [5.50000000e+01 3.08823529e-01]
 [7.20000000e+01 2.94117647e-02]]
27: [[1.00000000e+01 3.61702128e-01]
 [2.30000000e+01 1.06382979e-01]
 [2.40000000e+01 2.12765957e-02]
 [2.50000000e+01 1.06382979e-01]
 [2.60000000e+01 2.12765957e-02]
 [2.80000000e+01 2.12765957e-02]
 [2.90000000e+01 2.12765957e-02]
 [3.10000000e+01 2.12765957e-02]
 [3.30000000e+01 2.12765957e-02]
 [4.30000000e+01 2.12765957e-02]
 [4.80000000e+01 2.12765957e-02]
 [5.80000000e+01 1.27659574e-01]
 [6.80000000e+01 2.12765957e-02]
 [6.90000000e+01 4.25531915e-02]
 [7.00000000e+01 2.12765957e-02]
 [7.10000000e+01 2.12765957e-02]
 [7.20000000e+01 2.12765957e-02]]
28: [[10.          0.57142857]
 [27.          0.07142857]
 [44.          0.21428571]
 [45.          0.14285714]]
29: [[10.          0.18181818]
 [23.          0.09090909]
 [27.          0.09090909]
 [34.          0.18181818]
 [35.          0.18181818]
 [36.          0.09090909]
 [37.          0.09090909]
 [38.          0.09090909]]
30: [[23.          0.33333333]
 [31.          0.66666667]]
31: [[10.     0.375]
 [23.     0.25 ]
 [27.     0.125]
 [30.     0.25 ]]
32: [[10.  1.]]
33: [[10.          0.66666667]
 [27.          0.33333333]]
34: [[10.          0.21428571]
 [29.          0.14285714]
 [35.          0.21428571]
 [36.          0.14285714]
 [37.          0.14285714]
 [38.          0.14285714]]
35: [[10.          0.21428571]
 [29.          0.14285714]
 [34.          0.21428571]
 [36.          0.14285714]
 [37.          0.14285714]
 [38.          0.14285714]]
36: [[10.          0.18181818]
 [29.          0.09090909]
 [34.          0.18181818]
 [35.          0.18181818]
 [37.          0.18181818]
 [38.          0.18181818]]
37: [[10.          0.18181818]
 [29.          0.09090909]
 [34.          0.18181818]
 [35.          0.18181818]
 [36.          0.18181818]
 [38.          0.18181818]]
38: [[10.          0.18181818]
 [29.          0.09090909]
 [34.          0.18181818]
 [35.          0.18181818]
 [36.          0.18181818]
 [37.          0.18181818]]
39: [[25.          0.33333333]
 [52.          0.33333333]
 [55.          0.33333333]]
40: [[25.  1.]]
41: [[2.40000000e+01 1.05263158e-01]
 [2.50000000e+01 1.57894737e-01]
 [4.20000000e+01 1.05263158e-01]
 [5.50000000e+01 2.63157895e-01]
 [5.70000000e+01 5.26315789e-02]
 [6.20000000e+01 5.26315789e-02]
 [6.80000000e+01 5.26315789e-02]
 [6.90000000e+01 5.26315789e-02]
 [7.00000000e+01 5.26315789e-02]
 [7.10000000e+01 5.26315789e-02]
 [7.50000000e+01 5.26315789e-02]]
42: [[24.   0.2]
 [25.   0.4]
 [41.   0.4]]
43: [[10.   0.6]
 [26.   0.2]
 [27.   0.2]]
44: [[10.    0.25]
 [28.    0.75]]
45: [[28.  1.]]
46: [[47.          0.33333333]
 [48.          0.66666667]]
47: [[46.  1.]]
48: [[1.00000000e+01 1.78571429e-02]
 [2.50000000e+01 1.78571429e-02]
 [2.70000000e+01 1.78571429e-02]
 [4.60000000e+01 3.57142857e-02]
 [5.50000000e+01 7.14285714e-02]
 [5.70000000e+01 1.78571429e-02]
 [5.80000000e+01 1.25000000e-01]
 [5.90000000e+01 1.07142857e-01]
 [6.00000000e+01 1.78571429e-02]
 [6.10000000e+01 3.57142857e-02]
 [6.20000000e+01 1.25000000e-01]
 [6.30000000e+01 8.92857143e-02]
 [6.40000000e+01 8.92857143e-02]
 [6.50000000e+01 5.35714286e-02]
 [6.60000000e+01 1.78571429e-02]
 [6.80000000e+01 1.78571429e-02]
 [6.90000000e+01 1.78571429e-02]
 [7.10000000e+01 1.78571429e-02]
 [7.30000000e+01 3.57142857e-02]
 [7.40000000e+01 3.57142857e-02]
 [7.50000000e+01 1.78571429e-02]
 [7.60000000e+01 1.78571429e-02]]
49: [[1.00000000e+01 6.89655172e-02]
 [2.60000000e+01 1.03448276e-01]
 [5.00000000e+01 3.44827586e-02]
 [5.10000000e+01 3.10344828e-01]
 [5.40000000e+01 3.44827586e-02]
 [5.50000000e+01 4.13793103e-01]
 [5.60000000e+01 3.44827586e-02]]
50: [[24.   0.5]
 [49.   0.5]]
51: [[1.00000000e+01 8.69565217e-02]
 [2.60000000e+01 8.69565217e-02]
 [4.90000000e+01 3.91304348e-01]
 [5.20000000e+01 4.34782609e-02]
 [5.30000000e+01 4.34782609e-02]
 [5.40000000e+01 8.69565217e-02]
 [5.50000000e+01 2.60869565e-01]]
52: [[39.   0.5]
 [51.   0.5]]
53: [[51.  1.]]
54: [[26.   0.2]
 [49.   0.2]
 [51.   0.4]
 [55.   0.2]]
55: [[1.00000000e+01 1.82692308e-01]
 [1.70000000e+01 9.61538462e-03]
 [2.50000000e+01 1.92307692e-02]
 [2.60000000e+01 2.01923077e-01]
 [3.90000000e+01 9.61538462e-03]
 [4.10000000e+01 4.80769231e-02]
 [4.80000000e+01 3.84615385e-02]
 [4.90000000e+01 1.15384615e-01]
 [5.10000000e+01 5.76923077e-02]
 [5.40000000e+01 9.61538462e-03]
 [5.60000000e+01 9.61538462e-03]
 [5.70000000e+01 9.61538462e-03]
 [5.80000000e+01 6.73076923e-02]
 [5.90000000e+01 4.80769231e-02]
 [6.10000000e+01 9.61538462e-03]
 [6.20000000e+01 8.65384615e-02]
 [6.30000000e+01 9.61538462e-03]
 [6.40000000e+01 4.80769231e-02]
 [6.50000000e+01 1.92307692e-02]]
56: [[49.   0.5]
 [55.   0.5]]
57: [[4.100e+01 6.250e-02]
 [4.800e+01 6.250e-02]
 [5.500e+01 6.250e-02]
 [5.800e+01 6.250e-02]
 [5.900e+01 1.250e-01]
 [6.100e+01 6.250e-02]
 [6.200e+01 1.250e-01]
 [6.300e+01 1.250e-01]
 [6.400e+01 6.250e-02]
 [6.500e+01 6.250e-02]
 [6.700e+01 1.875e-01]]
58: [[1.00000000e+01 4.39560440e-02]
 [2.70000000e+01 6.59340659e-02]
 [4.80000000e+01 7.69230769e-02]
 [5.50000000e+01 7.69230769e-02]
 [5.70000000e+01 1.09890110e-02]
 [5.90000000e+01 1.64835165e-01]
 [6.00000000e+01 4.39560440e-02]
 [6.10000000e+01 6.59340659e-02]
 [6.20000000e+01 1.86813187e-01]
 [6.30000000e+01 4.39560440e-02]
 [6.40000000e+01 1.09890110e-01]
 [6.50000000e+01 5.49450549e-02]
 [6.60000000e+01 3.29670330e-02]
 [7.00000000e+01 1.09890110e-02]
 [7.60000000e+01 1.09890110e-02]]
59: [[4.80000000e+01 8.82352941e-02]
 [5.50000000e+01 7.35294118e-02]
 [5.70000000e+01 2.94117647e-02]
 [5.80000000e+01 2.20588235e-01]
 [6.00000000e+01 2.94117647e-02]
 [6.10000000e+01 7.35294118e-02]
 [6.20000000e+01 1.91176471e-01]
 [6.30000000e+01 7.35294118e-02]
 [6.40000000e+01 1.32352941e-01]
 [6.50000000e+01 7.35294118e-02]
 [6.60000000e+01 1.47058824e-02]]
60: [[4.80000000e+01 5.26315789e-02]
 [5.80000000e+01 2.10526316e-01]
 [5.90000000e+01 1.05263158e-01]
 [6.10000000e+01 1.05263158e-01]
 [6.20000000e+01 1.57894737e-01]
 [6.30000000e+01 1.05263158e-01]
 [6.40000000e+01 1.05263158e-01]
 [6.50000000e+01 1.05263158e-01]
 [6.60000000e+01 5.26315789e-02]]
61: [[4.80000000e+01 5.26315789e-02]
 [5.50000000e+01 2.63157895e-02]
 [5.70000000e+01 2.63157895e-02]
 [5.80000000e+01 1.57894737e-01]
 [5.90000000e+01 1.31578947e-01]
 [6.00000000e+01 5.26315789e-02]
 [6.20000000e+01 1.57894737e-01]
 [6.30000000e+01 7.89473684e-02]
 [6.40000000e+01 1.57894737e-01]
 [6.50000000e+01 1.31578947e-01]
 [6.60000000e+01 2.63157895e-02]]
62: [[4.10000000e+01 1.19047619e-02]
 [4.80000000e+01 8.33333333e-02]
 [5.50000000e+01 1.07142857e-01]
 [5.70000000e+01 2.38095238e-02]
 [5.80000000e+01 2.02380952e-01]
 [5.90000000e+01 1.54761905e-01]
 [6.00000000e+01 3.57142857e-02]
 [6.10000000e+01 7.14285714e-02]
 [6.30000000e+01 7.14285714e-02]
 [6.40000000e+01 1.42857143e-01]
 [6.50000000e+01 5.95238095e-02]
 [6.60000000e+01 2.38095238e-02]
 [7.60000000e+01 1.19047619e-02]]
63: [[4.80000000e+01 1.28205128e-01]
 [5.50000000e+01 2.56410256e-02]
 [5.70000000e+01 5.12820513e-02]
 [5.80000000e+01 1.02564103e-01]
 [5.90000000e+01 1.28205128e-01]
 [6.00000000e+01 5.12820513e-02]
 [6.10000000e+01 7.69230769e-02]
 [6.20000000e+01 1.53846154e-01]
 [6.40000000e+01 1.02564103e-01]
 [6.50000000e+01 1.28205128e-01]
 [6.60000000e+01 2.56410256e-02]
 [7.60000000e+01 2.56410256e-02]]
64: [[1.00000000e+01 1.51515152e-02]
 [4.80000000e+01 7.57575758e-02]
 [5.50000000e+01 7.57575758e-02]
 [5.70000000e+01 1.51515152e-02]
 [5.80000000e+01 1.51515152e-01]
 [5.90000000e+01 1.36363636e-01]
 [6.00000000e+01 3.03030303e-02]
 [6.10000000e+01 9.09090909e-02]
 [6.20000000e+01 1.81818182e-01]
 [6.30000000e+01 6.06060606e-02]
 [6.50000000e+01 1.06060606e-01]
 [6.60000000e+01 4.54545455e-02]
 [7.60000000e+01 1.51515152e-02]]
65: [[4.80000000e+01 6.97674419e-02]
 [5.50000000e+01 4.65116279e-02]
 [5.70000000e+01 2.32558140e-02]
 [5.80000000e+01 1.16279070e-01]
 [5.90000000e+01 1.16279070e-01]
 [6.00000000e+01 4.65116279e-02]
 [6.10000000e+01 1.16279070e-01]
 [6.20000000e+01 1.16279070e-01]
 [6.30000000e+01 1.16279070e-01]
 [6.40000000e+01 1.62790698e-01]
 [6.60000000e+01 4.65116279e-02]
 [7.60000000e+01 2.32558140e-02]]
66: [[4.800e+01 6.250e-02]
 [5.800e+01 1.875e-01]
 [5.900e+01 6.250e-02]
 [6.000e+01 6.250e-02]
 [6.100e+01 6.250e-02]
 [6.200e+01 1.250e-01]
 [6.300e+01 6.250e-02]
 [6.400e+01 1.875e-01]
 [6.500e+01 1.250e-01]
 [7.600e+01 6.250e-02]]
67: [[57.  1.]]
68: [[1.0e+01 4.0e-02]
 [2.4e+01 4.0e-02]
 [2.5e+01 2.0e-01]
 [2.7e+01 4.0e-02]
 [4.1e+01 4.0e-02]
 [4.8e+01 4.0e-02]
 [6.9e+01 2.4e-01]
 [7.0e+01 1.6e-01]
 [7.1e+01 8.0e-02]
 [7.5e+01 1.2e-01]]
69: [[1.00000000e+01 3.70370370e-02]
 [2.40000000e+01 3.70370370e-02]
 [2.50000000e+01 2.22222222e-01]
 [2.70000000e+01 7.40740741e-02]
 [4.10000000e+01 3.70370370e-02]
 [4.80000000e+01 3.70370370e-02]
 [6.80000000e+01 2.22222222e-01]
 [7.00000000e+01 1.48148148e-01]
 [7.10000000e+01 7.40740741e-02]
 [7.50000000e+01 1.11111111e-01]]
70: [[1.0e+01 5.0e-02]
 [2.4e+01 5.0e-02]
 [2.5e+01 2.0e-01]
 [2.7e+01 5.0e-02]
 [4.1e+01 5.0e-02]
 [5.8e+01 5.0e-02]
 [6.8e+01 2.0e-01]
 [6.9e+01 2.0e-01]
 [7.1e+01 1.0e-01]
 [7.5e+01 5.0e-02]]
71: [[10.          0.08333333]
 [25.          0.08333333]
 [27.          0.08333333]
 [41.          0.08333333]
 [48.          0.08333333]
 [68.          0.16666667]
 [69.          0.16666667]
 [70.          0.16666667]
 [75.          0.08333333]]
72: [[10.    0.25]
 [26.    0.5 ]
 [27.    0.25]]
73: [[48.   0.4]
 [74.   0.6]]
74: [[48.   0.4]
 [73.   0.6]]
75: [[25.          0.23076923]
 [41.          0.07692308]
 [48.          0.07692308]
 [68.          0.23076923]
 [69.          0.23076923]
 [70.          0.07692308]
 [71.          0.07692308]]
76: [[48.          0.14285714]
 [58.          0.14285714]
 [62.          0.14285714]
 [63.          0.14285714]
 [64.          0.14285714]
 [65.          0.14285714]
 [66.          0.14285714]]
